 1.7790E-001
-5.1921E-001
 1.5966E-002
 7.5498E-002
-6.2937E-001
 1.5517E-001
 6.9643E-002
-4.8210E-001
-1.0686E-001
 9.4284E-002
-4.3274E-001
-4.2980E-001
-9.7318E-002
-9.3172E-001
 4.6299E-002
 5.9180E-001
 7.0820E-001
-3.8604E-001
 8.2854E-002
-4.0197E-001
 2.4063E-002
 1.6128E-002
-3.4966E-001
-1.4041E-001
 8.9445E-002
-2.3343E-001
-2.4170E-001
 2.8819E-001
-2.0383E-001
-5.3655E-001
-2.5475E-001
-3.0290E-001
-2.2137E-001
-4.4075E-001
-1.2580E+000
-1.0538E+000
-8.9166E-002
-2.0762E-001
 6.0442E-002
-1.2660E-002
-7.8323E-002
 2.8903E-002
-2.2051E-002
-7.7672E-002
 4.8767E-002
-9.8206E-002
-1.4088E-001
 2.4111E-001
 1.6607E-001
 3.9450E-002
 1.0840E-001
 1.9271E-001
 1.2320E-001
 9.1290E-002
 2.7028E-002
-2.5841E-002
-1.7245E-001
-2.8674E-003
-1.9208E-002
-2.8379E-001
-5.9794E-002
 1.5538E-001
-1.8557E-001
 3.6533E-002
 1.5636E-001
-2.2180E-001
-1.4805E-001
 6.7383E-003
-4.1967E-001
-9.9210E-001
-2.4465E-001
-3.9552E-001
-2.3903E-001
 1.8149E-001
 1.4890E-002
-4.1113E-001
 3.2695E-001
 1.7662E-001
-5.1509E-001
-7.3824E-002
 3.8608E-001
-7.4523E-001
-6.5402E-001
 8.3343E-001
-7.3156E-001
 6.8643E-001
 4.0558E-001
-7.1377E-001
 1.2200E+000
 2.4357E-001
-3.0080E-001
 1.2432E-001
-7.4784E-002
-3.9540E-001
-3.1010E-001
-1.2968E-002
-6.0052E-001
-2.3039E-001
 1.8933E-001
-1.2370E+000
-4.0979E-001
 2.1693E-001
-5.1815E-002
-6.6167E-001
-3.3731E-001
-1.7549E+000
-2.3265E-001
-1.0507E+000
-1.8329E-001
-2.0477E-002
 1.8023E-001
-5.8919E-001
-1.1822E-001
 2.9933E-001
-3.6198E-001
 9.0975E-002
 7.4600E-002
-1.5483E-001
 2.3142E-001
-4.5475E-002
-3.6904E-001
-6.4255E-002
-2.7813E-002
-2.7928E-001
 4.1569E-002
-3.0730E-001
-8.4223E-002
-8.7512E-002
-6.0227E-001
-1.4853E-001
-4.2676E-001
-6.1753E-001
-2.4783E-001
-7.6061E-002
-4.4195E-001
-4.2947E-002
 2.7007E-001
-1.0842E+000
-1.5751E-001
 4.7729E-001
-1.4658E+000
 2.6681E-002
 1.2780E-001
-1.5798E+000
 7.3715E-002
-1.5300E-001
-1.7778E+000
-3.4948E-001
 8.3478E-001
-1.9360E+000
 1.6897E-001
 2.1739E-001
-8.7072E-001
 5.1692E-002
 4.4135E-001
-1.4604E+000
 2.8964E-001
 1.5766E-001
-1.5204E+000
 4.3621E-001
-3.5716E-001
-1.1034E+000
 5.6899E-001
-4.5134E-001
-1.0956E+000
 4.2350E-001
-2.6444E-001
-6.1917E-001
 4.9306E-001
-6.9461E-001
-2.5951E-001
 4.8671E-001
-9.3381E-001
-9.9710E-002
 5.6207E-001
-1.5571E+000
 3.5646E-001
 4.4367E-001
-5.2707E-001
 1.9100E-001
 4.3095E-001
-4.3134E-001
-4.4396E-001
 5.4991E-001
-9.1331E-001
-1.0916E-001
 4.3057E-001
-6.9020E-001
 6.9979E-001
 3.0146E-001
-1.2370E+000
 9.8120E-001
 4.8990E-001
 4.7575E-002
 9.6250E-001
 3.2410E-001
 2.9325E-001
 1.8715E+000
 2.5858E-001
 5.5501E-001
 1.8536E+000
 3.9336E-001
 6.7470E-001
 1.8878E+000
 1.6625E-001
 1.1678E+000
 2.2371E+000
-2.8609E+000
 4.1416E+000
 4.6762E+000
 6.9123E-002
 6.2323E-001
 1.7867E+000
 3.8947E-002
 8.7785E-001
 1.6024E+000
 7.5171E-002
 9.0735E-001
 1.6160E+000
-1.6922E-002
 3.5909E-001
 1.5606E+000
 3.1586E-001
 1.1137E+000
 1.5764E+000
 1.8207E-001
 9.6539E-001
 1.4730E+000
-1.3893E-001
 7.6275E-001
 1.5439E+000
-4.4548E-002
 5.0286E-001
 1.9104E+000
 6.1687E-002
 1.0195E+000
 1.6097E+000
 1.1334E+000
 1.4747E+000
 1.1251E+000
-3.2260E-001
 7.5884E-001
 1.0615E+000
-5.4848E-001
 6.3568E-001
 1.1329E+000
-6.0678E-001
 7.8052E-001
 1.1932E+000
-5.5025E-001
 8.4094E-001
 1.0759E+000
-7.2574E-001
 7.7183E-001
 1.3208E+000
-5.0042E-001
 4.0973E-001
 1.3768E+000
-9.1008E-001
 5.6801E-001
 1.3014E+000
-1.0170E+000
 4.7327E-001
 1.3480E+000
-1.0214E+000
 5.3676E-001
 1.4027E+000
-8.9868E-001
 5.4779E-001
 1.2178E+000
-1.1359E+000
 3.6412E-001
 1.3783E+000
-1.1751E+000
 6.3004E-001
 1.4519E+000
-1.2414E+000
 9.5836E-001
 1.3104E+000
-1.0966E+000
 1.0853E+000
 1.2104E+000
-1.1577E+000
 1.0300E+000
 1.3287E+000
-1.6008E+000
 1.0021E+000
 1.2617E+000
-4.4678E+000
 3.0692E+000
-1.8957E-001
-7.8221E-001
 1.2411E+000
 9.3722E-001
-4.9787E-001
 1.4148E+000
 8.3887E-001
-2.7499E-001
 1.3123E+000
 6.3933E-001
-6.0578E-002
 1.6499E+000
 6.5501E-001
-3.1243E-001
 1.4221E+000
 6.6171E-001
-4.3427E-001
 1.1172E+000
 1.1313E+000
-2.8389E-001
 8.7603E-001
 3.8604E-001
 3.1637E-002
 6.7958E-001
 8.0310E-002
 3.2439E-002
 7.7896E-001
 7.5487E-002
 3.0751E-001
 8.8082E-001
-1.5492E-001
 9.3073E-002
 2.0952E-001
 3.9235E-002
 1.3812E-001
 1.7341E-001
-1.5098E-001
-2.6700E-001
 7.5682E-001
 2.2081E-001
-3.6930E-001
 8.6042E-001
 2.5907E-001
-3.1930E-001
 1.2133E+000
 2.8878E-001
-2.5696E-001
 1.1717E+000
 1.1969E-001
-6.9512E-001
 8.0530E-001
 3.5081E-001
 9.6496E-001
 6.5404E-001
 8.9551E-001
-2.5182E-001
 1.5696E+000
 5.1110E-001
-1.9976E-001
 1.9268E+000
 5.6354E-001
 3.5111E-002
 2.1139E+000
 2.9332E-001
 1.0871E-001
 2.3087E+000
 3.1457E-001
-2.8656E-001
 2.2076E+000
 8.2617E-001
-1.2624E+000
 8.6196E-001
-5.8830E-001
 1.7948E-001
 2.0006E+000
 7.6224E-002
 4.1764E-001
 2.1947E+000
-3.1521E-001
 2.7478E-001
 1.8296E+000
-6.8038E-001
 1.1138E-001
 1.8083E+000
-1.0029E+000
 6.9474E-001
 2.4713E+000
-7.6473E-001
 2.7715E+000
 1.8383E+000
-2.0175E+000
 2.9977E-001
 1.6014E+000
-6.5770E-001
 2.4956E-001
 1.1560E+000
-1.0840E+000
 8.4660E-002
 1.0079E+000
-9.5147E-001
 2.1676E-001
 7.5602E-001
-1.2271E+000
 2.1107E-001
 7.8847E-001
-1.4853E+000
 8.3639E-001
 2.0686E+000
-2.5238E+000
-2.0789E-001
 1.0530E+000
-5.6851E-001
-3.5312E-001
 9.9683E-001
-4.6293E-001
-4.6489E-001
 1.2569E+000
-5.8723E-001
-6.2618E-001
 2.6703E+000
-1.0716E+000
-3.1213E-001
-3.0248E-001
-1.0705E-001
-3.6745E-001
-3.7761E-001
-1.3432E-001
-3.8193E-001
-3.9401E-001
 8.6692E-002
-8.9659E-001
-4.0020E-001
 1.8408E-001
-3.7727E-001
-3.3653E-001
-3.2404E-001
-3.8332E-001
-1.1515E-001
-4.1076E-001
-1.4123E-002
-5.1297E-001
 1.8611E-001
 1.9383E-002
-5.3173E-001
 5.2587E-001
 9.0165E-002
-3.6398E-001
 3.6158E-001
 2.8976E-002
-3.0077E-001
 2.9628E-001
-1.2595E-001
-9.5686E-001
 6.9575E-001
-2.2689E-001
-1.0446E+000
 1.3118E-001
 2.0667E-001
-3.4814E-001
 3.5775E-001
 2.8836E-001
-8.6299E-002
 3.2086E-001
 1.7667E-001
-2.5381E-001
 3.7946E-001
 1.5213E-002
-1.9087E-001
 3.9874E-001
 5.2266E-001
 2.3698E-001
 5.0212E-001
-9.7850E-001
 2.0342E-001
 1.1380E+000
 3.6750E-001
-3.9846E-001
 6.4542E-001
 2.1181E-001
-6.1838E-001
 6.8721E-001
 3.6583E-001
-2.3723E-001
 4.7820E-001
 1.9528E-001
-4.2225E-002
 5.7558E-001
-2.1036E-001
-9.7281E-001
 3.9173E-001
-4.3575E-001
-1.3829E+000
 3.6246E-001
 7.0947E-001
-1.7208E-001
 9.6609E-002
 9.0146E-001
 2.0496E-001
-2.8804E-002
 6.9495E-001
 3.8124E-001
-1.9472E-001
 3.5478E-001
 8.0064E-001
-3.6113E-001
 1.3071E+000
 2.1382E-001
 4.0300E-002
-5.3457E-001
-1.5371E-001
-5.1445E-001
 8.2597E-001
 2.3949E-002
-8.8117E-002
 5.9218E-001
 5.9449E-002
-1.9071E-001
 4.8921E-001
 2.8796E-002
-4.7291E-002
 4.9830E-001
 1.3066E-001
-1.5218E-001
 5.8219E-001
 3.0496E-002
-4.0905E-001
 6.6510E-001
 5.7046E-002
-5.0106E-001
 2.9384E-001
-9.4445E-002
 1.0174E-002
 2.4564E-001
-9.2124E-002
 1.9871E-001
 5.1196E-002
 2.7158E-001
 1.3025E-001
 2.0827E-001
 4.6562E-001
-2.2475E-001
-1.2899E-001
 4.8100E-002
-5.9660E-002
-1.7071E-001
 4.9803E-002
-2.5384E-001
-4.5323E-002
 4.3163E-001
-3.0151E-001
-3.8009E-001
 4.9764E-001
-3.5192E-001
-1.6914E-001
-1.2289E-001
-1.1460E-001
 2.2164E-002
-2.5865E-001
-1.9748E-001
-1.0672E-002
 5.4911E-001
-1.7630E-001
 1.3345E-001
 9.2654E-001
-1.8274E-001
-3.4072E-002
 8.8046E-001
-3.1025E-001
-1.8664E-001
 1.1240E+000
-4.3922E-001
 5.1402E-001
 9.7744E-001
 1.4437E-001
-9.5723E-001
-1.7919E-001
-4.6029E-001
-1.5771E-001
 4.6966E-001
-9.3201E-002
-3.2657E-002
 4.9044E-001
 9.2008E-003
-1.4457E-001
 5.2621E-001
 1.2846E-001
-1.8512E-001
 4.1706E-001
 2.1926E-001
-1.0620E-001
 6.2306E-001
 1.0348E-001
 2.8276E-001
-1.5944E+000
 4.9042E-001
-3.2728E-001
 2.7376E-001
 1.2926E-002
-2.8700E-001
 2.5642E-001
 1.3548E-001
-3.0549E-001
 5.2243E-001
-3.1760E-002
-1.2293E-001
 4.6282E-001
 1.5724E-002
-3.5364E-001
 3.9689E-001
 1.4388E-001
-3.6576E+000
-1.7405E+000
-5.2357E-002
-2.8198E-001
 5.3275E-001
-2.1353E-001
-2.1802E-001
 5.6437E-001
-3.8931E-001
-2.2022E-001
 6.0535E-001
-4.5683E-001
-3.4293E-001
 5.4798E-001
-3.5194E-001
-2.5034E-001
 5.1197E-001
-3.2771E-001
 6.7571E-002
 5.4054E-001
-2.9086E-001
 1.0852E-001
 4.8434E-001
-3.1983E-001
 6.2644E-002
 4.0388E-001
-3.5857E-001
 3.1556E-001
 5.3628E-001
-5.9522E-001
 2.1923E-001
 4.1259E-001
-3.0405E-001
-8.7336E-002
 2.4451E-002
-3.4010E-001
 6.5845E-002
 6.4015E-002
-2.0413E-001
-6.0144E-002
 1.2595E-001
-2.5856E-001
-2.8063E-001
 1.8335E-001
-4.2064E-001
-5.8395E-002
 1.9176E-001
-8.4407E-002
-4.3118E-002
 2.4423E-001
 2.8929E-002
 5.3441E-002
 6.9086E-002
-1.1873E-001
-2.0427E-002
 1.1506E-001
-5.0646E-003
 3.2898E-001
-8.1447E-002
-3.0274E-001
 7.6662E-001
-1.3443E-001
-2.8137E-001
-3.5700E-001
 4.3328E-001
-2.7359E-001
-7.6066E-001
-8.7024E-001
 1.0188E-002
 2.0998E-001
-1.7671E-001
-4.6468E-001
 6.0286E-001
-5.5075E-001
-7.7331E-001
 8.8034E-001
-7.2902E-003
-5.2822E-001
 1.5980E+000
 1.0649E+000
-1.3464E-002
 2.9614E-002
-1.2149E+000
-9.6667E-001
-1.4207E+000
-2.6559E+000
-1.8776E+000
 4.0990E-001
-8.4544E-001
-8.1524E-001
 6.5831E-001
-5.2943E-001
-6.4034E-001
 3.9411E-001
-9.0360E-001
-9.6194E-001
-4.9249E-001
-1.3691E+000
-5.0733E-001
 1.0949E+000
-7.7174E-001
-1.6645E+000
 1.0234E+000
-9.3557E-001
-1.8599E+000
 1.2629E+000
-9.6184E-001
-1.5128E+000
 1.1487E+000
-1.0607E+000
-1.2567E+000
 5.6332E-001
-9.7371E-001
-2.0600E+000
 2.4292E+000
-1.3177E-001
-2.1849E+000
 1.6760E+000
-9.6454E-001
-1.5633E+000
 1.9850E+000
-8.9496E-001
-1.0747E+000
 1.8589E+000
-1.1780E+000
-4.7400E-001
 1.6138E+000
-1.8000E+000
 1.4376E-001
 2.5091E+000
-4.3574E-001
-9.9328E-001
 2.6681E+000
-2.8797E-001
-7.2715E-001
 2.1066E+000
-9.2931E-001
-6.7173E-001
 1.8014E+000
-1.1021E+000
-9.9750E-002
 1.8961E+000
-1.8056E+000
-4.8344E-001
 3.6709E+000
-2.5021E+000
-1.1249E+000
 1.3942E+000
-1.5414E+000
 5.2157E-001
 8.2052E-001
-1.7068E+000
 1.4925E+000
-1.8816E-001
-1.6237E+000
-1.0271E-001
-4.4225E-001
-2.2966E+000
-3.5015E-001
 8.3685E-002
-2.0592E+000
-6.4070E-001
-2.1859E-001
-2.4521E+000
-5.1212E-001
 7.9552E-001
-1.5354E+000
-1.2078E+000
 1.3428E+000
-1.2341E+000
-1.7283E+000
 1.2601E+000
-3.0038E-001
-1.6155E+000
 1.7294E+000
 5.4320E-002
-1.6284E+000
 1.7152E+000
-9.9227E-001
-2.0858E+000
-3.0982E-001
-2.4588E+000
-4.2591E-001
 5.1494E-001
 7.5331E-002
-1.4017E+000
 4.2779E-001
 7.8717E-001
-1.2139E+000
 1.4064E-001
 9.4989E-001
-1.0502E+000
 2.8809E-001
 1.2665E+000
-9.4490E-001
-3.3631E-002
 9.7856E-001
-1.0734E+000
 1.6272E+000
 1.1067E+000
-2.0535E+000
-3.0264E-001
 5.8398E-001
-1.1424E+000
-4.6821E-001
 5.1381E-001
-1.0149E+000
-4.1565E-001
 4.9010E-001
-1.0290E+000
-3.4782E-001
 4.2509E-001
-1.0962E+000
-6.3908E-001
 2.7126E-001
-1.0006E+000
-4.8727E-001
 5.0650E-001
-9.7768E-001
-4.1227E-001
 4.5330E-001
-1.0320E+000
-3.7615E-001
 2.5739E-001
-1.7171E+000
 3.7697E-003
-3.2552E-001
-1.9700E+000
-7.8966E-001
 5.6308E-001
-7.3785E-001
-6.3889E-001
 7.3182E-001
-4.8417E-001
-8.6958E-001
 7.6285E-001
-2.0912E+000
-8.8291E-001
 6.2369E-001
-2.8552E+000
-5.0586E-001
 3.0202E-001
-2.9707E+000
-2.8759E-001
 6.1008E-003
-3.3877E+000
-1.4707E+000
 1.1035E+000
-3.1405E+000
-1.5537E+000
 1.0251E+000
-2.9877E+000
-5.1465E-001
 4.0477E-001
-2.6808E+000
-1.6444E-001
 1.5134E-001
-2.7190E+000
 3.8383E-001
-1.9399E-001
-2.6594E+000
 6.0548E-001
-4.7536E-001
-2.9737E+000
-8.1613E-002
 3.2784E-001
-2.2649E+000
-1.3761E-001
 5.9988E-001
-2.0033E+000
 5.4707E-001
-2.5566E-001
-2.2336E+000
 1.1509E+000
-5.3156E-001
-2.1174E+000
 1.2249E+000
-8.6741E-001
-2.6513E+000
 1.5885E+000
-1.4133E+000
-2.7835E+000
 1.2968E+000
-2.4848E-001
-1.5129E+000
 3.4634E+000
 1.1020E+000
 5.6014E-002
 8.7822E-001
-7.0853E-001
-2.8860E+000
 1.0304E+000
-8.9500E-001
-3.3789E+000
 1.0782E+000
-8.3290E-001
-3.7162E+000
 1.2929E+000
-8.2881E-001
-3.7637E+000
 9.5932E-001
-6.4698E-001
-3.6890E+000
 1.0735E+000
-9.7367E-001
-3.2080E+000
 7.7658E-001
-8.8360E-001
-4.0480E+000
 7.9807E-001
-9.7107E-001
-4.3805E+000
 1.2437E+000
-1.1311E+000
-4.4334E+000
 1.3271E+000
-8.8200E-001
-4.9246E+000
 5.1992E-001
-8.7198E-001
-4.4653E+000
 1.4394E+000
-1.4652E+000
-3.6924E+000
 1.7875E+000
-1.6046E+000
-3.6131E+000
 1.8508E+000
-1.4700E+000
-3.4756E+000
 2.9694E+000
-1.9736E+000
-4.1090E+000
 1.0350E+000
-9.5081E-001
-3.3336E+000
 9.5598E-001
-7.6381E-001
-3.1759E+000
 1.0076E+000
-6.5351E-001
-2.4668E+000
 1.0430E+000
-5.8771E-001
-1.9934E+000
 4.3467E-001
-4.7734E-001
-3.3889E+000
-1.6957E-001
-3.2048E-001
-4.3748E+000
 9.8013E-001
-5.9109E-001
-2.4508E+000
 9.5841E-001
-5.4102E-001
-1.7746E+000
 6.0215E-001
-4.0837E-002
-1.6480E+000
 2.1828E-001
 3.3736E-001
-2.0212E+000
 1.0510E+000
-6.8071E-001
-1.3442E+000
 1.8194E+000
-1.6581E+000
-1.1091E+000
 5.8664E-001
-5.1239E-002
-1.0362E+000
 1.3995E-001
 3.9027E-001
-8.1738E-001
 1.1673E-001
 3.8018E-001
-8.9565E-001
 3.4737E-001
 3.2709E-001
-8.9524E-001
 2.1040E-001
 8.4492E-001
-3.5602E-001
-4.0029E-002
 9.4379E-001
-8.8992E-002
-6.7129E-002
 4.9737E-001
-9.1381E-001
-8.4203E-002
 6.0289E-001
-7.6728E-001
-2.3116E-001
 4.9626E-001
-6.7819E-001
-2.1239E-001
 3.8092E-001
-3.9679E-001
-7.8974E-002
 8.1029E-001
-7.8966E-001
 1.0490E+000
 1.6351E+000
-8.8544E-001
-2.4142E-001
 5.3468E-001
-7.6220E-001
-2.4319E-001
 4.8299E-001
-4.7767E-001
-2.2118E-001
 6.2232E-001
-5.0374E-001
-5.2352E-002
 1.0127E+000
-5.6950E-001
-1.8998E-001
 4.5035E-001
-1.6035E-001
-6.0526E-001
 3.6197E-001
 3.1392E-001
-2.4106E-001
 2.2907E-001
-3.6525E-001
-1.7943E-001
 1.8299E-001
-4.2314E-001
-1.3620E-001
 7.9313E-002
-3.5487E-001
-1.0827E-001
 1.2630E-001
-4.1621E-001
-1.0156E-001
 1.7669E-002
-3.3193E-001
 1.0398E+000
 2.0283E+000
-2.0366E-001
-1.5065E-001
 1.0582E-001
-2.4905E-001
-6.2362E-002
 2.6385E-002
-1.2049E-001
-1.0097E-001
 1.7939E-001
-2.6383E-001
-4.2074E-002
 4.1893E-001
-3.1941E-001
 5.0818E-002
 1.5334E-001
 1.0526E-001
 1.7065E+000
 2.3559E-001
-3.6379E-001
 6.2168E-002
 9.0248E-002
-3.2474E-001
 6.2287E-002
 1.8468E-001
-3.5155E-001
-7.6333E-002
 1.3609E-001
-3.8080E-001
-1.4158E-001
-1.6418E-001
-4.6159E-001
 1.1763E-001
 4.6242E-001
-4.1197E-001
 2.1316E-001
 5.4002E-001
-3.7492E-001
-2.7872E-001
 3.0684E-001
-3.6514E-001
-4.5126E-001
 2.4167E-001
-4.5482E-001
-4.3257E-001
 5.4427E-002
-4.8485E-001
-3.3316E-001
 5.2890E-002
-2.5560E-001
-5.3595E-001
 3.4953E-001
-4.3901E-001
-1.5383E+000
 7.4173E-001
-1.2766E+000
-4.4416E-001
-6.7564E-002
-3.3579E-001
-3.9094E-001
-3.2087E-001
-3.4968E-001
-4.0805E-001
-6.1951E-001
-5.5364E-001
-5.9669E-001
-9.6887E-001
-6.3254E-001
-1.8049E-001
-1.9413E-001
-3.8531E-001
-1.8580E-001
-4.7155E-001
-4.1592E-001
-1.5833E-001
-6.2880E-001
-4.4895E-001
-1.6462E-001
-6.7948E-001
-3.5392E-001
-1.4383E-001
-9.7326E-001
-4.7117E-002
-1.1390E-001
-7.5022E-001
-6.1362E-001
-7.8058E-001
-1.7315E-001
 4.8923E-001
-2.6772E-001
-4.1624E-001
-5.6553E-001
-7.2287E-002
-4.6434E-001
-3.9702E-001
-2.8582E-001
-4.1416E-001
-7.1086E-002
-2.9518E-001
-5.8806E-001
 6.4780E-002
 6.6055E-002
-4.9110E-001
-6.4615E-001
 2.7682E-001
-5.2908E-001
-6.9021E-001
-3.5054E-001
-1.1138E-001
 1.6749E-002
-5.4107E-001
-9.9560E-002
 1.9341E-001
-4.0067E-001
-4.4994E-001
 1.9853E-001
-4.4453E-001
-4.6604E-001
 4.5393E-001
-6.4278E-001
 2.4236E-001
 2.2966E-001
-1.4238E+000
-2.7407E+000
-1.3984E+000
-2.9915E-001
-4.4550E-001
-9.5463E-002
-1.9052E-001
-7.8502E-001
 2.5423E-001
-2.1241E-001
-5.6389E-001
 2.5341E-001
-1.1963E-001
-1.6703E-001
 5.1766E-001
 9.1535E-002
-7.9442E-001
 7.9995E-001
-1.7842E+000
-2.2692E+000
 1.9635E+000
-6.8962E-002
-8.5313E-001
 1.1814E-001
-2.9911E-002
-6.0345E-001
 1.3701E-001
-1.7335E-001
-6.5427E-001
 1.8054E-001
-2.7184E-001
-5.5374E-001
-8.3563E-002
 3.0150E-002
-3.3121E-001
 2.4874E-001
-2.5309E-001
-9.9049E-001
 2.2441E-001
-1.7953E-001
-6.5698E-001
 5.0727E-001
-2.4030E-001
-7.1734E-001
 6.4605E-001
-5.2435E-002
-3.9157E-001
 6.2709E-001
 4.5311E-001
-8.8810E-002
 6.5328E-001
-1.9775E-001
-7.6102E-001
 1.1609E+000
-5.2152E-002
-9.6040E-001
 2.0930E-002
-2.5107E-001
-5.2262E-001
 7.2364E-001
-1.1330E-001
-3.0751E-001
 6.4634E-001
-1.7458E-001
-3.4622E-001
 4.3099E-001
-1.6315E-001
-7.0270E-001
-1.5994E-001
-5.8477E-004
-1.0328E-001
 5.4296E-001
-1.3880E-001
 1.5564E-001
 8.8616E-001
-2.5148E-001
 4.1997E-001
 5.6361E-001
-3.0707E-001
 2.8836E-001
 7.6424E-001
-4.7866E-001
 3.7531E-001
 8.6057E-001
-7.6044E-001
 2.1031E-001
 2.3494E-001
-1.6154E+000
 7.0565E-001
-2.5230E-001
-3.1964E-001
 2.1956E-001
 5.7339E-001
-6.8823E-001
-1.5804E-001
 7.2735E-001
-3.8982E-001
-1.8243E-001
 7.1992E-001
-1.2463E-001
-1.3522E-001
 7.6480E-001
-6.7194E-001
-8.4621E-001
 9.7901E-001
 6.2082E-002
-8.5542E-002
 6.8129E-001
-4.1904E-001
-2.2970E-001
 6.9169E-001
-7.2951E-002
-4.1479E-001
 6.3472E-001
 4.4864E-002
-5.4066E-001
 5.0883E-001
 3.6517E-001
-9.9561E-001
 6.3211E-001
 1.2194E-002
-4.6305E-001
 4.1787E-001
-3.1557E+000
-4.7870E-001
 1.1554E+000
-1.4263E-001
-2.7935E-001
 3.5933E-001
-8.1292E-002
-3.1556E-001
 2.5323E-001
-2.7408E-001
-3.0167E-001
 4.1238E-001
-3.9985E-001
-1.3868E-001
 5.5600E-001
-1.7314E-001
-1.8163E-001
-2.2434E-002
 2.3004E-001
-1.0476E-001
 4.1492E-002
-3.6464E-001
-4.9064E-001
 5.8721E-001
-5.1881E-001
-4.7154E-001
 8.0670E-001
-2.5775E-001
-6.7678E-001
 9.3482E-001
 1.2582E-001
-7.3624E-001
 9.4669E-001
-7.1298E-001
-4.7831E-001
 1.1737E+000
 8.8232E-001
-6.2429E-001
-1.7054E+000
-4.2684E-001
-5.3009E-001
 9.8879E-001
-8.4338E-002
-7.8670E-001
 1.1145E+000
 1.4989E-001
-6.5812E-001
 5.5401E-001
 3.7816E-001
-5.8865E-001
 4.5103E-001
 3.5216E-001
-1.1603E+000
 1.3543E+000
 1.4487E-001
-1.0499E+000
 2.2466E+000
-1.0458E-001
-6.6825E-001
 2.5363E-001
 1.1086E-001
-5.1783E-001
-2.8539E-001
 1.8121E-001
-5.0972E-001
-2.2296E-001
 2.9650E-001
-5.3880E-001
-3.6893E-001
 4.4138E-002
-3.9562E-001
 1.8339E-001
 9.2742E-002
-3.8885E-001
 2.0977E-001
 3.0444E-002
-3.1415E-001
 3.0397E-001
 1.1904E-001
-3.1654E-001
 1.7843E-001
 2.4915E-001
-3.2313E-001
 2.4716E-001
 4.6556E-001
-3.3584E-001
 6.4804E-001
-1.2424E-001
-3.0479E-001
 5.4153E-001
-9.2246E-002
-1.8435E-001
 5.9085E-001
-1.6573E-001
-2.3713E-001
 5.5411E-001
-2.2198E-001
-2.3105E-001
 6.7609E-001
-5.6263E-002
-1.4879E-002
 6.8527E-001
 9.6762E-002
 3.9591E-001
 6.6014E-001
-2.4093E-001
-2.3171E-001
 3.6013E-001
-3.0018E-001
-2.2235E-001
 2.7432E-001
 1.3655E-002
 6.9889E-002
 1.7725E-001
 1.6964E-001
 1.0822E-001
 4.7936E-003
-6.7822E-001
-2.7447E-001
-4.6403E-002
 7.1142E-001
-1.8975E+000
 1.6673E-001
 1.6074E-001
 7.0901E-002
 2.5859E-001
 4.3965E-001
 2.4299E-001
 1.9393E-001
 8.2405E-001
 7.6264E-001
 2.4376E-001
 1.3647E+000
 9.1582E-001
-1.3153E-001
 8.7135E-001
-2.0279E-001
 9.6482E-002
 1.3422E+000
 4.2295E-001
 4.1073E-001
 7.2704E-001
 9.6747E-001
 6.5514E-001
 1.0934E+000
 1.4197E+000
 9.2143E-001
 1.0070E+000
 9.2362E-001
 7.7362E-001
 1.0473E+000
 7.2533E-001
 9.7185E-001
 7.1156E-001
 7.6207E-001
 4.4699E-001
 7.5838E-001
 3.0531E-001
 2.8351E-001
 5.5900E-001
 2.9554E-001
 2.3480E-002
 5.4323E-001
 3.1095E-001
-4.3228E-002
 9.3612E-001
-1.9767E-001
 4.1214E-001
 1.3502E+000
-1.5225E+000
 7.6420E-002
 5.2408E-001
 2.5290E-001
-1.0307E-001
 5.5502E-001
 2.4989E-001
-4.9876E-002
 6.9838E-001
 5.1310E-001
-1.9680E-002
 6.7705E-001
 7.8475E-001
-4.1921E-002
 4.6860E-001
 1.9405E-001
-2.3909E-001
 5.2533E-001
 3.3411E-001
-2.4340E-001
 7.4901E-001
 4.9822E-001
 1.0581E-002
 9.6916E-001
 7.5797E-001
 3.1312E-003
 8.8306E-001
 1.0545E+000
 4.9201E-002
 9.6368E-001
 1.3994E+000
 2.0633E-001
 1.3253E+000
 6.6752E-001
 1.4532E-001
-4.6300E-001
 7.6064E-001
-1.8378E+000
 8.7103E-001
 1.0207E+000
 1.3468E-002
 8.5313E-001
 1.2489E+000
 1.8301E-001
 6.3742E-001
 1.2191E+000
 1.7678E-001
 5.8196E-001
 9.5010E-001
 2.1888E-002
 1.1255E+000
 1.2888E+000
 2.8503E-001
 1.2373E+000
 1.1947E+000
 2.8593E-001
 4.3416E-001
 1.5309E+000
 2.8574E-001
 1.0599E-002
 1.5038E+000
 2.7984E-001
 1.6291E-001
 1.4291E+000
 1.8538E-001
 2.6458E-002
 1.2700E+000
 7.5636E-002
-2.5734E-001
 1.9371E+000
 4.4204E-001
-1.2097E-001
 2.0332E+000
 1.3240E-001
 4.1984E-001
 1.5485E+000
 1.9231E-001
 5.1846E-001
 1.4436E+000
 1.6169E-001
 5.8319E-001
 9.2320E-001
-8.1860E-002
 4.5450E-001
 3.1338E-001
-4.3857E-001
 1.0328E+000
 1.8053E+000
 2.8436E-002
 8.1806E-001
 1.9690E+000
 2.2752E-001
 6.7572E-001
 1.0817E+000
 1.0671E-001
 7.1914E-001
 6.9008E-001
-8.8360E-002
 3.5399E-001
 5.2866E-001
-1.5033E-001
 2.9252E-001
 2.9414E-002
-2.9469E-001
 9.4257E-001
 6.3787E-001
-1.3060E-001
 1.6854E+000
 7.5578E-001
-6.2226E-002
 7.0124E-002
 7.7811E-001
-1.3359E-001
-1.0874E-001
 6.7092E-001
-1.1845E-001
-3.5019E-001
 6.0756E-001
-1.7389E-001
-5.4206E-001
 2.4390E-001
-4.5273E-001
-1.4519E-001
 8.3257E-001
-1.6462E-001
-3.4188E-001
 8.2720E-001
-1.4433E-001
-6.1494E-001
 7.0979E-001
-2.5327E-001
-3.6029E-001
 1.5967E-001
-3.8411E-001
-4.8963E-001
-7.9908E-002
-6.9839E-001
-5.0674E-001
 1.2652E+000
-7.1879E-002
-9.6245E-001
 1.6442E+000
 2.5814E-001
-5.6674E-002
 1.0627E-001
-3.0762E-001
 1.9914E-001
-3.9375E-001
-2.9703E-001
 5.9767E-002
-8.6337E-001
-3.3612E-001
-8.6275E-002
-1.2755E+000
-2.8301E-001
 7.7464E-001
-3.3809E-001
-1.4383E-001
 8.2251E-002
-7.8633E-001
-3.4072E-001
-9.8388E-002
-1.2778E+000
-4.9154E-001
-5.1613E-001
-1.3456E+000
-5.1327E-001
-6.2471E-001
-1.8612E+000
-8.9302E-001
-1.4083E-001
-1.4205E+000
-5.3181E-001
 5.3438E-001
-2.4193E+000
-8.5523E-001
-9.0068E-001
-8.9152E-001
-3.2019E-001
-1.2205E+000
-9.1256E-001
-4.1423E-001
-1.2998E+000
-1.1684E+000
-5.0078E-001
-1.5735E+000
-1.4694E+000
-7.1647E-001
-1.3539E+000
-5.8893E-001
-4.0251E-001
-1.6076E+000
 7.6458E-001
-1.7961E+000
-9.9677E-001
-1.0288E+000
-4.1790E-001
-1.0355E+000
-1.2179E+000
-4.6063E-001
-8.9854E-001
-1.6904E+000
-5.9024E-001
-1.0283E+000
-1.8503E+000
-6.4697E-001
-6.8542E-001
-8.9044E-001
-3.7432E-001
-5.2351E-001
 1.0230E-001
-3.8476E-001
-7.0040E-001
-1.7733E+000
-5.8809E-001
-6.0771E-001
-2.1257E+000
-6.0315E-001
-8.2805E-001
-2.2995E+000
-6.5414E-001
-7.3764E-001
-2.7359E+000
-4.7796E-001
-2.6923E-001
-2.1309E+000
-5.3238E-001
-1.1728E+000
-2.0356E+000
-8.0930E-001
-1.3522E+000
-2.1841E+000
-8.4739E-001
-1.0531E+000
-2.2034E+000
-7.3800E-001
-9.3349E-001
-2.1597E+000
-6.1425E-001
-9.3257E-001
-2.1510E+000
-7.0737E-001
-5.1890E-001
-1.9763E+000
-4.7371E-001
-7.2746E-001
-1.4965E+000
-6.6514E-001
-6.2066E-001
-1.1060E+000
-7.5903E-001
 3.3522E-002
-1.7952E+000
-1.6752E-001
 4.8093E-001
-1.9915E+000
 1.8359E-001
-3.8061E-001
-1.4102E+000
-5.7304E-001
-3.3893E-001
-1.2026E+000
-7.2701E-001
-1.5223E-001
-7.4461E-001
-4.6000E-001
-1.2100E-001
-8.1008E-001
-3.5482E-001
-1.8831E-001
-1.1868E+000
-1.1501E+000
 1.0948E+000
-1.4649E+000
-1.0780E+000
-1.5244E-001
-5.0558E-001
-4.7703E-001
-1.0436E-001
-1.8009E-001
-3.2414E-001
 1.1902E-003
-1.9647E-001
-3.2341E-001
 6.3048E-002
-2.4719E-001
-4.1409E-001
-2.1665E-001
-2.0950E-001
-1.2471E-001
-3.3901E-001
-4.3888E-001
-1.2976E-001
 9.7700E-002
-5.1939E-002
-2.2948E-001
 1.3801E-001
-1.5568E-001
-1.6842E-001
 5.9727E-002
-1.6828E-001
-1.3839E-001
 1.5051E-001
-2.9080E-001
-6.3644E-002
 1.6264E-001
-1.7170E-001
-1.4936E-001
 1.6425E-001
-1.5586E-001
-1.0580E-001
 8.6059E-002
-1.6593E-001
-1.6049E-001
 6.4360E-002
-1.6979E-001
-1.5151E-001
 7.4588E-002
-1.6325E-001
-8.7981E-002
-8.8027E-003
-2.5173E-001
 3.6464E-002
 5.2702E-002
-3.9999E-002
-1.3569E-001
 1.5829E-001
 2.3355E-001
-5.5360E-001
 1.4061E-001
-1.0722E-001
-2.1811E-001
 1.7061E-001
-6.9330E-002
-2.1903E-001
 2.1605E-001
-3.5906E-002
-2.3182E-001
 5.0085E-001
-1.3961E-001
-2.7664E-001
 5.0432E-002
-6.9174E-002
-4.0712E-001
 3.8761E-002
-2.8278E-001
-3.6205E-001
-4.2051E-002
 5.3649E-002
-1.2666E-001
 8.6316E-002
 1.6225E-002
-1.6592E-001
 6.2142E-002
-7.9362E-005
-1.7459E-001
-3.6807E-002
 4.4087E-002
-2.2552E-001
 1.3583E-001
 7.6197E-002
-5.0587E-002
 4.3820E-001
 3.5868E-001
 3.1022E-001
 1.2377E-001
-1.4344E-001
-2.2550E-001
 7.3219E-002
-2.2380E-001
-2.1981E-001
 1.0336E-001
-1.2717E-001
-1.4375E-001
 4.1242E-001
-2.0127E-001
-1.4582E-001
 1.2707E-001
-3.3517E-001
-3.9471E-001
-1.1154E+000
-1.8488E+000
-2.0621E+000
-1.7977E-001
-7.8341E-002
-3.4101E-002
-2.5237E-001
-6.1894E-002
-4.3851E-002
-2.6596E-001
-2.3502E-001
-1.4891E-001
-4.4316E-001
-3.0135E-001
-1.7591E-001
-4.2708E-001
 1.0300E-001
-1.8499E-002
 1.7405E+000
-2.3681E+000
 2.1659E+000
-9.3457E-002
-4.1820E-001
-1.8160E-001
-1.7118E-001
-6.8560E-001
-2.5927E-001
 2.6528E-002
-5.7309E-001
-1.1223E-001
 2.8408E-001
-3.0680E-001
-8.1162E-003
 1.5176E-001
-8.2573E-001
-4.0564E-001
 2.4895E-002
-1.2358E+000
-4.3011E-001
-2.3209E-001
-7.5253E-001
-3.1335E-002
-1.2295E-001
-7.1118E-001
 4.7847E-002
-1.3289E-001
-7.6170E-001
-2.5550E-002
-2.5832E-001
-8.1505E-001
-7.2792E-002
-1.5726E-001
-7.1987E-001
 2.7917E-001
-1.5542E-001
-5.7625E-001
 3.7330E-001
 1.7706E-002
-7.9767E-001
-1.0934E-001
-4.2155E-002
-8.9370E-001
-3.9041E-001
-1.4137E-001
-9.8788E-001
-2.3513E-001
-2.4515E-001
-8.5854E-001
-1.3752E-001
 3.5692E-001
-7.7509E-001
-5.0554E-001
 3.9925E-001
-8.0788E-001
-2.1246E-001
-2.5714E-001
-1.2315E+000
-3.2522E-001
-4.9871E-001
-1.3059E+000
-2.7133E-001
-6.8624E-001
-1.3042E+000
-3.4876E-001
-8.1765E-001
-1.2909E+000
-2.4593E-001
-5.3173E-001
-1.6451E+000
-3.0516E-001
-2.2245E-001
-1.4929E+000
-1.5648E-001
-5.1767E-001
-1.3726E+000
-4.1548E-001
-6.8780E-001
-1.3921E+000
-5.0075E-001
-6.5373E-001
-1.1122E+000
-2.9385E-001
-1.0067E+000
-9.6855E-001
-4.1228E-001
-5.3129E-001
-1.6581E+000
-6.2019E-001
-7.2116E-001
-4.5885E+000
-1.1813E+000
-1.8895E-001
-8.3634E-001
-7.4809E-002
-1.1535E-001
-4.8337E-001
 2.3892E-001
-3.7313E-001
-1.1842E-001
 2.5733E-001
-4.7137E-001
-1.9865E-002
 2.7726E-001
 3.9273E-001
-3.9712E-001
 5.1677E-001
 7.3471E-001
-6.2552E-001
 4.9946E-001
-5.4226E-001
 9.8808E-002
 2.4159E-001
-7.4981E-001
 3.3247E-001
 2.6974E-001
-4.7856E-001
 3.2946E-001
 2.6555E-001
-4.1386E-001
 1.6917E-001
 2.7496E-001
-9.4692E-001
 5.0126E-001
 3.0787E-001
-4.2668E-001
 5.3054E-001
-5.3658E-002
-3.4823E-001
 5.1458E-001
 3.0417E-002
-2.6905E-001
 4.7436E-001
 1.6494E-001
-1.1661E-001
 2.8324E-001
 2.3514E-001
-5.0916E-002
 1.2492E-001
 3.3288E-001
-1.6033E-001
 5.6275E-001
 1.2573E-001
-2.4213E-001
 4.0852E-001
 2.0118E-001
 1.1307E-001
 3.5868E-001
 2.1552E-001
 1.5793E-001
 2.5737E-001
 2.2979E-001
 4.7707E-002
-1.7517E-001
 2.7243E-001
-7.1125E-002
-1.7075E-001
-2.4838E-002
-2.4872E-002
 5.4525E-001
 2.0234E-001
 9.3076E-002
 9.4705E-001
 4.8033E-001
 5.7346E-002
-7.0712E-002
 5.8131E-001
 1.2982E-002
-1.2510E-001
 6.1854E-001
 1.8105E-002
 1.3339E-001
 4.3596E-001
-1.7887E-001
 8.3705E-001
 1.1425E-001
-7.7677E-002
-6.7453E-002
 1.0358E+000
 8.0674E-001
-3.7194E-001
 1.5786E+000
 3.9165E-002
-4.7953E-001
 6.2096E-001
-1.1144E-001
-3.0087E-001
 5.5221E-001
 7.6914E-002
-3.2836E-001
 3.9918E-001
-3.7509E-002
-1.7045E-001
 4.2377E-001
-2.5338E-001
-2.1504E-001
 5.2723E-001
-9.6726E-001
-3.5915E-003
 1.0617E+000
 3.1658E-001
-2.1649E-001
 1.7219E-001
 9.5600E-002
-2.0502E-001
-5.2224E-003
 1.7314E-001
-2.8829E-001
 1.3096E-001
-2.1771E-001
-5.9151E-003
-4.4492E-002
 1.0594E-001
-4.2672E-001
-3.2549E-001
-2.1559E-001
-1.4051E+000
-1.2069E+000
 4.1048E-001
-5.1233E-001
 4.2443E-001
 4.6904E-001
-4.7937E-001
 5.7463E-001
 3.3302E-001
-5.8558E-001
 6.4936E-001
 5.9009E-001
-2.3245E-001
 7.2555E-001
-1.1233E-001
-1.0606E+000
 5.9139E-001
-1.5205E-001
-1.0233E+000
 6.3323E-001
-3.1296E-001
-8.5129E-001
 5.8163E-001
-3.6964E-001
-8.3064E-001
 5.2462E-001
-1.4121E-001
-9.9995E-001
 6.6521E-001
-1.0669E+000
-1.3766E+000
 4.3559E-001
-3.1468E-001
-8.4675E-001
 6.7335E-001
-4.4822E-001
-6.7343E-001
 6.0645E-001
-3.1027E-001
-6.1485E-001
 3.5314E-001
-1.9330E-001
-4.8086E-001
 2.1105E-001
-6.6559E-001
-5.0840E-001
 5.7708E-001
-3.2243E+000
-1.5687E+000
 1.2689E+000
-4.7926E-001
-6.2365E-001
 3.9722E-001
-4.0799E-001
-6.0820E-001
 2.1918E-001
-4.3822E-001
-5.6812E-001
 1.0025E-001
-3.9631E-001
-5.7119E-001
-2.3966E-002
-2.3830E-001
-6.5377E-001
 2.9908E-001
-1.2154E+000
-6.1857E-001
-3.2013E-001
-5.2028E-001
-5.9092E-001
 1.4711E-001
-6.0044E-001
-6.1614E-001
 2.0713E-001
-5.9498E-001
-8.6114E-001
 1.1708E-001
-6.7117E-001
-8.9994E-001
-8.7479E-002
-5.0520E-001
-4.8255E-001
 2.0908E-001
-7.3148E-001
-6.2511E-001
 7.2731E-001
-7.5723E-001
-1.0991E+000
 2.3404E-001
-7.6347E-001
-1.2318E+000
 1.8152E-001
-8.3500E-001
-1.2345E+000
 1.2400E-001
-7.1308E-001
-1.2149E+000
 9.7294E-002
-8.5733E-001
-1.3064E+000
 2.8577E-001
-9.9779E-001
-7.4076E-001
 1.3438E-002
-7.3993E-001
-4.5759E-001
-1.9706E-001
-6.4711E-001
-3.6932E-001
-1.8308E-001
-7.4369E-001
-3.5837E-001
-2.2308E-001
-9.9341E-001
-2.1969E-001
-5.5426E-001
-1.4675E+000
-2.4425E-002
 4.1479E-001
-7.1885E-001
-4.5013E-001
-5.9050E-002
-5.2903E-001
-3.3566E-001
-2.4044E-001
-6.0655E-001
-3.3328E-001
 9.2682E-002
-8.3073E-001
-3.2176E-001
 2.4427E-001
-7.8184E-001
-9.4550E-003
-6.2139E-001
-1.4139E+000
 2.3475E-002
-4.5180E-001
-6.8571E-001
-4.9448E-001
 1.0972E-001
-5.9263E-001
-6.7018E-001
 1.4084E-001
-4.4826E-001
-4.5561E-001
 1.1594E-001
-4.2776E-001
-4.4229E-001
 2.4108E-001
-5.0922E-001
-5.6671E-001
-1.7781E-003
-3.3646E-001
-3.3201E-001
-4.2935E-002
-4.4939E-001
-4.8125E-001
 1.7926E-001
-5.2834E-001
-5.9571E-001
 5.2878E-001
-3.4026E-001
 7.2394E-002
 1.6530E-002
-6.2030E-002
-1.7718E-001
 3.4873E-001
-3.5637E-001
-4.3862E-001
 1.3040E-001
-4.8997E-001
-6.8929E-001
 2.3119E-001
-7.5388E-001
-6.3108E-001
 2.3382E-001
-1.3084E+000
-9.0602E-001
 1.3352E-001
-2.9745E-001
-9.3022E-001
 4.9512E-001
-7.0253E-001
-6.6555E-001
-3.6521E-001
-3.2964E-001
-4.8347E-001
 2.6878E-001
-5.4195E-001
-5.3842E-001
 2.7386E-001
-4.6909E-001
-5.6576E-001
 3.2118E-001
-5.2392E-001
-7.8788E-001
 3.2914E-001
-6.3413E-001
-4.6980E-001
 1.1948E-001
-5.4706E-001
-2.5100E-001
-3.1919E-002
-3.4359E-001
-2.6117E-001
 3.5146E-001
-2.9702E-001
-2.8320E-001
 3.8814E-001
-2.0361E-002
-1.2976E-001
 6.1391E-001
 6.2122E-001
 9.3988E-002
 7.9399E-001
-1.8211E-001
-2.7587E-001
 4.4642E-002
-1.4663E-001
-1.5107E-001
 3.2926E-001
-2.6522E-001
-2.3573E-001
 4.9599E-001
-7.3382E-002
-2.2128E-001
 6.3307E-001
 1.4132E-001
-1.6618E-001
 6.1845E-001
 8.9964E-002
 3.5641E-002
 7.1215E-001
-2.7558E-002
-2.2468E-001
 6.1591E-001
-9.7567E-001
-8.9004E-001
 1.2042E+000
 3.1834E-001
-3.5089E-001
 5.3709E-001
 5.3839E-001
-3.1844E-001
 4.7150E-001
 2.8997E-001
-3.6476E-001
 5.6174E-001
 7.8565E-001
-2.5794E-001
 8.1839E-001
 6.0286E-001
-5.5898E-002
 1.1156E-001
 8.0911E-001
 1.1157E-001
 3.3858E-001
-3.2264E-001
-3.9787E-001
 3.3183E-001
-5.3404E-001
-4.3317E-001
 4.1865E-001
-7.2885E-001
-1.0672E+000
 5.4498E-001
-1.1013E+000
-2.5957E+000
 1.0565E+000
-9.0714E-001
-2.3484E-001
 1.9884E-001
-6.4404E-001
 1.3113E+000
 4.6538E-001
-3.8183E-001
 4.2671E-002
 1.8754E-001
-5.6324E-001
-4.1078E-001
 5.0140E-001
-5.0184E-001
-5.2176E-001
 4.5534E-001
-6.7114E-001
-5.7255E-001
 4.3518E-001
-1.1298E+000
-3.0821E-001
 7.5578E-001
-1.3322E+000
-9.1197E-001
 1.0144E+000
-4.0920E-001
-4.4215E-001
 6.2739E-001
-3.5690E-001
-4.8987E-001
 5.2375E-001
-3.2866E-001
-3.9695E-001
 3.5311E-001
-3.7880E-001
-3.8389E-001
 4.2847E-001
-5.5511E-001
-5.2863E-001
 5.2447E-001
-4.6541E-001
-5.5729E-001
 6.1938E-001
-2.8603E-001
-2.8122E-001
 7.0833E-002
-2.5589E-001
-1.0507E-001
-7.5863E-002
-2.6444E-001
-7.6016E-003
-1.8825E-002
-3.2683E-001
-1.7766E-001
-1.0181E-001
-3.1125E-001
-8.2646E-002
-8.2339E-002
-3.3569E-001
-1.8256E-001
-8.8440E-002
-9.6565E-002
 3.1461E-001
 1.5235E-001
-5.6714E-002
 4.5607E-001
 2.5655E-001
-2.8410E-001
 4.2955E-001
 1.9573E-001
 3.4194E-002
 2.8063E-001
 1.9303E-001
 6.5439E-002
 6.7630E-001
 3.3932E-001
-1.1754E+000
-1.4262E+000
 2.0239E+000
-7.1149E-001
 5.8746E-001
 1.1259E-001
-1.0029E+000
 5.8345E-001
-4.5710E-002
-9.6470E-001
 3.1950E-001
 1.8502E-001
-8.0972E-001
 1.5663E-001
 1.4755E-001
-8.6346E-001
 1.0051E+000
-3.9019E-001
-1.0585E+000
 1.2074E+000
-6.2996E-001
-1.1101E+000
 2.5129E-001
 3.7419E-001
-1.0788E+000
 1.4676E-002
 5.8026E-001
-9.0489E-001
-2.1358E-001
 5.8089E-001
-9.1703E-001
-2.8965E-001
 5.7210E-001
-1.3109E+000
 5.1167E-002
 7.4253E-001
-1.6267E+000
-2.4602E-001
 9.6009E-001
-6.9151E-001
-3.6790E-001
 6.2041E-001
-5.5056E-001
-5.3858E-001
 6.3854E-001
-4.9124E-001
-5.1960E-001
 4.7733E-001
-3.1585E-001
-4.5727E-001
 3.9403E-001
-5.8298E-001
-5.2654E-001
 4.6133E-001
-5.7958E-001
-4.5865E-001
 3.8060E-001
-6.8252E-001
-3.6416E-001
 3.4191E-001
-7.0386E-001
-2.3972E-001
 3.5361E-001
-6.0107E-001
-5.0869E-001
 2.5896E-001
-1.7987E+000
-1.7527E-001
 1.4786E+000
-9.1246E-001
-4.8209E-001
 3.2036E-001
-1.0602E+000
-4.5095E-001
 2.0886E-001
-1.1234E+000
-4.4252E-001
 1.4285E-001
-1.2255E+000
-2.1776E-001
-2.4546E-001
-9.9920E-001
-5.6667E-001
 1.8380E-001
-8.5470E-001
-5.7905E-001
 2.1160E-002
-1.0444E+000
-6.9801E-001
 5.1400E-001
-1.0960E+000
-7.0884E-001
 5.3209E-001
-1.1469E+000
-7.9907E-001
 4.1525E-001
-1.2603E+000
-1.0005E+000
 2.1967E-001
-1.2152E+000
-6.3320E-001
 4.9153E-001
-1.0907E+000
-4.8353E-001
 3.8221E-001
-1.0835E+000
-5.2248E-001
 5.0530E-001
-1.0284E+000
-5.7553E-001
 2.7085E-001
-8.6825E-001
-7.7383E-001
 2.4052E-001
-6.8911E-001
-1.5690E+000
 8.2065E-001
-9.0926E-001
-7.2287E-001
 1.8409E-001
-8.3691E-001
-7.2231E-001
 8.4340E-002
-9.0613E-001
-1.1525E-001
-3.8896E-001
-8.0830E-001
-2.3000E-001
-4.4696E-001
-9.3091E-001
-2.4218E-001
-2.9174E-001
-1.1636E+000
-1.4170E-001
-1.3530E-001
-5.8936E-001
-3.8643E-001
-3.2867E-001
-5.9026E-001
-3.5928E-001
-2.9649E-001
-7.7675E-001
-3.2341E-001
-3.8201E-001
-9.1682E-001
-3.3798E-001
-2.2520E-001
-6.0543E-001
-3.1593E-001
-2.4386E-003
 1.1485E-001
 2.0975E-002
 4.3438E-001
-1.1132E+000
-6.2425E-001
-3.1974E-001
-8.8227E-001
-5.7317E-001
-2.2071E-001
-8.2600E-001
-2.8163E-001
-6.8777E-002
-9.6355E-001
-3.4737E-002
-1.7304E-001
-8.7587E-001
-6.3267E-001
-2.4636E-001
 1.1731E+000
-1.6738E+000
-5.6914E-001
-6.4799E-001
-3.3154E-001
 2.0030E-001
-5.9427E-001
-1.7045E-001
 3.9857E-001
-4.9557E-001
-3.5321E-001
 2.2642E-001
-3.6891E-001
-7.2215E-001
 4.4941E-002
-5.2285E-001
-2.7305E-001
 8.5432E-001
-1.2823E-002
-8.1228E-001
-5.4498E-001
-4.8427E-001
-2.2767E-001
 2.6817E-001
-3.9409E-001
-3.4606E-001
 1.6617E-001
-4.7473E-001
-4.1347E-001
 6.6688E-002
-3.7429E-001
-4.1273E-001
 2.6121E-001
-2.4627E-001
-3.5564E-001
 1.0170E-001
-2.9330E-002
-2.9419E-001
 3.1162E-001
-6.8309E-001
-4.7463E-001
-2.4370E-001
-7.6812E-001
-4.6491E-001
-4.0844E-001
-7.0619E-001
-4.7705E-001
-2.7381E-001
-7.4218E-001
-5.8165E-001
 6.8310E-002
-9.2668E-001
-2.9913E-001
-3.9941E-001
-9.1872E-001
 3.4584E-002
-3.1431E-001
-6.1166E-001
-2.5621E-001
-3.5971E-001
-5.8989E-001
-3.1910E-001
-4.8410E-002
-4.3395E-001
-3.5490E-001
-1.6647E-002
-6.2697E-001
-1.4224E-001
-1.7151E-001
-8.0835E-001
-3.3526E-001
 2.1217E-001
-3.2741E-001
 5.9117E-001
 8.5748E-001
-2.8985E-001
-3.8115E-001
 1.9872E-001
-1.9845E-001
-4.5358E-001
 1.9542E-001
 3.8058E-002
-2.2506E-001
 4.6355E-001
 1.8099E-001
 4.1389E-004
 4.5405E-001
-5.3968E-001
-4.0090E-001
 2.9692E-003
-3.0964E+000
-3.5578E-001
 1.3429E-003
 1.8966E-001
-4.8912E-001
 5.3095E-001
 4.2865E-001
-1.0675E-001
 5.7818E-001
 1.1974E-001
 3.8194E-001
 6.8465E-001
 3.2205E-001
 8.2902E-001
 8.6290E-001
 5.4537E-001
-1.4700E-001
 5.7799E-001
 4.7157E+000
-1.9398E+000
-9.0339E-001
-3.8944E-001
 3.4488E-001
 5.6487E-001
-8.6874E-001
 9.2980E-001
 6.1056E-001
-6.5330E-001
 7.5662E-001
 5.6836E-001
-5.3604E-001
 6.8093E-001
 3.7537E-001
-1.7874E+000
 9.2606E-001
 1.1944E+000
-8.2069E-001
-1.8301E-001
-1.1461E+000
-5.4616E-001
 6.9593E-001
 6.1534E-001
-3.5788E-001
 6.2541E-001
 6.0501E-001
-1.3212E-001
 6.8171E-001
 4.2927E-001
 6.3541E-001
 1.2967E+000
 9.7678E-001
-2.6100E-001
 3.2782E-001
 7.9884E-001
-7.4981E-001
 9.0604E-002
 8.6508E-001
-8.0222E-001
-4.4451E-002
-3.8699E-001
-6.2161E-001
 5.7231E-002
-5.2311E-001
-5.9564E-001
-1.4792E-002
-4.4681E-001
-2.9796E-001
-1.4965E-001
-4.1483E-001
-5.2359E-001
 1.6147E-001
-5.9268E-001
-1.1593E+000
-1.2755E+000
 5.2021E-001
-7.7456E-001
 1.6469E-002
-3.1860E-001
-7.6606E-001
-1.1530E-001
-1.2437E-001
-5.2078E-001
-2.0716E-001
 5.5885E-002
 2.0002E-002
-4.0219E-001
 3.0560E-001
-9.7091E-001
-2.0578E-001
-5.6928E-002
-8.1399E-001
-4.9918E-001
-2.1972E-001
-8.2173E-001
-1.4170E-001
-1.4067E-001
-6.6798E-001
-1.9144E-001
-2.2516E-003
-4.3201E-001
 1.5882E-002
 1.0819E-001
-3.8667E-001
 4.1244E-002
 2.7479E-001
-8.2725E-001
-1.1506E-001
-1.4110E-001
-5.6188E-001
 5.4490E-001
-1.7839E+000
-4.1108E-001
 1.5075E-002
-1.6857E-002
-3.2251E-001
 1.1344E-001
-2.1297E-002
-1.6148E-001
 1.3192E-001
 3.8931E-002
 3.5006E-001
 7.3752E-002
 2.1563E-001
-4.0031E-001
 3.0144E-001
-8.0272E-002
-4.1975E-001
 4.0641E-001
-1.0278E-001
-3.7759E-001
-1.3457E-002
-1.0359E-002
-2.2998E-001
-1.0365E-001
 1.7819E-001
-2.1905E-001
-9.6324E-002
 3.4213E-001
-1.4331E-001
-1.0444E-001
 2.6240E-001
-2.8412E-001
-2.8196E-001
 1.2531E-001
-1.8850E-001
-2.4237E-001
 2.1738E-001
-3.0249E-001
-1.3713E-001
 6.4164E-001
-3.7910E-001
-9.3872E-003
 7.7721E-001
 1.0213E-001
-1.9683E-002
 9.7483E-001
 5.1000E-001
-1.7601E-001
 1.0294E+000
-3.2671E-001
 1.3393E-001
 9.9751E-001
-4.8888E-001
 1.3539E+000
 1.3224E+000
-3.2257E-002
-1.9231E-002
 1.0170E+000
 4.0269E-001
 1.6388E-001
 1.2650E+000
 7.3085E-001
 2.6236E-001
 8.4711E-001
 9.1508E-001
 3.3373E-001
 1.1639E+000
 9.2205E-001
 2.7913E-001
 1.0976E+000
 2.2354E+000
 8.1969E-001
 8.6699E-001
 5.9841E-001
 2.2346E-001
 3.3814E-001
 8.0368E-001
 3.2846E-001
-4.4676E-002
 6.8728E-001
 2.7387E-001
 1.6238E-001
 8.8611E-001
 2.4342E-001
 1.3808E-001
 6.2512E-001
 4.8585E-001
-6.4677E-001
 7.0405E-001
-3.4282E-001
-2.2170E+000
 2.7123E-001
 2.7462E-001
 2.9626E-001
 2.5682E-001
 2.0528E-001
 3.9551E-001
 4.3425E-001
 1.2385E-001
 7.0827E-001
 4.2846E-001
 1.1156E-001
 5.8085E-001
 3.7103E-002
 1.4087E-001
 4.4548E-001
-3.5850E-001
-6.1060E-001
 2.2911E-001
 5.0620E-001
-5.5336E-002
 1.2862E+000
 5.2590E-001
 1.3878E-001
 1.5073E+000
 1.0324E+000
 2.5370E-001
 1.4857E+000
 9.3059E-001
 2.8009E-001
 1.4080E+000
 8.2965E-001
 3.1597E-001
 1.6777E+000
 8.3242E-001
 5.1012E-001
 1.7643E+000
 1.2697E+000
-4.1893E-002
 1.5450E+000
 1.7213E+000
-5.1906E-002
 1.4087E+000
 1.4130E+000
-4.9160E-002
 8.1235E-001
 1.5458E+000
-5.1025E-002
 8.3165E-001
 2.3650E+000
-2.0312E-001
 9.7060E-001
 2.1625E+000
-9.0090E-001
 1.5236E+000
 9.8194E-001
-2.5566E-004
 3.9690E-001
 7.1075E-001
-8.7200E-002
 1.4431E-001
 4.3535E-001
 6.5522E-002
 4.6022E-001
 3.3023E-001
 6.2054E-002
 5.0248E-001
 3.5250E-001
-2.2803E-001
-1.4205E-001
-9.3787E-001
-6.5014E-001
-6.7588E-001
 8.8112E-002
 2.1955E-001
 9.0419E-001
-3.3425E-001
 5.4842E-001
 1.0017E+000
-9.0050E-002
 7.9481E-001
 1.3507E+000
-5.7198E-001
 8.7104E-001
 1.2458E+000
-4.3279E-001
 1.0361E+000
 1.3849E+000
-9.0350E-001
 1.0123E+000
 1.2432E+000
 5.7835E-001
 6.4079E-001
 1.8430E+000
 7.5617E-001
 9.6500E-001
 2.1481E+000
 1.0746E+000
 8.9884E-001
 1.8134E+000
 1.0751E+000
 8.2384E-001
 1.5012E+000
 1.3661E+000
 1.2833E+000
 2.3124E+000
 1.4229E+000
 4.7749E+000
 2.6037E+000
 1.0902E+000
 8.5896E-001
 1.7995E+000
 1.1358E+000
 7.1066E-001
 1.6127E+000
 1.2680E+000
 9.7374E-001
 1.4709E+000
 1.1724E+000
 7.9869E-001
 1.1995E+000
 9.8294E-001
 6.0535E-001
 1.9299E+000
 1.4241E+000
 4.4602E-001
 1.9009E+000
 1.5233E+000
 1.3868E+000
 1.7040E+000
 1.7538E+000
 1.6085E+000
 1.7211E+000
 1.8533E+000
 1.7799E+000
 1.4381E+000
 1.5413E+000
 1.6212E+000
 1.6982E+000
 1.8651E+000
 1.8822E+000
 2.1009E+000
 1.7422E+000
 2.2002E+000
 2.4678E+000
 2.2219E+000
 1.9219E+000
 8.8448E-001
 2.2178E+000
 2.3171E+000
 3.2104E-001
 1.8321E+000
 2.2107E+000
 7.3625E-002
 1.8354E+000
 2.2758E+000
-4.6182E-002
 2.4639E+000
 2.8327E+000
-4.3463E-002
 1.4994E+000
 2.0823E+000
-1.0978E-001
 1.0240E+000
 1.9829E+000
-3.8101E-001
 8.0905E-001
 1.6094E+000
-5.5688E-001
 3.1349E-001
 1.5646E+000
-5.1066E-001
 1.0956E+000
 1.9567E+000
-3.6441E-001
 9.1736E-001
 1.9290E+000
-3.7123E-001
 1.0999E+000
 1.2126E+000
-7.0529E-001
 8.8548E-001
 7.3959E-001
-7.1998E-001
 6.5641E-001
 5.9121E-001
-6.4615E-001
 5.9638E-001
 5.5810E-001
-6.0747E-001
 1.2709E+000
 3.5700E-001
-6.7200E-001
-8.8844E-002
 1.0329E+000
 4.0755E-001
 5.8036E-001
 4.6477E-001
-6.6629E-001
 4.3373E-001
 3.6268E-001
-6.5229E-001
 3.5638E-001
 4.2389E-001
-4.3790E-001
 2.6062E-001
 3.0972E-001
-3.1578E-001
 2.8180E-001
 2.3804E-001
-6.2018E-001
 1.6858E-001
 2.4727E-001
-6.6273E-001
 4.1542E-001
 5.3070E-001
-3.0325E-001
 2.6563E-001
 6.5805E-001
-1.2321E-001
 2.9256E-001
 7.6442E-001
-1.0777E-001
 2.6693E-001
 7.4205E-001
-8.8439E-003
 4.1597E-001
 9.0582E-001
-2.5646E-001
 3.2312E-001
 9.2366E-001
-1.5335E-001
 2.5798E-001
 7.2752E-001
-3.8646E-003
 1.2088E-001
 7.7418E-001
 2.0965E-001
 3.9460E-001
 9.9305E-001
-2.6574E-001
-4.1729E-001
 1.2232E+000
 3.6269E-001
 3.8497E-001
 4.6945E-001
-7.9727E-002
 3.0310E-001
 2.4432E-001
 6.2611E-002
 7.8847E-002
 2.8663E-001
 6.5557E-002
 1.0026E-001
 3.5100E-001
-1.7839E-001
 5.8668E-001
 6.9602E-002
 2.3282E-001
 2.7556E-001
-2.4804E-001
 6.4293E-001
-7.0762E-002
 3.0842E-001
 2.9783E-001
-2.6627E-001
 3.6882E-001
 3.2017E-001
-1.7907E-001
 4.3893E-001
 4.3110E-001
-7.4713E-002
 4.3351E-001
 5.7021E-001
-4.1695E-001
 3.5206E-001
 6.1557E-001
-6.4072E-001
 4.0642E-001
 6.7772E-001
-1.8258E-001
 5.4667E-001
 4.2668E-001
-1.2750E-001
 6.9150E-001
 6.5234E-001
-5.8211E-002
 5.8411E-001
 4.2677E-001
-1.4802E-001
 5.5100E-001
 4.6883E-001
 1.7449E-001
 9.5785E-001
 8.7632E-001
 9.2728E-003
 2.5429E-001
 3.5708E+000
 1.1181E-001
 5.3209E-001
 2.3904E-001
 1.8330E-001
 4.6871E-001
 5.4533E-002
 3.8266E-002
 4.5736E-001
-4.2390E-002
-9.5311E-002
 3.8045E-001
-1.3691E-001
 3.5220E-001
 4.0444E-001
-6.7071E-002
 2.0865E-001
 6.2000E-001
-9.3180E-002
 2.5601E-002
 4.8906E-001
-2.0345E-002
-1.2285E-001
 4.1042E-001
-5.2043E-002
-2.2909E-001
 4.1714E-001
 7.5514E-002
-3.2585E-001
 4.2625E-001
-9.6896E-002
-1.9843E-001
 3.6534E-001
-7.7603E-002
-1.9598E-001
 4.0181E-001
 3.7096E-001
-2.7701E-001
 4.2835E-001
 5.0096E-001
-3.0825E-001
 3.6226E-001
 4.1826E-001
-5.3918E-001
 3.0235E-001
 5.3517E-001
-2.5563E-001
 4.8164E-001
 6.7685E-001
-3.4982E-001
 4.1430E-001
 7.7922E-001
-7.3638E-002
 2.8323E-001
 3.9367E-001
-4.5420E-002
 1.9456E-001
 2.8891E-001
-3.1797E-002
 1.6272E-001
 2.6941E-001
-9.5270E-002
 2.1820E-001
 4.5599E-001
-3.5552E-002
 8.4662E-002
 3.5870E-001
-6.8761E-002
 2.3314E-002
 7.2120E-002
-7.6562E-002
-1.2128E-003
 1.9494E-002
-1.6921E-002
 1.0310E-001
-1.0170E-001
-2.1183E-003
 2.5055E-001
-1.1829E-001
-6.7331E-002
 3.1191E-002
-6.7347E-002
-4.2951E-002
 1.1774E-001
-1.7038E-001
-1.0435E-001
 1.2543E-002
-3.9073E-001
 1.0128E-001
-1.1078E-001
-5.9358E-001
-2.0179E-002
 2.3131E-001
-2.1002E-001
-1.0388E-001
 3.3968E-001
-1.4263E-001
-1.9713E-001
-2.7872E-002
-3.7351E-001
-2.0095E-001
-5.8627E-002
-4.0868E-001
-6.8162E-002
-1.5189E-001
-4.2434E-001
-7.1407E-003
-2.0242E-001
-4.4488E-001
-3.1765E-001
-2.7992E-002
-5.0873E-001
-3.3248E-001
-5.9332E-002
-5.4328E-001
-1.9726E-002
-7.9148E-002
-3.2780E-001
 1.5532E-001
-3.2757E-002
-3.5597E-001
 9.6531E-002
-5.3475E-002
-3.7331E-001
-6.3617E-003
 8.7393E-002
-5.0187E-001
 2.7433E-001
 1.9196E-001
-1.8858E-001
-5.9160E-001
 4.2678E-001
-1.4440E+000
 6.3077E-002
-2.8656E-001
-3.3602E-001
 1.3635E-002
-3.2708E-001
-4.4118E-001
 2.1178E-001
-2.5360E-001
-4.1784E-001
 5.8923E-001
-2.4597E-001
-4.4724E-001
-3.3930E-002
-4.7117E-001
-6.8547E-001
 1.9408E-001
-3.1493E-001
 1.0171E-001
 2.1057E-002
-1.8521E-001
-2.5920E-001
 2.9151E-001
-1.3511E-001
-2.4833E-001
 4.1466E-001
-8.1591E-002
-9.5554E-002
 5.0513E-001
-5.6092E-002
-1.4631E-001
 3.5395E-001
-1.9616E-001
-6.1494E-003
 4.4823E-001
-1.9616E-001
-1.3378E-001
 4.6500E-001
-1.9729E-001
-1.0937E-001
 3.7216E-001
-3.2488E-001
-1.9418E-001
 4.2364E-001
-4.5174E-001
-4.9309E-002
 4.4381E-001
-2.0476E-001
-2.4934E-002
-1.8697E-001
-6.3004E-001
 6.0602E-001
 2.3743E-001
-3.1408E-001
-2.8778E-001
 9.9840E-002
-4.1988E-001
-4.5365E-001
 1.7884E-001
-3.1791E-001
-3.0613E-001
 1.7295E-001
-4.5855E-001
-1.5575E-001
 2.8150E-001
-5.4794E-001
-7.7936E-001
-9.9987E-002
-2.4679E-001
 2.0256E-001
 4.9740E-001
-1.5599E-002
-2.8271E-001
 5.6621E-001
 7.3501E-002
-1.7091E-001
 3.3536E-001
 2.1216E-001
 1.4900E-001
 2.1342E-001
 6.0029E-001
 9.4463E-002
 8.5738E-001
 3.1452E-001
-3.0096E-001
 7.2021E-001
 2.7307E-001
-2.0408E-001
 3.0797E-001
-5.6195E-002
 3.7695E-001
-4.6776E-003
 1.1501E-001
 6.3028E-001
 4.3928E-003
 1.1273E-001
 5.9102E-001
-1.1805E-001
 1.3089E-001
 6.8950E-001
 1.4743E-001
 1.2146E-001
 4.7426E-001
 2.0981E-001
 1.8521E-001
 4.9408E-001
 2.6382E-001
 3.9443E-001
 5.5326E-001
 2.1057E-001
 5.2610E-001
 6.9616E-001
 2.9717E-001
 2.1638E-001
 3.0185E-001
 2.3471E-001
 3.0308E-001
 2.4784E-001
 2.5006E-001
 3.8405E-001
 4.1273E-001
 3.1334E-001
 4.0816E-001
 4.7570E-001
 2.3124E-001
 4.5261E-001
 5.7838E-001
 1.3767E-001
 3.3158E-001
 6.4821E-001
 4.5797E-001
 4.7991E-001
 5.7407E-001
-8.5740E-002
 1.3835E-001
 6.2168E-001
 3.8304E-001
 3.4815E-001
 7.0344E-001
 3.3800E-001
 3.6924E-001
 7.7366E-001
 3.0109E-001
 5.4390E-001
 8.7671E-001
 3.9008E-001
 5.8525E-001
 8.9000E-001
 4.8536E-001
 2.2954E-001
 8.3426E-001
 1.2185E-001
 8.5631E-001
 6.5483E-001
 1.1555E-001
 5.6345E-001
 9.8533E-001
 1.3730E-001
 7.9007E-001
 1.0438E+000
 1.0260E-001
 7.5334E-001
 1.0607E+000
-1.4625E-001
 6.0472E-001
 8.8548E-001
 6.5066E-002
 9.5112E-001
 7.5402E-001
 3.0130E-002
 1.1590E+000
 6.9415E-001
 4.0702E-001
 8.9991E-001
 1.2597E+000
 4.5308E-001
 9.7815E-001
 1.1560E+000
 5.3495E-001
 9.4221E-001
 1.0724E+000
 5.5668E-001
 9.6018E-001
 1.1074E+000
 3.5810E-001
 1.1055E+000
 1.1526E+000
 5.8298E-001
 8.8848E-001
 8.8981E-001
 6.4231E-001
 8.9602E-001
 7.3759E-001
 6.3210E-001
 7.9606E-001
 6.7296E-001
 8.7617E-001
 7.9987E-001
 5.5215E-001
 7.1656E-001
 9.1837E-001
 6.4290E-001
-9.8119E-001
 1.6542E+000
 4.2772E-001
 3.3489E-001
 6.4988E-001
 6.7209E-001
 2.1679E-001
 5.7127E-001
 6.0702E-001
 1.5351E-001
 5.5784E-001
 7.1918E-001
 1.9696E-001
 5.2309E-001
 6.5425E-001
 1.6839E-001
 4.8401E-001
 6.7004E-001
 1.0248E-001
 5.3934E-001
 5.0094E-001
 1.0658E-001
 6.5469E-001
 8.0720E-001
 4.9649E-002
 6.5606E-001
 9.1085E-001
 1.2834E-001
 7.0535E-001
 9.2960E-001
 2.1534E-001
 7.5813E-001
 9.3513E-001
 4.5280E-002
 6.6444E-001
 9.5114E-001
-9.3299E-003
 8.8323E-001
 1.1009E+000
 2.5255E-001
 6.0578E-001
 9.2492E-001
 4.0452E-001
 6.2394E-001
 9.5723E-001
 3.8522E-001
 5.6543E-001
 7.9309E-001
 3.9272E-001
 5.6206E-001
 6.9268E-001
 6.4894E-001
 6.1894E-001
 9.4215E-001
 3.6340E-001
 4.9540E-001
 7.4042E-001
 3.5701E-001
 3.6871E-001
 5.0054E-001
 2.8801E-001
 3.8960E-001
 5.1424E-001
 4.0819E-001
 3.5180E-001
 4.0049E-001
 2.8196E-001
 2.4509E-001
 3.8479E-001
 2.8582E-001
-9.0707E-002
 3.8950E-001
 3.6078E-002
 4.2934E-001
 5.9783E-001
-1.5455E-002
 5.2121E-001
 6.1500E-001
-1.5424E-002
 5.6087E-001
 5.0893E-001
-1.9336E-001
 2.7308E-001
 1.2753E-001
-5.0970E-002
 5.8015E-001
 5.0036E-001
-2.5084E-001
 3.8907E-001
 3.5617E-001
 1.1776E-001
 7.8067E-001
 7.3178E-001
 1.3889E-001
 8.2983E-001
 5.9737E-001
 2.9508E-001
 8.0112E-001
 4.3150E-001
 5.0432E-001
 8.0544E-001
 1.5805E-001
 1.2601E-001
 9.7717E-001
 6.6388E-001
 1.0533E-001
 3.1614E+000
-7.2526E-001
 2.3912E-001
 6.9579E-001
 5.0513E-001
 3.9603E-001
 6.7011E-001
 3.5076E-001
 5.4418E-001
 5.0477E-001
 2.9504E-001
 7.7830E-001
 5.4029E-001
 2.2665E-001
 3.2311E-001
 6.5484E-001
 4.0976E-001
 3.1267E-001
 1.1534E+000
 5.3389E-001
 4.9838E-001
 3.9457E-001
 3.5721E-001
 5.2932E-001
 2.5467E-001
 3.0211E-001
 6.5163E-001
 1.8981E-001
 1.5525E-001
 7.0499E-001
 4.7866E-002
-3.9203E-002
 4.9804E-001
 1.6862E-001
 3.9885E-001
 5.2841E-001
 2.0104E-001
 3.2263E-001
 6.3610E-001
 1.9971E-001
 1.7940E-001
 8.1391E-001
 1.8121E-001
 4.6142E-002
 6.5361E-001
 8.2371E-002
-2.5657E-001
 1.4751E-001
-6.5652E-001
-1.1430E+000
 9.9954E-001
 1.8605E-001
-8.2873E-002
 1.0630E+000
 4.1992E-001
-2.5677E-001
 1.3011E+000
 8.8655E-001
 4.1925E-001
 1.3208E+000
 1.0387E+000
 2.1419E-001
 1.2586E+000
 1.1393E+000
 2.6689E-001
 1.4181E+000
 1.0366E+000
 5.4278E-001
 8.5722E-001
 1.1618E+000
 1.4141E-001
