 beta=   2.6774534005277024E-002
  -3.0148726658182246E-015
  -1.5899298678150549E-015
  -9.8438296307644955E-016
  -1.1277889858978882E-016
   1.2245432855347244E-015
   2.1727318463288959E-015
   8.6021827167894843E-005
   1.3154105105461994E-004
   1.6430528836908602E-004
   2.3676838326496801E-004
   3.2929961724848715E-004
   3.7416922148857177E-004
   4.6699600110909444E-004
   5.3346859317118236E-004
   6.5984702328653272E-004
   7.7843982636669525E-004
   8.2280860415207316E-004
   9.2508354506454433E-004
   1.0358544019908821E-003
   1.1193782777981528E-003
   1.2589488404624988E-003
   1.3192433588011981E-003
   1.3784718754574817E-003
   1.5321570093523335E-003
   1.6322585260093749E-003
   1.6909066527453576E-003
   1.8753997434337798E-003
   1.8973163753318910E-003
   1.9840607645424425E-003
   2.1539452656805457E-003
   2.2795520494905967E-003
   2.3561483212971765E-003
   2.4296153503733180E-003
   2.6496064630140248E-003
   2.7490855958234054E-003
   2.8755743901895114E-003
   2.9781616304051651E-003
   3.0855294618701706E-003
   3.3280514169358308E-003
   3.5190318779437608E-003
   3.5622739664551237E-003
   3.6216070299408066E-003
   3.6420019059668681E-003
   3.8592982490542808E-003
   3.9910228108391678E-003
   4.0842035188330232E-003
   4.1955361789334103E-003
   4.4480803826087269E-003
   4.5087850036516393E-003
   4.6104441565425237E-003
   4.7767634208041327E-003
   4.8665335429715186E-003
   5.0488111214800468E-003
   5.0920730777232592E-003
   5.2022303700066481E-003
   5.3715084604080143E-003
   5.4926117664556243E-003
   5.6011701465558837E-003
   5.7396571298489628E-003
   5.8340371981963762E-003
   5.9343480212991637E-003
   6.0736844481948183E-003
   6.1418091385553554E-003
   6.3199028375224790E-003
   6.4543784528343293E-003
   6.5935807817906755E-003
   6.8556786749350710E-003
   7.1252328235104391E-003
   7.2171556575730796E-003
   7.2988986054466944E-003
   7.3940089078850576E-003
   7.4483523618139409E-003
   7.7071646907474547E-003
   7.7549372479113433E-003
   7.9064286539065852E-003
   8.0076967697002496E-003
   8.1992522395812392E-003
   8.3591420613758714E-003
   8.6607493217720852E-003
   8.8389264437388655E-003
   9.0411952280877363E-003
   9.1640815039431191E-003
   9.4612232005928405E-003
   9.6405787644587536E-003
   9.9146878303303029E-003
   9.9635382206853026E-003
   1.0055544525156938E-002
   1.0163493357953182E-002
   1.0354778916622722E-002
   1.0440860483196014E-002
   1.0503686270767880E-002
   1.0647398602109120E-002
   1.0909800507706216E-002
   1.1138729922262024E-002
   1.1200490690681261E-002
   1.1556038222422333E-002
   1.1614386074858978E-002
   1.1794581326989127E-002
   1.1817601747800891E-002
   1.1846471338283671E-002
   1.2142738905522244E-002
   1.2375460947688540E-002
   1.2457659670031306E-002
   1.2742635473176649E-002
   1.3036791969300810E-002
   1.3286803101264790E-002
   1.3322320886141192E-002
   1.3412599101057229E-002
   1.3608928961470763E-002
   1.3831863255435350E-002
   1.3842906512315196E-002
   1.4199501809452992E-002
   1.4376778185350375E-002
   1.4579940612055501E-002
   1.4676520889091479E-002
   1.4760247565841995E-002
   1.4947045711524219E-002
   1.5090232419160278E-002
   1.5122274745222309E-002
   1.5266561895745320E-002
   1.5393292928606634E-002
   1.5467599084541843E-002
   1.5540233857474176E-002
   1.5797302380573183E-002
   1.5959675577571414E-002
   1.6077654288417873E-002
   1.6273371340578227E-002
   1.6412658148035802E-002
   1.6524880540701170E-002
   1.6664851009778492E-002
   1.6754800631351863E-002
   1.6896910175577623E-002
   1.7161710714365570E-002
   1.7257403013342842E-002
   1.7332540251947946E-002
   1.7386897220015799E-002
   1.7588999212787098E-002
   1.7838447661778830E-002
   1.7933961965611814E-002
   1.8106122127215383E-002
   1.8220163563307620E-002
   1.8340899565664773E-002
   1.8540546558202677E-002
   1.8733705173903468E-002
   1.8789906275473424E-002
   1.8953446403797970E-002
   1.9034413970220734E-002
   1.9213418327109089E-002
   1.9250788141898057E-002
   1.9397158125177321E-002
   1.9522431893404073E-002
   1.9627087134012015E-002
   1.9767198197600897E-002
   1.9895663022392217E-002
   2.0110325029804116E-002
   2.0132036386749069E-002
   2.0321060193532300E-002
   2.0455398171296262E-002
   2.0565159528789512E-002
   2.0648517197888832E-002
   2.0953689217519788E-002
   2.1039393580845223E-002
   2.1128568049266747E-002
   2.1264219427832052E-002
   2.1367475216367778E-002
   2.1471823323738193E-002
   2.1545725446643342E-002
   2.1753038281308472E-002
   2.1848925834367129E-002
   2.2014648002728170E-002
   2.2072153263021761E-002
   2.2385837621478676E-002
   2.2522728198438459E-002
   2.2682229088454738E-002
   2.2712242297472530E-002
   2.2899487916083133E-002
   2.3226558939955982E-002
   2.3297632272480148E-002
   2.3331514000959629E-002
   2.3797392444776459E-002
   2.3904119528675272E-002
   2.4018045006439708E-002
   2.4285663400410593E-002
   2.4493161434839216E-002
   2.4603875978347133E-002
   2.4751873446661469E-002
   2.4899588485350153E-002
   2.5281975776837964E-002
   2.5451450782588727E-002
   2.5500390028970081E-002
   2.5615922912906389E-002
   2.5708467523864006E-002
   2.5769955440546589E-002
   2.5786394539191418E-002
   2.6007588091923682E-002
   2.6351689496082548E-002
   2.6404806267397465E-002
   2.6614539249075100E-002
   2.6680305360102893E-002
   2.6808475554421202E-002
   2.7130674615625232E-002
   2.7227054738638574E-002
   2.7305410758445104E-002
   2.7511666460450755E-002
   2.7639412540488004E-002
   2.7737024932205489E-002
   2.7814473976529634E-002
   2.7901653927867316E-002
   2.8119185912999695E-002
   2.8423459139184107E-002
   2.8486063810147514E-002
   2.8660226965111855E-002
   2.8843777235267286E-002
   2.8937442633025803E-002
   2.9154029392749928E-002
   2.9172108155605014E-002
   2.9377552253556663E-002
   2.9517290726056446E-002
   2.9745833092000747E-002
   2.9825543322784830E-002
   2.9899130301778043E-002
   2.9953444074317721E-002
   3.0167154190514182E-002
   3.0348402915514060E-002
   3.0555049066019316E-002
   3.0740099918180341E-002
   3.0820950732209661E-002
   3.0953793454896381E-002
   3.1142111483714263E-002
   3.1348283133561271E-002
   3.1523230570230092E-002
   3.1741080340923947E-002
   3.1845298090712224E-002
   3.2154085863367612E-002
   3.2235913608959679E-002
   3.2445416000412286E-002
   3.2571600046006711E-002
   3.2671360444681635E-002
   3.3059447958032194E-002
   3.3109141872644063E-002
   3.3274727211463247E-002
   3.3523954638278404E-002
   3.3672930399710088E-002
   3.3802458664548160E-002
   3.4044717979611658E-002
   3.4188005652515251E-002
   3.4473530144929009E-002
   3.4675669222787669E-002
   3.4835519445207831E-002
   3.4935192062364270E-002
   3.5100793180507538E-002
   3.5331371471387638E-002
   3.5514493623041758E-002
   3.5547179400173046E-002
   3.6082354927706631E-002
   3.6143849965250434E-002
   3.6403126459206625E-002
   3.6678260598805988E-002
   3.6761499595235753E-002
   3.6802053674448949E-002
   3.6949378464751576E-002
   3.7089938339993196E-002
   3.7325506456351375E-002
   3.7426469621417942E-002
   3.7707822274980700E-002
   3.7796191525267961E-002
   3.7963124377260064E-002
   3.8008708727702567E-002
   3.8097765323115401E-002
   3.8410323007479770E-002
   3.8615556704128730E-002
   3.8878089928100934E-002
   3.9108370835352728E-002
   3.9292727571056105E-002
   3.9474104955440369E-002
   3.9687273440251122E-002
   3.9840101633362289E-002
   4.0043614917900983E-002
   4.0148460972022203E-002
   4.0241668170941755E-002
   4.0421271422679005E-002
   4.0749738709941551E-002
   4.0827039447375195E-002
   4.1023795398668871E-002
   4.1213941851909693E-002
   4.1449067941748234E-002
   4.1548791430784340E-002
   4.1694029177296137E-002
   4.2018126991475356E-002
   4.2168649406839141E-002
   4.2596058863677448E-002
   4.2841882022428626E-002
   4.2907678477372292E-002
   4.3080011679533854E-002
   4.3294282303137040E-002
   4.3382713918547325E-002
   4.3695337263852593E-002
   4.3930149082670830E-002
   4.4403041375921153E-002
   4.4816688197883980E-002
   4.4889956874121270E-002
   4.5133034277927996E-002
   4.5619018358015281E-002
   4.5957918214923663E-002
   4.6162006534894925E-002
   4.6282260818661165E-002
   4.6442924681543561E-002
   4.6570913227231059E-002
   4.6811903773494992E-002
   4.6882813589941487E-002
   4.7037752579661772E-002
   4.7353743292557454E-002
   4.7409798114407417E-002
   4.7625944116423603E-002
   4.7754661045213809E-002
   4.8212333057222959E-002
   4.8562286681007594E-002
   4.8670284189206187E-002
   4.8865430019913690E-002
   4.9010641003091306E-002
   4.9231092671579997E-002
   4.9282141012627095E-002
   4.9494773941346437E-002
   4.9840536764665370E-002
   5.0233463398918744E-002
   5.0457159378122611E-002
   5.0613351062363490E-002
   5.0952190088720095E-002
   5.1275397555814548E-002
   5.1589003882763967E-002
   5.1924522523628426E-002
   5.2147025905057161E-002
   5.2333774967072540E-002
   5.2679203984544766E-002
   5.2885790401093223E-002
   5.3268576093806794E-002
   5.3297792538198052E-002
   5.3830799142856656E-002
   5.3951629824042009E-002
   5.4266868509251324E-002
   5.4467791477187173E-002
   5.4801228106243591E-002
   5.5259437339496481E-002
   5.5497123068908243E-002
   5.5876994143540873E-002
   5.6304635656406095E-002
   5.6651268807174006E-002
   5.6732283134473711E-002
   5.7286162758874430E-002
   5.7794376597705616E-002
   5.8474525329653623E-002
   5.8823802637224379E-002
   5.9332698244792273E-002
   5.9378088612458489E-002
   6.0157267214224222E-002
   6.0484462046936346E-002
   6.0806966215197988E-002
   6.1030044361439911E-002
   6.1566384378945717E-002
   6.1967414201188398E-002
   6.2393152199142862E-002
   6.3175597849779677E-002
   6.3364977670104572E-002
   6.3559159197001711E-002
   6.4093494429807704E-002
   6.4606079241813649E-002
   6.5600062181719973E-002
   6.5833050875362162E-002
   6.6209018081078236E-002
   6.6377161322305409E-002
   6.6539089997038531E-002
   6.6853314629615315E-002
   6.8122755529563150E-002
   6.8334543814929635E-002
   6.9901051766804945E-002
   7.0021956780080399E-002
   7.0531597530691881E-002
   7.0671997433461628E-002
   7.0865455798569357E-002
   7.1382936081768891E-002
   7.1986557971092602E-002
   7.2372769477366913E-002
   7.3049647283458752E-002
   7.4165373937787354E-002
   7.4537839213065962E-002
   7.5363207603899682E-002
   7.5941646524766968E-002
   7.7044894979746134E-002
   7.7483375340520091E-002
   7.8835473368488729E-002
   7.9673613844030364E-002
   8.0869904011908786E-002
   8.2114767761213084E-002
   8.2820481317879613E-002
   8.4015784290377232E-002
   8.6552904313029227E-002
   8.7436933729500732E-002
   8.9697667423723260E-002
   9.0615747707609773E-002
   9.1668216697677024E-002
   9.2334679978477108E-002
   9.2474528414249565E-002
   9.4301060981103094E-002
   9.6125581466368806E-002
   9.8789851352807767E-002
  0.10107389632021074     
  0.10363930873898976     
  0.10367990311432267     
  0.10506511149188383     
  0.10513464819400224     
  0.10617015574011858     
  0.10695568931605501     
  0.10756614815409907     
  0.10877582113573944     
  0.10959319813556914     
  0.11010874258713613     
  0.11020068202661597     
  0.11087129494502404     
  0.11254647941176096     
  0.11510825420866141     
  0.11752850111575155     
  0.11965516037251168     
  0.12505892522642600     
  0.12561719201923308     
  0.12679679130235486     
  0.12751639160124909     
  0.12861161338269031     
  0.13112363804876229     
  0.13477503593837128     
  0.13548211997040899     
  0.13676087626569483     
  0.13935923127989500     
  0.14000894109341178     
  0.14196616639114415     
  0.14277184061215584     
  0.14334948473258688     
  0.14379650121399606     
  0.14463617587374439     
  0.14671045701098870     
  0.14791273075527522     
  0.14832208527592544     
  0.14867402559268431     
  0.15055037937924221     
  0.15100785785550946     
  0.15272698824282724     
  0.15569134230999088     
  0.15878819924382745     
  0.16046040630190020     
  0.16324108521259867     
  0.16380099493639433     
  0.16439316081940117     
  0.16546444568909183     
  0.16731745895775152     
  0.16859572188403327     
  0.16960867007255639     
  0.17119999581119485     
  0.17293123108987687     
  0.17395568735460554     
  0.17437354150414947     
  0.17546497848137502     
  0.17793583497563562     
  0.18249780793579515     
  0.18393017082861218     
  0.18715195258795783     
  0.18801119486536336     
  0.19020850876284801     
  0.19105374631519476     
  0.19204471556260413     
  0.19270445272305661     
  0.19345585450218225     
  0.19515665379806074     
  0.19591049485154985     
  0.19633427090745204     
  0.19855246938923515     
  0.19964526186004181     
  0.20099406377027101     
  0.20257590445374113     
  0.20637792561697565     
  0.20661358827215187     
  0.20873164031984975     
  0.21027156627683982     
  0.21096685806329019     
  0.21277830409900797     
  0.21646383777404260     
  0.21664872106906355     
  0.21716824660345371     
  0.21746481088137107     
  0.21936831989962069     
  0.22072305651390611     
  0.22142331309984026     
  0.22445258478153413     
  0.22545819738572437     
  0.22873771291614658     
  0.22884964194161350     
  0.22958273716239899     
  0.23015038266017673     
  0.23121933453135851     
  0.23204444558240983     
  0.23279517166189589     
  0.23387123134028645     
  0.23528992875347210     
  0.23677509489652995     
  0.23703831235552128     
  0.23914370194744175     
  0.23965281346870790     
  0.24034279173346501     
  0.24138987180513413     
  0.24382942816949657     
  0.24548413468990810     
  0.24752219563795455     
  0.25244949672054506     
  0.25351822492549198     
  0.25397856979044942     
  0.25562111991356667     
  0.25632433289865042     
  0.25981697964470751     
  0.26024123309641473     
  0.26212640084996919     
  0.26709157258786398     
  0.26897354180823385     
  0.26989094153591181     
  0.27102551216387349     
  0.27550150102697896     
  0.27748593971089114     
  0.28622643202742182     
  0.29050823439851048     
  0.29395565698906073     
  0.29537223091930087     
  0.29634711772453431     
  0.29778681802204998     
  0.29859724762856521     
  0.30202676132562378     
  0.30252068337294408     
  0.30446126102812537     
  0.30502315063688518     
  0.30811895353702523     
  0.31836501921803978     
  0.31956786859862657     
  0.32279118962248277     
  0.32454354875155594     
  0.33136748693717255     
  0.34243186157978883     
  0.34712585332453383     
  0.35899862064850135     
  0.36495146696072212     
  0.37135875270904284     
  0.37384074774194220     
  0.38419801432167466     
  0.39046601442828727     
  0.39480896150551398     
  0.40089813771383698     
  0.40674850860601608     
  0.42949986399877743     
  0.43626959661947462     
  0.43641047728026994     
  0.50277081830514159     
  0.51549440974452265     
  0.57827187818210113     
   8.3319931683443595     
   8.5840537938818553     
   8.6032267142913490     
   8.9290979909248147     
   9.4026364929972601     
   9.6911050845784121     
   10.039828981937198     
   10.082020920170981     
   10.183583038157677     
   10.282882557677079     
   10.317692125587451     
   10.731706895377318     
   10.753336362914572     
   11.157539325164704     
   11.183843607498511     
   11.229682287908300     
   11.303184355892590     
   11.411690555607661     
   11.414583700213560     
   11.528279465392854     
   11.812655489586129     
   11.885621512183162     
   12.022183138089725     
   12.115671738184380     
   12.244846367862745     
   12.504765258983568     
   12.739881213925392     
   12.824936187934629     
   13.107730615407093     
   13.235448397720125     
   13.640268726038244     
   13.921255783890908     
   14.006147249515942     
   14.492285383976860     
   14.505638143988898     
   14.974735821620488     
   15.058308244920740     
   15.197981050538621     
   15.217440942969912     
   15.444688771294803     
   15.452735993300593     
   15.501327329297148     
   15.658217638183812     
   15.689938668947319     
   15.838287876013721     
   15.853924788708992     
   15.887656470679357     
   15.952594537317218     
   16.137292419595827     
   16.285922699329358     
   16.290833919430721     
   16.398665550905022     
   16.416326021912763     
   16.615069623446832     
   16.935110390152918     
   16.940517074462736     
   17.164464772878134     
   17.189375671121809     
   17.403873941879905     
   17.409866281784609     
   17.589177220513054     
   17.607780510179012     
   17.652898049356637     
   17.760491018323542     
   17.810743492098357     
   17.851673736638485     
   17.996972075242834     
   18.137645324247387     
   18.206875026247076     
   18.396998408208479     
   18.398165322163418     
   18.429003727701048     
   18.487251577978228     
   18.641241212052496     
   18.644063833245571     
   18.670443872215522     
   18.721241283066142     
   18.783436526835033     
   18.834798308121393     
   18.872502017142466     
   18.894699463270619     
   18.936297399818702     
   18.971536766367649     
   18.972564166382369     
   18.990704290557815     
   19.012246262352246     
   19.031306647762701     
   19.062549430581310     
   19.099360448934913     
   19.200514586125937     
   19.216509336416888     
   19.225507842356429     
   19.240302825092233     
   19.264168563298210     
   19.292001997092154     
   19.301287671579534     
   19.323970796179612     
   19.337476028724200     
   19.354503676488871     
   19.452391839558171     
   19.466529115606480     
   19.511090439336865     
   19.523061706270731     
   19.559147407130709     
   19.567370223180426     
   19.575622216641491     
   19.646408506832859     
   19.658765204886535     
   19.659404284493167     
   19.711893849176903     
   19.714451196806003     
   19.750622781883312     
   19.766120395417868     
   19.778052160938810     
   19.845843167981183     
   19.847692413204815     
   19.854627529380082     
   19.876026093190113     
   19.882683049129994     
   19.891208840000601     
   19.915518157518967     
   19.920679295822588     
   19.953230353319789     
   19.994789365897532     
   20.014037509205902     
   20.015561178492437     
   20.025958649832489     
   20.028505319676345     
   20.035671318398535     
   20.037456952393264     
   20.046295634654165     
   20.050222337101157     
   20.053388203220464     
   20.054374115509685     
   20.065593746576621     
   20.067643157451819     
   20.070115098193952     
   20.077358235803768     
   20.081005551460830     
   20.084814802362612     
   20.086243642519250     
   20.089771781933052     
   20.100874003411473     
   20.105322515683604     
   20.114491248626926     
   20.136481757489687     
   20.143507602879922     
   20.145675238958045     
   20.147118492483834     
   20.152616589624191     
   20.165384106890677     
   20.189276534513013     
   20.204007984605294     
   20.246666037842481     
   20.265975292010051     
   20.268724781597300     
   20.270558461641727     
   20.280430633381162     
   20.327219281656355     
   20.330827637830694     
   20.400714507664130     
   20.454738961330690     
   20.462779486329143     
   20.476243249547977     
   20.499224274970924     
   20.502347837046408     
   20.522448206028020     
   20.533133909444853     
   20.553935283265080     
   20.597038621051805     
   20.608919696730794     
   20.624618336028099     
   20.659703727156302     
   20.745750610961657     
   20.748708004198193     
   20.754527947610935     
   20.785222487090088     
   20.801802952999974     
   20.809987261554078     
   20.859376732001390     
   20.897316540523295     
   20.903732025326335     
   20.937254921050648     
   20.948954265430316     
   21.109058120486168     
   21.122627943739815     
   21.124370919977082     
   21.161765812829952     
   21.163948024588933     
   21.177468915930927     
   21.190552756586438     
   21.193547018525596     
   21.202408669164779     
   21.209204691205951     
   21.309541377964965     
   21.449481321474281     
   21.452332123146295     
   21.453969972274272     
   21.479170182479443     
   21.529621564566341     
   21.605701394776531     
   21.650846635703683     
   21.683743035341866     
   21.736050890338646     
   21.954744360025849     
   22.006044214443694     
   22.089404834882831     
   22.260922708299937     
   22.279449713614667     
   22.361824317692861     
   22.468631708383278     
   22.536206688119780     
   22.570038028104296     
   22.682819733088163     
   22.744823400312491     
   22.958808177919909     
   22.984292937583692     
   23.154019743302193     
   23.196550322600409     
   23.455791083970894     
   23.671652151420901     
   23.677671922190456     
   23.808267501817607     
   23.837231695072592     
   24.026781700997471     
   24.180750784174045     
   24.231148780155600     
   24.239260579150969     
   24.273700699343092     
   24.384517198214827     
   24.427283582845178     
   24.539574677556580     
   24.648539839215264     
   24.671987153696339     
   24.851805244015765     
   24.942812821978677     
   25.002876968849836     
   25.139037281660308     
   25.553970565666507     
   25.608836108648731     
   26.138203122214186     
   26.143769661953105     
   26.446174649044643     
   26.860899799509518     
   27.026946762759543     
   27.267064039681205     
   27.398823591739472     
   27.660062772129805     
   27.873084369478022     
   27.974902303876078     
   28.129596382290845     
   28.208134280542978     
   28.286326428587191     
   28.639725283835531     
   28.658955237000846     
   28.710055997618461     
   28.780902861470423     
   28.847453173266384     
   28.926161880995835     
   28.972905168372804     
   29.372492623411233     
   29.380407401074205     
   29.785229404319519     
   29.798305272836576     
   29.875917075901082     
   30.020222392369170     
   30.040227287470721     
   30.385546065643421     
   30.681717845064306     
   31.121865016229179     
   31.494710617725829     
   31.532354261454433     
   31.806739084590948     
