 beta=   6.8706363587817685E-004
  -3.4777814964284401E-015
  -9.4569997978263033E-016
  -5.5153630928857689E-017
   1.5704611645394530E-015
   2.2828394350962587E-015
   3.6920703917754632E-015
   2.2422838594299006E-005
   7.8230215394438005E-005
   1.3941140955831812E-004
   2.1148721241379825E-004
   3.1718275462947268E-004
   3.5709894214741019E-004
   3.9005711769696515E-004
   5.6808960168868198E-004
   6.1963005471894587E-004
   7.0556010642650730E-004
   8.3958861689849013E-004
   9.0710534143372760E-004
   9.4313434448060028E-004
   1.0023651784053268E-003
   1.0823960561098171E-003
   1.1780267442852272E-003
   1.2701331516814290E-003
   1.3104953658458157E-003
   1.4149091234794545E-003
   1.4822500474226037E-003
   1.5605597162092069E-003
   1.6690180950065770E-003
   1.7272199346445541E-003
   1.8224520320265546E-003
   1.8911582675390879E-003
   2.0267107682285851E-003
   2.2199706119381008E-003
   2.3459013984954598E-003
   2.4272251565269588E-003
   2.6468106494249633E-003
   2.8654576789220831E-003
   2.8829696012425618E-003
   2.9173424191281457E-003
   3.0693626071142178E-003
   3.2655896546300990E-003
   3.3890875447454990E-003
   3.3944953074569028E-003
   3.5007952918203905E-003
   3.6682410042313540E-003
   3.8135095188404659E-003
   3.8482176097364941E-003
   4.0176874648939010E-003
   4.0296104891839593E-003
   4.1665472463170740E-003
   4.3059678045959619E-003
   4.3451241938430325E-003
   4.6673638407352504E-003
   4.8741817641429555E-003
   4.9305863947584393E-003
   5.0006293983093147E-003
   5.1237892169560496E-003
   5.2651209479035862E-003
   5.4191466083713330E-003
   5.5273163684022722E-003
   5.6938579461113794E-003
   5.8239685018487567E-003
   5.8797400475820638E-003
   5.9868902008117378E-003
   6.1578933418770946E-003
   6.2499393801473211E-003
   6.3542940271811678E-003
   6.6393539079091365E-003
   6.7649556934444603E-003
   6.8761846165625844E-003
   6.9471847031376023E-003
   7.0394580422729544E-003
   7.1526719306335149E-003
   7.2652403423914529E-003
   7.5287203626762059E-003
   7.5741840839927705E-003
   7.7593450948348613E-003
   7.8549186477081048E-003
   7.9967803999154794E-003
   8.0350351455312947E-003
   8.2369999130414619E-003
   8.2625394980096224E-003
   8.5241002231219668E-003
   8.6810260899134236E-003
   8.8161393882060721E-003
   8.8673655310575021E-003
   9.0077401920401496E-003
   9.0791262065449633E-003
   9.3187518031775055E-003
   9.4808539367192569E-003
   9.6104411520928391E-003
   9.7896897100404976E-003
   9.9413400050796415E-003
   1.0060342901942174E-002
   1.0178448390260093E-002
   1.0356966498806174E-002
   1.0448485009039638E-002
   1.0567330034862850E-002
   1.0726791723796789E-002
   1.0901841090266500E-002
   1.1064911970001194E-002
   1.1176715286628707E-002
   1.1371575253729116E-002
   1.1493233255926757E-002
   1.1590595841736311E-002
   1.1768280226505088E-002
   1.1984363805732078E-002
   1.2116407980196265E-002
   1.2158084195632125E-002
   1.2246267158041318E-002
   1.2429091311938693E-002
   1.2707153616346308E-002
   1.2797416891430491E-002
   1.2864048559496995E-002
   1.3040305416285994E-002
   1.3301528899171994E-002
   1.3377006137438668E-002
   1.3648717254478377E-002
   1.3778118191582188E-002
   1.3940745323336577E-002
   1.4010748979787624E-002
   1.4150804263230052E-002
   1.4319882156349611E-002
   1.4625176336806404E-002
   1.4857263317071259E-002
   1.4896944526520848E-002
   1.5096222958808201E-002
   1.5235110579012785E-002
   1.5516767720751208E-002
   1.5668958431233473E-002
   1.5909422518781344E-002
   1.5980972702514411E-002
   1.6040426063406218E-002
   1.6286295287346035E-002
   1.6436639190742623E-002
   1.6602358383149430E-002
   1.6659253409085025E-002
   1.6756017848809774E-002
   1.7026100437209427E-002
   1.7151812092179555E-002
   1.7289444897317714E-002
   1.7393146090619878E-002
   1.7444238797132076E-002
   1.7576121842989376E-002
   1.7894467037175704E-002
   1.8010470063303724E-002
   1.8130694429935541E-002
   1.8497625550077196E-002
   1.8562288282273756E-002
   1.8633805563630316E-002
   1.8811283219902754E-002
   1.8881342741370450E-002
   1.9117244308263334E-002
   1.9132583776088990E-002
   1.9310679892660443E-002
   1.9446217708902095E-002
   1.9545688006555352E-002
   1.9769188936646333E-002
   2.0024255156855231E-002
   2.0258408052920080E-002
   2.0295613970415047E-002
   2.0339918242811762E-002
   2.0495132740874267E-002
   2.0596360040284808E-002
   2.0628399217267796E-002
   2.1000614693303769E-002
   2.1171126841665496E-002
   2.1219770510003236E-002
   2.1347598454298861E-002
   2.1609111980535996E-002
   2.1727067475879103E-002
   2.1785428977877348E-002
   2.1961759267259167E-002
   2.2101952883138598E-002
   2.2277116484888362E-002
   2.2460381839483481E-002
   2.2619543643741490E-002
   2.2653732486185397E-002
   2.2827791403314021E-002
   2.3054175403183823E-002
   2.3216029332272702E-002
   2.3322817067269356E-002
   2.3394479112353896E-002
   2.3576009581925864E-002
   2.3670210115700929E-002
   2.3948847022393100E-002
   2.3968890076020717E-002
   2.4106157498196775E-002
   2.4350513254162546E-002
   2.4407482280247021E-002
   2.4635770676108507E-002
   2.4744623551300964E-002
   2.5090012608683088E-002
   2.5488778678028505E-002
   2.5647552705380994E-002
   2.5746508848460064E-002
   2.5851824479865389E-002
   2.5958052637219509E-002
   2.6123662329251660E-002
   2.6447862421802953E-002
   2.6509574629975406E-002
   2.6595069668074914E-002
   2.6681877659026527E-002
   2.6824067808738868E-002
   2.7106196707562827E-002
   2.7324622641905615E-002
   2.7453473929485783E-002
   2.7538301901134814E-002
   2.7784136318896143E-002
   2.7805332992146093E-002
   2.8081065082342382E-002
   2.8274160779923570E-002
   2.8277599491049372E-002
   2.8402446828315595E-002
   2.8703830292429278E-002
   2.8770149157421356E-002
   2.9037367143821154E-002
   2.9079732440969196E-002
   2.9344134706282304E-002
   2.9458120473078560E-002
   2.9608082992606595E-002
   2.9760317723609396E-002
   2.9954413512243549E-002
   3.0110466360213438E-002
   3.0236719132909980E-002
   3.0320080453565677E-002
   3.0405450254734526E-002
   3.0553513801330159E-002
   3.0761777945598857E-002
   3.0864880708624066E-002
   3.1018801157834029E-002
   3.1135167971069619E-002
   3.1352365744619519E-002
   3.1467685377372767E-002
   3.1850787919821523E-002
   3.2256811175325806E-002
   3.2347818959179916E-002
   3.2441193773951008E-002
   3.2480932207979915E-002
   3.2572579855122415E-002
   3.2825097653838856E-002
   3.3222395091471339E-002
   3.3470018674210539E-002
   3.3643988426748699E-002
   3.3737890253301719E-002
   3.3896877329919230E-002
   3.4008037669705969E-002
   3.4155314012308230E-002
   3.4314369072459439E-002
   3.4585126640185669E-002
   3.4745543648071330E-002
   3.4870229950716473E-002
   3.5143407849050984E-002
   3.5232741505421210E-002
   3.5257931989092467E-002
   3.5552848659318029E-002
   3.5570908000312151E-002
   3.5711221284375781E-002
   3.5987000644563123E-002
   3.6174557936187443E-002
   3.6417303448966591E-002
   3.6623064782002432E-002
   3.6700398773595135E-002
   3.6813653783877888E-002
   3.7027459893093154E-002
   3.7129109954679267E-002
   3.7208403630978021E-002
   3.7381166504545899E-002
   3.7506769194308051E-002
   3.7613566887916013E-002
   3.7836058332903509E-002
   3.8173432543836858E-002
   3.8312521551719943E-002
   3.8524801327368102E-002
   3.8744823515147103E-002
   3.9046927857665240E-002
   3.9234669033574136E-002
   3.9356311026332268E-002
   3.9428836885770056E-002
   3.9839743506871257E-002
   4.0082282154205888E-002
   4.0137457964047774E-002
   4.0302696117330318E-002
   4.0517081488241798E-002
   4.0665496336494092E-002
   4.0857299279218370E-002
   4.1128382457121027E-002
   4.1333159512053103E-002
   4.1646541007237581E-002
   4.1845238349485288E-002
   4.2275393644286868E-002
   4.2430419777779685E-002
   4.2657012409339563E-002
   4.2859225024825906E-002
   4.2920854234625147E-002
   4.3245334697519212E-002
   4.3425207953880433E-002
   4.3692266081942273E-002
   4.3732443968295953E-002
   4.3948089881262788E-002
   4.4141426193540105E-002
   4.4375797418937941E-002
   4.4565887459233136E-002
   4.4790904205424725E-002
   4.4878189259685369E-002
   4.4980741482657960E-002
   4.5104424251690832E-002
   4.5278634406991307E-002
   4.5656485815004900E-002
   4.5819091180121577E-002
   4.6037745023205463E-002
   4.6349001110534395E-002
   4.6478998398992291E-002
   4.6780434624418187E-002
   4.6878934106610044E-002
   4.7160347647500600E-002
   4.7616410642557998E-002
   4.7655910516087488E-002
   4.8004800823754364E-002
   4.8119028201589698E-002
   4.8397787697568438E-002
   4.8524552629095379E-002
   4.8626199984696465E-002
   4.8723032527021343E-002
   4.9028636518440950E-002
   4.9671713731483359E-002
   4.9730639940796358E-002
   5.0304475958436796E-002
   5.0484472304435889E-002
   5.0613267947014894E-002
   5.1184462050782899E-002
   5.1486737394159876E-002
   5.1665824789679571E-002
   5.1882428758745699E-002
   5.2038067852149185E-002
   5.2419110323772840E-002
   5.2618114373731581E-002
   5.3168936687964713E-002
   5.3320570431581851E-002
   5.3461141571106673E-002
   5.4061348614981887E-002
   5.4342673209162480E-002
   5.4512457668473679E-002
   5.5230832520619638E-002
   5.5234047092608915E-002
   5.5819148582381128E-002
   5.6159645924483907E-002
   5.7027062430073765E-002
   5.7123514311302470E-002
   5.7393705201732918E-002
   5.7636713553118571E-002
   5.8118640754573778E-002
   5.8891580510450008E-002
   5.9505769164935794E-002
   5.9777754572102791E-002
   6.0135920752751079E-002
   6.0776999974322864E-002
   6.0982513174916590E-002
   6.1770590979255760E-002
   6.1972955477539657E-002
   6.2424940141669827E-002
   6.2576324124138077E-002
   6.2755119000029766E-002
   6.2958034497739110E-002
   6.4027026120105898E-002
   6.4120627736534375E-002
   6.4125258618214082E-002
   6.4663558796786216E-002
   6.5261625768657669E-002
   6.5413633274881075E-002
   6.6871795731813372E-002
   6.7625466136805534E-002
   6.9106162597881687E-002
   7.0105812393606359E-002
   7.0462995651544402E-002
   7.1582418450496982E-002
   7.1789769106461274E-002
   7.2017508786663326E-002
   7.2903425191144497E-002
   7.3378342557290144E-002
   7.4246079192320819E-002
   7.5350945674346526E-002
   7.5901963313359952E-002
   7.6980323630465822E-002
   7.7959417960166838E-002
   7.9073025138558933E-002
   7.9958597731517839E-002
   8.1036125261768857E-002
   8.1281328380409829E-002
   8.2626575958052242E-002
   8.2899976853352333E-002
   8.4119388766281847E-002
   8.4960836678515658E-002
   8.5325947089956680E-002
   8.6863292419479751E-002
   8.7533213171760590E-002
   8.9968440070638700E-002
   9.0682512046931826E-002
   9.2201438588490101E-002
   9.3838650173897517E-002
   9.4980239049040821E-002
   9.5365167233791168E-002
   9.6840581260016267E-002
   9.7180086399884694E-002
   9.8011265544408921E-002
  0.10069868041014308     
  0.10176165750394398     
  0.10221342548348977     
  0.10460579313283647     
  0.10528365671089331     
  0.10702379833138211     
  0.10770413063648493     
  0.10839071477113520     
  0.11025976440193858     
  0.11067980727346097     
  0.11334925959827100     
  0.11770084423552006     
  0.11776779685823022     
  0.12093480924910484     
  0.12130829803598295     
  0.12293330124341799     
  0.12594665804400876     
  0.12630728086841236     
  0.12873655703405715     
  0.12960585841967154     
  0.13029985250682927     
  0.13073404069744424     
  0.13158256087180770     
  0.13271948107619352     
  0.13308439124906973     
  0.13553835169101824     
  0.13633405703875434     
  0.14282973745349128     
  0.14595187464895626     
  0.14736156697777503     
  0.14866448335689458     
  0.14985239434511569     
  0.15052242848216435     
  0.15114452294468908     
  0.15150024263877471     
  0.15331882382164874     
  0.15730985788162175     
  0.15812891512137217     
  0.15837196416696131     
  0.16023379610342239     
  0.16091495312535375     
  0.16241923307672113     
  0.16291640864588472     
  0.16333926092794918     
  0.16517751472343958     
  0.16615857828844013     
  0.16666511792619038     
  0.16921788611257507     
  0.17206122106383795     
  0.17386215369115612     
  0.17393126867309930     
  0.17724846276247297     
  0.17840823121956589     
  0.18170498102147387     
  0.18209567414308286     
  0.18361397185227807     
  0.18495769564611783     
  0.18617516032918330     
  0.18711686907865099     
  0.18743262543244171     
  0.18769865241710454     
  0.18933842997871089     
  0.19049135300594500     
  0.19293681750868244     
  0.19315758220626275     
  0.19496319158899500     
  0.19531919088331065     
  0.19660249605143312     
  0.19998193177812079     
  0.20284102553473032     
  0.20524221277689922     
  0.20568692043982290     
  0.20775002844852417     
  0.20962539069474870     
  0.20977015132007804     
  0.21225109899448613     
  0.21261599689169811     
  0.21300540093472933     
  0.21522432981250605     
  0.21550372345747512     
  0.21740713155175712     
  0.21776210881135069     
  0.21944700642431564     
  0.22041967993400602     
  0.22096282065491046     
  0.22194838798626590     
  0.22398601400261017     
  0.22579260622057679     
  0.22911708090931129     
  0.22950164638941722     
  0.23069899959975793     
  0.23144349613144360     
  0.23416950341538670     
  0.23447671331541436     
  0.23609988983424210     
  0.23634290557533535     
  0.23801509939914126     
  0.23862048022901039     
  0.23864429069343690     
  0.24019781978726754     
  0.24085994878307726     
  0.24308164562140175     
  0.24505931162377095     
  0.24734854799169317     
  0.24859893112095335     
  0.25097789543086246     
  0.25343973031048617     
  0.25491588651912261     
  0.25672739962906854     
  0.25799656796547976     
  0.26017733088413031     
  0.26212552982340959     
  0.26357850175037489     
  0.26583537823844550     
  0.26590256481616498     
  0.26897832965196561     
  0.27264667160042272     
  0.27575036802047659     
  0.28296654308084296     
  0.28376519382405013     
  0.28942124986449447     
  0.29028423705498635     
  0.29081710276061795     
  0.29717673582207382     
  0.29777018001960814     
  0.29998844395593316     
  0.30209874263036851     
  0.30529762390670800     
  0.30733000613944389     
  0.31266011424249113     
  0.32107077904291170     
  0.32380234383667433     
  0.32889196250922420     
  0.32899109925071623     
  0.33255946757213589     
  0.33464769387746940     
  0.33779951455677221     
  0.34142063497917752     
  0.34257205982350225     
  0.35023041222527218     
  0.35074938950466333     
  0.35810639827725455     
  0.35821236859476657     
  0.36938796925363876     
  0.37480775495831364     
  0.37879231577472250     
  0.39121766666938201     
  0.40065133797035818     
  0.41694701078363589     
  0.42279186851125955     
  0.46367473799157155     
   6.7854385903054997     
   8.1505648789795782     
   8.2734624860129067     
   8.4519282684740205     
   8.6050326706801332     
   9.1819239734288089     
   9.4122949157002562     
   9.7068616561101777     
   9.7890449069618146     
   10.404620890359649     
   10.572350495856147     
   10.601944051458140     
   10.715420679191453     
   10.776199733948140     
   11.131452258835806     
   11.177574744872333     
   11.271845659542318     
   11.389036725941516     
   11.629029853645063     
   11.739912717297054     
   11.810970772495239     
   11.819086022858714     
   11.895879515153048     
   11.898170925088751     
   11.921909476219946     
   12.039380796969681     
   12.039721592257235     
   12.234170771177535     
   12.302311358078153     
   12.747813043692449     
   12.920343601510496     
   13.103449269501356     
   13.169218553804617     
   13.177921438372552     
   13.575577740406322     
   13.612621447044178     
   13.638841922188650     
   13.812498835690237     
   14.002922987848494     
   14.135571945728136     
   14.254889581787946     
   14.427707121020488     
   14.438092689798351     
   14.644090886289645     
   15.152407023058879     
   15.258912560614977     
   15.479498300878859     
   15.613587772593331     
   16.008566523444937     
   16.061250593551815     
   16.183022838862396     
   16.214791937133356     
   16.413010486361202     
   16.513541581024889     
   16.598154654020863     
   16.605428073124969     
   16.610035050198729     
   16.730567095098312     
   17.071262987564221     
   17.141118566068773     
   17.225434837777861     
   17.242789157497327     
   17.266091421937876     
   17.452035564061795     
   17.489873322491288     
   17.552367513243528     
   17.702690479384231     
   17.941454548613514     
   17.989709239146894     
   18.063406782750008     
   18.280644461216319     
   18.427444269023944     
   18.433340496696037     
   18.440144556906439     
   18.601312185190192     
   18.604797379873553     
   18.723183145000238     
   18.777277617889762     
   18.798467833610029     
   18.813151244013465     
   18.960978285060101     
   19.025620355006005     
   19.168580618367738     
   19.168928295077290     
   19.192438435917367     
   19.199052392679494     
   19.215264490756670     
   19.223825907760538     
   19.226385421131930     
   19.254719762120601     
   19.310241101431995     
   19.320897707610005     
   19.332564745157555     
   19.366100190465197     
   19.406793215128303     
   19.408212529590838     
   19.484206060601810     
   19.497743492910523     
   19.501932175883102     
   19.543363796877077     
   19.564013485927280     
   19.590158696043432     
   19.597944077421069     
   19.623353117770339     
   19.675719487622828     
   19.707802148371091     
   19.727912568514817     
   19.734738459361800     
   19.742733933707171     
   19.772153040674599     
   19.797198685276793     
   19.820924013791608     
   19.821354377973343     
   19.860704046901155     
   19.861078670479714     
   19.881526479880762     
   19.882019218797673     
   19.884988310021861     
   19.890261633340511     
   19.890777609448374     
   19.899016688535628     
   19.953850046417067     
   19.957702529225518     
   19.963546942296297     
   19.970950188224791     
   20.006765568007051     
   20.013145491243257     
   20.015469641108702     
   20.023401965174155     
   20.024384433974923     
   20.029435515166341     
   20.042179859461815     
   20.043731477297943     
   20.044257815439799     
   20.045063169056270     
   20.057156125611730     
   20.067267853265982     
   20.069184594679076     
   20.069705630666789     
   20.071395298516528     
   20.074316435091500     
   20.078487279231801     
   20.082361166054753     
   20.086839807047138     
   20.098430527315095     
   20.105368066677322     
   20.127482124433556     
   20.130545429481597     
   20.142764698828422     
   20.147882061958480     
   20.160265190333465     
   20.211527488242861     
   20.216052759218581     
   20.218101771938368     
   20.229618939720353     
   20.241775592872830     
   20.251447484269843     
   20.282144066355073     
   20.282657483581286     
   20.291404083488377     
   20.295838394404388     
   20.299999648128740     
   20.316626576902937     
   20.346936608760231     
   20.354336491817609     
   20.405550713778954     
   20.421455426630882     
   20.441836705109079     
   20.452517105234225     
   20.478422931736205     
   20.511285372141550     
   20.516207904181137     
   20.519150705718918     
   20.530530481421426     
   20.550583592788861     
   20.623986092737010     
   20.624929412471641     
   20.645769946722201     
   20.670162036204136     
   20.688961085635867     
   20.739976545574105     
   20.754342520939051     
   20.797056628937536     
   20.839908709105053     
   20.841584396289207     
   20.883924598444093     
   20.912160007918242     
   20.918955776437677     
   20.930757850527549     
   20.946382196909159     
   20.970325297902590     
   20.989990417070718     
   21.044425210334971     
   21.173435534852601     
   21.234834025775100     
   21.306168376268033     
   21.372038133395957     
   21.385666549869619     
   21.426676185387841     
   21.479084598988102     
   21.486709666958753     
   21.642194857252861     
   21.653214432362713     
   21.730529409742683     
   21.812726184360852     
   21.970334308397309     
   22.129247370905546     
   22.144569680970729     
   22.420999070256670     
   22.594457776321818     
   22.643250913045399     
   22.680097763732110     
   22.871237312479536     
   22.888445812460752     
   22.897168828767008     
   23.002409871801525     
   23.056702218509560     
   23.382661602053354     
   23.473989740953993     
   23.505384755359788     
   23.543821294484310     
   23.548726012110759     
   23.707391770879951     
   23.919872708156888     
   23.929598659890615     
   24.010356436591213     
   24.076758295908039     
   24.490791070608395     
   24.688380233452090     
   24.909144804022834     
   24.911069960055027     
   25.441786144066054     
   25.654025697331672     
   25.676159955635800     
   25.809696230110287     
   25.961172116806825     
   26.099641509090283     
   26.271335045396036     
   26.446481117762907     
   26.460595473790960     
   26.522441492284710     
   26.903175332592546     
   26.952950868194993     
   26.995985403298857     
   27.199553739338068     
   27.305461832088486     
   27.807626335151216     
   27.886798987591323     
   28.095148680288819     
   28.136041339082006     
   28.216042925076657     
   28.227932847977858     
   28.260135230216623     
   28.260672269797862     
   28.312681789002951     
   28.404527776748878     
   28.436515388665327     
   28.710368948797253     
   28.798131986655942     
   28.923637827632643     
   28.944728861506814     
   29.304182662133925     
   29.442059008205032     
   29.470591755499704     
   29.474169629689321     
   29.671861045835556     
   30.335165140318388     
   30.352207330631025     
   30.692141246908331     
   30.917551499574326     
   31.489627875175273     
   31.692483457372713     
   31.753548395022946     
   31.995349848029871     
   33.281630329497979     
