 beta=   1.0421525770725290E-002
  -3.5493639283991490E-015
  -2.5488281634625657E-015
  -1.9955837286792919E-015
  -2.9908170763821899E-016
   2.9149106514137032E-015
   3.8132920105547338E-015
   3.8116238133261752E-005
   8.8402288364244170E-005
   1.8224284443329764E-004
   2.7182124740720936E-004
   3.7083756576111683E-004
   4.5428167673083246E-004
   6.9608539835789695E-004
   7.1954382204514615E-004
   7.3963555273375817E-004
   8.4470280467465700E-004
   1.0470052248876310E-003
   1.0794904772703721E-003
   1.1045972742372450E-003
   1.3265245955368392E-003
   1.3985696187008277E-003
   1.4208153378898808E-003
   1.5229546807765738E-003
   1.5514034818627674E-003
   1.6197789266692555E-003
   1.7307788858546276E-003
   1.8570480414216025E-003
   1.9186516271271898E-003
   1.9798469355445211E-003
   2.0864104101589453E-003
   2.1300612243237401E-003
   2.2157756842412692E-003
   2.3227351580237627E-003
   2.4773806392423153E-003
   2.6669271831080612E-003
   2.7365635431791423E-003
   2.9089934448217687E-003
   3.0338828320583414E-003
   3.3743043318824818E-003
   3.3931688217821590E-003
   3.5351192477730579E-003
   3.5666021868307053E-003
   3.7836107165908749E-003
   3.8716966314338392E-003
   3.9390052986209593E-003
   4.1205758451760789E-003
   4.2504483039439945E-003
   4.3950606729689220E-003
   4.5735763704696326E-003
   4.5949978900257345E-003
   4.7303430018118238E-003
   4.8252885734332111E-003
   4.9127267759088208E-003
   5.1639860411942969E-003
   5.2414849079500158E-003
   5.3595206228423077E-003
   5.5244847872331021E-003
   5.6024041080970392E-003
   5.6760210899187849E-003
   5.7574267510518426E-003
   6.0237364746042162E-003
   6.3013834825467654E-003
   6.4430505765059945E-003
   6.4864220753458168E-003
   6.5577300593186241E-003
   6.7471358234454919E-003
   6.7880012703788939E-003
   7.0146404894575699E-003
   7.1048163780495169E-003
   7.4863160621276483E-003
   7.5253323591699377E-003
   7.5802221942942519E-003
   7.6715245360148105E-003
   7.8023747804378289E-003
   7.9356352521485086E-003
   8.0366352441802354E-003
   8.2011757846283430E-003
   8.3843123963573928E-003
   8.4685666717197131E-003
   8.5591411790112149E-003
   8.6819393303378973E-003
   8.7635787921794238E-003
   8.8132015849665870E-003
   9.0505564599482214E-003
   9.3345856141490262E-003
   9.5767597105600559E-003
   9.6625800539353029E-003
   9.7124725898582558E-003
   9.9731000866852375E-003
   1.0163857448203742E-002
   1.0217793581569915E-002
   1.0252671720685544E-002
   1.0512447777319441E-002
   1.0736604250823909E-002
   1.0799822565339337E-002
   1.0882497946467517E-002
   1.1187511937040574E-002
   1.1247111510329076E-002
   1.1396295442592939E-002
   1.1531995726922210E-002
   1.1647680370194089E-002
   1.1837337798285243E-002
   1.2061442427298025E-002
   1.2160824303193176E-002
   1.2381788652650294E-002
   1.2446376707075829E-002
   1.2521411264053208E-002
   1.2702730086930812E-002
   1.2934006614021434E-002
   1.3358392069831223E-002
   1.3374399488671713E-002
   1.3438112209803912E-002
   1.3649738655318886E-002
   1.3838177647901451E-002
   1.3932200844494248E-002
   1.4065321633612696E-002
   1.4156606223956149E-002
   1.4349924731626905E-002
   1.4395452427857464E-002
   1.4667074037863347E-002
   1.4793792574123549E-002
   1.4888991212234151E-002
   1.5065050799549822E-002
   1.5106893167768226E-002
   1.5168862831297593E-002
   1.5249395178420800E-002
   1.5430715493076551E-002
   1.5722123752341517E-002
   1.5763375717520053E-002
   1.5892242540161715E-002
   1.6019892905205693E-002
   1.6050382109957826E-002
   1.6306030251627461E-002
   1.6440863283641742E-002
   1.6531019163376792E-002
   1.6884077571139716E-002
   1.7111206566710165E-002
   1.7146652967872607E-002
   1.7408775249369277E-002
   1.7669132969811700E-002
   1.7745892547391097E-002
   1.7855749709575573E-002
   1.7935006506415784E-002
   1.8189092180698748E-002
   1.8247627239108492E-002
   1.8398281193707809E-002
   1.8429682508386461E-002
   1.8498254596656133E-002
   1.8566703847881373E-002
   1.8777516156061463E-002
   1.8843597865433461E-002
   1.9126516291335195E-002
   1.9169151224155908E-002
   1.9317346865240639E-002
   1.9445410420906209E-002
   1.9663162312615782E-002
   1.9780251490831607E-002
   2.0178380831050783E-002
   2.0332653900297568E-002
   2.0478942434965366E-002
   2.0499184074712917E-002
   2.0645822407230782E-002
   2.0702533069761702E-002
   2.0913394104580981E-002
   2.0972007669529141E-002
   2.1333357976959136E-002
   2.1384668262683551E-002
   2.1565657425850392E-002
   2.1744226626801495E-002
   2.1819396959074304E-002
   2.2088677611854381E-002
   2.2279226584266388E-002
   2.2525822886717114E-002
   2.2685196931186258E-002
   2.3015534303670343E-002
   2.3121634606693177E-002
   2.3130724919005165E-002
   2.3358348680269703E-002
   2.3580055436849903E-002
   2.3705249969873807E-002
   2.3886141381572048E-002
   2.3976398002049624E-002
   2.4149077669883244E-002
   2.4158340064936196E-002
   2.4257778957719564E-002
   2.4485988942809744E-002
   2.4536687434528220E-002
   2.4602472300868945E-002
   2.4700602817403376E-002
   2.4809131491520680E-002
   2.5107763538844204E-002
   2.5286037248354529E-002
   2.5477250660830987E-002
   2.5675438495721879E-002
   2.5805709465261364E-002
   2.5956690468381227E-002
   2.6153958995859393E-002
   2.6337639106221684E-002
   2.6501271398455199E-002
   2.6783083686336823E-002
   2.7020183082342390E-002
   2.7185469872486514E-002
   2.7341467042607943E-002
   2.7445788610157725E-002
   2.7490268232422739E-002
   2.7685250065855600E-002
   2.7701496210465668E-002
   2.7933804978409058E-002
   2.8275947191941792E-002
   2.8336130426251924E-002
   2.8519405921433229E-002
   2.8571313820240786E-002
   2.8681185487379940E-002
   2.8780060769072115E-002
   2.9104772988174817E-002
   2.9310299341988411E-002
   2.9380543421789793E-002
   2.9575890505069570E-002
   2.9713893966821142E-002
   2.9955907474988646E-002
   3.0134162918014497E-002
   3.0185533303764830E-002
   3.0306385753185280E-002
   3.0360444110312055E-002
   3.0489249242223525E-002
   3.0883772659727436E-002
   3.1140733763957311E-002
   3.1190311957817143E-002
   3.1278016339051751E-002
   3.1396700106721159E-002
   3.1726162690750973E-002
   3.1858388737804555E-002
   3.2102637205942891E-002
   3.2179055203856555E-002
   3.2219735877578884E-002
   3.2457685948816498E-002
   3.2514407865000990E-002
   3.2868089949091815E-002
   3.2883232645093151E-002
   3.3086911716026617E-002
   3.3393743954484648E-002
   3.3436309042942217E-002
   3.3641753097179122E-002
   3.4058321614998339E-002
   3.4149961681653497E-002
   3.4404642555692366E-002
   3.4662973238018320E-002
   3.4807394559324016E-002
   3.5051666860829722E-002
   3.5243350699531460E-002
   3.5360557283221170E-002
   3.5571516895346551E-002
   3.5665732786306616E-002
   3.5830987544367789E-002
   3.5885174734052089E-002
   3.6221711959202055E-002
   3.6390656915776018E-002
   3.6518366977812078E-002
   3.6641704660944123E-002
   3.6859449561403308E-002
   3.7170696827873696E-002
   3.7391832799518035E-002
   3.7509567625873610E-002
   3.7528555220474678E-002
   3.7565899400886588E-002
   3.7687619643252200E-002
   3.7936980268759073E-002
   3.8073892247347509E-002
   3.8134315578389082E-002
   3.8353288666686899E-002
   3.8672320083879982E-002
   3.8806165178405912E-002
   3.9145823224565210E-002
   3.9355822144886067E-002
   3.9395352290676339E-002
   3.9456651934314017E-002
   3.9938640422928579E-002
   4.0097477845080193E-002
   4.0154672850518103E-002
   4.0575529988185900E-002
   4.0788074501621752E-002
   4.0859194912812986E-002
   4.0904484587865574E-002
   4.1219073615071655E-002
   4.1290468769261957E-002
   4.1443701801347800E-002
   4.1609024673222347E-002
   4.2215437688173520E-002
   4.2405972109735200E-002
   4.2571633882956969E-002
   4.2833891142990257E-002
   4.2944662934715119E-002
   4.3183836555782604E-002
   4.3316121254215662E-002
   4.3473518515039257E-002
   4.3778453669774210E-002
   4.3982470423036935E-002
   4.4172774797199249E-002
   4.4375312728650293E-002
   4.4620782520871517E-002
   4.4800172057403505E-002
   4.5284114318674552E-002
   4.5481974412865708E-002
   4.5612396538828259E-002
   4.5658595209787253E-002
   4.6004972431572796E-002
   4.6338961389069927E-002
   4.6454674061739996E-002
   4.6668060970860022E-002
   4.6766506205512676E-002
   4.6946878403337500E-002
   4.7291487963140401E-002
   4.7350259536929951E-002
   4.7635406801319190E-002
   4.8107994023525356E-002
   4.8143605128430300E-002
   4.8338382588863832E-002
   4.8917474593762403E-002
   4.8959700142179603E-002
   4.9247527446699968E-002
   4.9647947681724355E-002
   4.9805470498897240E-002
   5.0016679333470052E-002
   5.0226260373310079E-002
   5.0531088125255842E-002
   5.0618830097225433E-002
   5.0757489315781390E-002
   5.1069008866728445E-002
   5.1463259694215717E-002
   5.2024677183964578E-002
   5.2243248943009496E-002
   5.2467626267574591E-002
   5.3016816993875074E-002
   5.3365665105058135E-002
   5.3488962065385309E-002
   5.3914608890333129E-002
   5.3947788894184431E-002
   5.4626772955028220E-002
   5.4715659570202441E-002
   5.4958298776858955E-002
   5.5336010023642135E-002
   5.5673959996680941E-002
   5.6302261590612399E-002
   5.6927785953741220E-002
   5.7110492655674139E-002
   5.7357168845344753E-002
   5.7605604576563774E-002
   5.7912968467795443E-002
   5.8380036689350594E-002
   5.8904660874890560E-002
   5.9181159440666008E-002
   5.9774816936398689E-002
   6.0268175034307071E-002
   6.0934162178469205E-002
   6.1004541316759406E-002
   6.1647706910734838E-002
   6.1897346720477031E-002
   6.2352073218962863E-002
   6.2487083671694067E-002
   6.3266706269586068E-002
   6.3683456897640434E-002
   6.4739134167368331E-002
   6.4851666059986116E-002
   6.5811021696372402E-002
   6.5866545412866115E-002
   6.7039765246233812E-002
   6.7231182715765475E-002
   6.8107719639339745E-002
   6.8658221763994359E-002
   6.9952156536228868E-002
   7.0240571828153422E-002
   7.0654285056058475E-002
   7.1116765637185581E-002
   7.1516153842772281E-002
   7.2129079544965724E-002
   7.3537981828233068E-002
   7.3767263525525290E-002
   7.5375497786761322E-002
   7.5649282263548293E-002
   7.6230819360143295E-002
   7.6602518653995200E-002
   7.6851804123667253E-002
   7.7656226636125772E-002
   7.8546998112625235E-002
   7.9250514156891411E-002
   8.0116854357392603E-002
   8.0383495529238264E-002
   8.1402839138887587E-002
   8.1717211151620478E-002
   8.2080732462101999E-002
   8.3610278251203346E-002
   8.4085634468640244E-002
   8.5703321681617289E-002
   8.7820421131632145E-002
   8.8167449011079521E-002
   8.8718353306989073E-002
   8.9187038177479958E-002
   9.0838973632853426E-002
   9.1581527324675269E-002
   9.2986108239177745E-002
   9.5464599397236227E-002
   9.5576639622481627E-002
   9.6463858747284456E-002
   9.7462300562565315E-002
   9.9277080469694731E-002
   9.9685531740255046E-002
  0.10052611831353843     
  0.10181809739354054     
  0.10260184537594690     
  0.10453496227032093     
  0.10546180017360773     
  0.10566474542265233     
  0.10714712740753056     
  0.10766217415646206     
  0.10954080967026791     
  0.11007422656586284     
  0.11229364051506387     
  0.11430326935327541     
  0.11532863183664546     
  0.11991366452716397     
  0.12055581263970412     
  0.12175758747386460     
  0.12432858457637729     
  0.12665383768496050     
  0.12734657313526226     
  0.12890088937778341     
  0.13015096827599251     
  0.13055282415704703     
  0.13118533206634309     
  0.13359292011171109     
  0.13449192867530035     
  0.13689603919156923     
  0.14221769579514307     
  0.14672020163594524     
  0.14729213909353706     
  0.14774231881386066     
  0.14922264599400284     
  0.15026357690296754     
  0.15085711560369047     
  0.15114045880008720     
  0.15371586989760996     
  0.15473045616715653     
  0.15553916660441444     
  0.15599162005975431     
  0.15935464381778885     
  0.16143412213655089     
  0.16252360479003516     
  0.16411465146128612     
  0.16452764734158348     
  0.16626686850629938     
  0.16750542733619847     
  0.16823350795216049     
  0.17082614593313800     
  0.17153516818548659     
  0.17358842677916075     
  0.17389752869246958     
  0.17602672101348854     
  0.17618189823451672     
  0.17857388947070965     
  0.17901833190593600     
  0.17981114153504307     
  0.18128978685721667     
  0.18231303350297681     
  0.18505789973426912     
  0.18648449704625866     
  0.18750801487010141     
  0.18776869143314320     
  0.19051289649616779     
  0.19217131076204855     
  0.19270182433638314     
  0.19476451558004654     
  0.19512240385574076     
  0.19759905236483838     
  0.20196026530482356     
  0.20323470823778605     
  0.20425560305826607     
  0.20699416960945957     
  0.20912478869893900     
  0.21088630435184638     
  0.21207594175274455     
  0.21404708863314120     
  0.21459592683029216     
  0.21575605582875318     
  0.21603935377880329     
  0.21669232397946567     
  0.21726254541662945     
  0.21962676141997844     
  0.22040807421968081     
  0.22302375070656322     
  0.22311032300556485     
  0.22381892966585634     
  0.22605948078435573     
  0.22959025280735601     
  0.23123945070340091     
  0.23190158121274598     
  0.23305029137718269     
  0.23348965894438897     
  0.23798921426116920     
  0.23830274422838144     
  0.23869925924327687     
  0.24057002434996286     
  0.24089878901416498     
  0.24160188634505286     
  0.24173032100146194     
  0.24599433554359429     
  0.24667553306608697     
  0.24893217954378638     
  0.24925161414396124     
  0.25197502175730635     
  0.25321785093289617     
  0.25765873952073282     
  0.25993695992007976     
  0.26059008485122859     
  0.26461814977553760     
  0.26479320920678323     
  0.26615648141481291     
  0.26852070190626914     
  0.26878421218317716     
  0.27147388334998712     
  0.27386391597103149     
  0.27531513992983486     
  0.28578798155649265     
  0.28674095665026672     
  0.28776857499576969     
  0.28819168771795356     
  0.29609837319190058     
  0.29877906314306757     
  0.30083817341803915     
  0.30178827277220799     
  0.30270316538883418     
  0.30335672078690878     
  0.30957360096672498     
  0.31176652266405924     
  0.31758064200476405     
  0.31853557061472754     
  0.32161462942567848     
  0.32505884390808476     
  0.32886916231071434     
  0.33630058898820486     
  0.33959339829264268     
  0.34134331582316096     
  0.34293390512858973     
  0.34950008535688204     
  0.35840340539943633     
  0.36371632937045489     
  0.36717573783596325     
  0.37036313729414572     
  0.37288768897818070     
  0.37718026839909458     
  0.39551855040119094     
  0.40035235464805702     
  0.40957371156404099     
  0.41990703751410885     
  0.42295092190537681     
  0.43911336750603547     
  0.46663665526743475     
   6.5906837237703684     
   8.1209736643627348     
   8.1508194715862068     
   8.6324795137650945     
   9.1979485861389492     
   9.3040795485673620     
   9.6902114825524190     
   10.158669381113313     
   10.287069947970251     
   10.376437095475898     
   10.620719559338921     
   10.624246371650059     
   10.722518020855926     
   10.780909243112575     
   10.814580742201603     
   11.051478476705766     
   11.135927485160316     
   11.439462132285255     
   11.537845987273110     
   11.669751958686406     
   11.705927018244015     
   11.802714289285861     
   11.837668476079322     
   11.900619153208043     
   12.036064099340367     
   12.052262964503917     
   12.224138289593807     
   12.225944797398611     
   12.349286399832639     
   12.410098722342029     
   12.554877724692394     
   12.916751562684521     
   13.430114665476504     
   13.545304611962274     
   13.594364706349586     
   13.911360913804268     
   13.982524536101907     
   13.982916271086353     
   14.280253220864473     
   14.316058499066685     
   14.456491766874244     
   14.853996068830764     
   14.998262400149175     
   15.158954885288360     
   15.177100622609625     
   15.225087172047440     
   15.314603786113947     
   15.510127897409427     
   15.521903520631948     
   15.799292167970732     
   15.811986156472031     
   15.874212346422725     
   16.426109680543018     
   16.468608845792478     
   16.524103860906955     
   16.552669003592506     
   16.748304689622337     
   16.812586714877675     
   16.893671247606424     
   17.013988528693265     
   17.077103911276502     
   17.142060969156255     
   17.262062835161821     
   17.339485652715911     
   17.371726743402537     
   17.469966102801198     
   17.762001849027229     
   17.881850727459195     
   18.046552950944506     
   18.219414309789094     
   18.255807906955539     
   18.270889369257560     
   18.391548619171303     
   18.394660266779201     
   18.443171494831539     
   18.488155918969909     
   18.525322747994792     
   18.586030955567292     
   18.784238920598842     
   18.785736607571572     
   18.844043708928250     
   18.939159829307918     
   18.967580587831630     
   19.136534937882459     
   19.234196993421044     
   19.239841791938115     
   19.286687379210647     
   19.300978398716758     
   19.340615410480162     
   19.344092436809170     
   19.375216510937229     
   19.383415426184072     
   19.405322494352657     
   19.408872291724457     
   19.466656673340122     
   19.490537339642742     
   19.490938156602617     
   19.516594615114425     
   19.534211798049554     
   19.545150057591023     
   19.584225479773956     
   19.603177662745146     
   19.646010251994301     
   19.656229355225197     
   19.673917875942461     
   19.678791639772982     
   19.722830829125520     
   19.730946211682845     
   19.737715499876707     
   19.760219134501355     
   19.774934122525689     
   19.785548602339222     
   19.797579722790001     
   19.799286545984032     
   19.803436684561792     
   19.819847761101183     
   19.841737717474803     
   19.888211853109400     
   19.892976728285412     
   19.952084308838163     
   19.965312248267416     
   19.967836818872868     
   19.969240365254084     
   19.984190866966113     
   19.986185725527982     
   19.999112333576701     
   20.013858130554656     
   20.021397991319212     
   20.021801219674085     
   20.024497802451751     
   20.034128436317015     
   20.035849071536092     
   20.039276278851315     
   20.051426845744359     
   20.054020951265603     
   20.055859560659684     
   20.058209909224942     
   20.063175903168762     
   20.067724490312433     
   20.080225356343458     
   20.083621084329355     
   20.090295062698072     
   20.092626567017479     
   20.093139695877106     
   20.103720654151473     
   20.107951422069977     
   20.133151814031670     
   20.145369742500357     
   20.153129055925742     
   20.156037912565452     
   20.174008132746298     
   20.188846473903553     
   20.194361153960593     
   20.204372304982765     
   20.213339538474845     
   20.241029911717121     
   20.268834970324519     
   20.281861100845440     
   20.299283039436631     
   20.329274238732591     
   20.334527341879951     
   20.353737562233100     
   20.357319926956524     
   20.362935938512695     
   20.366178169319390     
   20.381625110919430     
   20.402883542703147     
   20.422776308750141     
   20.424670545379126     
   20.463172858827569     
   20.465450010096767     
   20.480597222382954     
   20.483735198127565     
   20.511795112817566     
   20.512159163373749     
   20.567646536188107     
   20.573101829680628     
   20.592459435510992     
   20.666713780577862     
   20.725861855490880     
   20.740459746316269     
   20.744934972862769     
   20.745048161184339     
   20.760816084065411     
   20.783638540277753     
   20.785685606607050     
   20.808162848356439     
   20.818690154055105     
   20.869292870165395     
   20.875492840620446     
   20.903732972248360     
   21.141408730190552     
   21.185851300452530     
   21.276982986369930     
   21.287110554108530     
   21.367540043545393     
   21.370754796576151     
   21.531839372558171     
   21.560156962338873     
   21.601425868610065     
   21.628183787352761     
   21.757455014294102     
   21.776411430702410     
   21.783792350838880     
   21.874326702131388     
   21.881963733698605     
   22.099626617113763     
   22.194931246308649     
   22.380808811972976     
   22.654194316400581     
   22.756061548806478     
   22.795922262936195     
   22.869592835763846     
   22.986440418500550     
   23.055102628289223     
   23.144868077173726     
   23.193878129563398     
   23.306778756242196     
   23.350568018548710     
   23.553607386557182     
   23.562274285462571     
   23.671927123328594     
   23.686212226694902     
   24.258959851505232     
   24.267251579719428     
   24.284964426851470     
   24.550932981372160     
   24.555248760442080     
   24.848378095314665     
   24.895448039652997     
   24.904977986102541     
   24.938723296079317     
   25.133717352241849     
   25.232447354502604     
   25.635705643743172     
   25.788557717178509     
   25.796951068970071     
   26.115496352354597     
   26.126573529646642     
   26.174926924307687     
   26.504780709610802     
   26.581581299952568     
   26.667112818390244     
   27.200753564664879     
   27.541159810510599     
   27.742736953979374     
   27.766799407610534     
   27.885342527114332     
   27.922681836249922     
   28.028418497049259     
   28.086521721932488     
   28.221612660558655     
   28.221783266386520     
   28.357534536527339     
   28.418452519135702     
   28.421625702038678     
   28.569334251081049     
   28.650979768445207     
   28.946524041431172     
   29.074851635613715     
   29.278134705025359     
   29.294889549849270     
   29.310335740233661     
   29.451187530284411     
   29.468390783815671     
   29.689447224711767     
   29.867603589942643     
   29.878756189622781     
   30.436046079224738     
   30.806837733148800     
   30.888906223620694     
   31.463408965693265     
   31.994924096615005     
   32.006736661554051     
   33.481407005979371     
