 beta=   8.5530805761653228E-002
  -2.0591626011197755E-015
   3.1673179257892089E-016
   9.8268192730623493E-016
   1.6408352163299137E-015
   2.7320897177236352E-015
   6.7221520372897849E-015
   1.7944388241549923E-004
   2.5271139367601364E-004
   4.6184718578385449E-004
   4.7243104506095317E-004
   6.6714146119058843E-004
   7.2933683707275521E-004
   9.9100704448329001E-004
   9.9433795991202018E-004
   1.0998647236643570E-003
   1.1782093915917459E-003
   1.3374199180849668E-003
   1.3812120048441240E-003
   1.6376064497288882E-003
   1.6740554314383219E-003
   1.7722284970293871E-003
   1.9289436901140269E-003
   2.0022017003354562E-003
   2.0295264711149715E-003
   2.1981926242211403E-003
   2.3220216852298534E-003
   2.4901384368761501E-003
   2.6284165162311851E-003
   2.8095046393144005E-003
   2.9338550309425684E-003
   3.0164399378414322E-003
   3.1123901890909461E-003
   3.1901691431747248E-003
   3.4748380914197351E-003
   3.6629695743398689E-003
   3.7299144604033638E-003
   3.8921603062181940E-003
   4.0271981975434756E-003
   4.1821006872695557E-003
   4.4201465436600881E-003
   4.5754681475567950E-003
   4.7051635807261478E-003
   4.7948007337820743E-003
   4.8670732580487200E-003
   4.9314324541297550E-003
   5.0047357605414568E-003
   5.2431798406158041E-003
   5.3858331148524613E-003
   5.4398306032729061E-003
   5.6226701007419840E-003
   5.7835653009211258E-003
   5.8728176219045971E-003
   5.9247826068480405E-003
   6.0983035792664319E-003
   6.2837566419222338E-003
   6.3243675243776741E-003
   6.4029437413243295E-003
   6.6362575490832524E-003
   6.7636611179947223E-003
   6.8456760220022691E-003
   6.9770474319746758E-003
   7.2463707278375656E-003
   7.3167955140613899E-003
   7.6181264664223472E-003
   7.7743505641045063E-003
   7.8454805413041718E-003
   8.0966272369949518E-003
   8.3745345988858345E-003
   8.5071501368301702E-003
   8.5803685011398081E-003
   8.6719645959120791E-003
   8.9099747101092121E-003
   8.9711462511462732E-003
   9.3036066430903751E-003
   9.4174712226621216E-003
   9.5193292884405024E-003
   9.6220715892445952E-003
   9.6580153117946082E-003
   9.8612644389248581E-003
   1.0082665138308964E-002
   1.0223320638041712E-002
   1.0276796787403755E-002
   1.0365233425729734E-002
   1.0489803736976618E-002
   1.0727996825249213E-002
   1.0792999240118775E-002
   1.0814047771492797E-002
   1.1003474067373014E-002
   1.1231186379129728E-002
   1.1390281484985124E-002
   1.1509569807421141E-002
   1.1604431403255545E-002
   1.1732816160128319E-002
   1.2076656507684337E-002
   1.2229841857364485E-002
   1.2346453019275417E-002
   1.2643690097481538E-002
   1.2865585786408333E-002
   1.2974893557192446E-002
   1.3135041120961583E-002
   1.3315990110059661E-002
   1.3366597070545546E-002
   1.3446929702877941E-002
   1.3510225101477639E-002
   1.3679356370254844E-002
   1.4005726357864576E-002
   1.4192177728844044E-002
   1.4371577034107755E-002
   1.4707022772461250E-002
   1.5086235267899253E-002
   1.5130368072046919E-002
   1.5187042677911487E-002
   1.5271799484405678E-002
   1.5348760671739408E-002
   1.5590264362190362E-002
   1.5941592965318965E-002
   1.5954712979458500E-002
   1.6072912993297564E-002
   1.6154298745408077E-002
   1.6350387141061868E-002
   1.6410146366985331E-002
   1.6533686383520423E-002
   1.6665069399582531E-002
   1.6894519632182626E-002
   1.6898802421255393E-002
   1.7120857265645575E-002
   1.7282272193334634E-002
   1.7512045657289275E-002
   1.7678633945553652E-002
   1.7854811243593529E-002
   1.8081899963990001E-002
   1.8197731469304420E-002
   1.8400352619564905E-002
   1.8491473794261925E-002
   1.8663277519616665E-002
   1.8783788438288072E-002
   1.8901587571693593E-002
   1.8980369636393466E-002
   1.9026509946553423E-002
   1.9126296967534161E-002
   1.9334501157166034E-002
   1.9401268121218986E-002
   1.9570126183787909E-002
   1.9811569037269799E-002
   1.9841590714903233E-002
   2.0037874575397623E-002
   2.0088481047100360E-002
   2.0338298168253052E-002
   2.0446689946437252E-002
   2.0535622744064098E-002
   2.0901494584740905E-002
   2.1003669032842665E-002
   2.1130900552016298E-002
   2.1248700403738930E-002
   2.1407016059529094E-002
   2.1649732019776938E-002
   2.1775784203246936E-002
   2.1906154413592716E-002
   2.2144166228455560E-002
   2.2223959824816529E-002
   2.2514963734912866E-002
   2.2601461680131954E-002
   2.2706540214262647E-002
   2.2917746634102430E-002
   2.3070597685880729E-002
   2.3177016523048245E-002
   2.3340306096799580E-002
   2.3510959460918440E-002
   2.3649773383163000E-002
   2.3811181867889442E-002
   2.4034838788310302E-002
   2.4187115916573739E-002
   2.4317520911727068E-002
   2.4351810333024394E-002
   2.4412226068060931E-002
   2.4498741267771972E-002
   2.4791212307348581E-002
   2.4980050246136677E-002
   2.5206720420183997E-002
   2.5387121822082519E-002
   2.5471913111498580E-002
   2.5596859169401291E-002
   2.5823973967503969E-002
   2.6164631236532718E-002
   2.6287107022222193E-002
   2.6485244881440596E-002
   2.6579107643600289E-002
   2.6760171636173360E-002
   2.6813865864803374E-002
   2.7025930003285226E-002
   2.7072218773689250E-002
   2.7447321156162670E-002
   2.7708621021418727E-002
   2.7852081524401079E-002
   2.7919860712752927E-002
   2.8227624537083055E-002
   2.8413208195628547E-002
   2.8508871030316497E-002
   2.8608997450424178E-002
   2.8676702571147232E-002
   2.8885600956740132E-002
   2.8990724455650548E-002
   2.9285846449582615E-002
   2.9455652511185336E-002
   2.9659430012237396E-002
   2.9768681272695861E-002
   2.9828030812744565E-002
   2.9994582623871259E-002
   3.0109012689114333E-002
   3.0216419685750572E-002
   3.0332381453343476E-002
   3.0569509708268827E-002
   3.0676922541229609E-002
   3.0803744406929966E-002
   3.1099916186310042E-002
   3.1165509249696362E-002
   3.1274830966964554E-002
   3.1553812919880762E-002
   3.1579911078319894E-002
   3.1654489921660707E-002
   3.1869761130540512E-002
   3.2173809374743643E-002
   3.2266594694566449E-002
   3.2374684883939360E-002
   3.2598165704200863E-002
   3.2757777228944226E-002
   3.3088941314542132E-002
   3.3362727493054176E-002
   3.3558381220367577E-002
   3.3615727783143472E-002
   3.3916273543905424E-002
   3.4050871512065553E-002
   3.4203240265671432E-002
   3.4386947452222101E-002
   3.4602944431791800E-002
   3.4649584962861295E-002
   3.4752612287460391E-002
   3.4889928023896448E-002
   3.4988466348326870E-002
   3.5006633741265170E-002
   3.5358587937657573E-002
   3.5471111040334576E-002
   3.5630115236086488E-002
   3.5686752573450053E-002
   3.5948936811953311E-002
   3.6048653610640691E-002
   3.6215348713663990E-002
   3.6370553722992721E-002
   3.6470079166114035E-002
   3.6612776894411427E-002
   3.6679169139317416E-002
   3.6961337090462329E-002
   3.7085460677144536E-002
   3.7412101753572818E-002
   3.7514608709298111E-002
   3.7942744383618728E-002
   3.8100383217356773E-002
   3.8165499961948152E-002
   3.8311113575593053E-002
   3.8375116676137591E-002
   3.8677627577593306E-002
   3.8895686411429209E-002
   3.9087770624547144E-002
   3.9343740546883152E-002
   3.9533633835408200E-002
   3.9632138053817975E-002
   3.9957530972302237E-002
   3.9989387524082209E-002
   4.0056762006481041E-002
   4.0283070122415471E-002
   4.0654584300210912E-002
   4.0889011978037168E-002
   4.1094404558643730E-002
   4.1163103092755712E-002
   4.1188773439345704E-002
   4.1516834452334145E-002
   4.1676355928874163E-002
   4.2014524410263571E-002
   4.2032998302884012E-002
   4.2240859875382862E-002
   4.2520316418382921E-002
   4.2816269357239999E-002
   4.3079509800177315E-002
   4.3241030149894805E-002
   4.3545633306626017E-002
   4.3728083960824213E-002
   4.4089303834993564E-002
   4.4156330955534243E-002
   4.4321827914059829E-002
   4.4627448267281315E-002
   4.4655378377944456E-002
   4.4873888949811681E-002
   4.5074630703386812E-002
   4.5110124783415854E-002
   4.5335520297795487E-002
   4.5612512038663421E-002
   4.5633346825244565E-002
   4.5951329573374250E-002
   4.6117516869032517E-002
   4.6286734692336344E-002
   4.6428721283543806E-002
   4.6473187023608600E-002
   4.6940146852431620E-002
   4.7218026682571107E-002
   4.7349233473028954E-002
   4.7472933395165264E-002
   4.7502520120955093E-002
   4.7716520603424198E-002
   4.8004427902546200E-002
   4.8207765730591760E-002
   4.8458422495184422E-002
   4.8683288201486062E-002
   4.9414996968841468E-002
   4.9549410854661420E-002
   4.9671029499758775E-002
   5.0167162214916683E-002
   5.0250309316319769E-002
   5.0458206325317397E-002
   5.0687433042323329E-002
   5.1159043004321350E-002
   5.1323100012790904E-002
   5.1600447839324416E-002
   5.1719499641557615E-002
   5.1925271919240901E-002
   5.2059560773684468E-002
   5.2394454056003646E-002
   5.2519010704133388E-002
   5.2772486567517193E-002
   5.3092740102334557E-002
   5.3306516226113855E-002
   5.3557916029833036E-002
   5.3596531075002785E-002
   5.4016300015161174E-002
   5.4247496512750966E-002
   5.4627924790090904E-002
   5.5191854367294679E-002
   5.5239870627470662E-002
   5.5381893232054030E-002
   5.5699056221579453E-002
   5.5907735176790568E-002
   5.6481133037306577E-002
   5.6622393595558165E-002
   5.6726563352558962E-002
   5.6916300875575587E-002
   5.7220539425612241E-002
   5.7455594002872298E-002
   5.7911724995337213E-002
   5.7963014927250658E-002
   5.8520671971143121E-002
   5.8830018094910876E-002
   5.9111343432623295E-002
   5.9454508940307182E-002
   5.9712125801946105E-002
   6.0108955834382825E-002
   6.0194314592316500E-002
   6.0426318851416444E-002
   6.0983010055520787E-002
   6.1238390369560365E-002
   6.1849016918227882E-002
   6.2876037610058527E-002
   6.3421802916306669E-002
   6.3602674636162482E-002
   6.4432802162989911E-002
   6.4618531011934002E-002
   6.4845231188229338E-002
   6.5188507663334672E-002
   6.6407063775981198E-002
   6.6670993936278733E-002
   6.7344315799740290E-002
   6.7618503497809138E-002
   6.8087382070960573E-002
   6.8512000255426614E-002
   6.9337412248731578E-002
   7.0333912324218317E-002
   7.1150116004715269E-002
   7.1542493995682660E-002
   7.1779190222891906E-002
   7.2414269991481928E-002
   7.2980757394214460E-002
   7.3310733601233816E-002
   7.4119527542306329E-002
   7.4680427081938797E-002
   7.5468399589911972E-002
   7.6244231650046790E-002
   7.6565205831969491E-002
   7.6774009294289070E-002
   7.8210738616748779E-002
   7.8852121240602563E-002
   8.0651571141345274E-002
   8.1448533157387398E-002
   8.1865837471715525E-002
   8.2651951665910814E-002
   8.5927345919307452E-002
   8.7674274064696564E-002
   8.8154504091279923E-002
   8.9142015150388484E-002
   9.0618440900540831E-002
   9.1405747445693158E-002
   9.1626629649899816E-002
   9.5214877659629452E-002
   9.7258851855605871E-002
   9.7576484576709546E-002
   9.9095373884026630E-002
   9.9848482963914409E-002
  0.10063459060624104     
  0.10251195559916705     
  0.10301418814517968     
  0.10476614870012876     
  0.10531388998928043     
  0.10709439447345749     
  0.10810441296580267     
  0.10919058787204214     
  0.11039224515425364     
  0.11114363976676653     
  0.11239540789804070     
  0.11248931640322372     
  0.11750454143976273     
  0.11908778979360832     
  0.12085074181286631     
  0.12288641213652959     
  0.12429209853015209     
  0.12575862529471676     
  0.12794991262561067     
  0.12938789110262072     
  0.12997597188339513     
  0.13031190285061797     
  0.13198991369359062     
  0.13316015475243992     
  0.13462590701981703     
  0.13522985868982204     
  0.13681140515798768     
  0.13798517477442770     
  0.14100795003367064     
  0.14347707659274325     
  0.14491164549518429     
  0.14652992299928988     
  0.14722912815749375     
  0.14851113505675140     
  0.14866669011542966     
  0.14991845154472605     
  0.15130367176690704     
  0.15194331872972616     
  0.15266957012319166     
  0.15519769724627699     
  0.15650862165862808     
  0.15745047173646823     
  0.15930901112600990     
  0.15988377743943866     
  0.16153803533713329     
  0.16280745772993868     
  0.16372386089558155     
  0.16474591292107624     
  0.16595221951400926     
  0.17044044074130335     
  0.17240357844970919     
  0.17364576095941164     
  0.17409867906651741     
  0.17453247999890442     
  0.17547039054330354     
  0.17756302317144301     
  0.17779188728974471     
  0.17835570448476454     
  0.17954592335408276     
  0.18022064089214762     
  0.18212083763895157     
  0.18283324721008884     
  0.18489460716334019     
  0.18765539142425669     
  0.18841109978982809     
  0.19052464831420382     
  0.19161648258000766     
  0.19253683331744637     
  0.19350113185010512     
  0.19424279077966039     
  0.19683548038411108     
  0.19762270307883406     
  0.20157253217300400     
  0.20361897260111114     
  0.20686872914763063     
  0.20758288985300805     
  0.20801405515249491     
  0.21183980064976066     
  0.21284749123689228     
  0.21457724329522365     
  0.21561698394404424     
  0.21598409387917736     
  0.21835472768056433     
  0.22073708954898558     
  0.22340272264255637     
  0.22405507864724838     
  0.22528831873839361     
  0.22627331722701088     
  0.22833098444395311     
  0.22880218967621388     
  0.23059960830715115     
  0.23190589663038161     
  0.23197546164422919     
  0.23487128585358666     
  0.23582133987746276     
  0.23846218647521886     
  0.23993346727003295     
  0.24029680984708052     
  0.24210062411228420     
  0.24270556626646644     
  0.24465966102964914     
  0.24553310776571685     
  0.24697855010172190     
  0.25192242425749295     
  0.25261660110391021     
  0.25402277881485286     
  0.25564893441050712     
  0.25775298087702925     
  0.25823002675504475     
  0.26435929264147762     
  0.26624354488957575     
  0.26629271541070648     
  0.26875379388933185     
  0.27088271845048884     
  0.27280069646154620     
  0.27323838895801966     
  0.27401195671716166     
  0.27692860850803180     
  0.27897203684077426     
  0.27997747102774490     
  0.28536281888862414     
  0.28770170675757806     
  0.28915648563757262     
  0.29088084497344369     
  0.29233821883837874     
  0.29760429591472015     
  0.29942840178672753     
  0.30941717108635514     
  0.30983473934852179     
  0.31745772964020058     
  0.31902837883850282     
  0.32143681296688614     
  0.32354100732808172     
  0.32549333162279065     
  0.32592760284509575     
  0.34232781875399237     
  0.34484599295232760     
  0.34644519746555646     
  0.34720039827725341     
  0.35055852583027303     
  0.35652779480925256     
  0.36527714300154357     
  0.37371866267663795     
  0.37781586901315567     
  0.39319749050739777     
  0.39474994510705774     
  0.39841108401241115     
  0.41149487472956886     
  0.41562517997894421     
  0.42084273870170524     
  0.43028939279230288     
  0.43091101355053230     
   7.4372150203904930     
   8.1281576344853299     
   8.2986774958192928     
   8.5127603631796784     
   8.7337533914751742     
   9.2246371564929763     
   9.3968816479725117     
   9.4896521499750115     
   9.9187744456484133     
   10.025692604503927     
   10.838159217208471     
   10.971908350919804     
   11.070011551118043     
   11.176005119291604     
   11.564300512246536     
   11.671136074581367     
   11.709294792618726     
   11.725078362142906     
   11.729189877487212     
   11.767364827411495     
   11.770032731179789     
   12.131461948401512     
   12.205728814326829     
   12.262866113083717     
   12.298189988764854     
   12.345580362241224     
   12.441904600193148     
   12.490839497836461     
   12.607964687165762     
   12.633028288493499     
   12.755420084123342     
   12.871485037564616     
   12.873835637196461     
   13.269979512926758     
   13.855285747415428     
   14.024394080826658     
   14.263284691416727     
   14.289744145257519     
   14.320493353041185     
   14.609516721279247     
   14.813596130616215     
   14.897612710485051     
   14.897756704867902     
   15.133860394504548     
   15.500285119796327     
   15.500708041831702     
   15.887624887441937     
   15.967903375747602     
   16.088029269173038     
   16.118513788340771     
   16.206358888254488     
   16.286560832650963     
   16.308471167538762     
   16.438709225869587     
   16.438735416489187     
   16.679237641878039     
   16.756907560176401     
   16.942125556510486     
   16.958489102817893     
   17.100847427970507     
   17.142796022479796     
   17.170359573772291     
   17.270965123675111     
   17.307921846712940     
   17.554141516937101     
   17.606629040461854     
   17.860078170570503     
   17.960773306688058     
   17.975082950802268     
   18.125620051571811     
   18.320784868948806     
   18.343152979302552     
   18.698482037731090     
   18.741528648675558     
   18.817174745268154     
   18.843503359245751     
   18.866042795822725     
   18.926789650284530     
   19.040756401925488     
   19.126507973576302     
   19.144593917704178     
   19.150576409531304     
   19.180696405153334     
   19.203293553804325     
   19.266552228653456     
   19.282084090479657     
   19.335196850742047     
   19.423705164205305     
   19.428169813207827     
   19.454663585035842     
   19.464040166469569     
   19.474381169111354     
   19.488558449206355     
   19.490344154014071     
   19.494306657751501     
   19.510157739113371     
   19.530852513809531     
   19.535677042944883     
   19.594448695227992     
   19.598784094589853     
   19.644330778391410     
   19.655346368640618     
   19.660858954780263     
   19.663586221300690     
   19.674163834217410     
   19.687606333712026     
   19.711806965943488     
   19.731058310388150     
   19.738822724123040     
   19.764723348189460     
   19.782149412586833     
   19.793361989119042     
   19.795267035552886     
   19.796165921934229     
   19.881399550742437     
   19.895429880367825     
   19.900907172499149     
   19.901665121264635     
   19.926973018106800     
   19.930016747160128     
   19.939245094847649     
   19.939912206409172     
   19.952696122591245     
   19.960299993342684     
   19.980294631240877     
   19.990837543487739     
   19.992941044410024     
   20.004246100597303     
   20.021454104064965     
   20.026072747654958     
   20.026693677743268     
   20.030242819088624     
   20.033156246580173     
   20.037433666798883     
   20.048357223451433     
   20.049913300476245     
   20.050132984570045     
   20.061912311379675     
   20.062925933680294     
   20.066328431344289     
   20.067706904111983     
   20.074634150066760     
   20.075368315618508     
   20.079123138044356     
   20.088026585057836     
   20.117469139924310     
   20.132008782444757     
   20.143228257016304     
   20.172579961167269     
   20.175184661091244     
   20.180155739147093     
   20.189967601532256     
   20.206064834731947     
   20.213379114757288     
   20.218262089268400     
   20.224897435964110     
   20.244434196848498     
   20.249038665257405     
   20.287552611281960     
   20.297408171015483     
   20.299989803666556     
   20.306566088839311     
   20.351671936983369     
   20.380609783534947     
   20.385661285281959     
   20.400908305320055     
   20.402616450428113     
   20.437548656689099     
   20.440884594387207     
   20.469529956561853     
   20.481143010354447     
   20.492720507869144     
   20.498019664876225     
   20.505501391267323     
   20.514573671262610     
   20.537101615265968     
   20.568088509181969     
   20.585141419314205     
   20.592539917391466     
   20.603779246846532     
   20.614040159751227     
   20.637295264183575     
   20.658043228209607     
   20.680263768571400     
   20.680788660942241     
   20.688371364214550     
   20.701351789611302     
   20.755136729103331     
   20.789550090800862     
   20.840139556490310     
   20.917779427468350     
   20.919229088088706     
   20.960721558108414     
   20.971474908965902     
   20.972526291049043     
   20.975810207881104     
   21.210444780630564     
   21.233259737650364     
   21.235248372807504     
   21.294459397407163     
   21.338933507261011     
   21.373243192118107     
   21.415414240271236     
   21.760094991676535     
   21.821244179384170     
   21.941422343753899     
   22.167315930858042     
   22.205971936787506     
   22.279582194583742     
   22.527382318482005     
   22.530324579362563     
   22.823098415296442     
   22.845589115557242     
   22.985249607141576     
   23.055411942312819     
   23.067088738529726     
   23.128584206193498     
   23.141655096783076     
   23.349843811885489     
   23.450107919581828     
   23.645457142080733     
   23.716608193686156     
   23.777802251194032     
   23.811565526471320     
   23.881076907552277     
   23.954609997102150     
   24.017756602935389     
   24.169039918836248     
   24.229125272859694     
   24.558627219420536     
   24.631324272144003     
   25.021134169168587     
   25.180538557260704     
   25.233414493066142     
   25.296977200216546     
   25.501290067891517     
   25.759553649051718     
   25.772297297711241     
   25.828015701786210     
   26.089430288189170     
   26.217605042328675     
   26.835752454561863     
   27.234661728827668     
   27.252764588182934     
   27.347100566266789     
   27.537944528372641     
   27.579225030270948     
   27.593644879064449     
   27.678791401273457     
   27.711428864856309     
   27.820240562388353     
   27.837830683111978     
   27.928110570158307     
   27.960600609998291     
   28.300372431594315     
   28.363187201450280     
   28.377548677041457     
   28.405482795056368     
   28.412778919237066     
   28.459624240385303     
   28.537619822448995     
   28.912190140024823     
   28.996402303194351     
   29.091385396891734     
   29.280301478593454     
   30.090164935458013     
   30.156684402453706     
   30.610741570279441     
   30.705612850728997     
   30.892926498805640     
   31.359806173438638     
   31.595698185339511     
   31.809133547916357     
   31.998158376007233     
   32.619776104124284     
