           7   9.6204861808711822E-002   7.3361279804333096E-003
           8  0.16722085408759443        1.4517863776512385E-002
           9  0.29537504160890277        1.8640493247077262E-002
          10  0.61076264324332430        2.2135938896973822E-002
          11  0.34634628301276771        3.0572540787078266E-002
          12  0.35154847500818881        4.5210679672905749E-002
          13  0.13091318426589665        5.3539679426233978E-002
          14  0.22419412308491107        5.5537599559225229E-002
          15  0.36469812794068907        6.2210632535750314E-002
          16  0.20768985645069007        6.6033178010026464E-002
          17  0.41903088922042619        7.2082126882742639E-002
          18  0.49770855432710864        7.5904452401967151E-002
          19  0.15999120271009420        8.4475322039349529E-002
          20  0.30164323383719188        8.8978654705716947E-002
          21  0.26857405711721205        9.0689283315116054E-002
          22  0.20470342834127206       0.10165390285847924     
          23  0.54523262901950120       0.10529203420152433     
          24  0.38109290904837834       0.12302387073510644     
          25  0.34623454787903735       0.12869636925894659     
          26  0.47026113822376270       0.14003078649470990     
          27  0.46799157147460541       0.14615583007460262     
          28  0.44347339769934763       0.16484798633736097     
          29  0.52781291432040811       0.17451107552557713     
          30  0.62406578327811513       0.18027281418304678     
          31  0.39058818717272642       0.19001141591125167     
          32  0.35208564743328175       0.19259257033901339     
          33  0.43405123113124988       0.19435606506557532     
          34  0.58120197621225489       0.20641837731098531     
          35  0.60559527887776832       0.21350556502730489     
          36  0.53403474988378363       0.21970362100578467     
          37  0.58535707661304393       0.22940409128465847     
          38  0.27042293612023943       0.23437755505044100     
          39  0.59415490988989450       0.24256741812629523     
          40  0.52098523979873546       0.25109326794484549     
          41  0.25679480523836756       0.26496691693692215     
          42  0.45378000322868284       0.26803604118823932     
          43  0.47713720404975468       0.27485855896272848     
          44  0.48299236429326853       0.28473045345982706     
          45  0.49177365545911284       0.29479195026485927     
          46  0.43125457651622850       0.29910435359774756     
          47  0.51254110617419202       0.31090046763783302     
          48  0.34736546550518022       0.31961987847183848     
          49  0.50978244062726308       0.32300456067562494     
          50  0.55465622068558096       0.33087155418858266     
          51  0.57252190805817949       0.33781914935224588     
          52  0.47916210864007691       0.33964175559538851     
          53  0.46681341721585262       0.34886755849654777     
          54  0.33584722742632472       0.35747377468402369     
          55  0.20415753021817834       0.36360224957465775     
          56  0.49897314675964294       0.36851115233097248     
          57  0.47839137336308607       0.37728486601821820     
          58  0.46935868308309947       0.38124769355298305     
          59  0.38794513221140914       0.39591781087619171     
          60  0.45687401702962727       0.41260698404006863     
          61  0.46607144787263882       0.41452864969332465     
          62  0.47267864842297685       0.42361808857219785     
          63  0.54999947908353186       0.42887741215074193     
          64  0.39558194085961207       0.43284416117029823     
          65  0.52655984002135869       0.45586665540782867     
          66  0.39239555015972705       0.46031467038825397     
          67  0.50051052640701454       0.47274492181018735     
          68  0.46372551896565012       0.47867605617157610     
          69  0.36645063544560663       0.48483463937104859     
          70  0.40095528331347302       0.49384785342224991     
          71  0.45857487640086658       0.49988500055006735     
          72  0.26362648486031859       0.50676223548873955     
          73  0.41911720816949244       0.51564748835534902     
          74  0.40040846435371930       0.52764751186923164     
          75  0.40954904223751426       0.53030817438403466     
          76  0.48348215978714115       0.53714126849972377     
          77  0.53601527663592663       0.54706672163101400     
          78  0.48433663545267081       0.56085607883963062     
          79  0.38738416527463448       0.56721081360526582     
          80  0.48252208098780897       0.57409796124101753     
          81  0.56575394845688143       0.58369689995024343     
          82  0.41030237306571010       0.59900746584103726     
          83  0.44086982679145259       0.60140793229026257     
          84  0.53752870215572091       0.60579469547454090     
          85  0.29556882368180631       0.60732371225323134     
          86  0.52270066169657303       0.61686306683847347     
          87  0.38948390705099778       0.62368359092534742     
          88  0.41735185810727238       0.63711401928801981     
          89  0.40099610108437617       0.64480149222504268     
          90  0.46576094421530079       0.64631345889608294     
          91  0.54725042046901728       0.66112337665507748     
          92  0.55976338384061441       0.67042732845295316     
          93  0.51414492120810418       0.68360133108810317     
          94  0.45867654573760519       0.69801073544397085     
          95  0.56045732019726313       0.69953048647754723     
          96  0.39625185823798353       0.71654055564103236     
          97  0.43728851325344281       0.72170593938399530     
          98  0.38791005530147599       0.72722904736313843     
          99  0.46253110276511256       0.73141282053932821     
         100  0.48166417746914342       0.74101879385495373     
         101  0.44830877073151193       0.75345614531068172     
         102  0.32220059660616079       0.76468763244702131     
         103  0.39023803870698903       0.76817769880318321     
         104  0.20477678489532894       0.77159672364843956     
         105  0.47892622783929462       0.78470014898826745     
         106  0.47729701861467860       0.79087536251154955     
         107  0.41259173952785450       0.80892569469492570     
         108  0.44956528846484223       0.82690274084762627     
         109  0.48589176520031180       0.83383081922069147     
         110  0.39768296666829644       0.83629630359390206     
         111  0.45461484370495392       0.84697647075057558     
         112  0.49400013474135673       0.85520726258112845     
         113  0.50396811983059975       0.87227682931793971     
         114  0.34785895765890673       0.88502347438690643     
         115  0.40089257084958857       0.88999694013131947     
         116  0.42695290107918132       0.89268208651979886     
         117  0.42455083255892673       0.90420618652077700     
         118  0.48152368678603497       0.91103955121372104     
         119  0.37174126471555657       0.94465386681370367     
         120  0.41308964225814454       0.94753255057733399     
         121  0.48381898307199717       0.95438737874701451     
         122  0.52951380091495948       0.96485040743600947     
         123  0.42073165066493845       0.98031578851462498     
         124  0.35741272332298563       0.98170155395695180     
         125  0.43600882421506709       0.98407527813074969     
         126  0.50931295513525476       0.99847431408206622     
         127  0.55534749533351568        1.0186169688702875     
         128  0.47307439981307975        1.0271188282779156     
         129  0.56621935837610693        1.0388640515690137     
         130  0.35330722833277411        1.0486367705541182     
         131  0.52024516183160685        1.0655203072995949     
         132  0.51243640324458706        1.0846399825233441     
         133  0.48925602169879218        1.0867464255556700     
         134  0.52230141530386975        1.1041892462667675     
         135  0.52267420580487511        1.1162412203579573     
         136  0.46800823978675815        1.1181296615434444     
         137  0.40110628772981066        1.1301365769296909     
         138  0.15166538623262701        1.1371318307267029     
         139  0.55738010044243036        1.1493248579299173     
         140  0.46165547045717614        1.1540819819900574     
         141  0.45633003414648216        1.1686665606984608     
         142  0.32506582444537474        1.1750223552338384     
         143  0.45085835543624025        1.1866796158653230     
         144  0.43355986840576338        1.1956074453649312     
         145  0.44324353423982321        1.2103375743150333     
         146  0.46688267410895784        1.2202659934642390     
         147  0.53673208279472695        1.2352612614547596     
         148  0.39653171582227015        1.2515204590214992     
         149  0.46618615138533637        1.2545114420126238     
         150  0.51691569513612146        1.2652981138336186     
         151  0.28152222313904102        1.2733005076420478     
         152  0.48116647821241781        1.2799010454029656     
         153  0.23719122543857116        1.2839171271569414     
         154  0.57644505512097410        1.2973250379498211     
         155  0.46479670740085582        1.3099592573533509     
         156  0.46710505803434393        1.3148662770405239     
         157  0.45522476547407270        1.3189614201567417     
         158  0.42342039098808143        1.3297102802290641     
         159  0.40734157242596980        1.3347328664814480     
         160  0.39658473080452777        1.3534774403184042     
         161  0.61640543195447683        1.3686774429985951     
         162  0.47814864760070075        1.3780462369651347     
         163  0.54125748020870901        1.3842704528815697     
         164  0.49981753953475394        1.3934791769938346     
         165  0.36622224619443727        1.4019816393482971     
         166  0.40308424075203231        1.4119798250474764     
         167  0.36720492814005784        1.4264687321406346     
         168  0.37797540611426228        1.4327866642923806     
         169  0.49226544118214210        1.4477850129535044     
         170  0.43278929274556144        1.4535348055930208     
         171  0.33451947595801318        1.4552149593156030     
         172  0.45826316881756768        1.4698789578861784     
         173  0.50825392606117803        1.4823298526041166     
         174  0.37039663681236307        1.4888635049285577     
         175  0.42124381357481983        1.5018243693899815     
         176  0.48763011728498784        1.5026161281205617     
         177  0.51500597285919614        1.5203946637072381     
         178  0.47634848839696237        1.5265148437503506     
         179  0.50702999260981696        1.5436382601423035     
         180  0.46223520020341091        1.5506157921410189     
         181  0.52606259883681927        1.5563681158357714     
         182  0.54456466074249643        1.5703326622022489     
         183  0.49113265135613010        1.5739055235001675     
         184  0.33547400115113429        1.5828316458576022     
         185  0.47562061456249627        1.5946311439427967     
         186  0.44809232565215912        1.5976631437495377     
         187  0.51311569401117574        1.6247307031306033     
         188  0.56733606816619353        1.6286360893227467     
         189  0.50485188635137623        1.6377497811911483     
         190  0.37712396926875452        1.6398724878777142     
         191  0.39780613177777491        1.6498227465752981     
         192  0.49354961180754092        1.6610405677306828     
         193  0.35940148841133079        1.6712874776499502     
         194  0.45894811978400502        1.6748417580624149     
         195  0.40370910312359914        1.6802937122753006     
         196  0.48053397104407947        1.6982797470802311     
         197  0.49201061306338900        1.7118636421152600     
         198  0.43717402476190542        1.7178204368289161     
         199  0.46236849420873782        1.7271979803960384     
         200  0.33447627885332226        1.7324631398584420     
         201  0.46385008920993770        1.7434549544108575     
         202  0.39741080065963785        1.7623563059921417     
         203  0.44912304732841429        1.7718728376729687     
         204  0.49204999277721112        1.7770249309221047     
         205  0.48704616518823335        1.7887240130593409     
         206  0.44053202953205028        1.7934124496243815     
         207  0.47160438252859033        1.7976936614590342     
         208  0.48535485024641928        1.8070945737139097     
         209  0.54927089575633392        1.8286951978432620     
         210  0.49958403041299487        1.8380295229334287     
         211  0.60152215321074487        1.8478721227371651     
         212  0.43751145143883091        1.8508456119834751     
         213  0.57362395692123358        1.8572279631514557     
         214  0.56379929501206016        1.8672793329820505     
         215  0.30761111826603205        1.8833444784880626     
         216  0.50379575809548272        1.8895581439462079     
         217  0.56456390758876207        1.9004950490392625     
         218  0.53134941503763633        1.9073333390331908     
         219  0.35716103298929791        1.9234294754591885     
         220  0.52625152810352338        1.9260059420545310     
         221  0.36654044715712464        1.9363780381230704     
         222  0.45470240441896581        1.9451035814527058     
         223  0.55301241948707935        1.9534675115186291     
         224  0.29289344132186024        1.9705287958087818     
         225  0.50392186884403867        1.9761645547303444     
         226  0.49546104072178776        1.9848856316842991     
         227  0.42909520995237121        1.9884401279364721     
         228  0.33234191636052884        2.0055188743290326     
         229  0.48810379957249506        2.0073260122928769     
         230  0.38258404756493775        2.0152020749331565     
         231  0.55505620272028833        2.0263519076416117     
         232  0.50040855560219610        2.0294001219845659     
         233  0.56863330454958583        2.0402286084668440     
         234  0.50332797802316054        2.0475067887824356     
         235  0.50067142882148385        2.0610396766357058     
         236  0.50825985915731375        2.0721900769434209     
         237  0.53144860242849690        2.0831071721896954     
         238  0.44600868582146364        2.0929595694675411     
         239  0.52282264068363571        2.1157720290521400     
         240  0.50835161987105904        2.1296012793513626     
         241  0.41361453539146409        2.1411732471944771     
         242  0.42261831056853116        2.1491212548575738     
         243  0.51556372481329460        2.1550257755343090     
         244  0.46083877111442023        2.1662590685474505     
         245  0.53573523014967817        2.1861126684294652     
         246  0.48663314483404807        2.1935974614175531     
         247  0.57016207547445341        2.2027772436642992     
         248  0.48929409669544704        2.2092158677977554     
         249  0.51157519933812423        2.2109864253971674     
         250  0.56291012408491803        2.2339140024375341     
         251  0.47263656010901017        2.2503128871572877     
         252  0.44923419856453078        2.2571444319266445     
         253  0.57593021596217175        2.2718541529481651     
         254  0.48793464557690319        2.2729493300500727     
         255  0.41358608897699217        2.2780064651986951     
         256  0.48778588880371698        2.3013785688874879     
         257  0.54133062265088494        2.3087944365805146     
         258  0.49177999131291161        2.3137445885881536     
         259  0.53335796368355459        2.3216949063148529     
         260  0.49275423193151274        2.3247522147325181     
         261  0.53496902450136585        2.3357012917161692     
         262  0.46888889496352437        2.3445984278461074     
         263  0.48924544656289554        2.3504841602311024     
         264  0.43076285048223639        2.3630561726680197     
         265  0.44637179761747697        2.3668257257768848     
         266  0.27391742597016849        2.3805297846660469     
         267  0.44772177731537605        2.3884515202901628     
         268  0.46698100712494134        2.3931961425093182     
         269  0.49942228702419833        2.3950070029918216     
         270  0.42282334750298839        2.4112148810743737     
         271  0.43828677141837419        2.4232696967463436     
         272  0.34826256614086892        2.4304504219949248     
         273  0.47350326497106804        2.4340715391261836     
         274  0.47091921524628771        2.4590929293236816     
         275  0.58412907655900359        2.4630046912897470     
         276  0.49578786563791016        2.4706511146140553     
         277  0.42738862130385458        2.4807221401850841     
         278  0.61878556354951741        2.4948073681525225     
         279  0.41547758436743343        2.5015318466516701     
         280  0.46263166821906698        2.5052546580566037     
         281  0.47841864112383942        2.5089465023881283     
         282  0.54560945272328687        2.5212659184112614     
         283  0.52847453966488223        2.5370916699464336     
         284  0.48433530030598582        2.5576043374466222     
         285  0.37103942704629267        2.5617639801327581     
         286  0.41096496820149869        2.5823576037135947     
         287  0.62717570977556791        2.5862069142241464     
         288  0.39848122728874974        2.5934418236473191     
         289  0.36184670709213701        2.6102748653974905     
         290  0.45326141106621959        2.6142036671470001     
         291  0.49946000707483434        2.6325959398680547     
         292  0.48640266746534677        2.6366047555787904     
         293  0.43706627398507064        2.6433191472982362     
         294  0.58499580643617266        2.6518634192734298     
         295  0.34801275505516072        2.6608682830474564     
         296  0.46633240853539354        2.6678640018911928     
         297  0.45091305690632960        2.6737874300291149     
         298  0.39632977079214976        2.6863545240517115     
         299  0.58067967582682001        2.6907073941546296     
         300  0.45624482248459119        2.7015226075657321     
         301  0.38773454159915161        2.7139372777811670     
         302  0.46217283356222555        2.7230388769621645     
         303  0.57554506675807648        2.7262008443241488     
         304  0.44479747870960240        2.7547008848405867     
         305  0.51316077925642778        2.7644134743164352     
         306  0.44500398960842164        2.7719092189010044     
         307  0.44711093903661331        2.7788511553075463     
         308  0.51222765570312889        2.7838104259227054     
         309  0.48397178922664641        2.7938702902908217     
         310  0.45143331791202262        2.8016890331156703     
         311  0.39225335264242606        2.8098104473888514     
         312  0.51375221132042148        2.8282330673965270     
         313  0.49813281339225030        2.8317669391530256     
         314  0.57508643231273393        2.8540194080714865     
         315  0.60591367669840612        2.8605720050067664     
         316  0.44931264713957464        2.8653708918944476     
         317  0.33018957312114178        2.8745774814332599     
         318  0.48514566667807113        2.8789501329675238     
         319  0.45587269466852426        2.8961416098130686     
         320  0.46637112377712531        2.9041971124080677     
         321  0.47690560759921941        2.9201544261942058     
         322  0.56534158001772017        2.9242899530796294     
         323  0.46681865876125267        2.9295836410029032     
         324  0.40815493874255626        2.9349150777473785     
         325  0.41346895538431300        2.9373624280117867     
         326  0.49491991609851455        2.9645339940678888     
         327  0.43281953281653529        2.9708578538006427     
         328  0.51419362524046497        2.9869959898650151     
         329  0.44557234934635037        2.9894068651659187     
         330  0.53747002835287105        3.0011998830077968     
         331  0.41470863420940351        3.0096786827030684     
         332  0.52037509750690225        3.0162030161337956     
         333  0.45144679318764919        3.0236925807994672     
         334  0.55282266959833382        3.0396254219044416     
         335  0.48877540161526845        3.0414919222021028     
         336  0.50114587427617274        3.0595671328519907     
         337  0.48107907157552549        3.0682339930206783     
         338  0.48891108116921655        3.0715746777170239     
         339  0.44845963389913651        3.0882511721269714     
         340  0.46877097154042219        3.0981889876449142     
         341  0.45567000985332778        3.1013940178887891     
         342  0.55987413605966874        3.1105079286595712     
         343  0.51663042379684865        3.1239020052545059     
         344  0.38622255744759149        3.1345885060705561     
         345  0.46986759611398959        3.1352534352412564     
         346  0.49101385531809133        3.1383368080114882     
         347  0.51982713334008168        3.1474697595360017     
         348  0.31691274423641780        3.1515947811754743     
         349  0.56446331981702436        3.1585740770434287     
         350  0.40154349027566433        3.1727744991502780     
         351  0.41161444841121869        3.1836559671979217     
         352  0.39950652115052743        3.1924121834230759     
         353  0.45615668809810389        3.1942486757374855     
         354  0.56742355514037879        3.2046920373924777     
         355  0.48919964730591253        3.2076944662605444     
         356  0.42646374373010065        3.2228453936435768     
         357  0.46609729647809622        3.2288904990972793     
         358  0.48927633204501270        3.2379559326024148     
         359  0.43696663499929395        3.2401353710864775     
         360  0.35358085460512440        3.2513137856663450     
         361  0.59696533314125166        3.2604588349643668     
         362  0.46578867783188416        3.2721985816004699     
         363  0.56512543918393687        3.2757388437238628     
         364  0.50004866488180544        3.2819871350974461     
         365  0.53206252293417500        3.2930665585525172     
         366  0.45655710637758445        3.3000676203564381     
         367  0.36874360989296828        3.3136777004244098     
         368  0.39353805548884446        3.3180248980230687     
         369  0.42033297490893273        3.3195250563248977     
         370  0.51863843752632410        3.3330390023560694     
         371  0.46710239400000664        3.3398291417299668     
         372  0.51764584503005695        3.3526270681101207     
         373  0.52207321732724299        3.3562696119459359     
         374  0.12898999930879979        3.3608678142256299     
         375  0.43072993775157215        3.3744421982621100     
         376  0.48164865422589809        3.3774802616687687     
         377  0.52206795906356762        3.3962784067421059     
         378  0.55743424841947609        3.4026955638269545     
         379  0.45785561887746073        3.4225970189208881     
         380  0.49854790006545063        3.4237667122468660     
         381  0.46897064424287893        3.4310289311053750     
         382  0.43231823190382018        3.4423906984040604     
         383  0.49747526845705986        3.4487091567985488     
         384  0.56473128028521491        3.4609265651920227     
         385  0.54981294844173578        3.4661419000415603     
         386  0.48674105819293684        3.4710014747137992     
         387  0.48907434858864895        3.4817312500996853     
         388  0.46501576732636962        3.4949080871758458     
         389  0.42516526393760001        3.4993379291506774     
         390  0.50645998085179045        3.5173496316148962     
         391  0.44824381707338357        3.5215613100743521     
         392  0.48662072661901462        3.5349685786229403     
         393  0.45984561615290809        3.5417304179022451     
         394  0.42645827228489330        3.5473915683938180     
         395  0.54951934504541844        3.5608335002703937     
         396  0.40080322877052854        3.5834854677381101     
         397  0.51361030727085799        3.5887837340928437     
         398  0.51993227479842941        3.6008219819536249     
         399  0.49690327322659156        3.6056517223952462     
         400  0.53679785567228078        3.6208522480904293     
         401  0.49895747212979191        3.6272494681112346     
         402  0.48449695068264653        3.6343429038101691     
         403  0.49674632160628557        3.6448382813404323     
         404  0.53668604650247087        3.6565548199671509     
         405  0.46519459720102108        3.6718249559148193     
         406  0.52951265347008214        3.6801253221758299     
         407  0.49910494956635021        3.6933919094212282     
         408  0.53378909763928450        3.7059906596541903     
         409  0.40318476693197297        3.7128939872564937     
         410  0.50868334138686255        3.7185885667792582     
         411  0.43831007282485002        3.7283275333296486     
         412  0.33266380612901097        3.7336685918330996     
         413  0.49466270444163662        3.7421807909208771     
         414  0.58953506312180637        3.7454568725675039     
         415  0.34511919668534241        3.7571745600773552     
         416  0.40784711486022596        3.7681451879366117     
         417  0.51769130351254067        3.7806372962044361     
         418  0.49124355564473382        3.7833189841416655     
         419  0.33565200132520878        3.7917329826393673     
         420  0.44880407277396756        3.7987656847198736     
         421  0.49672853591901678        3.8068623172616900     
         422  0.54877360434522315        3.8232470487582728     
         423  0.44104684621549167        3.8273528497465832     
         424  0.57211782913562781        3.8406920369901050     
         425  0.42899285077164095        3.8484736718966754     
         426  0.53154830172113021        3.8609018883060977     
         427  0.33800895041249335        3.8685486922676486     
         428  0.53136146669362772        3.8736772076666028     
         429  0.53141485202441729        3.8779205956923999     
         430  0.51884608718196590        3.8965159538415044     
         431  0.50813620358316158        3.9099973815655873     
         432  0.53193264160042475        3.9103211150954680     
         433  0.49374228634872575        3.9290665937462719     
         434  0.53211047009429790        3.9416122261048057     
         435  0.46872583251087818        3.9550090054846350     
         436  0.37323896053188371        3.9663322640397518     
         437  0.35254689728135652        3.9779273514253459     
         438  0.43718406267107085        3.9831599432381903     
         439  0.47171820713156809        3.9899069016540136     
         440  0.35144951791855134        3.9985926216833194     
         441  0.42004874707201412        4.0071483176459610     
         442  0.43313297337400497        4.0140626301984978     
         443  0.48967157687903923        4.0216214340068666     
         444  0.45739225621666946        4.0413881793653417     
         445  0.37968912266860727        4.0461504370925949     
         446  0.35058151349119054        4.0609615733417170     
         447  0.49867574880622562        4.0687263237554063     
         448  0.63972716846217192        4.0760925068981138     
         449  0.44931591821318989        4.0896460301441344     
         450  0.49748854475569859        4.0975654707521612     
         451  0.41084530330232355        4.1054196771600049     
         452  0.49329651342872849        4.1265272801679220     
         453  0.46325137428670954        4.1424295454607618     
         454  0.52922586554767759        4.1468914984012679     
         455  0.53657408670888596        4.1580601482700867     
         456  0.48277393958467923        4.1661232730611442     
         457  0.43661591398203731        4.1694140747099926     
         458  0.38197716552714311        4.1824850588084663     
         459  0.44499105794118232        4.1890340849055132     
         460  0.34768322002062385        4.1977090477184209     
         461  0.46764791938298900        4.2078840326330509     
         462  0.47309458520448100        4.2183219740710189     
         463  0.57734033270374474        4.2519546367058210     
         464  0.43178871998810459        4.2616770276793474     
         465  0.50282742347509668        4.2695688954563185     
         466  0.61951343093678224        4.2869772816608833     
         467  0.54320396976538210        4.3008577356234712     
         468  0.57326507693216200        4.3152737456055048     
         469  0.45210001880245254        4.3211407260341836     
         470  0.46210582929643812        4.3342868747663399     
         471  0.48556745359138959        4.3572605979539949     
         472  0.48760448855477673        4.3647834950677504     
         473  0.50638322193923757        4.3745972838940839     
         474  0.52629147116684893        4.3843137607681610     
         475  0.55487472512108882        4.3920584377331817     
         476  0.43265181028077632        4.4102880262837596     
         477  0.58349367954270448        4.4139798287554308     
         478  0.46099574820965972        4.4453213783791545     
         479  0.59046467063790276        4.4528345801440130     
         480  0.42684457768370854        4.4625274055066750     
         481  0.41982800424396477        4.4695326166813683     
         482  0.57441917241486673        4.4957557454081813     
         483  0.42973228300891492        4.4994962524938051     
         484  0.55934228053761659        4.5283370142909574     
         485  0.35723604746557547        4.5354328643716935     
         486  0.47521153752736728        4.5392885304330317     
         487  0.51766045413723327        4.5624802599626539     
         488  0.41381511786280550        4.5663692106001443     
         489  0.56354731953011572        4.5824800919399609     
         490  0.59716993389739559        4.6011198712922958     
         491  0.56260448641860450        4.6139136075489260     
         492  0.52263313320024052        4.6203473458842668     
         493  0.42602832718458561        4.6337691876298512     
         494  0.55569841624520744        4.6410977616019347     
         495  0.39931736455753564        4.6558262310986098     
         496  0.54934379808602773        4.6609401631539331     
         497  0.54451451742145351        4.6997346090958878     
         498  0.51110340681725941        4.7047321945939631     
         499  0.50434387270000847        4.7169548022493917     
         500  0.54009969878771324        4.7223009394822304     
         501  0.53606430392028892        4.7273948385055187     
         502  0.52273523059689508        4.7513769351180910     
         503  0.58691050009828827        4.7599058357351387     
         504  0.45774625803416691        4.7676262699435785     
         505  0.56565275667503889        4.7703903030199948     
         506  0.61398504844150947        4.7775445749670187     
         507  0.52803149766921142        4.7981219523568521     
         508  0.56458961122795737        4.8074633937183995     
         509  0.54430168557107195        4.8188476340047783     
         510  0.49697637289029623        4.8248979636851903     
         511  0.53414215418257527        4.8448924350703244     
         512  0.49794492169579874        4.8502057716793914     
         513  0.52784532197765421        4.8688603222622051     
         514  0.54607534970380656        4.8783939606260853     
         515  0.49898410423596062        4.8926354399632412     
         516  0.45304723706222805        4.8943618939503200     
         517  0.48362811365792269        4.9117799741234229     
         518  0.48443168744818160        4.9142850491892940     
         519  0.52586511596730401        4.9294186154740443     
         520  0.41215664934437701        4.9379326840769791     
         521  0.48670732057319505        4.9561742088500482     
         522  0.46031459754102094        4.9651267030858195     
         523  0.44541083546250815        4.9690707351799501     
         524  0.58817086036351862        4.9867497420693780     
         525  0.51711819270947856        5.0003965314160830     
         526  0.56407626528350152        5.0354879602368836     
         527  0.52160713256064162        5.0493961919734724     
         528  0.51799645711568032        5.0631354569198859     
         529  0.58489233140170671        5.0762868135681201     
         530  0.54551291422492132        5.0925743487363118     
         531  0.51151809405941140        5.0982290858274864     
         532  0.54304573836063563        5.1133709372074145     
         533  0.57319273884041033        5.1159171333648921     
         534  0.55156783616898764        5.1321719057728883     
         535  0.56055957248457877        5.1493173875342197     
         536  0.54659571082483049        5.1701531999753669     
         537  0.48519085098388554        5.1752101712073442     
         538  0.55936381680073854        5.2022734454229491     
         539  0.54451601349957646        5.2099766813050534     
         540  0.54541647271153582        5.2248722655724942     
         541  0.56886649152786772        5.2462326627693336     
         542  0.56106979936073498        5.2580897763251118     
         543  0.57224308910154498        5.2699425335470718     
         544  0.42869514227432187        5.2774380757087442     
         545  0.44850474098555004        5.2867577863192015     
         546  0.57528013590061711        5.3137172299740447     
         547  0.57124285943887676        5.3178078178903005     
         548  0.53216077424437136        5.3232545542332899     
         549  0.53971327037845529        5.3447871957553712     
         550  0.46812020588986114        5.3585146047281542     
         551  0.56245080707437467        5.3686310422002075     
         552  0.45243426870106696        5.3827576479076180     
         553  0.39251134403772575        5.3946077854243786     
         554  0.52793793341987183        5.3967166746233328     
         555  0.56478179622650959        5.4099779720428804     
         556  0.57171192560745943        5.4215016699748313     
         557  0.57836153595556994        5.4296504067586699     
         558  0.53753563376486801        5.4428763490926411     
         559  0.52083026513871589        5.4482166455673369     
         560  0.42223552813179677        5.4716150817929403     
         561  0.56458330639306442        5.4801193063220204     
         562  0.47801687119325847        5.4910408689491259     
         563  0.49525776814601791        5.5044511897437465     
         564  0.36177766600594130        5.5373845358714364     
         565  0.53675412675466450        5.5490587573354846     
         566  0.31082059466583312        5.5559261555485309     
         567  0.47620499122968529        5.5837197449777491     
         568  0.52700273742452608        5.5885302431481598     
         569  0.45366507414321772        5.5953483393169421     
         570  0.55580879868300237        5.6013503209105506     
         571  0.58612853050374814        5.6173659060868513     
         572  0.56577753434166944        5.6462416548257712     
         573  0.46572839095549684        5.6571506542116046     
         574  0.53591915884288899        5.6628218022768886     
         575  0.49739142877252362        5.6706461683331142     
         576  0.55598139630290899        5.6760405155441553     
         577  0.55424226815796573        5.6947149207181722     
         578  0.41331401479259422        5.7014306606308702     
         579  0.25091081348810407        5.7112668726032974     
         580  0.59878942553526238        5.7234598539410246     
         581  0.33046061509203389        5.7315121334787635     
         582  0.50610285209108674        5.7378230972956681     
         583  0.55966545235325260        5.7451800879427051     
         584  0.39791076797439778        5.7466039981458161     
         585  0.44584206336882271        5.7707006822138709     
         586  0.44754683999087452        5.7861042483648859     
         587  0.48061999873170025        5.7982087490887810     
         588  0.48242725404774589        5.8097578719384835     
         589  0.54314100956253508        5.8281078495596654     
         590  0.53019711768839639        5.8342841684258984     
         591  0.53282833756661896        5.8438702237824316     
         592  0.50664169820678207        5.8641781458296744     
         593  0.53133526349038340        5.8743317886736017     
         594  0.46778122813479750        5.8810815942522074     
         595  0.55326662148067751        5.9034376462913336     
         596  0.50811647055958431        5.9201176928136858     
         597  0.47778866069772985        5.9348976978457761     
         598  0.44155883823129644        5.9451614467075222     
         599  0.56822322170703643        5.9512974029518366     
         600  0.53433510013553942        5.9760770242108876     
         601  0.45191693569274644        5.9821197468495315     
         602  0.52989555465049432        5.9901673854631241     
         603  0.58150109445732323        6.0104033660826310     
         604  0.56525620021711864        6.0148845203815888     
         605  0.49862696077539403        6.0305038859565618     
         606  0.51502478233554694        6.0386833371552946     
         607  0.50300915648390998        6.0494861503498925     
         608  0.55022024608142428        6.0748012583445483     
         609  0.55246367132210727        6.0865952154227827     
         610  0.52993625246717757        6.0996687667477492     
         611  0.58179146800649717        6.1111588426992842     
         612  0.54343671341368216        6.1344719287742704     
         613  0.43285878265168021        6.1467004621396519     
         614  0.54464989021286470        6.1587425135578844     
         615  0.47647452649312760        6.1644821388391229     
         616  0.48779838140583737        6.1771894188560914     
         617  0.51116472613834329        6.1860953135004770     
         618  0.44143698035878476        6.2005495961063257     
         619  0.48889844664621829        6.2098235775497086     
         620  0.54275944642161877        6.2229478851861852     
         621  0.50943741854229441        6.2383334403750563     
         622  0.47906383998865820        6.2448392601983453     
         623  0.55230280197178105        6.2621904171483767     
         624  0.37924761793197898        6.2815140855714482     
         625  0.57049506176811471        6.3086542137389054     
         626  0.41715858795641547        6.3324160845451125     
         627  0.41216062962431854        6.3397977467305333     
         628  0.47477396712723435        6.3455336893916483     
         629  0.46757426712789102        6.3595217165928855     
         630  0.53504867866346295        6.3749665630139267     
         631  0.49299607666899281        6.4002970433172264     
         632  0.49691877001279106        6.4054195115592547     
         633  0.54743371549536779        6.4142272871488570     
         634  0.44005101532147040        6.4439801521936717     
         635  0.48992913344418554        6.4485304781134909     
         636  0.55996807288600314        6.4634110665051381     
         637  0.48274900333147602        6.4886883378629632     
         638  0.53093606800160098        6.4991731442952894     
         639  0.48621695182339508        6.5147165117414767     
         640  0.45669624241609291        6.5239574080621274     
         641  0.43164096364014076        6.5357621360267002     
         642  0.53246192158159589        6.5431260225869829     
         643  0.51867178411998316        6.5580947961272882     
         644  0.38912677251753169        6.5639332811022859     
         645  0.39894498647957194        6.5742690344795207     
         646  0.56128447076859722        6.5836522296370790     
         647  0.52136311991366435        6.5976800904275867     
         648  0.25889221353094899        6.6236078422432607     
         649  0.44133199813147528        6.6466228651158046     
         650  0.49601420232121912        6.6513766420932816     
         651  0.48007195837883271        6.6764496618582161     
         652  0.44988179073220758        6.6965093084615086     
         653  0.40353432688597596        6.7127889956834847     
         654  0.55592991806022363        6.7254507051449313     
         655  0.49392513492580936        6.7339404325260865     
         656  0.53148854871114837        6.7433280309446895     
         657  0.36086462883674797        6.7639279174427234     
         658  0.54599670693832414        6.7654258409949213     
         659  0.51968645266083502        6.7847808150812110     
         660  0.51036230709225627        6.8063275318583614     
         661  0.54963984652425690        6.8271585646984434     
         662  0.43975464302066480        6.8291689221679865     
         663  0.53940608087398123        6.8573915782916419     
         664  0.42356754465060148        6.8836799592517339     
         665  0.48982984535342028        6.8957896523836322     
         666  0.51590895833234540        6.9019121592828334     
         667  0.52833962642142718        6.9124971047522603     
         668  0.53595663311269115        6.9368791555939104     
         669  0.40945276330876190        6.9620408946016505     
         670  0.49731883535298105        6.9927751296227481     
         671  0.46460397381261365        7.0173970627336946     
         672  0.51996088560427822        7.0387234818196989     
         673  0.48197701587672021        7.0453676973051218     
         674  0.53209175173102585        7.0536560030142343     
         675  0.49298488311174177        7.0867136341466956     
         676  0.41092963955024131        7.1103833053984182     
         677  0.56311460428636240        7.1236365335280771     
         678  0.54940294684437718        7.1421014796544204     
         679  0.43755191622206141        7.1505129557704370     
         680  0.53299357780906420        7.1820522557243676     
         681  0.52013097583546153        7.1928633988492185     
         682  0.55143409013755873        7.1986175477847105     
         683  0.57669805175908528        7.2107597075504835     
         684  0.57302233608166653        7.2321504915127752     
         685  0.50984997889995798        7.2393031488857700     
         686  0.49527147572341307        7.2644862587397574     
         687  0.45728279566387925        7.3021093201675757     
         688  0.42360906076208305        7.3070430380470963     
         689  0.52225693386971561        7.3211661888148498     
         690  0.45847242903528579        7.3309921809580780     
         691  0.52187600324175243        7.3375199617206679     
         692  0.40030813957895700        7.3551942084664343     
         693  0.53158389812094486        7.3766684184702553     
         694  0.53620943583875402        7.4010229392200202     
         695  0.41646219847800403        7.4202553443786297     
         696  0.43256054119040377        7.4364110573719060     
         697  0.50159492589050003        7.4487891105335144     
         698  0.48076694793233271        7.4532693619939119     
         699  0.45952475431487860        7.4754125763087274     
         700  0.40690561657176921        7.4941034225403049     
         701  0.53271508815634494        7.5115350788081381     
         702  0.56935018514604319        7.5327891332414776     
         703  0.50169268427575298        7.5576350293394121     
         704  0.53651419007327872        7.5658559395074345     
         705  0.51754545040225330        7.6020015206003739     
         706  0.46497303770058163        7.6294688054440361     
         707  0.51097983140987813        7.6421277583633609     
         708  0.45780313724926824        7.6460589034809354     
         709  0.51371913595729490        7.6764168551980800     
         710  0.49082562117956208        7.7058879925847146     
         711  0.44279847775284376        7.7075878711516328     
         712  0.49649619948160911        7.7420430033694725     
         713  0.45728140865436850        7.7657542679341507     
         714  0.41714044169318631        7.7879643825239286     
         715  0.50731481250288935        7.8106431592979622     
         716  0.55024560199202743        7.8357913334128986     
         717  0.48338200601421188        7.8442512724638886     
         718  0.44555519566164564        7.8691354139471237     
         719  0.45366648708659418        7.8770171524942425     
         720  0.47207861523488842        7.9129600149341544     
         721  0.44250138796694616        7.9196518843722670     
         722  0.37775321737556400        7.9495270977511510     
         723  0.49052716428806037        7.9697491178881936     
         724  0.51277403015754908        7.9971246472990662     
         725  0.46348649615646587        8.0215209824664928     
         726  0.47434752781369377        8.0313009973576968     
         727  0.44953350347081006        8.0759451343394879     
         728  0.50609541877528874        8.0770534875148154     
         729  0.49425771502273130        8.0981606855702779     
         730  0.51966770685591945        8.1370579239329164     
         731  0.42630336160544147        8.1409728277871132     
         732  0.52230837162233723        8.1538284258027431     
         733  0.50656427903761925        8.1760300127323884     
         734  0.49749439972200987        8.1992686207970014     
         735  0.52060734450191348        8.2132395612260947     
         736  0.42747599135037023        8.2287419571506675     
         737  0.49394449213672936        8.2591157624391407     
         738  0.50367904517129325        8.2847301593804268     
         739  0.42054634206165642        8.3123478692562838     
         740  0.50691039233975221        8.3440230165776459     
         741  0.46920234698386487        8.3623098263685876     
         742  0.39478003677351631        8.3685371930938874     
         743  0.42260933270160495        8.4020986727522686     
         744  0.35241502240915829        8.4150659153377134     
         745  0.38836262116655595        8.4648826765816327     
         746  0.42309958288681876        8.4754357436846650     
         747  0.53306435136152930        8.5056725905795805     
         748  0.52651328121232577        8.5124583215104455     
         749  0.38220690954981168        8.5555706739081288     
         750  0.49078158742950784        8.6081286118527043     
         751  0.36792284105772122        8.6361102500546885     
         752  0.48471886559785249        8.6432292011920406     
         753  0.51134884681936754        8.6503996290810061     
         754  0.43068017593419983        8.6676373155371014     
         755  0.43465612274069892        8.6966586649618538     
         756  0.37389176761926168        8.7538043187026524     
         757  0.43263423842345505        8.8090976166727071     
         758  0.39293201002291406        8.8497397411275465     
         759  0.43040407353010424        8.8849989446051989     
         760  0.44649852114452915        8.9007164958953400     
         761  0.48253886803963297        8.9208890865641752     
         762  0.40964979786518912        8.9424865968073313     
         763  0.41532542860832450        8.9722402751029975     
         764  0.40669639500064142        8.9825710404848653     
         765  0.36116834526216807        9.0170087731322202     
         766  0.47807301391382878        9.0399648076137353     
         767  0.51075335766858820        9.0669326367921439     
         768  0.42168950915043818        9.0785318141008062     
         769  0.41109519309039472        9.1052634543782442     
         770  0.49859931399941354        9.1372005108657088     
         771  0.50831878347998793        9.1937929226481092     
         772  0.47918790209810130        9.1980352360693001     
         773  0.35225140426826190        9.2151986909327768     
         774  0.42001053472816086        9.2637129251995223     
         775  0.44622611903966414        9.3073425939259575     
         776  0.48193602013770726        9.3227721906007872     
         777  0.19493245560901099        9.3556730464855722     
         778  0.46558175653638567        9.3958842597980325     
         779  0.36140297231290652        9.4139990418546873     
         780  0.43698663109119773        9.4428335229299893     
         781  0.33660126700577925        9.4590707543276515     
         782  0.39383319071331568        9.5008401635139403     
         783  0.37539130365412593        9.5305741525434762     
         784  0.37530815370110521        9.5580433235437798     
         785  0.37883579833679981        9.6027837275736694     
         786  0.41928177185896603        9.6183950918584991     
         787  0.39331214179443952        9.6382839082640821     
         788  0.37105596652381950        9.6864047677414842     
         789  0.37495644344812484        9.7001259187950968     
         790  0.39583259066188442        9.7635942820279809     
         791  0.48876942061460793        9.7658865864213951     
         792  0.42905602732702569        9.7705514241571958     
         793  0.37644459029625055        9.8247906677340389     
         794  0.30583757241062587        9.8878287413704058     
         795  0.37951336684555059        9.9067989097702327     
         796  0.43232566264498573        9.9348610390044954     
         797  0.34084297650592676        9.9646505781542309     
         798  0.36538247891540809        10.039600558817547     
         799  0.34925865754352631        10.074220640581091     
         800  0.29538198438583185        10.146629706399871     
         801  0.37708293538490378        10.164259758507017     
         802  0.40128482573357122        10.241241176674174     
         803  0.32772344306696399        10.250649349724856     
         804  0.34278826712320498        10.306256988566085     
         805  0.26845581144498887        10.327198391851217     
         806  0.30037206512774289        10.399403874279765     
         807  0.30489635657253572        10.451639380869223     
         808  0.26279926086809702        10.493631403871344     
         809  0.30571813918504043        10.547414230438228     
         810  0.34177984387899407        10.556936827882776     
         811  0.31273792808288664        10.606576097544451     
         812  0.30663161512268611        10.681841952295505     
         813  0.20324062738108570        10.745641495860031     
         814  0.31593731276121784        10.807041361459927     
         815  0.18925035381366692        10.908816412735291     
         816  0.30551949990818528        10.945861704755709     
         817  0.28203287969749652        10.977292960743657     
         818  0.30638790966658547        11.111936285436315     
         819  0.17410825310094197        11.161022934568269     
         820  0.29483974680256142        11.176424510743223     
         821  0.23842578571290179        11.304356003379802     
         822  0.17739676085097700        11.316742079780514     
         823  0.23058798102814043        11.450874544058983     
         824   9.4889051706407698E-002   11.491353973904266     
         825  0.24849854565934026        11.558312764009404     
         826  0.18321570805794621        11.706307993734475     
         827  0.13638046682870078        11.929983886247923     
         828  0.10773481571654579        12.057883115420019     
         829  0.12450620466587480        12.143072351518764     
         830  0.10155676927087716        12.506647492971974     
         831   7.1829568663084153E-002   12.786486989056463     
