    1  22.31   0.000
    2  10.57   0.030
    3  10.65   0.100
    4  15.56   0.050
    5  12.73   0.310
    6  17.62   0.550
    7  25.06   0.120
    8  27.50   0.970
    9  20.14   4.160
   10  16.25   2.560
   11  20.50   2.010
   12  22.11   0.000
   13  27.23   0.000
   14  25.55   0.000
   15  20.37   0.000
   16  18.54   0.000
   17  35.09   0.180
   18  34.21   0.030
   19  32.77   0.160
   20  61.24   0.080
   21  24.82   0.140
   22  18.78   0.350
   23  15.54   0.630
   24  14.77   0.000
   25  13.46   0.000
   26  11.64   0.000
   27  13.46   0.120
   28  14.50   0.190
   29  14.62   4.820
   30  21.75  31.310
   31  42.03 149.110
   32 116.48 103.410
   33 124.67  50.580
   34 132.34  88.960
   35  80.51 228.430
   36  64.83 134.960
   37  29.56  21.260
   38  20.87   5.750
   39  13.30   0.950
   40   8.78   0.930
   41   8.47   0.000
   42   9.70   0.060
   43  12.73   0.030
   44  15.45   1.280
   45  19.32  16.980
   46  33.38  95.070
   47  39.02 290.370
   48  38.48 214.330
   49  40.39 145.960
   50  47.87 148.810
   51  61.19  91.980
   52  59.80 218.990
   53  28.17  59.700
   54  19.42  16.540
   55  19.59   0.620
   56  18.24   0.330
   57  12.48   0.160
   58  12.29   0.240
   59  13.03   0.230
   60  10.04   0.000
   61   7.52   0.000
   62   7.75   0.000
   63   9.11   0.000
   64   7.79   0.000
   65   6.19   0.000
   66   9.12   0.000
   67   9.31   0.000
   68   9.71   0.000
   69   9.01   0.000
   70  13.46   0.000
   71   6.05   0.000
   72   5.99   0.000
   73   7.28   0.000
   74   8.59   0.000
   75   8.03   0.000
   76   8.21   0.100
   77   8.19   0.060
   78   8.45   0.010
   79  11.17   0.090
   80  18.99   1.000
   81  29.46   2.310
   82  55.44   0.490
   83  23.40   0.520
   84  13.93   0.470
   85  11.59   0.140
   86   9.31   0.040
   87   7.00   0.010
   88   9.38   0.030
   89  10.76   0.040
   90  11.14   0.000
   91  12.34   0.000
   92  19.66   0.000
   93  12.65   0.000
   94  10.45   0.000
   95   8.93   0.000
   96   7.32   0.000
   97   7.76   0.000
   98   9.83   0.000
   99   9.45   0.000
  100   8.26   0.000
  101  10.24   0.000
  102  14.58   0.000
  103  15.70   0.000
  104  17.88   0.000
  105  30.27   0.000
  106  26.17   0.000
  107  19.77   0.000
  108  15.15   0.000
  109   9.54   0.000
  110   7.99   0.000
  111   7.61   0.000
  112   6.57   0.000
  113   6.32   0.000
  114   5.92   0.000
  115   5.93   0.000
  116   4.60   0.000
  117   3.99   0.000
  118   5.05   0.000
  119   4.94   0.000
  120   4.61   0.000
  121   5.23   0.000
  122   5.20   0.000
  123   5.08   0.000
  124   5.91   0.000
  125   5.62   0.000
  126   5.95   0.000
  127   6.86   0.000
  128   8.68   0.000
  129   9.01   0.000
  130   9.59   0.000
  131   7.00   0.000
  132   6.33   0.000
  133   4.64   0.000
  134   4.33   0.100
  135   5.42   0.000
  136   5.77   0.000
  137   7.70   0.000
  138   6.88   0.000
  139   8.80   0.000
  140   6.58   0.000
  141   6.14   0.000
  142   7.05   0.000
  143   8.06   0.000
  144   9.99   0.000
  145  13.67   0.000
  146  16.46   0.000
  147  10.84   0.000
  148   8.93   0.000
  149   7.06   0.000
  150   6.90   0.000
  151   5.60   0.000
  152   6.00   0.000
  153   7.33   0.000
  154   7.02   0.000
  155   7.08   0.000
  156   7.58   0.580
  157   8.29   9.150
  158   9.74   2.540
  159  12.23   1.450
  160  10.24   3.740
  161  11.81   1.740
  162  10.64  10.030
  163  15.53  74.300
  164  23.09 127.750
  165  38.56 247.910
  166  60.23 296.020
  167 181.75 299.960
  168  46.54 302.260
  169  25.02 233.680
  170  23.10 237.030
  171  17.42  52.880
  172  15.06  83.470
  173  30.43 237.830
  174  16.45  99.650
  175  12.37   3.040
  176   7.94   0.000
  177  12.45   0.000
  178   6.64   0.000
  179   6.42   0.000
  180   5.57   0.000
  181   8.65   0.000
  182   8.87   0.340
  183   6.87   3.670
  184  11.70   5.420
  185  15.52   5.660
  186  14.19  11.110
  187  11.95  23.340
  188   9.30   3.570
  189   8.55   0.320
  190   5.62   0.000
  191   5.15   0.000
  192   4.33   0.000
  193   4.00   0.000
  194   3.95   0.000
  195   3.63   0.000
  196   3.49   0.000
  197   3.73   0.000
  198   3.90   0.000
  199   4.07   0.000
  200   4.49   0.000
  201   5.31   0.000
  202   4.99   0.000
  203   4.93   0.000
  204   4.53   0.000
  205   4.87   0.000
  206   6.70   0.000
  207   6.63   0.000
  208   8.30   0.000
  209   8.04   0.000
  210  11.96   0.000
  211  21.33   0.000
  212  14.72   0.000
  213  14.33   0.000
  214  60.67   0.000
  215  79.74   0.000
  216  28.93   0.000
  217  27.18   0.000
  218  19.96   0.000
  219  26.04   0.000
  220  21.36   0.000
  221  13.83   0.000
  222  15.91   0.000
  223  19.60   0.000
  224  18.49   0.000
  225  12.57   0.000
  226  18.40   0.000
  227  22.95   0.000
  228  19.84   0.000
  229  19.68   0.000
  230  16.14   0.000
  231  14.55   0.000
  232  15.63   0.000
  233  11.11   0.000
  234  10.10   0.000
  235  15.35   0.000
  236  12.77   0.000
  237  10.44   0.000
  238   9.19   0.000
  239  13.71   0.000
  240  16.51   0.000
  241   9.71   0.000
  242   8.18   0.000
  243   9.69   0.000
  244   7.93   0.000
  245   6.09   0.000
  246   7.08   0.000
  247   6.59   0.000
  248   4.68   0.000
  249   5.31   0.000
  250   7.26   0.000
  251  10.19   0.000
  252  11.41   0.000
  253   7.30   0.000
  254  12.71   0.000
  255  11.30   0.000
  256   5.54   0.000
  257   7.39   0.000
  258   6.12   0.000
  259   6.32   0.000
  260   8.75   0.000
  261   7.53   0.000
  262   5.90   0.000
  263   6.14   0.000
  264   9.27   0.000
  265   8.92   0.000
  266   6.79   0.000
  267   8.95   0.000
  268  12.51   0.000
  269   9.38   0.000
  270   8.18   0.000
  271  13.97   0.000
  272  13.62   0.000
  273   8.82   0.000
  274  16.02   0.000
  275  16.33   0.000
  276  10.61   0.000
  277  10.54   0.000
