47.98
44.17
47.43
50.47
55.94
62.07
65.54
66.07
66.3
62.75
60.49
56.34
54.46
49.66
44.59
42.44
49.39
61.68
69.06
71.65
68.14
56.08
45.47
33.95
35.82
35.97
40.79
49.27
54.89
61.14
62.12
66.08
61.25
51.41
41.91
33.64
29.02
30.17
34.81
44.74
53.49
63.3
86.3
86.83
86.46
84.13
79.3
71.68
66
64.17
60.34
49.42
42.89
40.68
37.42
38.15
41.34
41.34
41.54
35.83
36.17
33.14
30.15
28.68
32.55
33.62
37.74
38.41
40.52
50.03
59.95
66.24
65.62
59.71
52.51
43.23
34.79
33.08
30.24
34.16
33.49
36.46
39.18
32.97
29.82
27.26
26.04
27.55
31.68
30.75
31.41
34.13
40.2
43.28
51.48
55.71
53.01
43.63
41.3
41.43
39.28
35.73
30.4
32.04
31.93
29.08
28.36
29.18
28.11
24.51
24.7
27.73
25.12
24.41
26.98
27.82
28.76
30.09
34.49
34.54
35.48
33.47
26.95
25.11
30.27
30.55
24.72
22.26
22.33
25.65
25.89
26.03
26.13
30.53
37.22
36.91
41.79
43.9
39.8
31.43
28.01
27.77
24.93
31.02
33.96
41.97
47.04
51.63
59.57
67.42
73.48
77.4
80.84
84.99
86.53
86.93
48.43
40.96
33.13
31.16
29.68
28.45
26.5
30.42
32.27
28.8
33.35
38.37
36.8
34.31
29.68
31.01
28.33
27.47
24.4
26.43
24.8
22.73
22.98
24
24.36
22.64
25.61
22.14
24.67
24.62
24.27
28.44
30.72
31.05
31.04
29.18
30.12
32.74
31.02
36.52
46.97
53.75
53.05
51.56
48.85
50.21
50.82
44.71
44.21
44.64
44.83
41.02
47.62
48.38
43.28
41.83
34.35
31.14
32.39
30.91
32.99
36.48
36.05
34.36
37.7
37.49
39.85
36.85
33.91
37.99
34.04
30.31
29.18
30.51
27.87
29.84
35.94
35.92
36.73
34.63
36.6
36.99
30.59
30.93
31.09
28.81
35.15
34.59
30.52
32.27
36.93
38.93
34.98
37.94
41.48
38.59
43.57
47.75
47.3
44.73
46.74
43.98
39.42
39.65
