 beta=   0.0000000000000000     
  -1.8975279081419926E-015
  -8.5083061880391228E-016
  -5.1133322858269865E-016
  -2.8187482286138833E-016
   2.6287726634987195E-016
   4.4769970158763524E-016
   6.1909800235022770E-003
   7.0032741170958143E-003
   1.7912053419509855E-002
   2.0226300568315144E-002
   2.2894565886183358E-002
   2.5377813635818747E-002
   2.6707768084276048E-002
   2.9231926595927365E-002
   3.1169880704674240E-002
   3.1854548511185514E-002
   3.9048174146076607E-002
   3.9938974993791100E-002
   4.4444687687081728E-002
   4.6384364797365470E-002
   4.8195340835133327E-002
   5.0012128671086363E-002
   5.1094143522435617E-002
   5.2770125070170266E-002
   5.4234384538766667E-002
   5.4767290441202307E-002
   5.7471991023016533E-002
   5.8764658674223424E-002
   6.0018810435950566E-002
   6.1937763342402079E-002
   6.2829731819815243E-002
   6.3798684333989650E-002
   6.5826855281281432E-002
   6.7059157097812447E-002
   6.7266812834153880E-002
   6.9508356767284007E-002
   7.2243923114905545E-002
   7.2766162158601086E-002
   7.4337153490062244E-002
   7.4760849989188874E-002
   7.5313968340955315E-002
   7.6356865174068519E-002
   7.8652658068947862E-002
   7.8824391383115394E-002
   8.2442866635152101E-002
   8.4522719807921864E-002
   8.5596266270538679E-002
   8.6945267068610513E-002
   8.7946639041799168E-002
   8.8162279026394064E-002
   9.0415955898897546E-002
   9.1840220881052523E-002
   9.3616403032428186E-002
   9.4333263957002755E-002
   9.5565447062721340E-002
   9.6911521377682289E-002
   9.7317532054504038E-002
   9.8412654570438921E-002
   9.9672238752432571E-002
  0.10009356660390162     
  0.10085663673060373     
  0.10178355791478688     
  0.10249841169612668     
  0.10383700078854065     
  0.10476915722795646     
  0.10567344750061616     
  0.10687988761606697     
  0.10771819406937237     
  0.10882892068419620     
  0.11025737004613080     
  0.11073421215387498     
  0.11239659089508303     
  0.11315140674500382     
  0.11384273180249559     
  0.11429787312075888     
  0.11570491103791083     
  0.11749397457248402     
  0.11833791142973289     
  0.12023527519877492     
  0.12058439052140983     
  0.12140819618487572     
  0.12183400993049727     
  0.12192393198648212     
  0.12325997832214408     
  0.12412313635055805     
  0.12444126278006964     
  0.12508628930414561     
  0.12610262043765599     
  0.12681931514059333     
  0.12789614832131668     
  0.12851099369095509     
  0.12941341221904354     
  0.13006217734487416     
  0.13127701188395621     
  0.13254339810837953     
  0.13304428871375590     
  0.13343264243436662     
  0.13430170579500869     
  0.13497791767307857     
  0.13580385750039004     
  0.13655754807695733     
  0.13771578551291200     
  0.13804148063739796     
  0.13887430275100116     
  0.13986169096333992     
  0.14107440158168094     
  0.14153878635117345     
  0.14174835483876061     
  0.14248739277332931     
  0.14261702741473281     
  0.14332404455701356     
  0.14385678539919933     
  0.14520121268838168     
  0.14597617548925385     
  0.14680828482725938     
  0.14701527570298648     
  0.14851254007345613     
  0.14882753360670792     
  0.14908595193485480     
  0.14942054290437598     
  0.15008987360911338     
  0.15115380825855848     
  0.15171026265560927     
  0.15220366963786322     
  0.15241679166409844     
  0.15331284794866376     
  0.15337719152728244     
  0.15375830301812971     
  0.15442716279522026     
  0.15493162491057005     
  0.15605513972194079     
  0.15758637736018485     
  0.15794544484578280     
  0.15811700301028761     
  0.15895186008798401     
  0.15943197542519305     
  0.15994117037145530     
  0.16049524391543249     
  0.16129914015720570     
  0.16202346198722678     
  0.16278730375772738     
  0.16290430467958339     
  0.16325324621414450     
  0.16441609941458654     
  0.16469438402457495     
  0.16576847251144963     
  0.16630643074876705     
  0.16672009964682111     
  0.16713875808919396     
  0.16763095944995182     
  0.16838855936250599     
  0.16861482078166837     
  0.16952722218597596     
  0.16970696492083534     
  0.16986508585976176     
  0.17133921408024089     
  0.17163993550664006     
  0.17251657032908971     
  0.17289286734519885     
  0.17333219520836249     
  0.17350696386755171     
  0.17418176086677584     
  0.17508778128833521     
  0.17547364464884088     
  0.17640133535359723     
  0.17673760318536866     
  0.17714285287382778     
  0.17770896320025900     
  0.17920266138300633     
  0.17942838537323172     
  0.17976769779990531     
  0.18010471634360115     
  0.18051525037275745     
  0.18109658475480803     
  0.18156572999134135     
  0.18238747984886353     
  0.18296460749344060     
  0.18358702209063407     
  0.18367221352715046     
  0.18441973402802453     
  0.18513318438632992     
  0.18522205691206514     
  0.18641927525382404     
  0.18702757950864404     
  0.18721969013207926     
  0.18758394766543304     
  0.18828682069582783     
  0.18925158461114949     
  0.18990082854551546     
  0.19009198590265625     
  0.19077849107620976     
  0.19155960555330670     
  0.19204862948684587     
  0.19225037215688620     
  0.19320995818392020     
  0.19393892612505492     
  0.19447108920861139     
  0.19470210426502199     
  0.19537174078911276     
  0.19585043706223187     
  0.19618190183154238     
  0.19781419638209788     
  0.19784258500752042     
  0.19874805425672587     
  0.19966647182408720     
  0.20029642098741199     
  0.20047180175065246     
  0.20085520181231262     
  0.20202194261569112     
  0.20223476247633004     
  0.20304520966838305     
  0.20361620201400091     
  0.20427972172662637     
  0.20481226555595961     
  0.20541804826663726     
  0.20591747988079517     
  0.20650173529955285     
  0.20706406074267689     
  0.20827032893181846     
  0.20881317758243700     
  0.20895099853656668     
  0.21011590277828449     
  0.21124103942361364     
  0.21170244003223354     
  0.21185123483470752     
  0.21313937306413760     
  0.21354592984470985     
  0.21394328176114843     
  0.21492172143354377     
  0.21521515785825543     
  0.21596353844798244     
  0.21677145988019572     
  0.21732733356750780     
  0.21856446309911964     
  0.21873388079189213     
  0.21914159946581119     
  0.21987310865951498     
  0.21990444447922797     
  0.22082582545052759     
  0.22178112577648329     
  0.22268402027789105     
  0.22401244452675445     
  0.22408227024839955     
  0.22474096275847616     
  0.22622477272266808     
  0.22676466148741464     
  0.22800576442089820     
  0.22912473391373084     
  0.23031772070232501     
  0.23118624700126897     
  0.23202355933198446     
  0.23302733838905362     
  0.23400244315069565     
  0.23467911086947865     
  0.23592502610846813     
  0.23736919985683613     
  0.23785737088915862     
  0.23887170279608080     
  0.23935915430434451     
  0.23955767147566792     
  0.24145813068750838     
  0.24305087616974325     
  0.24350260459432624     
  0.24438174171049284     
  0.24547341053561206     
  0.24711911414749774     
  0.24779989805295835     
  0.24870724679095316     
  0.25141158063168717     
  0.25309523359881414     
  0.25335105431848837     
  0.25412057571593794     
  0.25509508756659621     
  0.25602401848678141     
  0.25753642447353375     
  0.25841239713649700     
  0.25897782245860457     
  0.26016390151721852     
  0.26236548330322662     
  0.26283191221428687     
  0.26424565364579827     
  0.26500690333381688     
  0.26570569973903757     
  0.26678818207013777     
  0.26778714625326544     
  0.27000849217150308     
  0.27065783271526278     
  0.27162389922223878     
  0.27328161806974655     
  0.27395959955677951     
  0.27497915775410642     
  0.27700357358404587     
  0.27949239161515627     
  0.28038376005387849     
  0.28229324804656669     
  0.28290954570704674     
  0.28524060849347604     
  0.28561650765115543     
  0.28760775405131372     
  0.28816081873060367     
  0.29013674317495730     
  0.29161528100443523     
  0.29212323918247451     
  0.29545068222821785     
  0.29755246396326213     
  0.29817619295419218     
  0.29915795194756772     
  0.30177321030332904     
  0.30507474422208397     
  0.30781447161611647     
  0.30895794158195566     
  0.31002375616427186     
  0.31364281530473481     
  0.31463535203529513     
  0.31676730505374567     
  0.31865118367608808     
  0.32023065389258598     
  0.32110688452236097     
  0.32323908357353676     
  0.32521539958904561     
  0.32651146780285784     
  0.32726457730949543     
  0.32762495534465641     
  0.33072543779087349     
  0.33307149173761758     
  0.33645215818780971     
  0.33732081964215760     
  0.33743076422357221     
  0.33813812536502713     
  0.33957267502779659     
  0.34099361246645182     
  0.34493022651665806     
  0.34864769724875300     
  0.35302884814836433     
  0.35334050093827829     
  0.35508173760905309     
  0.35561203849517270     
  0.35765871878906558     
  0.36052381569726349     
  0.36148215415894946     
  0.36246454833643865     
  0.36504376500364322     
  0.36618395623109029     
  0.37002172575131587     
  0.37086868503616643     
  0.37525777167011609     
  0.37762239262420788     
  0.37956850572465917     
  0.38213678725264433     
  0.38333741492622597     
  0.38704036941394310     
  0.39136166457219695     
  0.39240534852430170     
  0.39445960100528832     
  0.39479183340042284     
  0.39623667044093103     
  0.39733210530620139     
  0.39838778078233961     
  0.39999173498143825     
  0.40125747217723978     
  0.40257514122925309     
  0.40395095847785906     
  0.40420020975522930     
  0.40824773973322970     
  0.40930036296549588     
  0.41005400964974387     
  0.41271125304049172     
  0.41472261312716946     
  0.41686973978142522     
  0.41865073770481248     
  0.41893558884226062     
  0.42290655450163284     
  0.42450436245401191     
  0.42566310030268245     
  0.43183129800197478     
  0.43484064771016306     
  0.43875114296612966     
  0.44388058756612597     
  0.44592045283252441     
  0.45359453505426506     
  0.45590995613013779     
  0.46034426368482984     
  0.46535235584512918     
  0.46621732713181957     
  0.46863188764490876     
  0.47183634597788865     
  0.47739126265130560     
  0.48241235435657237     
  0.48545393570378292     
  0.49791636877446177     
  0.50428108095858493     
  0.51826959213679791     
  0.52084216632601155     
  0.52167959706210165     
  0.52996739053663200     
  0.53789664319899200     
  0.54147534545008769     
  0.54595176319268413     
  0.56784003591568433     
  0.58096477771168287     
  0.61506915044307764     
  0.61951501353047689     
  0.64412884937160675     
  0.65203849653018175     
  0.65665176614287246     
  0.68587124060453508     
  0.70521946235002309     
  0.72412642887986467     
  0.74437467693253578     
  0.74709784202565588     
   1.0417151442325761     
   1.0567757185240008     
   1.0878222131819977     
   1.0894405164380567     
   1.1250766165696320     
   1.1310127040122187     
   1.1557021646327386     
   1.1907261248885264     
   1.2007752364362683     
   1.2082939613481578     
   1.2212311227107107     
   1.2693043947562115     
   1.2824985909151052     
   1.2859643882925060     
   1.2908778417679438     
   1.3334601510944313     
   1.3484568257361009     
   1.3565279198687330     
   1.3908041592351257     
   1.4021145910247055     
   1.4044766656148804     
   1.4214641833090940     
   1.4781142247596015     
   1.4836810511598375     
   1.5092890821402050     
   1.5111076684867357     
   1.5179267917204970     
   1.5219589492696983     
   1.5474231488693240     
   1.5515952747955608     
   1.5588778636370890     
   1.6164523517435379     
   1.6358246420938860     
   1.6388683410240401     
   1.6466354196667243     
   1.6595282565876355     
   1.6667095861080907     
   1.6859443898600346     
   1.6998340042449060     
   1.7019985826507340     
   1.7317368082805584     
   1.7462320394814108     
   1.8122913557852820     
   1.8276220294822425     
   1.8585631296321872     
   1.9017645290973273     
   1.9201513599629698     
   1.9221172333145933     
   1.9349407260609874     
   1.9366783046538782     
   1.9624213209059136     
   1.9673553174960101     
   1.9718619024446860     
   1.9782092576242627     
   1.9864327766510499     
   1.9872335048642320     
   1.9915118471847015     
   2.0084637503932363     
   2.0092932451433483     
   2.0128756109013026     
   2.0399884423431129     
   2.0417956016496532     
   2.0481346836155438     
   2.0570396122052901     
   2.0618435744616064     
   2.0649505085773896     
   2.0769251435370775     
   2.0792710518897310     
   2.0976848339321368     
   2.0978230143358898     
   2.0984125277712331     
   2.0990219950704585     
   2.1009257212881898     
   2.1013467911110406     
   2.1031344201151017     
   2.1087778640824744     
   2.1094091970696014     
   2.1159216034171431     
   2.1214459449597922     
   2.1229791006807499     
   2.1241002931835666     
   2.1295400308674046     
   2.1305578022630445     
   2.1308474134676825     
   2.1314288504814027     
   2.1434749727522773     
   2.1453649309719762     
   2.1495649043164553     
   2.1507207203473619     
   2.1510007501348074     
   2.1528962175013029     
   2.1553994590163508     
   2.1555716682196757     
   2.1602280875691031     
   2.1636328171203609     
   2.1668754231353944     
   2.1712341103806794     
   2.1873578449165700     
   2.1875861443646745     
   2.1927820804865457     
   2.1942699520875477     
   2.1971222911282768     
   2.1997181438241604     
   2.2055875110398606     
   2.2087156375817685     
   2.2088657208016818     
   2.2129322603521682     
   2.2159452043658625     
   2.2260528499326200     
   2.2288365546177085     
   2.2300486546642255     
   2.2338914610319347     
   2.2353094687550814     
   2.2361258013340626     
   2.2483690854914853     
   2.2501858513226964     
   2.2528477811758458     
   2.2553546859516347     
   2.2575440884214255     
   2.2676254631237911     
   2.2716424304558211     
   2.2844190504895865     
   2.2938955581488933     
   2.2980437247196028     
   2.3005443372026493     
   2.3011983669881007     
   2.3113791935950561     
   2.3158374940550317     
   2.3222187411352020     
   2.3240508934326476     
   2.3245423007022969     
   2.3280987237612250     
   2.3405088436322123     
   2.3413417953324331     
   2.3418376796724050     
   2.3487539217265940     
   2.3582102214564222     
   2.3723696716420490     
   2.3889462501778889     
   2.3936371168989425     
   2.3984655978457647     
   2.4125383655870385     
   2.4176237847747877     
   2.4209973210963991     
   2.4306883806417767     
   2.4321991942458574     
   2.4368947509684702     
   2.4442513631618690     
   2.4449955148171401     
   2.4480604329614706     
   2.4580362193171039     
   2.4811316273046247     
   2.4818889044336738     
   2.4838208787521059     
   2.4863405194288588     
   2.5135596885767848     
   2.5330054191245877     
   2.5702108439785873     
   2.5840431898723479     
   2.5984689320740570     
   2.6485650269673013     
   2.6635930634845035     
   2.6969332444577678     
   2.7035321492786353     
   2.7104445817676135     
   2.7138944847645701     
   2.7216182575690642     
   2.7394334185694604     
   2.7439330422195041     
   2.7550882834413533     
   2.7664653706558164     
   2.7773625729088725     
   2.7853771818969024     
   2.8023919858792614     
   2.8258767680622690     
   2.8414452886728681     
   2.8551355100885640     
   2.8710084322333471     
   2.8717245578634580     
   2.9044667418268864     
   2.9970380532235343     
   3.0011971713224534     
   3.0130256935213975     
   3.0567429286881040     
   3.0583635774455709     
   3.0681424594475786     
   3.0854165142713694     
   3.0921543183020650     
   3.0922874142790109     
   3.1103029018819677     
   3.1643291054154594     
   3.2115062329554127     
   3.2265708877179726     
   3.2319169581464551     
   3.2362465951120347     
   3.2474821496532451     
   3.2747506905637187     
   3.3037340367893191     
   3.4216893525428489     
   3.4639171810257414     
   3.4998244400092151     
   3.5161595849372604     
