 beta=   0.0000000000000000     
  -4.2695772531128198E-015
  -2.7907218688030315E-015
  -2.3341672319527300E-015
  -2.5715346750939742E-016
   9.8267549477140512E-016
   1.4747957754486250E-015
   3.2478833522164186E-002
   4.1641563452814889E-002
   5.6088453550487090E-002
   7.5647766917922674E-002
   8.7476886717496358E-002
   9.0137370471017816E-002
   9.6127388076159670E-002
   9.9622418133094318E-002
  0.10253200883045235     
  0.10508895925643211     
  0.10846412822968025     
  0.11143633755307165     
  0.11574230019645777     
  0.12095850310331102     
  0.12494609736101038     
  0.12589455345716025     
  0.12694421359121860     
  0.12907773402666942     
  0.12987379674702001     
  0.13213419782180177     
  0.13511552682404643     
  0.13577969370949847     
  0.13822590589150077     
  0.13925733445642485     
  0.14054351490851236     
  0.14202438403211307     
  0.14379625161361473     
  0.14541395397904103     
  0.14680918090282824     
  0.14954208190416565     
  0.15098170184704238     
  0.15315998246239518     
  0.15444791131339561     
  0.15508195044867548     
  0.15744794691948027     
  0.15922527966322414     
  0.16081316599837683     
  0.16412890722494780     
  0.16720725924271754     
  0.17082879913797866     
  0.17124485097454734     
  0.17304886439526732     
  0.17441219649221851     
  0.17753201009231370     
  0.17867831135982937     
  0.17943631253567316     
  0.18193750623854910     
  0.18256035772964702     
  0.18551571796214378     
  0.18634718243380735     
  0.18692907504443476     
  0.18977199526164656     
  0.19041917504685793     
  0.19199844707567562     
  0.19414874217726080     
  0.19427298722268743     
  0.19571521916318421     
  0.19617504193067323     
  0.19693755828067996     
  0.19860788676326943     
  0.19931778744030715     
  0.20021230281129024     
  0.20177123374853381     
  0.20230224252839099     
  0.20316458215676969     
  0.20446285967643318     
  0.20484979320929245     
  0.20663438644362481     
  0.20759941703427381     
  0.20854605676871585     
  0.20952908982620080     
  0.21048163407743448     
  0.21161146004874645     
  0.21294062719226220     
  0.21339486644705669     
  0.21476415792514006     
  0.21670021317279023     
  0.21746366887518628     
  0.21905363621052484     
  0.22310886292132631     
  0.22508396931783817     
  0.22595215142967187     
  0.22734938152418216     
  0.22765170472838622     
  0.22935354540480762     
  0.23105661478152914     
  0.23203623542464347     
  0.23348272972814782     
  0.23495742402504516     
  0.23534141118283936     
  0.23636490610682423     
  0.23730088410221917     
  0.23789421347059095     
  0.24174400076105410     
  0.24363403317020579     
  0.24449521875334293     
  0.24647310289281937     
  0.24888411609895986     
  0.24960672139602494     
  0.24971924233575188     
  0.25075645810740815     
  0.25316796376415218     
  0.25354748851999365     
  0.25437790488269252     
  0.25555596996280905     
  0.25662602357831382     
  0.25786506782565061     
  0.25828433631349718     
  0.25953301393974171     
  0.26065991872787819     
  0.26177139171894298     
  0.26235357939446963     
  0.26315139496860918     
  0.26420107048426361     
  0.26464416278631581     
  0.26542161852691082     
  0.26690303350622613     
  0.26765423905230656     
  0.26920904807862012     
  0.26966024684449835     
  0.27061994397354922     
  0.27140082053169623     
  0.27278762608659163     
  0.27313867439071615     
  0.27387060645163658     
  0.27496556523736471     
  0.27587799712287564     
  0.27651221536102799     
  0.27738537002426689     
  0.27889832474152360     
  0.27935075638586809     
  0.28010153281156519     
  0.28128163903127967     
  0.28188584659522375     
  0.28236133292917237     
  0.28317700109551003     
  0.28382309145789902     
  0.28450865337308739     
  0.28569955858314350     
  0.28620596932022441     
  0.28667229828144569     
  0.28717060997158378     
  0.28824213962655176     
  0.28964198759153498     
  0.28981745046259472     
  0.29034324687466090     
  0.29076768154241950     
  0.29167551548104853     
  0.29209783170421039     
  0.29321278249305693     
  0.29400717672822807     
  0.29531437975685898     
  0.29597978430560323     
  0.29625506561641812     
  0.29726922972087083     
  0.29824139585779130     
  0.29893259255174010     
  0.30009491042272435     
  0.30060514214648021     
  0.30185882309592904     
  0.30233752092186261     
  0.30278006111468114     
  0.30391223362491498     
  0.30443457695346449     
  0.30497032553729680     
  0.30691184660408738     
  0.30783767453852728     
  0.30811237056357166     
  0.30888074887761990     
  0.30943312981878290     
  0.30990725210754833     
  0.31088095925033621     
  0.31234189743796326     
  0.31288721953797893     
  0.31324574013639650     
  0.31377055963653000     
  0.31520836943740510     
  0.31568738470471952     
  0.31612074678596885     
  0.31670092807518002     
  0.31727953916773727     
  0.31866861850519040     
  0.31889779821786368     
  0.31981343953091551     
  0.32001407691178690     
  0.32107071485543331     
  0.32245292532671743     
  0.32342803754958721     
  0.32407934243296460     
  0.32511128634043773     
  0.32518079061635419     
  0.32618284392299296     
  0.32658623942968318     
  0.32712023393125772     
  0.32786553768548510     
  0.32847783697293886     
  0.32889302293167388     
  0.32932583733575366     
  0.33000078107027775     
  0.33114433803126042     
  0.33139120581916709     
  0.33196028999545557     
  0.33307133015036633     
  0.33400224760296066     
  0.33488064277863078     
  0.33550844917987321     
  0.33633503976207452     
  0.33663216163740722     
  0.33708603175649099     
  0.33786089519923257     
  0.33950569779400580     
  0.33994993844062193     
  0.34087945854363405     
  0.34174514405455475     
  0.34291403664566777     
  0.34443211373602323     
  0.34484457859244283     
  0.34660375143548011     
  0.34711269958656293     
  0.34795809844310621     
  0.34883224263925494     
  0.35005356069947435     
  0.35010868535071621     
  0.35141272183499900     
  0.35193026992768245     
  0.35269229430357357     
  0.35325419919068157     
  0.35400546026200563     
  0.35442403882380658     
  0.35673141265341679     
  0.35737397843885932     
  0.35775294729339091     
  0.35853991874959701     
  0.35915725807256987     
  0.36143412054181545     
  0.36317415486460997     
  0.36330543442109792     
  0.36443026881336654     
  0.36551935379739670     
  0.36715596640523396     
  0.36791404028026309     
  0.36886603780502891     
  0.36911799343206120     
  0.37048342364188225     
  0.37181270317503190     
  0.37224790750344117     
  0.37358850444267172     
  0.37531658181438560     
  0.37625924647270215     
  0.37793148278267391     
  0.37871296943603033     
  0.37928638045541535     
  0.38185959511974948     
  0.38276721938041858     
  0.38316883006265079     
  0.38502637594129679     
  0.38604793685921812     
  0.38715657883526905     
  0.38803966955130681     
  0.38943659007908055     
  0.39085659950850177     
  0.39176596402296532     
  0.39289677545605589     
  0.39604939409979556     
  0.39632665376789383     
  0.39800933967100077     
  0.39984997933525596     
  0.40173574877189555     
  0.40301289866146578     
  0.40536216600017666     
  0.40889851036964242     
  0.40953080860312219     
  0.41059187576913669     
  0.41224358812534839     
  0.41469421586587035     
  0.41572826710224048     
  0.41743973232987941     
  0.41852601340036699     
  0.42162537162175356     
  0.42224867386190812     
  0.42470790676174658     
  0.42685785817715044     
  0.42725846265531553     
  0.42935514128915692     
  0.43000140050011881     
  0.43221327444341467     
  0.43365899602829105     
  0.43508581596641649     
  0.43593593757746457     
  0.43714939273570652     
  0.43828414212625372     
  0.44132007904965415     
  0.44221655099058804     
  0.44395708105808585     
  0.44663325841133433     
  0.44764508637718098     
  0.44972171792631388     
  0.45096265473757696     
  0.45229809317361802     
  0.45400984539559847     
  0.45562181395008672     
  0.46052937540430772     
  0.46493870925686359     
  0.46533891422303497     
  0.46982652317473089     
  0.47237734577406193     
  0.47314697505670456     
  0.47667692647152426     
  0.47719481526464319     
  0.47934061889432816     
  0.48181497916153793     
  0.48837776333660021     
  0.49121994274305525     
  0.49379519533484217     
  0.49549294353016016     
  0.49744841382392391     
  0.49982624237001333     
  0.50288887870183763     
  0.50458083575034351     
  0.50592558437932811     
  0.50684494345203290     
  0.51267170930135653     
  0.51404809611094460     
  0.51505716103308052     
  0.51829575476290324     
  0.52001796872006822     
  0.52171579800128420     
  0.52797859181907680     
  0.52971240922762175     
  0.53540023084931232     
  0.53816968542930776     
  0.54120336663260116     
  0.54305442483736532     
  0.54534125589086102     
  0.54860893708517244     
  0.55385113866897573     
  0.55474708978379128     
  0.55974550550063917     
  0.56542343295396769     
  0.56739614447325748     
  0.56770796775774057     
  0.57211688883765255     
  0.57361977353530769     
  0.57839822535252661     
  0.57986026056672546     
  0.58349519612573086     
  0.58461082844671997     
  0.58846300878265201     
  0.59161903718407616     
  0.59741863853545296     
  0.59953448914308971     
  0.60208507141141276     
  0.60854155613898819     
  0.61428550445068508     
  0.61537852572248275     
  0.62044819774511295     
  0.62349293579399534     
  0.62464310367635811     
  0.64003625474648418     
  0.65179937515402298     
  0.65658919683368699     
  0.66863315959474701     
  0.67998095192648389     
  0.68052133768684897     
  0.68788404326728214     
  0.69637991142992739     
  0.69939490664516990     
  0.70625218662613565     
  0.73003769328665935     
  0.74039476486034095     
  0.76511017274986226     
  0.80269947125475216     
  0.80644489692606081     
   1.0531038339759096     
   1.0575233966716642     
   1.0636887837481404     
   1.0837166580260520     
   1.1048206897472692     
   1.1249326897808984     
   1.1764001367934960     
   1.1875540444171935     
   1.1972611968298794     
   1.2057795971197061     
   1.2477527757838658     
   1.2530736696102023     
   1.2612625101526500     
   1.2729123961000481     
   1.2761791235911946     
   1.3097075926358845     
   1.3240217812827013     
   1.3307129336701120     
   1.3547970994903569     
   1.3851739311222728     
   1.3997683088273580     
   1.4206205082783585     
   1.4591346883901659     
   1.4784386092626134     
   1.4846955655343221     
   1.5354418277113746     
   1.5358489040993968     
   1.5561162141368419     
   1.5833850259357145     
   1.6087784956248665     
   1.6230580744702119     
   1.6347499764233728     
   1.6687751432863756     
   1.7089867738980602     
   1.7171373160314574     
   1.7315746895966961     
   1.7436588383835177     
   1.7595710572977534     
   1.7691811865891189     
   1.7894517109845607     
   1.8084765103169853     
   1.8251508594339561     
   1.8399777538551481     
   1.8637969244340629     
   1.8719587557751074     
   1.8812419234237794     
   1.9117238794527576     
   1.9206050578239084     
   1.9954459243205005     
   2.0127222014481752     
   2.0182531179043606     
   2.0696859548189774     
   2.0947965889925944     
   2.1022974852018717     
   2.1026167412475605     
   2.1050837877775983     
   2.1087289057218106     
   2.1098761541951894     
   2.1605447092580565     
   2.1606870240809894     
   2.1681782873207718     
   2.1694622667824137     
   2.1702303937068383     
   2.1778509287704173     
   2.1814435216711807     
   2.1820014581160629     
   2.1825739010203411     
   2.1840664877669225     
   2.1862483006132916     
   2.1875057563288935     
   2.1890382614279336     
   2.1932386786626217     
   2.1941140703037036     
   2.1957323141750456     
   2.1963201185244441     
   2.1977953655477354     
   2.1987920690082330     
   2.2033739230709073     
   2.2066542603680928     
   2.2142962270713995     
   2.2266709783303074     
   2.2296111562994185     
   2.2423246212358365     
   2.2465719826835775     
   2.2495990491395994     
   2.2566927838793074     
   2.2597083308822721     
   2.2604118058217382     
   2.2628332079879145     
   2.2639141921550205     
   2.2760203050288936     
   2.2801852002509504     
   2.2827662858246471     
   2.2864989407483320     
   2.2866725391634288     
   2.2878956077074197     
   2.2917394036340002     
   2.2928695332520181     
   2.3022998142359228     
   2.3055077008907658     
   2.3247254944804867     
   2.3289070125971110     
   2.3359190982715932     
   2.3386788732446053     
   2.3465570052762716     
   2.3473417854009528     
   2.3516404044485353     
   2.3577677696381150     
   2.3723741195634651     
   2.3741004509826409     
   2.3769794043523320     
   2.3946987403496518     
   2.3984412087499214     
   2.4066524135935969     
   2.4090870955899453     
   2.4111104487721247     
   2.4116998435108261     
   2.4165533976023523     
   2.4289069342400107     
   2.4300788667314310     
   2.4404720998602576     
   2.4450421846083334     
   2.4528159078184024     
   2.4718271944821151     
   2.4744269282863782     
   2.4811101098106847     
   2.4830840635112579     
   2.4952860860112400     
   2.4993421997545426     
   2.5024275000608132     
   2.5088430821342804     
   2.5103471311689796     
   2.5149410734958471     
   2.5223410181653989     
   2.5324567037251180     
   2.5448065279408305     
   2.5515809646296046     
   2.5681645397489401     
   2.6025894289363647     
   2.6145332630620164     
   2.6300952946172558     
   2.6507967508262196     
   2.7154726674155283     
   2.7686953024250922     
   2.7863486792375034     
   2.8263226391300122     
   2.8361375288959421     
   2.8762954692995009     
   2.8922706605390136     
   2.8968817984393547     
   2.9034810083810907     
   2.9061776041980818     
   2.9129273006229188     
   2.9182771768701610     
   2.9548042421655638     
   2.9716006869747469     
   3.0432341787726522     
   3.0526637913478516     
   3.0617997222262119     
   3.0984692348919154     
   3.1311126682707506     
   3.1705189899876323     
   3.1918250769834184     
   3.1971775873965544     
   3.2055502540726093     
   3.2163750316348634     
   3.2564107257090971     
   3.2831125707648376     
   3.2860602121354026     
   3.2929602195478460     
   3.3389970510027775     
   3.4157853818079680     
   3.4215784049230695     
   3.4314472058773653     
   3.4485816028990581     
   3.4800298185638274     
   3.4890218103980599     
   3.5720139640748276     
   3.6017072116650404     
   3.6719107952115060     
   3.6814230889933528     
   3.6843882623108901     
   3.6984708801503854     
   3.7029941903946573     
   3.7163419747974857     
