003	076
078	003
005	078
079	005
006	009
009	006
006	032
030	009
032	009
011	028
028	011
012	085
013	026
014	026
026	014
016	024
017	024
024	017
046	020
046	021
023	044
044	023
025	042
042	025
027	040
040	027
029	038
038	029
041	088
088	041
088	041
043	086
086	043
043	153
083	044
045	084
052	050
050	159
052	060
056	053
057	053
057	054
058	054
059	056
061	057
062	058
062	059
063	059
063	060
064	060
065	061
066	063
066	063
074	065
129	066
129	066
129	066
068	125
072	069
148	070
151	071
073	151
076	087
077	087
087	077
079	085
081	083
083	081
081	083
094	091
143	094
095	098
096	141
100	096
101	097
102	098
101	209
104	208
106	105
111	108
113	109
114	110
114	111
115	111
116	112
116	112
117	113
117	114
118	114
119	115
115	146
120	116
198	116
121	117
121	118
122	118
149	118
123	119
124	120
125	121
126	122
127	123
128	124
129	125
129	125
129	126
131	126
130	127
260	127
134	132
133	194
135	133
133	152
134	194
134	163
140	135
140	135
140	137
138	204
141	138
152	140
142	150
150	142
144	148
148	145
147	145
159	155
160	156
162	157
161	158
165	163
169	167
172	169
176	174
178	175
179	176
177	213
177	216
197	178
178	204
183	180
184	180
185	181
182	182
186	182
188	182
256	182
256	182
187	183
183	188
190	193
193	190
193	190
194	190
192	190
194	191
195	191
256	192
192	253
192	257
198	194
199	195
199	196
200	196
201	197
201	197
202	198
203	199
204	200
205	201
206	202
207	203
207	203
203	232
207	204
207	204
209	204
208	205
210	207
210	207
211	214
216	213
221	218
223	220
224	220
223	222
226	223
227	223
229	224
228	225
230	225
230	229
230	249
242	231
233	237
237	234
238	276
241	238
242	238
238	276
243	239
245	242
246	242
247	243
248	244
248	245
246	246
249	246
246	249
256	250
256	250
253	251
255	252
256	253
258	256
261	258
262	258
262	259
263	259
265	261
266	262
267	263
268	264
270	266
271	268
272	269
275	272
276	273
277	273
