           1   905.50428659683189     
           2   210.81215257529044     
           3   158.85124209125252     
           4   198.87860859880988     
           5   144.60706148374103     
           6   197.10273308914708     
           7   313.14419745297073     
           8   313.99838722116436     
           9   253.19347070493461     
          10   233.87247667723597     
          11   283.59845373599586     
          12   284.27961520295798     
          13   358.05002498888052     
          14   410.81249447043132     
          15   312.02527847460703     
          16   301.83133746555859     
          17   515.27713396606146     
          18   628.27938809952059     
          19   969.71489687293274     
          20   1468.0657350309507     
          21   978.86706724701321     
          22   473.24558707964513     
          23   343.74916021501042     
          24   236.87116168583114     
          25   189.85130705751516     
          26   147.94324803709725     
          27   170.86967182713434     
          28   186.76999459388674     
          29   172.71862273375774     
          30   286.88008089858465     
          31   497.76097039161226     
          32   1007.0794132838384     
          33   1675.9547618458917     
          34   1311.0815459020976     
          35   1308.9844464031953     
          36   813.00829858900715     
          37   418.42701118677383     
          38   259.42984643699697     
          39   156.68612525447094     
          40   95.139513495487947     
          41   95.435976420160372     
          42   118.85684877832183     
          43   161.98541993583376     
          44   184.12293568929425     
          45   270.89082511398937     
          46   295.35764753782269     
          47   436.54250264222082     
          48   665.28676741302445     
          49   405.84096934594618     
          50   437.90074432292795     
          51   491.00749912490801     
          52   452.68699399965942     
          53   280.45079410025642     
          54   219.58976715614219     
          55   250.74101974141828     
          56   196.12146136734970     
          57   140.88217175421147     
          58   139.55574560025417     
          59   144.85395802015609     
          60   108.14789636674450     
          61   98.313343900244263     
          62   120.09012254867369     
          63   107.70058992889346     
          64   89.818580979875094     
          65   88.801030177702501     
          66   109.88323769726658     
          67   107.96177220124817     
          68   100.07470760140669     
          69   86.273793509392647     
          70   105.38744101638498     
          71   65.128786352232282     
          72   69.217965193673493     
          73   95.101083592208866     
          74   78.831503240685208     
          75   96.655856932451883     
          76   84.452326495783680     
          77   89.781368400469063     
          78   92.516867469710078     
          79   129.24579047874147     
          80   265.40813417462721     
          81   342.82927639921610     
          82   567.60122467432734     
          83   262.47356637663785     
          84   152.88888281117414     
          85   125.07254081074527     
          86   92.619324150137004     
          87   61.963644460030636     
          88   88.962282546411359     
          89   118.40537025525566     
          90   113.88915517170742     
          91   131.72327723708469     
          92   178.82440832646353     
          93   140.60504538766799     
          94   131.71093523765603     
          95   120.02113962288752     
          96   94.606659684780624     
          97   94.107815377448318     
          98   132.87900380925856     
          99   123.81635529275144     
         100   104.59583598131661     
         101   132.11150625740896     
         102   181.63994272219344     
         103   192.18418650883305     
         104   152.27863210262467     
         105   334.34565155668099     
         106   304.21042745197371     
         107   205.35229945461691     
         108   180.86737881811223     
         109   122.51671662696700     
         110   106.32047703946246     
         111   93.379053234090193     
         112   78.368036257698037     
         113   77.263004646554378     
         114   79.786661633393678     
         115   70.607208608095362     
         116   51.802744306037013     
         117   52.311689357820015     
         118   62.479084237409126     
         119   59.254898537003008     
         120   55.648405276653804     
         121   62.951226754568360     
         122   60.424243033905228     
         123   58.579944777197724     
         124   65.598708492232930     
         125   65.134167862705937     
         126   75.098654137599368     
         127   83.547433752588262     
         128   114.14885685044331     
         129   87.272545105010479     
         130   89.485517360754926     
         131   75.237441676358259     
         132   72.450063800864569     
         133   62.389133210584461     
         134   58.203755404760628     
         135   71.593397988678632     
         136   75.297258993361254     
         137   88.928660733145733     
         138   94.266211405821537     
         139   110.34039720445976     
         140   80.070745954852072     
         141   75.359738459917878     
         142   86.954513177639996     
         143   99.013689882970411     
         144   117.15825973603438     
         145   149.69955007650907     
         146   142.42860019107536     
         147   117.81249771418604     
         148   97.741171728331452     
         149   79.557932447252540     
         150   77.831455391596890     
         151   72.884681855761784     
         152   107.50907580359443     
         153   107.59487129948432     
         154   113.50909184191279     
         155   139.86516832273190     
         156   116.12380028360309     
         157   107.56161644947858     
         158   110.99691797399078     
         159   135.49738028717266     
         160   149.76707204272378     
         161   412.16493516847117     
         162   1014.1301096220182     
         163   634.18123522665940     
         164   347.93295934102605     
         165   251.21847422576241     
         166   171.33892694976061     
         167   143.11828957215593     
         168   243.35208471786541     
         169   364.89640184424400     
         170   559.64315750330854     
         171   869.52969695565162     
         172   1078.0454334741644     
         173   981.42590599963614     
         174   350.29754803715451     
         175   245.71553408270233     
         176   142.49332151735621     
         177   174.92996173838583     
         178   84.898251047364937     
         179   89.059046173164390     
         180   72.510330139041400     
         181   110.03565896452295     
         182   129.39119341761852     
         183   102.87411955738813     
         184   149.82860866100407     
         185   212.46948513711135     
         186   239.77620556226731     
         187   193.38731662986453     
         188   124.38742161464583     
         189   87.741952168174961     
         190   65.332222275479523     
         191   55.803348315839585     
         192   57.585201535921833     
         193   47.822661635216747     
         194   43.222809524024996     
         195   40.347113627946207     
         196   41.495258982901674     
         197   43.541441951132576     
         198   40.175929067710214     
         199   46.419850325238805     
         200   53.201648703905391     
         201   61.854493604451093     
         202   57.603083515295133     
         203   56.949916296755177     
         204   55.083092510976350     
         205   60.281310599741460     
         206   82.382742568136337     
         207   78.237268676410423     
         208   100.68438125907799     
         209   97.102937892021657     
         210   139.17903340037353     
         211   248.36450410455515     
         212   186.18802285786995     
         213   198.78591740105401     
         214   616.30860478605211     
         215   918.50888272584052     
         216   386.50560900171337     
         217   400.44829402649219     
         218   369.82651796983879     
         219   383.99766783904181     
         220   294.72244669362851     
         221   200.02775559588292     
         222   223.79812225616053     
         223   265.16268008080493     
         224   232.77614866207321     
         225   192.62639422128058     
         226   262.36161871187159     
         227   357.82485241662459     
         228   310.89585011801023     
         229   281.99117405359891     
         230   243.91384531782927     
         231   169.42116062271921     
         232   191.25956459433618     
         233   143.14811662201851     
         234   124.67066836608846     
         235   207.98244330713766     
         236   174.36997544366167     
         237   127.33289840021726     
         238   116.62120685796774     
         239   165.77333394944566     
         240   200.80875165790786     
         241   124.09254584771872     
         242   100.31263699840548     
         243   121.82727950314320     
         244   95.564578083663889     
         245   68.174490762656575     
         246   87.341826788855442     
         247   94.484601021675644     
         248   60.896095668792157     
         249   76.302519904951055     
         250   97.047282095440181     
         251   144.25349630834697     
         252   148.10556181859170     
         253   88.695648416824568     
         254   157.75767063994408     
         255   151.82368653203656     
         256   69.119042725888704     
         257   84.482083827576375     
         258   67.483787200409168     
         259   61.268854131930382     
         260   91.463727546669091     
         261   85.617716973113119     
         262   67.920294308957466     
         263   72.609885923016222     
         264   107.18448058785498     
         265   101.67221536761629     
         266   82.030844599997863     
         267   114.52799782993800     
         268   140.33630498954983     
         269   115.68574087910810     
         270   105.45513388265479     
         271   167.04686438454939     
         272   167.94853031081675     
         273   110.73378311866034     
         274   209.64286296462370     
         275   220.74194812519534     
         276   130.40555697989649     
         277   129.80617449693682     
