 beta=   0.0000000000000000     
  -9.9868266825737392E-016
  -8.2922321587314813E-016
  -5.6485551774611749E-016
  -3.0225098568347841E-016
  -1.9833171547998108E-016
   2.0478507138515142E-015
   8.5270417226163174E-004
   8.6466678521280899E-004
   1.5647517848500624E-003
   1.5812828422159856E-003
   2.4015393354872151E-003
   2.5967358619385797E-003
   3.1347376652534143E-003
   3.1391285415430046E-003
   4.5496074041031804E-003
   5.3668759734919521E-003
   5.9451645521278549E-003
   6.5522834112978117E-003
   7.2580775760769335E-003
   9.2931819164250515E-003
   9.6979448845356045E-003
   1.0469047219095074E-002
   1.1828359298456707E-002
   1.1911434113729016E-002
   1.3385356902464743E-002
   1.3684475531139063E-002
   1.3872161182414576E-002
   1.5550181461589544E-002
   1.5702047035444748E-002
   1.6777363123647422E-002
   1.6956411094591464E-002
   1.8177841977439806E-002
   1.8741600240634215E-002
   1.9827548342575010E-002
   2.0507677952473234E-002
   2.0546175960464128E-002
   2.1534579503255345E-002
   2.2073469662023507E-002
   2.3107496587479043E-002
   2.3983662489933263E-002
   2.4296727145387147E-002
   2.4854491479052953E-002
   2.5031658631881872E-002
   2.5392164190081858E-002
   2.5654108672808977E-002
   2.6064229288052371E-002
   2.6703449625639863E-002
   2.8184342961943932E-002
   2.8902937250915327E-002
   2.9102965400311986E-002
   2.9533308484996315E-002
   3.0122110486591212E-002
   3.0351445997462170E-002
   3.0865807821469166E-002
   3.1314461695175023E-002
   3.2154088102055563E-002
   3.2392826188072252E-002
   3.2760714260658109E-002
   3.3223808604236869E-002
   3.5182808843019740E-002
   3.5340572206147391E-002
   3.5422051820864713E-002
   3.5495324213114736E-002
   3.5646257595443237E-002
   3.6130918080835482E-002
   3.6669511304400708E-002
   3.7051947021999397E-002
   3.7317094533174965E-002
   3.7473366608682980E-002
   3.8184128090219011E-002
   3.8403401265954824E-002
   3.8452049643485385E-002
   3.9091118300140601E-002
   3.9124147132375747E-002
   4.0113428015742983E-002
   4.0181823397114014E-002
   4.0362231303096095E-002
   4.0814727924931349E-002
   4.1230668089566123E-002
   4.1867727608385127E-002
   4.2200781140494512E-002
   4.2366276662831992E-002
   4.3540708936116800E-002
   4.4005491599472965E-002
   4.4600815730952294E-002
   4.4676447990160330E-002
   4.4860370035547756E-002
   4.5981974363576671E-002
   4.6685700452744873E-002
   4.7190050622375100E-002
   4.7511537702167581E-002
   4.8649480801487059E-002
   4.9650985417274807E-002
   5.0211843922976764E-002
   5.0636933673509840E-002
   5.1409489106767646E-002
   5.1932953063576093E-002
   5.2131078937802312E-002
   5.2278253911841592E-002
   5.2333327447877713E-002
   5.2583215965788750E-002
   5.3351928666784926E-002
   5.4224135477585499E-002
   5.4617691712566134E-002
   5.5526282148275569E-002
   5.5578512243070304E-002
   5.5702932269106636E-002
   5.6696629899664681E-002
   5.7755335557766511E-002
   5.7956445064814836E-002
   5.9036144916440568E-002
   5.9074453737937273E-002
   5.9377711679891247E-002
   5.9741072070940163E-002
   5.9903391455154532E-002
   6.0633363138416059E-002
   6.1041982478703807E-002
   6.1329470093926870E-002
   6.1569191497256648E-002
   6.1642435022111280E-002
   6.2269139982038979E-002
   6.2519785698328625E-002
   6.3011980512513083E-002
   6.3871005448288831E-002
   6.4096207600111657E-002
   6.4504669287157021E-002
   6.4952783051448734E-002
   6.5446957924413157E-002
   6.6420783970008543E-002
   6.6695451989294247E-002
   6.6823217228293763E-002
   6.6964879392378163E-002
   6.7546353346987900E-002
   6.7937850697676910E-002
   6.8679797191550068E-002
   6.8698537695605869E-002
   6.9123615003480091E-002
   6.9161900500825338E-002
   6.9933077610471572E-002
   7.0206443062893073E-002
   7.1014584804000788E-002
   7.1108876472329219E-002
   7.1346917947645722E-002
   7.1685141154521750E-002
   7.2013251737913619E-002
   7.2837522972094920E-002
   7.3169753447769811E-002
   7.3227850047275250E-002
   7.3498309718297336E-002
   7.3919667306152265E-002
   7.3970323070671640E-002
   7.4173158394531813E-002
   7.4636094064916086E-002
   7.4750735343207989E-002
   7.5560804950571020E-002
   7.5688247964196390E-002
   7.5890448524817952E-002
   7.6401620542549689E-002
   7.6475924976513870E-002
   7.6955013828821861E-002
   7.7057390016182711E-002
   7.7069704191220056E-002
   7.7174583712272080E-002
   7.8049164930479822E-002
   7.8051032555371422E-002
   7.8324131482432627E-002
   7.8468922373502004E-002
   7.8955796955420141E-002
   7.9009116458970352E-002
   7.9786999761135735E-002
   7.9814437989270154E-002
   8.0023884839958051E-002
   8.0419229019140032E-002
   8.1129838377516403E-002
   8.1889133130494174E-002
   8.2076981028458493E-002
   8.2176462659469721E-002
   8.2828235764566993E-002
   8.3071077058329001E-002
   8.3231416490515936E-002
   8.3307164052491778E-002
   8.4249768345969811E-002
   8.4557881463199175E-002
   8.4832181157422665E-002
   8.4921205626900753E-002
   8.5025845182043383E-002
   8.5527032438075828E-002
   8.6472213150771166E-002
   8.6759771471815683E-002
   8.7110581214618635E-002
   8.7257165310620416E-002
   8.7433372864119299E-002
   8.7496889216757967E-002
   8.7677401517764583E-002
   8.8046022188391762E-002
   8.8994869548756961E-002
   8.9050577800144137E-002
   8.9221456718135930E-002
   8.9328590794096649E-002
   9.0230828253920023E-002
   9.0424527431970561E-002
   9.0986715668418303E-002
   9.1521078852544943E-002
   9.1728995234057822E-002
   9.1949103477859298E-002
   9.2958454715853719E-002
   9.3031286097117263E-002
   9.3545387751852810E-002
   9.3575070342555453E-002
   9.4108939644682546E-002
   9.4517604041022871E-002
   9.4638704567343940E-002
   9.4788949858420124E-002
   9.5323584677630857E-002
   9.5867734670235655E-002
   9.6239017683119002E-002
   9.6928085777943762E-002
   9.7403412735375991E-002
   9.7580315900253886E-002
   9.7657110446537534E-002
   9.8357788980841590E-002
   9.8565555007226274E-002
   9.9127402302366455E-002
   9.9562647056684675E-002
   9.9625033386735590E-002
  0.10032229671592183     
  0.10042863251343427     
  0.10055438201329321     
  0.10059392170626932     
  0.10120143295285514     
  0.10195842982232078     
  0.10229266974553392     
  0.10281545838949883     
  0.10299520471911872     
  0.10361567281499640     
  0.10473034708503362     
  0.10485287383670408     
  0.10510088331803417     
  0.10541123194223832     
  0.10569216835953925     
  0.10620053251465722     
  0.10689254881390241     
  0.10698322776347791     
  0.10736281460238116     
  0.10772382686447539     
  0.10828162460850996     
  0.10876658619217171     
  0.10960097945330338     
  0.10979161632731330     
  0.11078977282922021     
  0.11092806689142024     
  0.11114529281032010     
  0.11232155484901157     
  0.11240703089766695     
  0.11261535128918172     
  0.11307747930031263     
  0.11423058666761279     
  0.11473351356944975     
  0.11486505926196690     
  0.11632324236376776     
  0.11639977489015989     
  0.11672269002079234     
  0.11769277826750352     
  0.11804921987936243     
  0.11927170803518000     
  0.11942096151257242     
  0.11978779358565939     
  0.12029386319044158     
  0.12124881927958413     
  0.12127825120708277     
  0.12239326428049713     
  0.12247259065835132     
  0.12308379570030174     
  0.12366711589555791     
  0.12445859648811394     
  0.12516015557945362     
  0.12536835004424171     
  0.12561023298800542     
  0.12571262014177684     
  0.12624790280431447     
  0.12685058446740155     
  0.12699630352231675     
  0.12738428125525203     
  0.12798688116670698     
  0.12843065987953925     
  0.12894090468909264     
  0.12977986181252463     
  0.13025536826085474     
  0.13033528002828873     
  0.13034188862428164     
  0.13116847267923296     
  0.13170992301110201     
  0.13315484822486404     
  0.13321316798339580     
  0.13380543920337934     
  0.13457427653941595     
  0.13467415036981439     
  0.13494888133798713     
  0.13574684639647164     
  0.13598773775816733     
  0.13718784491905447     
  0.13757298372937415     
  0.13847634305756701     
  0.13927856632976091     
  0.13939940249272798     
  0.13972239005685641     
  0.14172528123615988     
  0.14209501479625963     
  0.14259585957123397     
  0.14324348689663277     
  0.14342758644754822     
  0.14378302733179138     
  0.14587868084285249     
  0.14686963889986110     
  0.14755846059002209     
  0.14948357972035833     
  0.14990382197865745     
  0.15066517698176679     
  0.15202071964972513     
  0.15214297696526682     
  0.15283842217792340     
  0.15454448081072045     
  0.15541435401883641     
  0.15594126194909982     
  0.15623115443962385     
  0.15624379272172376     
  0.15836377396758311     
  0.15857669948656933     
  0.15955131727787605     
  0.15972517087903884     
  0.16277412065179547     
  0.16316065116626299     
  0.16493018130680390     
  0.16517577058143212     
  0.17124055497626445     
  0.17150269543885854     
  0.17451470043866249     
  0.17467239017772401     
  0.17812829770472011     
  0.17815789132684245     
  0.18075416721169874     
  0.18089171162221609     
  0.18553648921958721     
  0.18563195999149762     
  0.18673827857050401     
  0.18674055476057219     
  0.18886106400682051     
  0.19047035442874030     
  0.19388789790525007     
  0.19447417914847839     
  0.19548384281454845     
  0.19563024861635428     
  0.19706132009981417     
  0.19845782140913470     
  0.19982581370446420     
  0.20552705520256084     
  0.20713896368913132     
  0.20790294414457347     
  0.20790831547807298     
  0.20908638582633687     
  0.21055890723131662     
  0.21077717658626546     
  0.21411104047143942     
  0.21438396818293873     
  0.21584867713520633     
  0.21587470023044633     
  0.22951160014705471     
  0.22961138262640104     
  0.23108208134046790     
  0.23467845709501761     
  0.23472834560361588     
  0.23905031381487538     
  0.25125894211283956     
  0.25135820993293972     
  0.25149662746034895     
  0.25154318874565279     
  0.25365662191688715     
  0.25403572216405224     
  0.25405529900393614     
  0.25544505109099064     
  0.26348995348292209     
  0.26352466866044877     
  0.27010303563902710     
  0.27011878859231364     
  0.27320945989195233     
  0.27380436251079859     
  0.27794330250491545     
  0.27810509356623930     
  0.28598708912802456     
  0.28609027261399222     
  0.28998999540744935     
  0.29001759026926593     
  0.29174730654507858     
  0.29175960536560230     
  0.29406376384711225     
  0.29413010324756655     
  0.29747040518264556     
  0.29759671038280300     
  0.30039408520507443     
  0.30059435809225221     
  0.31001536221198156     
  0.31006335320411654     
  0.31170296002769510     
  0.31174483455136132     
  0.31486607830555691     
  0.31530471234228930     
  0.31587876342076104     
  0.31608082715839453     
  0.31900138833120756     
  0.31936904212139933     
  0.32091037449965498     
  0.32113585302842995     
  0.32245343176103475     
  0.32254212115221959     
  0.33065276199468074     
  0.33077694407098629     
  0.33410872625081750     
  0.33430772395486047     
  0.33595189933081310     
  0.33599046541104088     
  0.34177105905464150     
  0.34184777595714166     
  0.35121190717977080     
  0.35190402215920041     
  0.35245069199577567     
  0.35708794144212846     
  0.35722174276188784     
  0.35818482751313641     
  0.36755684296518687     
  0.36756751245338515     
  0.38075121473210599     
  0.38076733223804665     
  0.41545389494367468     
  0.41834062930102706     
  0.41834907820642497     
  0.42097929784965921     
  0.42193263676153908     
  0.42196133252014967     
  0.42818173965113449     
  0.42820241148095523     
  0.43133643305061031     
  0.43133774102314199     
  0.48870026931240718     
  0.48873508064211907     
  0.51882714357350179     
  0.51882943944066384     
  0.54631015772108782     
  0.54631110667077853     
  0.58066963259919291     
  0.58068173240346588     
  0.59495342882586477     
  0.59496531000914521     
  0.63326580812277999     
  0.63328364275931481     
  0.70922016102129770     
  0.90595421125693631     
  0.90900198614427830     
  0.91977288110705824     
  0.92096695095320280     
  0.98095308552163174     
   1.0549231628052040     
   1.0550907657507185     
   1.0748380895203997     
   1.0750577575554467     
   1.0926845944055745     
   1.0933285433369293     
   1.0937230266814733     
   1.0974764434843982     
   1.1764740667804847     
   1.1774445723384013     
   1.1822120783050107     
   1.2334656687186152     
   1.2335804345467010     
   1.2762983456014347     
   1.2764058923770312     
   1.2806735657887280     
   1.2808573187276477     
   1.3068674410039856     
   1.3199167109239813     
   1.3643633626155478     
   1.3643853863417224     
   1.4000103048469101     
   1.4009254503561905     
   1.4400916838754032     
   1.4599744500291660     
   1.4602699546465721     
   1.4693433902575406     
   1.4694998846537901     
   1.4979407292248321     
   1.5121586665178146     
   1.5122373699419396     
   1.5197690759709530     
   1.5201586904328279     
   1.5344260637011642     
   1.5351120189167657     
   1.5373346756546395     
   1.5824279728139858     
   1.5843190143375694     
   1.6354009386473711     
   1.6358448238974053     
   1.6623887153858901     
   1.6640345166954749     
   1.6777916839753628     
   1.6797689752345271     
   1.7683626451624306     
   1.7685364612400210     
   1.7693177342684105     
   1.7698710031191178     
   1.8121644825296446     
   1.8131772270296116     
   1.8430246292826937     
   1.8437193404113570     
   1.8447277024506723     
   1.8537758399804749     
   1.8837998086722592     
   1.8840035716035350     
   1.8882199537037734     
   1.8882416666214676     
   1.9076463876939487     
   1.9076658999278422     
   1.9351564938034325     
   1.9353988493507510     
   1.9602602886867329     
   1.9605232592419375     
   1.9608006758772614     
   1.9745559753320039     
   1.9765734919789428     
   1.9789372641815721     
   1.9811748600008703     
   1.9818406956742858     
   1.9956683687026546     
   1.9988548213732047     
   2.0011802189378556     
   2.0025425526917240     
   2.0072467362813606     
   2.0097626097098282     
   2.0098451506945518     
   2.0249632289662487     
   2.0251853267012363     
   2.0258043921249396     
   2.0259771892067717     
   2.0414889772708502     
   2.0422041689591319     
   2.0422180782675685     
   2.0429498426517538     
   2.0503991641050430     
   2.0504916883785009     
   2.0612348153534148     
   2.0614766498345842     
   2.0641888430910758     
   2.0672899314465236     
   2.0675034400805186     
   2.0681539674258884     
   2.0682577928417154     
   2.0859738136187160     
   2.0861994300603799     
   2.0866824350857418     
   2.0874800960558861     
   2.0915155479879570     
   2.0915837464941340     
   2.0971513525596759     
   2.0972638561941905     
   2.0993133720670816     
   2.0993909238660460     
   2.1016864935356723     
   2.1017897363219982     
   2.1074718575016931     
   2.1075098768193428     
   2.1134804052173619     
   2.1135502037520606     
   2.1154025053470491     
   2.1157713621182528     
   2.1163822561241390     
   2.1197153297781473     
   2.1230979144407409     
   2.1236696494999623     
   2.1241723466703908     
   2.1313473402978684     
   2.1315531177342675     
   2.1449754375167482     
   2.1450209790144696     
   2.1602682144332905     
   2.1603093246898215     
   2.1670194461562637     
   2.1701670720639870     
   2.1702076096312957     
   2.1841230008063315     
   2.1897870307723801     
   2.1946188816710701     
   2.1946385937012907     
   2.1976050786516019     
   2.1979348101926646     
   2.2027866277835910     
   2.2029575794663439     
   2.2061460480126316     
   2.2063914406902865     
   2.2149595034552281     
   2.2149763850411408     
   2.2323164227190464     
   2.2325887969073586     
   2.2383170782862081     
   2.2383644272518963     
   2.2584978936256688     
   2.2585773588563813     
   2.2620784485536340     
   2.2620936869033512     
   2.2775229190732427     
   2.2783273301560079     
   2.2907365943516580     
   2.2908019505663599     
   2.3091063528229192     
   2.3091404953486263     
   2.3207474553194265     
   2.3208289248346614     
   2.3281109272393810     
   2.3283644997874147     
   2.3444510306918147     
   2.3444799651608101     
   2.3540828710410016     
   2.3577195137821811     
   2.3583661286754527     
   2.3669953691034262     
   2.3743740913124798     
   2.3743967603785392     
   2.3801081885422675     
   2.3806118953780557     
   2.4264318938874734     
   2.4277045501847221     
   2.4400455371233636     
   2.4403779629522409     
   2.5117901092769390     
   2.5118175230779860     
   2.5296620023582963     
   2.5300027590960950     
   2.5443105912031569     
   2.5739527253059218     
   2.5759956888818398     
   2.5893396007353284     
   2.5992169011822037     
   2.6652416312130733     
   2.6653728594157817     
   2.6660052578211073     
   2.6660553790687791     
   2.6759888587907326     
   2.6762458515901568     
   2.6804690475185771     
   2.6809633781617697     
   2.6810760907483591     
   2.6880400133501356     
   2.7033263347618823     
   2.7035887600107200     
   2.7323556512882798     
   2.7331825565186691     
   2.7760912645015834     
   2.7761061638387297     
   2.7829147309419247     
   2.8447098485589248     
   2.8454652981110491     
   2.8591806272679872     
   2.8610173812234034     
   2.8810202623562948     
   2.8810910022951943     
   2.9620798011149798     
   2.9928359817512260     
   2.9930215736437207     
   3.0087813496838516     
   3.0088964785503629     
   3.0483616689962512     
   3.0485901527792980     
   3.0810217777524529     
   3.0813942982909630     
   3.0976688053309105     
   3.0978007183525413     
   3.1442031834368724     
   3.1443696784436943     
   3.1751563094970199     
   3.1753392941126846     
   3.2678369867674859     
   3.2680378082502468     
   3.3580080255623570     
   3.3581244649319748     
   3.4708276776448672     
   3.8189229007356111     
   4.1525217966807038     
