 beta=   0.0000000000000000     
  -5.4433239951927011E-016
  -4.8218560919392808E-016
  -3.4679642893926350E-016
   1.3380592742740912E-015
   2.2152429759277477E-015
   2.2208783218730625E-015
   1.7885419785489139E-002
   2.1795175777486749E-002
   2.9006342456373901E-002
   4.6598067352402399E-002
   5.1832006558949484E-002
   5.3543433158680286E-002
   5.4193566166611806E-002
   6.1184805121117396E-002
   6.4232489142856286E-002
   6.4646004159466669E-002
   6.8875871751692644E-002
   7.2275928423740560E-002
   7.5412247541426877E-002
   7.6791518035671844E-002
   7.7941714194356887E-002
   7.8753371887582316E-002
   7.9468933037724024E-002
   8.0746837950432720E-002
   8.3272504336916187E-002
   8.5244316995344779E-002
   8.7415995103846997E-002
   8.8232223856403350E-002
   9.0264826590992123E-002
   9.2927299374801167E-002
   9.5743306911441214E-002
   9.6328987894661933E-002
   9.6926684229508481E-002
   9.8590027585166037E-002
  0.10019997581915137     
  0.10131244754664624     
  0.10242434766536566     
  0.10490161373909833     
  0.10633519547745730     
  0.10715030791834429     
  0.10777849913658631     
  0.11142373786229408     
  0.11357650154316436     
  0.11602618806384109     
  0.11646440731557896     
  0.11708801630626553     
  0.11976046931176390     
  0.12085028145483435     
  0.12266393729069854     
  0.12357841994754434     
  0.12545743122037067     
  0.12681519139495726     
  0.12757785012062964     
  0.12779211588002273     
  0.12900373556983574     
  0.12983988774516336     
  0.13004939749685426     
  0.13277437068757267     
  0.13309529317233576     
  0.13444013008640962     
  0.13500592499616534     
  0.13623380153900713     
  0.13672616940482796     
  0.13782406101353592     
  0.13827913956532603     
  0.13873591433565771     
  0.14040486557250120     
  0.14132868028336057     
  0.14232162261693776     
  0.14274050993061194     
  0.14411398371674439     
  0.14456692126211695     
  0.14583975616324404     
  0.14605874550883660     
  0.14745164940262512     
  0.14775210069056441     
  0.14820974390909175     
  0.14887576865289670     
  0.15047246587218660     
  0.15082504884432388     
  0.15172527110578737     
  0.15196661479888263     
  0.15305719544308871     
  0.15353077137765009     
  0.15534728187341929     
  0.15659349543312778     
  0.15725881414970225     
  0.15743878787577748     
  0.15849658139604017     
  0.15987233853406407     
  0.16005569463101671     
  0.16092443007226556     
  0.16138213967730589     
  0.16255219603249610     
  0.16291142254423022     
  0.16304288758213575     
  0.16509790785638845     
  0.16534383222562168     
  0.16563621236612519     
  0.16636982653561447     
  0.16704141405999726     
  0.16853710083664275     
  0.16928877748849291     
  0.16970931197600986     
  0.17044257120470702     
  0.17121946362377879     
  0.17256390208727171     
  0.17295014758486565     
  0.17411907170767452     
  0.17464048556704356     
  0.17505107196068140     
  0.17580158621055264     
  0.17652103768927938     
  0.17768516755381894     
  0.17792340238384274     
  0.17812246149229932     
  0.17903336138980055     
  0.17991077082124432     
  0.18090043929685562     
  0.18184656735198743     
  0.18242743363136957     
  0.18312667367976032     
  0.18385557220104826     
  0.18422007216819103     
  0.18494534690560965     
  0.18513164792409587     
  0.18561825794954120     
  0.18646175997661196     
  0.18678497549808248     
  0.18756426738942611     
  0.18848203238013952     
  0.18915315435624944     
  0.18924480187435277     
  0.18958986568029590     
  0.19029160662870195     
  0.19091521963822486     
  0.19167823393584846     
  0.19246364468955585     
  0.19289094293714107     
  0.19356260845052314     
  0.19363639187546000     
  0.19405748754374727     
  0.19468758759582216     
  0.19532470414200687     
  0.19612504960716190     
  0.19667092303521283     
  0.19711334327695376     
  0.19761525509705394     
  0.19853699957332691     
  0.19888171942588581     
  0.19919163616336913     
  0.19975776209141818     
  0.20049995654971231     
  0.20102887473577827     
  0.20125076908099643     
  0.20155651688407639     
  0.20241053452361477     
  0.20300593937979980     
  0.20336704543608608     
  0.20435507002237788     
  0.20455827303069068     
  0.20540210075332052     
  0.20618400954776131     
  0.20645387243718233     
  0.20663691477703661     
  0.20738545117172613     
  0.20825605374613135     
  0.20869229159667169     
  0.20899125991472564     
  0.20975065569420134     
  0.21098592838968419     
  0.21164721661502389     
  0.21196917339117619     
  0.21268561532285016     
  0.21351820400051313     
  0.21456539099002278     
  0.21468471326524313     
  0.21523375756111457     
  0.21558923259520438     
  0.21637569953962543     
  0.21745875389014313     
  0.21859773069632424     
  0.21896477118707286     
  0.21953262656310080     
  0.22018634160223227     
  0.22134289714317179     
  0.22225886998590516     
  0.22287948655125150     
  0.22342379096337939     
  0.22500119535663549     
  0.22551767753185270     
  0.22572733984769097     
  0.22672510747568203     
  0.22826615264035147     
  0.22881502898629597     
  0.22967024912313647     
  0.22979923326550850     
  0.23112447170982409     
  0.23160516397058256     
  0.23197580781726559     
  0.23253409317220644     
  0.23376275714189954     
  0.23455388646614722     
  0.23514514357182875     
  0.23538753486000161     
  0.23642920139271376     
  0.23714012657574154     
  0.23799096010963455     
  0.23883523367600970     
  0.23904517200534398     
  0.24184020562951672     
  0.24229133517811619     
  0.24284077595563677     
  0.24424581519157837     
  0.24514865793967955     
  0.24654911140688293     
  0.24786428361432319     
  0.24865425360051924     
  0.24954196521575558     
  0.25080666597944284     
  0.25151484448848843     
  0.25256022217250190     
  0.25396458776761255     
  0.25406294465121354     
  0.25420861361608832     
  0.25500826298104445     
  0.25578190309394394     
  0.25711224635426311     
  0.25810671505391725     
  0.25963921964598341     
  0.26034780423045034     
  0.26176515566050335     
  0.26297627739304208     
  0.26348111944645813     
  0.26393708897527379     
  0.26523084206470132     
  0.26616667351871398     
  0.26719352243806682     
  0.26853357876302519     
  0.26878054697121778     
  0.26922632505510341     
  0.26982259736672859     
  0.27113390082289718     
  0.27164340081737148     
  0.27400771542706770     
  0.27482297540221468     
  0.27632066846452535     
  0.27651911221331271     
  0.27710446221067941     
  0.27760818518170138     
  0.27966111078614830     
  0.28041574195548469     
  0.28102492638510518     
  0.28233910291958719     
  0.28290926173945297     
  0.28486184185964825     
  0.28564203452844200     
  0.28618227456699796     
  0.28810268061807937     
  0.28876550223456143     
  0.28993863702939937     
  0.29107446708923373     
  0.29124382911058488     
  0.29325167575128130     
  0.29420443931454426     
  0.29512167440841153     
  0.29554537921743246     
  0.29721952288000353     
  0.29988064758160349     
  0.30067083797728117     
  0.30226349299960331     
  0.30464445027329956     
  0.30834564408867426     
  0.30847807403128785     
  0.31037559954213234     
  0.31047363273511347     
  0.31328618690703913     
  0.31426370180831364     
  0.31610315493625357     
  0.31943190522595871     
  0.31959236964599436     
  0.32177585658732377     
  0.32319165366213620     
  0.32431693176115634     
  0.32679559196264996     
  0.32787925497996967     
  0.32946255292915966     
  0.33046220163085732     
  0.33143741132484689     
  0.33361860993581810     
  0.33496357104364022     
  0.33677810815357756     
  0.33805202775725030     
  0.33932901112561165     
  0.34172605145466212     
  0.34216341082404761     
  0.34905886135358671     
  0.35021633831739496     
  0.35127529222555587     
  0.35195504043921133     
  0.35437804291096819     
  0.35557846006556476     
  0.35970035514078030     
  0.36026464783363993     
  0.36530947697552568     
  0.36653049141009725     
  0.36825659735024097     
  0.36959217729206417     
  0.37178899235558677     
  0.37333801192818888     
  0.37534130577976571     
  0.37770660833279285     
  0.37920959334679039     
  0.38128125823345466     
  0.38220369560334622     
  0.38362030136824066     
  0.38499104433117715     
  0.38713242749811799     
  0.38908296303742285     
  0.39147006529066636     
  0.39298255319652037     
  0.39528188004596865     
  0.39598293453880257     
  0.39949066524386317     
  0.40241166761482466     
  0.40291983299140510     
  0.40613699050350849     
  0.40819162563225969     
  0.41191353240418799     
  0.41407005146455561     
  0.41836433115451227     
  0.41888607641989262     
  0.42028925078880730     
  0.42665974320712863     
  0.42779357305322724     
  0.43235087939356071     
  0.43313005145911165     
  0.43613552964016189     
  0.43724715488631133     
  0.44280951950265657     
  0.44566398616876052     
  0.44956402066727291     
  0.45120051413267415     
  0.45573657911194815     
  0.45946939575366436     
  0.46071589575438854     
  0.46240053328388431     
  0.46670673057007117     
  0.47065043174166099     
  0.47193812407739855     
  0.47773129199827380     
  0.48153030386207041     
  0.48834685626171309     
  0.49496684826148768     
  0.49737532353848524     
  0.49955373679817106     
  0.50118108170012710     
  0.50517435528218235     
  0.50678240538102359     
  0.51286716840039404     
  0.51483375954012811     
  0.52209465984031345     
  0.52775731373595214     
  0.54023883774075165     
  0.55078277771390494     
  0.55591853589761442     
  0.56909611701911500     
  0.58023107878938240     
  0.58494658287975521     
  0.60071966148927747     
  0.60350131593061551     
  0.60444593355945675     
  0.61358385066220777     
  0.62084466423572149     
  0.68982837281549947     
  0.70290290198266181     
  0.70839869847693970     
  0.74458361336795120     
  0.74701565877382503     
  0.93464253387470808     
  0.96396621924400272     
  0.96747917826116980     
  0.98362474422511792     
   1.0215004787470281     
   1.0710315880737873     
   1.0784740923128004     
   1.1022327042120323     
   1.1254337550555118     
   1.1349922262281422     
   1.1409209763203363     
   1.1621312158817605     
   1.1784631973118564     
   1.1992168084753707     
   1.2331508364754145     
   1.2400891757441790     
   1.2436141532089604     
   1.2949337221626938     
   1.3140039938252894     
   1.3240719548027582     
   1.3404217522064383     
   1.3616593325804742     
   1.3667942613739121     
   1.3705789234597090     
   1.3802935514261436     
   1.4121151383845456     
   1.4261006849169782     
   1.4854763983989379     
   1.5219915153275183     
   1.5496068536793459     
   1.5514843026077845     
   1.6042937152648986     
   1.6241074672220173     
   1.6298083153482978     
   1.6472855919326188     
   1.6519873337867972     
   1.6521969121727649     
   1.6580541465543694     
   1.6599623126870926     
   1.6736245673575283     
   1.7066060351230954     
   1.7349703569462001     
   1.7684510595490233     
   1.7865542991491516     
   1.7983677697283236     
   1.8049640593398548     
   1.8162400420175215     
   1.8317824086437349     
   1.8454203282599029     
   1.8543447645285420     
   1.8866543099120134     
   1.9081568214567410     
   1.9222686532939752     
   1.9720370907584357     
   1.9729517321810046     
   2.0330284527691416     
   2.0348153407490410     
   2.0514573153315165     
   2.0524728848316238     
   2.0605250145175447     
   2.0637870366455418     
   2.0657261692443827     
   2.0662275346764134     
   2.0712240631132071     
   2.0742565689033787     
   2.0796742505520514     
   2.0852318344358003     
   2.0877268326590359     
   2.0888229146353199     
   2.0935116986428626     
   2.1100221016032386     
   2.1125891045107061     
   2.1186444625997005     
   2.1216196221098929     
   2.1263615379196028     
   2.1359433994671009     
   2.1474997958488680     
   2.1551218674611761     
   2.1637966741179531     
   2.1768983502003509     
   2.1799139241255756     
   2.1808781827343044     
   2.1843932580850978     
   2.1898237477556228     
   2.1912231141958936     
   2.1923050492818286     
   2.1950868070714287     
   2.1971904127557278     
   2.1979945938616314     
   2.2055821771600854     
   2.2089408242684789     
   2.2123882976797193     
   2.2184801049838443     
   2.2220961209630925     
   2.2281665127907626     
   2.2293638367964892     
   2.2343037104981871     
   2.2368820480875660     
   2.2394972856230018     
   2.2421994205558349     
   2.2436043872441935     
   2.2460894677788974     
   2.2524150973451262     
   2.2647051942686702     
   2.2760194219803047     
   2.2835701003477107     
   2.2943113312889931     
   2.2991538071026496     
   2.3055136241755743     
   2.3145712755188335     
   2.3178246641698954     
   2.3213403756357822     
   2.3256540046399552     
   2.3359496834989071     
   2.3383843504137669     
   2.3448735226137787     
   2.3476307791782620     
   2.3534523571004367     
   2.3576241668962865     
   2.3642747147963821     
   2.3744011363184372     
   2.3797938249777952     
   2.3853582153342519     
   2.3973113016013414     
   2.4001203414046395     
   2.4052810751471361     
   2.4107061299103538     
   2.4153539590663131     
   2.4162498972383308     
   2.4188756256704682     
   2.4344765327519275     
   2.4423392485400113     
   2.4524074433602272     
   2.4625577934315706     
   2.4654813399296991     
   2.4809543026955931     
   2.5014447486750959     
   2.5042138322701422     
   2.5048186608996437     
   2.5366293627688448     
   2.5769798689398278     
   2.6644480848873537     
   2.6784158750579250     
   2.6804484293449691     
   2.7068750683602638     
   2.7426886262327970     
   2.7515864560735550     
   2.7542099075172364     
   2.7771857581319175     
   2.7820324336928732     
   2.7992245608368340     
   2.8183760448977120     
   2.8350765427639995     
   2.8442550695011604     
   2.8581709019826835     
   2.9092509453270399     
   2.9265497806052192     
   2.9289443765774581     
   2.9759998657887787     
   2.9767458902576722     
   3.0044830560425679     
   3.0108315541878596     
   3.0929969515979705     
   3.1045484774542524     
   3.1537453188827582     
   3.1682495995443194     
   3.1820686563561589     
   3.1893443108653754     
   3.2000504115897392     
   3.2112444664257169     
   3.2204882702424311     
   3.2784295036307247     
   3.3016640475211214     
   3.3276509671458876     
   3.3336331087292765     
   3.3440849688392347     
   3.3521540984063898     
   3.4419227104489640     
   3.5127821530371821     
   3.5216636075558179     
   3.5232880548967822     
   3.5472805412871753     
   3.5741277463034273     
   3.5893166703578401     
   3.6452954632668941     
