    1  26.26   0.000
    2  12.58   0.060
    3  15.58   0.170
    4  19.94   0.110
    5  17.23   0.630
    6  22.51   0.830
    7  31.21   1.140
    8  30.05   1.530
    9  23.28   3.250
   10  22.11   1.960
   11  24.04   1.390
   12  24.61   0.020
   13  29.65   0.000
   14  30.24   0.000
   15  23.43   0.160
   16  21.95   0.190
   17  40.06   0.270
   18  37.74   0.300
   19  38.08   1.280
   20  71.27   0.320
   21  36.23   3.430
   22  24.24   1.930
   23  17.25   0.470
   24  16.76   0.500
   25  15.09   1.060
   26  13.54   0.000
   27  15.48   0.060
   28  16.85   0.230
   29  17.09   3.500
   30  25.84  32.890
   31  38.67 161.770
   32  71.35 207.380
   33 173.74  74.860
   34 163.72 152.600
   35  87.67 275.800
   36  77.86 123.740
   37  32.55  16.720
   38  25.54   2.720
   39  16.73   0.380
   40  10.79   0.320
   41   9.84   0.070
   42  10.86   0.030
   43  13.84   3.710
   44  16.85  19.900
   45  24.02 160.730
   46  34.07 304.810
   47  54.65 260.390
   48  50.75 240.490
   49  48.30 232.230
   50  41.00 176.980
   51  36.69 148.550
   52  38.43 202.920
   53  34.94  65.460
   54  26.07  11.420
   55  25.78   2.340
   56  22.91   1.720
   57  17.04   2.340
   58  14.83   4.330
   59  14.45   1.050
   60  13.37   0.000
   61   9.38   0.150
   62   9.79   0.000
   63  11.72   0.000
   64  11.16   0.000
   65   7.99   0.000
   66  11.58   0.000
   67  11.98   0.000
   68  12.55   0.000
   69  10.97   0.000
   70  16.02   0.000
   71   7.23   0.000
   72   7.14   0.000
   73   8.89   0.000
   74  10.62   0.000
   75   9.84   0.000
   76   9.76   0.510
   77   9.26   0.410
   78   9.97   0.420
   79  13.45   1.300
   80  20.40   1.910
   81  28.29   2.940
   82  33.81   4.070
   83  27.30   3.950
   84  17.92   4.090
   85  14.33   2.480
   86  11.59   2.960
   87   8.75   0.270
   88  11.86   0.180
   89  12.97   0.160
   90  13.62   0.000
   91  14.82   0.000
   92  23.10   0.000
   93  15.44   0.000
   94  12.28   0.000
   95  10.98   0.000
   96   8.70   0.000
   97   8.79   0.000
   98  12.54   0.000
   99  11.93   0.000
  100   9.87   0.000
  101  12.10   0.000
  102  17.19   0.000
  103  18.59   0.000
  104  20.97   0.000
  105  35.08   0.000
  106  37.22   0.000
  107  23.17   0.000
  108  18.55   0.000
  109  11.29   0.000
  110   9.73   0.000
  111   9.39   0.000
  112   7.95   0.000
  113   7.64   0.000
  114   7.71   0.000
  115   7.04   0.000
  116   5.41   0.000
  117   5.01   0.000
  118   6.03   0.000
  119   5.89   0.000
  120   5.80   0.000
  121   6.45   0.000
  122   6.20   0.000
  123   5.96   0.000
  124   7.04   0.000
  125   7.37   0.000
  126   7.63   0.000
  127   8.72   0.000
  128  16.12   0.000
  129  14.04   0.000
  130  12.09   0.000
  131   9.09   0.000
  132   7.83   0.000
  133   6.16   0.000
  134   5.76   0.270
  135   6.67   0.000
  136   7.05   0.000
  137   8.89   0.000
  138   7.46   0.000
  139  10.05   0.000
  140   7.73   0.000
  141   6.99   0.000
  142   8.08   0.000
  143   9.46   0.000
  144  11.76   0.000
  145  16.45   0.000
  146  19.81   0.000
  147  15.58   0.000
  148  10.95   0.000
  149   8.32   0.000
  150   8.16   0.000
  151   6.66   0.000
  152   7.37   0.000
  153   8.85   0.100
  154   8.61   0.000
  155   8.66   0.520
  156  10.37   2.430
  157  10.74   9.060
  158  11.88   6.130
  159  17.93   2.730
  160  16.85   2.720
  161  16.97   3.590
  162  14.56  12.090
  163  21.02  87.440
  164  31.00 142.650
  165  47.23 239.150
  166  31.73 255.020
  167  48.41 208.580
  168  60.93 270.680
  169 121.05 237.650
  170 113.24 244.090
  171  79.63  83.770
  172  42.11  74.370
  173  23.19 301.150
  174  20.27 122.840
  175  15.59   2.950
  176   9.40   0.000
  177  14.39   0.000
  178   7.28   0.000
  179   7.40   0.000
  180   6.51   0.000
  181   8.57   0.000
  182  10.92   0.430
  183   9.02   4.640
  184  12.51   4.480
  185  17.81   2.700
  186  17.77  12.800
  187  15.06  22.000
  188  12.16   4.000
  189  10.63   0.170
  190   6.97   0.000
  191   6.28   0.000
  192   5.86   0.000
  193   5.14   0.000
  194   4.76   0.000
  195   4.66   0.000
  196   4.19   0.000
  197   4.27   0.000
  198   4.33   0.000
  199   4.64   0.000
  200   5.01   0.000
  201   5.94   0.000
  202   5.66   0.000
  203   5.68   0.000
  204   5.18   0.000
  205   5.81   0.000
  206   8.34   0.000
  207   8.06   0.000
  208   9.75   0.000
  209   9.25   0.000
  210  13.78   0.000
  211  23.80   0.000
  212  16.79   0.000
  213  16.53   0.000
  214  65.31   0.000
  215  93.26   0.000
  216  33.51   0.000
  217  30.80   0.000
  218  23.95   0.000
  219  29.99   0.000
  220  23.63   0.000
  221  15.60   0.000
  222  18.30   0.000
  223  20.56   0.000
  224  20.60   0.000
  225  14.53   0.000
  226  21.27   0.000
  227  27.79   0.000
  228  26.08   0.000
  229  23.98   0.000
  230  18.71   0.000
  231  17.00   0.000
  232  18.04   0.000
  233  13.21   0.000
  234  12.18   0.000
  235  18.65   0.000
  236  15.72   0.000
  237  13.09   0.000
  238  11.76   0.000
  239  16.70   0.000
  240  19.63   0.000
  241  12.33   0.000
  242   9.99   0.000
  243  11.90   0.000
  244   9.68   0.000
  245   7.33   0.000
  246   8.19   0.000
  247   8.88   0.000
  248   5.39   0.000
  249   6.09   0.000
  250   8.56   0.000
  251  12.42   0.000
  252  13.20   0.000
  253   8.50   0.000
  254  13.54   0.000
  255  12.78   0.000
  256   6.40   0.000
  257   8.76   0.000
  258   7.15   0.000
  259   6.66   0.000
  260  10.58   0.000
  261   9.43   0.000
  262   7.07   0.000
  263   7.18   0.000
  264  11.09   0.000
  265  10.68   0.000
  266   7.79   0.000
  267   9.80   0.000
  268  15.01   0.000
  269  12.26   0.000
  270  10.37   0.000
  271  16.77   0.000
  272  16.49   0.000
  273  11.13   0.000
  274  19.79   0.000
  275  20.13   0.000
  276  13.86   0.000
  277  12.80   0.000
