 beta=   0.0000000000000000     
  -1.4587851023651796E-015
  -8.6827440963680686E-016
  -4.4259569585570131E-016
  -2.2396128135687730E-016
   7.8121858945826669E-017
   3.6514924839855711E-016
   9.9659843350955995E-003
   1.2643184102980034E-002
   1.6419249558213209E-002
   2.6420044742869804E-002
   2.8515011865076871E-002
   2.9657308751183008E-002
   3.0585074839408592E-002
   3.4935099912710377E-002
   3.6253603397416352E-002
   3.8190847262244254E-002
   4.0281309420634522E-002
   4.2517721254864020E-002
   4.3667200520417178E-002
   4.5068062017660920E-002
   4.5603809269464723E-002
   4.7399281972744761E-002
   4.8645457583597632E-002
   4.9089978878061477E-002
   5.0313629561212818E-002
   5.1888724097324895E-002
   5.2978807411165091E-002
   5.5578618440396875E-002
   5.5879564737584764E-002
   5.6928530388697676E-002
   5.8500593735738765E-002
   6.1064423181291544E-002
   6.3059208041564049E-002
   6.3111090103694575E-002
   6.3895376151543823E-002
   6.5402976367884960E-002
   6.5706193520680883E-002
   6.6569871519844087E-002
   6.9404416660394375E-002
   7.0447918200934184E-002
   7.1620681684619686E-002
   7.2016402297028936E-002
   7.2629665205711208E-002
   7.3556261530849890E-002
   7.4829663411849226E-002
   7.5862395491571546E-002
   7.6985077054096546E-002
   7.7938886311799502E-002
   7.8714059575043890E-002
   7.8893060939740717E-002
   8.0379880330413891E-002
   8.1148372022821907E-002
   8.1442421603234241E-002
   8.2647430197256747E-002
   8.4114732597763919E-002
   8.5129433034103807E-002
   8.6140691255118904E-002
   8.6376733780306539E-002
   8.8084851005926140E-002
   8.8430179567678943E-002
   8.9298169508512368E-002
   9.0598195536191833E-002
   9.0796029068368742E-002
   9.2068037161817745E-002
   9.2914852529667857E-002
   9.3673417626111935E-002
   9.4595804333233793E-002
   9.5925315885305798E-002
   9.7098633891615216E-002
   9.7887097510122284E-002
   9.8511630818753457E-002
   9.9278682388872441E-002
  0.10032483915298376     
  0.10077302209323621     
  0.10160796756693119     
  0.10188313783417974     
  0.10294674797012347     
  0.10351068474502487     
  0.10372559974840699     
  0.10414750488035093     
  0.10480076041797309     
  0.10584598707548851     
  0.10592682068369508     
  0.10630633716406428     
  0.10676525215511570     
  0.10692197261035610     
  0.10788886562135641     
  0.10822391184199881     
  0.10869579231571296     
  0.10941143966811853     
  0.11011059010084749     
  0.11101977300232928     
  0.11131205310121468     
  0.11223553059187769     
  0.11260068714528609     
  0.11302360186152847     
  0.11398985052290182     
  0.11424268007674175     
  0.11465492836169135     
  0.11498970634893917     
  0.11566309507829012     
  0.11615085129100819     
  0.11639459400171885     
  0.11707602309875369     
  0.11741515245746965     
  0.11854512403014339     
  0.11881821428947589     
  0.11890006228720670     
  0.11940218761020964     
  0.12061070056172546     
  0.12116748808323544     
  0.12130469329748501     
  0.12163945014312333     
  0.12213970571291317     
  0.12271325148045864     
  0.12334364630454038     
  0.12364055369477721     
  0.12401228156311525     
  0.12495088173110042     
  0.12525261727988915     
  0.12579551326257254     
  0.12618719756701630     
  0.12652898849051872     
  0.12706400091755923     
  0.12746512016722086     
  0.12805542841187104     
  0.12854248888971578     
  0.12908241063118120     
  0.12915100232388516     
  0.12937313046760099     
  0.12990530713932633     
  0.13047385450836760     
  0.13066766154297862     
  0.13110769701444872     
  0.13149377444350627     
  0.13191248289668958     
  0.13208544863005120     
  0.13236246914533070     
  0.13271068396351376     
  0.13319814393082186     
  0.13344244082574422     
  0.13417683388902654     
  0.13469862788544806     
  0.13511779418081721     
  0.13626837356873336     
  0.13648032040725980     
  0.13668693510967669     
  0.13729453123855320     
  0.13779206026227456     
  0.13869243446834623     
  0.13906498878631404     
  0.13938270162617478     
  0.14018943970297534     
  0.14076362081472829     
  0.14105265379320481     
  0.14217106959407125     
  0.14221780278258656     
  0.14305776691211436     
  0.14374307352709476     
  0.14426011137150413     
  0.14459143229845497     
  0.14535726325044959     
  0.14551026238554984     
  0.14593022906806541     
  0.14625979928309363     
  0.14676739395192837     
  0.14792399779299067     
  0.14845537060549832     
  0.14859326152153807     
  0.14905692631371481     
  0.14985078038869523     
  0.15060856724797661     
  0.15099588285838653     
  0.15151110856225636     
  0.15275250392106593     
  0.15285888033452799     
  0.15353462412701618     
  0.15440517159291045     
  0.15511473583649379     
  0.15554582601399472     
  0.15626153403279208     
  0.15671089727483706     
  0.15720947220233925     
  0.15771673160767422     
  0.15856855043397056     
  0.15877666751962355     
  0.16039679326143630     
  0.16116961582000344     
  0.16165896823713050     
  0.16219335550750202     
  0.16302262666190323     
  0.16353375936979378     
  0.16409015764560472     
  0.16440341153142576     
  0.16530252675175550     
  0.16610721313682178     
  0.16645143087350681     
  0.16805990790787154     
  0.16864776116291241     
  0.16928926607584047     
  0.16982478480530847     
  0.17070870574969071     
  0.17075876503431597     
  0.17185955720742521     
  0.17249554899450154     
  0.17295180153341852     
  0.17379160876238800     
  0.17436739908639842     
  0.17490945444797626     
  0.17603153759561466     
  0.17669586265369494     
  0.17837959262704922     
  0.17867205463086136     
  0.17937579815027371     
  0.17977620482517970     
  0.18010889075128148     
  0.18044297144958044     
  0.18135078609797503     
  0.18188228824273039     
  0.18236032491202728     
  0.18323633969424849     
  0.18421298710295594     
  0.18470980135692178     
  0.18603509668672710     
  0.18679402962679204     
  0.18780010233359024     
  0.18875073546956397     
  0.18954129488900320     
  0.18967104102470739     
  0.19189533366715536     
  0.19223914154919300     
  0.19293051149045853     
  0.19354919435313259     
  0.19488123417980574     
  0.19551906309196806     
  0.19614329434915576     
  0.19747705268916793     
  0.19797588691568482     
  0.19829315223345761     
  0.19938260076514872     
  0.20098800366781930     
  0.20164349716380020     
  0.20268240068513518     
  0.20283646031916369     
  0.20313280637047190     
  0.20352819523681698     
  0.20534153089176471     
  0.20616520359221233     
  0.20682729459899157     
  0.20830625927911053     
  0.20884263766598868     
  0.21022872352343805     
  0.21066134904043715     
  0.21110083755016923     
  0.21256578763581058     
  0.21397683240052173     
  0.21447862904939419     
  0.21592645302853458     
  0.21604941184801288     
  0.21740404768627125     
  0.21895065501161731     
  0.21972505527976643     
  0.22096545524260314     
  0.22172742587388400     
  0.22223454278309038     
  0.22321891651684464     
  0.22492232669465820     
  0.22606636264634858     
  0.22654228385263867     
  0.22752609366523580     
  0.22859685144651115     
  0.22958309437349972     
  0.23095897352086867     
  0.23151142476643860     
  0.23319790152113909     
  0.23649336367421581     
  0.23683607973320403     
  0.23837447921700755     
  0.23953705202693346     
  0.24005862127263999     
  0.24107625090451218     
  0.24380918502828663     
  0.24588715368930325     
  0.24801045191446566     
  0.25071109840988776     
  0.25181547444106855     
  0.25529205448717773     
  0.25608548609886450     
  0.25657291796065385     
  0.26050005281008481     
  0.26286208045456505     
  0.26517677673657558     
  0.26692870834842974     
  0.26790884427438594     
  0.27119106141965077     
  0.27389761940523516     
  0.27696491358403280     
  0.28050999886009209     
  0.28212481901905223     
  0.28708194078828508     
  0.29126539174419458     
  0.29251227583430339     
  0.29577801434189993     
  0.29595252854394882     
  0.29821483868690218     
  0.29854975855717991     
  0.29954982831551014     
  0.30091930359287994     
  0.30409697094965471     
  0.30475934727847415     
  0.30583200594100046     
  0.30700665912366798     
  0.31062769978748406     
  0.31244212168711338     
  0.31475819577127728     
  0.31514724272832756     
  0.31764690135977497     
  0.31854487085937017     
  0.32370423236822743     
  0.32651343967008661     
  0.32972552553103390     
  0.33196926387409359     
  0.33481280751510245     
  0.33506595823310470     
  0.33702811254707399     
  0.34003988355176135     
  0.34111132628914026     
  0.34291267048683838     
  0.34511498796464757     
  0.34799625423695613     
  0.35128120604225227     
  0.35279497527591619     
  0.35339232597833986     
  0.35401777860618544     
  0.35665369403087682     
  0.35942315874618069     
  0.36374742483883371     
  0.36498515465660625     
  0.36782085666971531     
  0.36928938192982907     
  0.37080929833779386     
  0.37525943542566359     
  0.37668461834866107     
  0.37868704036762263     
  0.38571020851115101     
  0.38725521746534852     
  0.39150440474412135     
  0.39509884330070894     
  0.39750617436880287     
  0.40199913846398033     
  0.40466027170610119     
  0.40799299715117976     
  0.41296135640058207     
  0.41534394518297163     
  0.41783414214910031     
  0.42192672026070671     
  0.42550504011041906     
  0.42903763515400056     
  0.43395050893640558     
  0.44051360221017921     
  0.44750212819075746     
  0.44986751167366967     
  0.47380866515617992     
  0.47974876759528923     
  0.48734244472291266     
  0.50335109358092300     
  0.51422884822641746     
  0.52299276625551017     
  0.53183587855087489     
  0.53225299254385461     
  0.55604498470761288     
  0.57701987050555370     
  0.59192814834684915     
  0.59454129491335961     
  0.60388648850964599     
  0.63096467833078407     
  0.65342313271313590     
  0.68568852225016297     
  0.68968082472879666     
  0.81082135250751952     
  0.89528587386347169     
  0.91416105459084962     
  0.92171553565939335     
  0.94526101747648816     
  0.96330371234595102     
  0.96632862586202406     
  0.99181610163080880     
   1.0499656158636725     
   1.0544451130110883     
   1.0761586539526082     
   1.0791810594071796     
   1.0988308997312353     
   1.1284629690632728     
   1.1442517627325552     
   1.1566460942406809     
   1.1910884447977901     
   1.2017801888558224     
   1.2320949264279450     
   1.2466869573301711     
   1.2703427608602671     
   1.2731539276578852     
   1.2863007883871032     
   1.2969052625110749     
   1.3148401470644833     
   1.3802125333913564     
   1.4058880415486417     
   1.4111962018876822     
   1.4284144855913468     
   1.4349188835367861     
   1.4829737255575404     
   1.5155433786892512     
   1.5321518256238913     
   1.5401938846714396     
   1.5781137933315135     
   1.5842410934891498     
   1.6064909507132641     
   1.6086253606655618     
   1.6385127735115244     
   1.6817412253772586     
   1.6887712361403653     
   1.7242967590678591     
   1.7470451805070115     
   1.7683830722470242     
   1.7704896763017239     
   1.7739760904482322     
   1.7895071537793803     
   1.7897575957912351     
   1.7909421352182917     
   1.8025078580046530     
   1.8351598063605272     
   1.8385222208938667     
   1.8674229882614550     
   1.9499762477768243     
   1.9646246600655457     
   1.9725846273754124     
   2.0013628124793001     
   2.0133284243529213     
   2.0143027525570187     
   2.0221643852467253     
   2.0296436034388483     
   2.0417208104794260     
   2.0443308149470854     
   2.0465881672221098     
   2.0491683672198784     
   2.0532476424908168     
   2.0555175992759569     
   2.0639446540045832     
   2.0700597424792577     
   2.0723444336464447     
   2.0766275771807092     
   2.0837842761812602     
   2.0866842151311693     
   2.0902846240905029     
   2.0921449038925513     
   2.0956625577897183     
   2.1054552060895584     
   2.1063056597807024     
   2.1063672498941197     
   2.1082718906243754     
   2.1124394212717008     
   2.1186030495961696     
   2.1306228534222780     
   2.1319964284768607     
   2.1357997910322752     
   2.1358102018778498     
   2.1381251649670756     
   2.1414261126074909     
   2.1445200575564054     
   2.1479075650376580     
   2.1503875703085433     
   2.1512887497050293     
   2.1553770780366706     
   2.1644911122727382     
   2.1680896797872742     
   2.1725437174576676     
   2.1744582495017930     
   2.1790773747123877     
   2.1813726823221322     
   2.1818750618490466     
   2.1842612548671698     
   2.1845995629689203     
   2.1940698696417629     
   2.1992646426792848     
   2.2053521189360152     
   2.2147322823712190     
   2.2174890062207928     
   2.2177512533505981     
   2.2204551706395392     
   2.2530378207354924     
   2.2532833745037379     
   2.2554287606051076     
   2.2692431525138379     
   2.2724431793762974     
   2.2776892942291589     
   2.2877244878199123     
   2.2911611831564631     
   2.2954394192118746     
   2.2992558968870083     
   2.3028400870776604     
   2.3098120360377354     
   2.3123284011923877     
   2.3143350478497342     
   2.3209250182070136     
   2.3304279534207528     
   2.3382289823547104     
   2.3496985250552704     
   2.3513274461087619     
   2.3517505556995104     
   2.3562925305262437     
   2.3866206826498968     
   2.3873099046224384     
   2.3919842551610104     
   2.4007912819884223     
   2.4112837241736296     
   2.4246079008146380     
   2.4266828315781694     
   2.4490026504090694     
   2.4623355615875147     
   2.4672938897750876     
   2.4780638329665532     
   2.5959993877735861     
   2.6160438301262530     
   2.6263824312733579     
   2.6347121310325350     
   2.6417346422181947     
   2.6906611951869732     
   2.6912597475990570     
   2.7019455809465556     
   2.7544952913392460     
   2.7593895969999753     
   2.7686926697165077     
   2.7836298239828428     
   2.7837854212465789     
   2.8232900550217779     
   2.9042119441047745     
   2.9269486365193971     
   2.9381758520119834     
   2.9397295304189868     
   2.9414894604260264     
   3.0049483953753149     
   3.0189020775931286     
   3.0301877416442515     
   3.0771676296817230     
   3.0932605433276885     
   3.0953814981970074     
   3.1037479885704156     
   3.1197826145852341     
   3.1349591210686163     
   3.1424639968585644     
   3.1662862978334045     
   3.2378250000311337     
   3.2575538067228074     
   3.2669380519851416     
   3.2875999138784762     
   3.2993291808522076     
   3.3030315055931938     
   3.4433269519924039     
   3.4541368384579934     
   3.4583636573424834     
   3.4783225194416496     
   3.4928226373971873     
   3.5076844062198438     
   3.5106245894337764     
   3.5882437347175999     
