 beta=   0.0000000000000000     
  -5.6380639302854474E-016
  -2.4149872693617440E-016
  -1.2208094897641327E-016
  -7.4310698839339351E-017
   6.1208659830851071E-016
   1.3690282676177761E-015
   4.9423593508357349E-003
   5.1081667530115228E-003
   6.6295117727906260E-003
   8.2960343588541815E-003
   1.4011327308597901E-002
   1.4662954652008547E-002
   1.4937899616609797E-002
   1.6153163156201560E-002
   2.0938969004174638E-002
   2.1831111329397229E-002
   2.3705129066163056E-002
   2.3917351774852682E-002
   2.4731670702881590E-002
   2.7422396346004775E-002
   3.2380488607578813E-002
   3.6139870254278325E-002
   3.9600109171449405E-002
   4.2377029517781786E-002
   4.2668254831434757E-002
   4.5130320155963889E-002
   4.6240885930937850E-002
   5.0614101210926112E-002
   5.1305177684852474E-002
   5.4750131089522681E-002
   5.5226279131644601E-002
   5.7278126611020656E-002
   5.9336453496111073E-002
   6.0936009692600872E-002
   6.1260759545431497E-002
   6.2054346780066681E-002
   6.6054045344942733E-002
   6.7819187409422318E-002
   6.8109230377272206E-002
   6.8458727160265506E-002
   6.9016849546209291E-002
   7.0346846446868866E-002
   7.1336331580577908E-002
   7.2331927880722055E-002
   7.2724361611032518E-002
   7.3463762548593672E-002
   7.3605643725895981E-002
   7.7670384712588830E-002
   7.7924705402876868E-002
   7.9142542210819122E-002
   8.0196342075291013E-002
   8.2411755007027118E-002
   8.4215679843816282E-002
   8.5771588305210991E-002
   8.6264520929556582E-002
   8.7670201547573587E-002
   8.9207215947806048E-002
   8.9432511265944370E-002
   9.0160859903421597E-002
   9.0497184763159974E-002
   9.2461439653595642E-002
   9.2906112151247194E-002
   9.3779404752122292E-002
   9.4978950431354570E-002
   9.5786016960340351E-002
   9.8080079321510527E-002
   9.8355148605948114E-002
   9.9467878515252323E-002
  0.10016392508314212     
  0.10206774531057758     
  0.10358748484320768     
  0.10429621461951465     
  0.10485775902716660     
  0.10656671371973839     
  0.10661298735478811     
  0.10805367718377398     
  0.10908738929736544     
  0.10959575480864314     
  0.11010993724302885     
  0.11261120209605244     
  0.11429585105772866     
  0.11542991513554116     
  0.11562784492272821     
  0.11667870537686559     
  0.11760181995211491     
  0.11862854438511999     
  0.12017818913849489     
  0.12261614015749579     
  0.12280273742530996     
  0.12286988361204414     
  0.12351880751410348     
  0.12411753359593081     
  0.12510206274356525     
  0.12691764930808586     
  0.12855431524527053     
  0.12880667164817400     
  0.12885563175936024     
  0.12945483831571283     
  0.12958877538754043     
  0.13108864388815300     
  0.13160807404357047     
  0.13212454213922525     
  0.13263497761473086     
  0.13275929962966315     
  0.13338966667423566     
  0.13427232162841068     
  0.13595888522613270     
  0.13637630660754793     
  0.13640225285499019     
  0.13752478307811156     
  0.13779964586997251     
  0.13882291719036913     
  0.13893584584470092     
  0.13976003408427537     
  0.14124138500038286     
  0.14178219954345012     
  0.14227592078584839     
  0.14286851912692691     
  0.14320239266775744     
  0.14420283176988052     
  0.14483861754013663     
  0.14594022166946830     
  0.14681459542059433     
  0.14701925130007007     
  0.14754571359093560     
  0.14768082381233522     
  0.14839415460483624     
  0.14936690892017704     
  0.14985130655200757     
  0.15077511542808650     
  0.15095518610522798     
  0.15144802015281325     
  0.15155360514599617     
  0.15179121707751006     
  0.15240099564248624     
  0.15246578343279307     
  0.15445022797188901     
  0.15503307007605571     
  0.15510801031559443     
  0.15709657343287567     
  0.15770705347758657     
  0.15803587255089585     
  0.15881147315252458     
  0.15905399535092626     
  0.15957386059995346     
  0.15995583089571519     
  0.16048569056279138     
  0.16059208813483064     
  0.16120406462681985     
  0.16141002447642047     
  0.16417479700126605     
  0.16422077422156600     
  0.16467854744892771     
  0.16473309240958933     
  0.16540917362250734     
  0.16547413722451665     
  0.16629694235562859     
  0.16725192404103237     
  0.16769203522595896     
  0.16832832216735744     
  0.16870116305015584     
  0.16969775057266476     
  0.17085380267526976     
  0.17120214759315855     
  0.17145434166430362     
  0.17149317712149825     
  0.17247860240050686     
  0.17251211121454738     
  0.17409660558256473     
  0.17457406553764448     
  0.17499830519450132     
  0.17513813073410239     
  0.17652289651018266     
  0.17664706362676516     
  0.17695826137385956     
  0.17746928924122851     
  0.17780194522513476     
  0.17801081025011770     
  0.17879653868910778     
  0.17902009835427152     
  0.17913029923264825     
  0.18047174090329249     
  0.18087228539776937     
  0.18148409030903329     
  0.18211977346633984     
  0.18318222764804667     
  0.18350472407867813     
  0.18419386545759728     
  0.18421285376989865     
  0.18487017949163670     
  0.18559878721928255     
  0.18610225412094714     
  0.18630562605166387     
  0.18683591167083199     
  0.18724204816885276     
  0.18770993659143784     
  0.18813715148138438     
  0.18868496162964449     
  0.18904162247047820     
  0.18952296131017388     
  0.18999709962568698     
  0.19034911161508203     
  0.19063790653203003     
  0.19193272029327588     
  0.19239941577356012     
  0.19275267514547231     
  0.19277823053895415     
  0.19351803185590996     
  0.19373428518354271     
  0.19427917656660934     
  0.19560607223631793     
  0.19596244068953875     
  0.19641905042713936     
  0.19713844549327675     
  0.19741485871363171     
  0.19787036051078988     
  0.19836995256034334     
  0.19905718223073532     
  0.19948295564757904     
  0.19992859727459950     
  0.20117364044986549     
  0.20184708748071481     
  0.20211802232445464     
  0.20273562021352484     
  0.20298276822522707     
  0.20407104440460119     
  0.20429869455978003     
  0.20554296184863868     
  0.20571425028212328     
  0.20670335414803390     
  0.20689525723350910     
  0.20714069474351648     
  0.20723048919063483     
  0.20750987776876126     
  0.20808002586306260     
  0.20858410502993549     
  0.20903352203253978     
  0.20948334569682533     
  0.21098149636729377     
  0.21115598964198420     
  0.21171983321170573     
  0.21207987480092466     
  0.21330488475457332     
  0.21349427406637514     
  0.21406982530481766     
  0.21468741681780376     
  0.21494490931474525     
  0.21542392633166529     
  0.21608304099056430     
  0.21667002075338582     
  0.21760931860751162     
  0.21805660914256939     
  0.21834269572819445     
  0.21922607757344473     
  0.21937144123517927     
  0.21991582997261203     
  0.22059474221318648     
  0.22065919846135862     
  0.22224408295779433     
  0.22360781297996643     
  0.22395298958946375     
  0.22478329638240996     
  0.22557298696131522     
  0.22665635828233660     
  0.22765450817256247     
  0.22773988427797368     
  0.22855771185237464     
  0.22951833362292312     
  0.23011027699175174     
  0.23106092974901316     
  0.23188844405881689     
  0.23279306383162518     
  0.23329931063501647     
  0.23380405640899241     
  0.23487247422589175     
  0.23529329371743490     
  0.23590059376414146     
  0.23728847861107608     
  0.23775068306817343     
  0.23892688818258601     
  0.23915328962726570     
  0.23921036076013547     
  0.24093592716345558     
  0.24138070850526053     
  0.24202953775884620     
  0.24241340425348351     
  0.24361876770153063     
  0.24450622116689905     
  0.24536288401531253     
  0.24594923894360299     
  0.24811850225505658     
  0.24836255105628566     
  0.24856700796427025     
  0.24871678066488814     
  0.24996753837260716     
  0.25033650684310876     
  0.25064948523434255     
  0.25133124314633387     
  0.25205657769670359     
  0.25309529085403409     
  0.25359931549911524     
  0.25416220969499553     
  0.25582494172515707     
  0.25703866566117078     
  0.25708935287302204     
  0.25935045209779983     
  0.26060374777729028     
  0.26119971444875856     
  0.26144858643236468     
  0.26190826728596606     
  0.26363166203552069     
  0.26384775145844758     
  0.26480986596429462     
  0.26503612451798608     
  0.26570564861080564     
  0.26692828237474658     
  0.26726106832910196     
  0.26840563889496805     
  0.26864423645902391     
  0.26900831470182479     
  0.26941021079530048     
  0.27049702038396245     
  0.27086484884288481     
  0.27145579031749539     
  0.27232799659888379     
  0.27499232039956473     
  0.27508320576774636     
  0.27568086618172405     
  0.27643777679532133     
  0.27741163009710962     
  0.27827724255712949     
  0.27937899630885715     
  0.27975479883321452     
  0.28102412223885909     
  0.28436565618896270     
  0.28600661563773710     
  0.28625656859866822     
  0.28709034693188062     
  0.28751835169269807     
  0.28976887200911272     
  0.29060141174007709     
  0.29432203178694216     
  0.29572644015755373     
  0.29641633855594318     
  0.29688136663212034     
  0.29872520432416472     
  0.29921762998769380     
  0.30030534841657824     
  0.30143740418725168     
  0.30393008705083963     
  0.30469037662505061     
  0.30514628729926591     
  0.30613946443961648     
  0.30673611993501898     
  0.30959676582872664     
  0.31209487195035418     
  0.31289691349095583     
  0.31356043115518550     
  0.31472884628522541     
  0.31778315266611951     
  0.31930630430717954     
  0.32092408822140750     
  0.32357952693113912     
  0.32475254372277157     
  0.32657738282648874     
  0.32659393120636315     
  0.33008354859118655     
  0.33082261470950325     
  0.33339859962732693     
  0.33409663073091989     
  0.33606061824523475     
  0.33870486179782400     
  0.34097379276050199     
  0.34272843776752898     
  0.34351928942425031     
  0.34536674590533817     
  0.34729590603689697     
  0.34987452018117782     
  0.35076930018696856     
  0.35402059429487032     
  0.35575138222360608     
  0.35667095802036219     
  0.35928178161373048     
  0.35963684608931829     
  0.36133247884636888     
  0.36453890244574944     
  0.36620314444115065     
  0.36930254838353338     
  0.36993036819469305     
  0.37047749495317239     
  0.37135022770487952     
  0.37368980938866120     
  0.37463988030283035     
  0.37504542021102960     
  0.37615715765527896     
  0.38202887733842511     
  0.38242080814326590     
  0.38774002086531117     
  0.38797349331024172     
  0.39258694206182582     
  0.39333047199156090     
  0.39484650338055183     
  0.39646317562963646     
  0.39916818631374590     
  0.40391147335194288     
  0.40830779165886605     
  0.40845832571613494     
  0.41175864541860602     
  0.41803400983690353     
  0.41818466231442775     
  0.42006425372590561     
  0.42527623355026928     
  0.42701971857208365     
  0.42902736138342651     
  0.42947881623991829     
  0.43266089682122877     
  0.43492940079840359     
  0.43666138588245051     
  0.43670760021346761     
  0.43904698862795577     
  0.43958330295649883     
  0.44010776148971570     
  0.44074867105321863     
  0.44357908601059648     
  0.44467728509542787     
  0.44513192937518942     
  0.44561437582639996     
  0.44631015924742923     
  0.44965337064168487     
  0.45168166007600596     
  0.45305771964337527     
  0.45632891305045709     
  0.45759751003893401     
  0.47355613620811676     
  0.47375443442483944     
  0.47654076489242264     
  0.49386055593640765     
  0.49455942451331297     
  0.49666931404062764     
  0.50157951142270918     
  0.50244386794682494     
  0.50451419613161852     
  0.52025761319987862     
  0.52199912558333927     
  0.54270934510398383     
  0.54306105126180615     
  0.58950761766724002     
  0.58960202285247942     
  0.60572335346388606     
  0.60590791136580102     
  0.61317814540415283     
  0.61362892241280775     
  0.65756741303361510     
  0.65761717098803307     
  0.72921560317848844     
  0.72922073753980521     
  0.74506855087373525     
  0.74513812188187056     
   1.0581696463746746     
   1.0620334176697079     
   1.0836553793362904     
   1.0836970163179782     
   1.1494654306662029     
   1.1496935301977320     
   1.1860872507055833     
   1.1864023367997942     
   1.1947061499989993     
   1.1951453063937993     
   1.2058220386821674     
   1.2083768285716390     
   1.2594009355333375     
   1.2595425259691533     
   1.3099241261077270     
   1.3103615423910178     
   1.3164408414708850     
   1.3168131933976961     
   1.3569628229465398     
   1.3591199771780011     
   1.3735458109033898     
   1.3739398000539098     
   1.3847625966581076     
   1.3920019916180619     
   1.4041869065022026     
   1.4052074712150417     
   1.5096945086071734     
   1.5165627343434418     
   1.5167613307173682     
   1.5196712343885841     
   1.5394689521661715     
   1.5395582482597365     
   1.5636615922029762     
   1.5679869600468619     
   1.5872296261105681     
   1.5967105339910963     
   1.6626327534661154     
   1.6629259481072383     
   1.6691124473443342     
   1.6693163166153762     
   1.6726025630436074     
   1.6792579492826358     
   1.6879501503759078     
   1.6881740351334336     
   1.7143993680644467     
   1.7171972163607807     
   1.7976218382444649     
   1.8006985298952838     
   1.8023165589329990     
   1.8033414633794889     
   1.8370327732119913     
   1.8467066308206179     
   1.8650679772475094     
   1.8671791996972553     
   1.9078840101483945     
   1.9156802338486167     
   1.9247978988527796     
   1.9249369520520421     
   1.9430146910787662     
   1.9432543925445627     
   1.9567420931718655     
   1.9573008768823428     
   1.9866846259208282     
   1.9927237352427745     
   1.9932472085471664     
   1.9971766236510611     
   2.0242290237876461     
   2.0247591611710765     
   2.0464519021775320     
   2.0467208047065166     
   2.0484267801520071     
   2.0514972770512117     
   2.0532579923816972     
   2.0535385918685702     
   2.0603131893525064     
   2.0605680415208334     
   2.0693541623865728     
   2.0694252274299614     
   2.0704029826481953     
   2.0705328388587869     
   2.0953574758297964     
   2.0957331128929662     
   2.0974980525566034     
   2.0982763349090421     
   2.1115877903550291     
   2.1117058889807918     
   2.1278538316884807     
   2.1281457407892921     
   2.1402334912607497     
   2.1404718871280619     
   2.1423616131209506     
   2.1430744832351012     
   2.1464779898578525     
   2.1467275817918035     
   2.1480797981853286     
   2.1482174461497334     
   2.1555413414666207     
   2.1555809729866406     
   2.1669554765109393     
   2.1672834395368930     
   2.1724702911101677     
   2.1725522799395596     
   2.1759211891826085     
   2.1805853336610923     
   2.1808081138789763     
   2.1833110390973185     
   2.1901950421353176     
   2.1904329847151489     
   2.2022212291060961     
   2.2024029945423069     
   2.2070349026036631     
   2.2073386895962108     
   2.2112252300589357     
   2.2117578582064250     
   2.2178709431405053     
   2.2179048603501066     
   2.2276699986130790     
   2.2278775962453374     
   2.2305002033358190     
   2.2306769081350146     
   2.2409064916493473     
   2.2412497402880454     
   2.2505948034836201     
   2.2506601236507318     
   2.2522696033386507     
   2.2523775281936329     
   2.2547057854427273     
   2.2560778834230621     
   2.2630276194777532     
   2.2636255644417420     
   2.2752408321586883     
   2.2757056086676886     
   2.2883828386890204     
   2.2898625882307817     
   2.2934452290680971     
   2.2935569422917395     
   2.2994922507451228     
   2.2995490146079653     
   2.3013496494201902     
   2.3015297165816047     
   2.3067025060397310     
   2.3069941986746070     
   2.3180602756159447     
   2.3183464755671785     
   2.3348169700326933     
   2.3369530247662027     
   2.3421367495692458     
   2.3423944919370800     
   2.3427997183569347     
   2.3431322649457167     
   2.3451163941008124     
   2.3453910414852523     
   2.3978801888243266     
   2.3992266841017975     
   2.4071835296602271     
   2.4073183726480800     
   2.4145330262340456     
   2.4148742410146484     
   2.4255864294663128     
   2.4258708932257762     
   2.4545132940099799     
   2.4568521928623679     
   2.4742634947184472     
   2.4743409496637234     
   2.4964055377664054     
   2.4965172702457417     
   2.5039270739710036     
   2.5041666480117053     
   2.5185027788369423     
   2.5189800382803331     
   2.5224092728871201     
   2.5224732142799309     
   2.5347573689398724     
   2.5352454704812057     
   2.5525695105252093     
   2.5528733831460730     
   2.6100850956437021     
   2.6135452227738321     
   2.6171526204645255     
   2.6179824751990246     
   2.7016651846678745     
   2.7031477570975921     
   2.7180264702812327     
   2.7181582140938301     
   2.7353273294534834     
   2.7380268554005469     
   2.7658714207424793     
   2.7682674023965670     
   2.7785765161462446     
   2.7786676338813177     
   2.8027377242683094     
   2.8054782388146511     
   2.8065619955889938     
   2.8085502997127700     
   2.8313634576400335     
   2.8314274983654681     
   2.8609634448667238     
   2.8638611569917458     
   2.8838280735780915     
   2.8843644432148352     
   2.8959788666136816     
   2.9021091218265380     
   2.9305462035279550     
   2.9309734444536986     
   3.0039913359695087     
   3.0063327543328451     
   3.0715146525011146     
   3.0729591944303154     
   3.0929134528909503     
   3.0931512174149316     
   3.1353704901331758     
   3.1355575780094025     
   3.1727035383904982     
   3.1746003649255612     
   3.1799640465839341     
   3.1812723179018989     
   3.2155718063898675     
   3.2155964035154043     
   3.2387785763087455     
   3.2392092209286614     
   3.3580236069513334     
   3.3586289779653891     
   3.4079379186229146     
   3.4093175967870848     
   3.4373976847263066     
   3.4405568261657651     
