 beta=  0.11504598075852195     
  -4.2427785790602252E-016
  -1.3127330565279205E-016
  -6.6203508172788903E-017
   8.9056039152299079E-017
   3.8621274578055634E-016
   1.0205829438094890E-015
   1.7599767909398453E-004
   2.6981661491531076E-004
   5.8769639241516727E-004
   7.6249932831952871E-004
   9.6143906238620571E-004
   1.0257639749940331E-003
   1.3271739508581412E-003
   1.5439302273371016E-003
   1.6743058166617810E-003
   1.8694612630074194E-003
   2.0007387052154617E-003
   2.2727842907554431E-003
   2.3435531689776296E-003
   2.4116457737338483E-003
   2.7725554680190475E-003
   2.8196267625504329E-003
   3.1881166492117499E-003
   3.3146428561081570E-003
   3.4828665725539043E-003
   3.5831863561985012E-003
   3.7626384505342766E-003
   4.0541687572706849E-003
   4.1012175844328379E-003
   4.2006213879752317E-003
   4.5391490567825528E-003
   4.8667641229371466E-003
   5.0548826728205971E-003
   5.5411105924058788E-003
   6.0172914513144746E-003
   6.2376814818745708E-003
   6.2996347840458284E-003
   6.5438101725222714E-003
   6.8427439296595760E-003
   7.0414859665815779E-003
   7.2432033764528690E-003
   7.3354171922209496E-003
   7.4434723906214792E-003
   8.1464645401157897E-003
   8.6391672817939663E-003
   8.7405790346575304E-003
   8.9552405628907199E-003
   9.0738027873162042E-003
   9.4602875262495330E-003
   9.5730755747345814E-003
   9.9980675997249097E-003
   1.0201130351073567E-002
   1.0399525511370158E-002
   1.0593502733906216E-002
   1.1147500016377994E-002
   1.1306527941416386E-002
   1.1394692394621377E-002
   1.1569869020589393E-002
   1.1640419145310993E-002
   1.1969875998800441E-002
   1.2131052728595220E-002
   1.2587051262564165E-002
   1.2875145480269370E-002
   1.3215152298832241E-002
   1.3393971504307678E-002
   1.3560809990234863E-002
   1.3922043665470538E-002
   1.4130993646485519E-002
   1.4144786724009786E-002
   1.4377747603035215E-002
   1.4874612880995891E-002
   1.5078350056421778E-002
   1.5322582950561983E-002
   1.5510117144105133E-002
   1.5683072347485977E-002
   1.5992485559371331E-002
   1.6078175193154694E-002
   1.6240218378781722E-002
   1.6390803801580776E-002
   1.6574536161121846E-002
   1.7004714178071454E-002
   1.7261875576379246E-002
   1.7592394424973436E-002
   1.7728946536999045E-002
   1.7911341773492094E-002
   1.7998851349520468E-002
   1.8187290070012744E-002
   1.8375227119068496E-002
   1.8564573562161499E-002
   1.9126591983918358E-002
   1.9548921175277262E-002
   1.9829115426933983E-002
   1.9983368527572636E-002
   2.0132156706700700E-002
   2.0224141485426651E-002
   2.0534534584438342E-002
   2.0800098852141357E-002
   2.1053272417463346E-002
   2.1350801751832491E-002
   2.1437683382722856E-002
   2.1770785763674454E-002
   2.2093872391062083E-002
   2.2180046688292220E-002
   2.2506263683582686E-002
   2.2760679276514196E-002
   2.2950666841399337E-002
   2.3321041959438741E-002
   2.3361651509811659E-002
   2.3945835227669448E-002
   2.3970469806794788E-002
   2.4306585475668052E-002
   2.4598247284778940E-002
   2.4820641616906770E-002
   2.5040382788407856E-002
   2.5407039230418330E-002
   2.5483718818116712E-002
   2.5746362647857079E-002
   2.6131347870506499E-002
   2.6402564368978143E-002
   2.6566654744402351E-002
   2.6933844323389175E-002
   2.7032233821347940E-002
   2.7381712859336535E-002
   2.7715658281019951E-002
   2.7916375888003424E-002
   2.8496323707711997E-002
   2.8550234857490614E-002
   2.8815264241400081E-002
   2.9153643568658027E-002
   2.9310193918053905E-002
   2.9643780658269246E-002
   2.9715095759686876E-002
   2.9859634792737750E-002
   3.0321063444389864E-002
   3.0378035873266943E-002
   3.0612304160873453E-002
   3.0940089335015495E-002
   3.1162758178184813E-002
   3.1347296475744357E-002
   3.1512263198936859E-002
   3.1695748650766853E-002
   3.1959397185254819E-002
   3.2097200211254319E-002
   3.2224734619150965E-002
   3.2726724973805292E-002
   3.3056293074354343E-002
   3.3335411821711507E-002
   3.3452154615078021E-002
   3.3583426628282502E-002
   3.4040401170158149E-002
   3.4119343218353811E-002
   3.4154025097958930E-002
   3.4241076584655743E-002
   3.4718141240329008E-002
   3.4789452934348319E-002
   3.5004642902942036E-002
   3.5092932936194685E-002
   3.5366392815545905E-002
   3.5525055291792770E-002
   3.5726779041366903E-002
   3.5923373461188075E-002
   3.6146322950069781E-002
   3.6439004903633769E-002
   3.6699178785091630E-002
   3.6906348793526070E-002
   3.7000929569582307E-002
   3.7576329034578811E-002
   3.7694764353013534E-002
   3.7780628079270205E-002
   3.7965960242756627E-002
   3.8213526754990977E-002
   3.8637055011337490E-002
   3.8893992944464655E-002
   3.9074891707756881E-002
   3.9302093768762043E-002
   3.9483881918935183E-002
   3.9543085885627577E-002
   3.9705441175997239E-002
   4.0218975638180415E-002
   4.0295800503116652E-002
   4.0505489245321318E-002
   4.0702963248918492E-002
   4.0939919698162554E-002
   4.1087231832346457E-002
   4.1141656077612727E-002
   4.1256928106437128E-002
   4.1410012690731961E-002
   4.1509183780308413E-002
   4.1849356309009933E-002
   4.2049243352449778E-002
   4.2092645624744664E-002
   4.2549622522778864E-002
   4.2916525037805950E-002
   4.3064560011223510E-002
   4.3182913663995154E-002
   4.3235326242708802E-002
   4.3697713117815076E-002
   4.3875008873091211E-002
   4.4000500081980386E-002
   4.4401417822238977E-002
   4.4597156960773147E-002
   4.5002456940293992E-002
   4.5146461296506318E-002
   4.5239762827669665E-002
   4.5565047568946540E-002
   4.5915458104616023E-002
   4.6026067012505528E-002
   4.6136858865178550E-002
   4.6277767101628363E-002
   4.6690360876415551E-002
   4.6835285014054838E-002
   4.6912880246532548E-002
   4.7140132132378054E-002
   4.7214796684150510E-002
   4.7410620835424536E-002
   4.8034709645355146E-002
   4.8226223878521095E-002
   4.8412394909047411E-002
   4.8575231939510494E-002
   4.8799941952186572E-002
   4.8998328807275428E-002
   4.9453449358607050E-002
   4.9696120525090953E-002
   4.9971719866273745E-002
   5.0245447100110308E-002
   5.1167600026700323E-002
   5.1333887211022888E-002
   5.1415397542758978E-002
   5.1497308092387992E-002
   5.1794792781353988E-002
   5.2460685755674710E-002
   5.2677233789798709E-002
   5.2784772594330225E-002
   5.2945267344082135E-002
   5.3434056468801679E-002
   5.3909770245482970E-002
   5.3999529810291172E-002
   5.4041413021245072E-002
   5.4629284834276440E-002
   5.4890530108332641E-002
   5.5138647058725905E-002
   5.5292749260592640E-002
   5.5566242151670338E-002
   5.5679703445352911E-002
   5.6369858287145115E-002
   5.6655817289281138E-002
   5.6952350159957581E-002
   5.7189155963038023E-002
   5.7615345597136769E-002
   5.7758541892369161E-002
   5.7843145895938468E-002
   5.8123836983292550E-002
   5.8596341743336215E-002
   5.8711452338553710E-002
   5.8992885503727728E-002
   5.9381458134566266E-002
   5.9576982384472253E-002
   5.9916446622161758E-002
   5.9944928393271195E-002
   6.0101846940749333E-002
   6.0401211912621829E-002
   6.1232197000992319E-002
   6.1448139460069696E-002
   6.2117398417442557E-002
   6.2185808332462324E-002
   6.2566851535352186E-002
   6.3092165179223197E-002
   6.3115048487548675E-002
   6.3587173895964119E-002
   6.3983831303471558E-002
   6.4045862886174545E-002
   6.4320540459148159E-002
   6.4618524353020138E-002
   6.4837548470298351E-002
   6.5450909152956718E-002
   6.5872615424993730E-002
   6.6524394002160342E-002
   6.7005273507002305E-002
   6.7324035411829797E-002
   6.7646453077975982E-002
   6.7850265518379943E-002
   6.8072260513200075E-002
   6.8421270530315867E-002
   6.8698292678324210E-002
   6.9077991129436758E-002
   6.9187677896244970E-002
   6.9882932488016580E-002
   7.0101775818226075E-002
   7.0827793533855973E-002
   7.1035869484259773E-002
   7.1183317854378370E-002
   7.1662938545481364E-002
   7.2302584394244029E-002
   7.2395570282557220E-002
   7.2603527946027743E-002
   7.3014765432682247E-002
   7.3064618061562281E-002
   7.3354987600681973E-002
   7.3634546751647961E-002
   7.3805702833720122E-002
   7.4973336048513778E-002
   7.5155433773005861E-002
   7.5614681673257189E-002
   7.5854891842947497E-002
   7.5992353065487336E-002
   7.6235619958779408E-002
   7.6336799481558262E-002
   7.7322961273479665E-002
   7.7788585474440425E-002
   7.8136697498043681E-002
   7.8540032393772455E-002
   7.8871995395744549E-002
   7.9243394973350770E-002
   7.9445923362701718E-002
   8.0034316276318657E-002
   8.0205589561760687E-002
   8.0684240112616185E-002
   8.1908280660650645E-002
   8.2190479471574970E-002
   8.2228999748319209E-002
   8.2871998256550852E-002
   8.3395010059521338E-002
   8.4574362066444794E-002
   8.5038843436254383E-002
   8.5607730329697915E-002
   8.6063472594730905E-002
   8.6392758493370914E-002
   8.7232071074540868E-002
   8.7374811351677018E-002
   8.7968392343197713E-002
   8.8470845799397874E-002
   8.9533207556056718E-002
   8.9874857422363341E-002
   9.0782896783258391E-002
   9.1346547017648272E-002
   9.2303411643570143E-002
   9.2885473071831759E-002
   9.3006829912247180E-002
   9.3213567702279718E-002
   9.3874737222128010E-002
   9.4895837912464295E-002
   9.5259261251642954E-002
   9.6145247593375158E-002
   9.6661437123277849E-002
   9.7781826980953654E-002
   9.8929148648848081E-002
   9.9417717239044592E-002
   9.9839558078806165E-002
  0.10006241778557372     
  0.10071504745927556     
  0.10145092390716873     
  0.10200906312914339     
  0.10318113530765935     
  0.10349069518763773     
  0.10478023418606566     
  0.10535742901906935     
  0.10542683839792093     
  0.10561213377034503     
  0.10636899058838352     
  0.10673000984498955     
  0.10695001627447516     
  0.10752301001090334     
  0.10836311588918736     
  0.10953987060761694     
  0.10981073660705021     
  0.11100144377145878     
  0.11177654553543583     
  0.11249677726845220     
  0.11307492374764344     
  0.11425098967414007     
  0.11447311566873097     
  0.11599457463881119     
  0.11789617974308991     
  0.11885681016689081     
  0.11913167975675999     
  0.12138860092157956     
  0.12246455987951987     
  0.12409699385751695     
  0.12465672614340297     
  0.12498098565765477     
  0.12537499172058075     
  0.12563404076604545     
  0.12627928383038964     
  0.13035962055448649     
  0.13134703387811789     
  0.13196537772798997     
  0.13229530886469235     
  0.13381777797950498     
  0.13398404429855176     
  0.13465573298064956     
  0.13800518118888819     
  0.13881709556201657     
  0.14065069448608028     
  0.14142753910474523     
  0.14159504433968545     
  0.14320307692141226     
  0.14374485708734380     
  0.14462408227022402     
  0.14541197777203305     
  0.14589464185169440     
  0.14667582585732672     
  0.14798336991469677     
  0.14935557744487385     
  0.14979356810476324     
  0.15199444719998123     
  0.15345593659673223     
  0.15528164073589848     
  0.15582524800710096     
  0.15676412991774183     
  0.15722847710904919     
  0.15824308541748949     
  0.15830208480323796     
  0.15960083494117711     
  0.16044917082124230     
  0.16067554678334317     
  0.16369888047054568     
  0.16486472300665372     
  0.16593132125014695     
  0.16640401064211718     
  0.16657121297837618     
  0.16796408718267067     
  0.17153959765460905     
  0.17162007917355387     
  0.17251536087249231     
  0.17501595593034683     
  0.17569943894619550     
  0.17620844097634472     
  0.17849531864061866     
  0.17889531634988667     
  0.17910664918728028     
  0.18199948700877830     
  0.18251891288941796     
  0.18490736023216203     
  0.18620395707108725     
  0.18719001352887157     
  0.18924870174469363     
  0.19084609068135458     
  0.19136423035960901     
  0.19396031834399502     
  0.19449439695317036     
  0.19758662007508804     
  0.19821712451726567     
  0.19833281963533431     
  0.19953580703189067     
  0.20095644854434577     
  0.20197522959128641     
  0.20397795403316152     
  0.20720309478482793     
  0.20959396195246252     
  0.21180319008472712     
  0.21234626614254298     
  0.21272698108931629     
  0.21464441696613479     
  0.21671713891540942     
  0.21915984257776400     
  0.22073144310989254     
  0.22139678393921317     
  0.22355128099447463     
  0.22429322682341929     
  0.22781205351292771     
  0.23138734063284497     
  0.23243156998733422     
  0.23457031694462047     
  0.23499804671167274     
  0.23581591474958691     
  0.23646591972013528     
  0.23685164439730491     
  0.23862970020726523     
  0.23937783558971748     
  0.24010669114059119     
  0.24082993308258741     
  0.24500889188137398     
  0.24998731711057934     
  0.25072532261643532     
  0.25255156264785045     
  0.25374769873586822     
  0.25489815244358421     
  0.25606028657509577     
  0.25648942470525499     
  0.25734339769952647     
  0.26133339566605129     
  0.26304776725255008     
  0.26332204630804290     
  0.26412978225573830     
  0.26547780101336366     
  0.26735315431583306     
  0.26964814445773722     
  0.26992285355812684     
  0.27111733540205912     
  0.27520203453908471     
  0.27868223249750995     
  0.28024151162981259     
  0.28151830683899737     
  0.28264016045796081     
  0.28365335012240100     
  0.28400298206143776     
  0.28554190740330920     
  0.28619830021922277     
  0.28780688632218543     
  0.28813513132200042     
  0.29051885683379525     
  0.29564026254429671     
  0.29614036027849572     
  0.29689806691085080     
  0.30349035026327315     
  0.30552844004034424     
  0.30585702956417976     
  0.30983975202647440     
  0.31071676843132884     
  0.31330972205419061     
  0.31407159863627016     
  0.31528321866726844     
  0.31973892733501708     
  0.32387414048411117     
  0.32741212033164074     
  0.33017172552169533     
  0.33302301295581510     
  0.34094041516076717     
  0.34120600973449594     
  0.34312153571870058     
  0.34426228659557406     
  0.34829354174307625     
  0.35778199354352608     
  0.36041461813894038     
  0.36510061715464814     
  0.36698435795968337     
  0.37544805189181157     
  0.38009038428729636     
  0.38505500426477762     
  0.38617070036112755     
  0.38962148967590199     
  0.39514458719014278     
  0.40024407458356681     
  0.40776200196230145     
  0.41080669231426098     
  0.41257155406195706     
  0.41834504448916465     
  0.42366306323432429     
  0.43462556677238823     
  0.48256143354014930     
  0.48793975824029812     
  0.49593971169022411     
  0.49863049993901931     
  0.51133963371021696     
  0.51601652870063486     
  0.51758825256695895     
  0.52323217760015295     
  0.52505851033886997     
  0.52898658951767974     
  0.54354498518795480     
  0.56344125594610572     
  0.60810321879987916     
  0.62435949390677492     
  0.63391765861020144     
  0.63808739636858647     
  0.76165265154386508     
  0.86953034906494708     
  0.90356342824574343     
  0.97945517141628125     
  0.99276232113225138     
  0.99340333417297144     
   1.0233694697408731     
   1.0370799440792824     
   1.0452805258232807     
   1.0608457785696535     
   1.0829524932528198     
   1.0890773993277165     
   1.1068205446473263     
   1.1531766231710274     
   1.1623077906911177     
   1.1699816185912371     
   1.1733427561929755     
   1.1767631697086718     
   1.2011163859521474     
   1.2163267550258838     
   1.2245811775018065     
   1.2318402136750992     
   1.2435722698932958     
   1.2518770817868441     
   1.2619626589785038     
   1.2781659207323408     
   1.2963811071848959     
   1.2992193852802392     
   1.3157934782381910     
   1.3190793285426232     
   1.3202392575314597     
   1.3399654256039619     
   1.3747260013413993     
   1.3774716923143790     
   1.3855664295593384     
   1.3917001817930459     
   1.3927810960510496     
   1.3966262641573572     
   1.4004956649420570     
   1.4103115278057705     
   1.5071132275184012     
   1.5334591973582330     
   1.5786999620412288     
   1.6097771920083006     
   1.6213796580317836     
   1.6317886015503671     
   1.6427881870663155     
   1.6757528251587659     
   1.6813641862421156     
   1.6843711047485852     
   1.6940783525207666     
   1.7016970778011524     
   1.7045481480931191     
   1.7047146229381882     
   1.7193976529739132     
   1.7333411546885547     
   1.7427709758803163     
   1.7467460683642142     
   1.7879894527321363     
   1.7937168868238520     
   1.8039903883397959     
   1.8043765071695028     
   1.8082654141309573     
   1.8173269415063540     
   1.8194460032754554     
   1.8203631732598937     
   1.8228033555652412     
   1.8286552722695935     
   1.8377673509432451     
   1.8429336096750102     
   1.8585649741888379     
   1.8720203064625984     
   1.8750287344095586     
   1.8841471659602103     
   1.9086751171550058     
   1.9254584625443840     
   1.9304085237861794     
   1.9352721642652151     
   1.9355587019769067     
   1.9380207750795271     
   1.9384514572481708     
   1.9678799573861541     
   1.9759985414895911     
   1.9800047477606115     
   1.9811122728018766     
   1.9826530704623377     
   1.9889651340167100     
   1.9976513154723980     
   2.0015976456758318     
   2.0066608833258739     
   2.0087969997758641     
   2.0099082471273606     
   2.0133913907544625     
   2.0147738888979290     
   2.0152856127315131     
   2.0169628658944618     
   2.0195922871089662     
   2.0206992939039061     
   2.0231002543199925     
   2.0265216572634563     
   2.0275234400416222     
   2.0278204112660525     
   2.0334058416484382     
   2.0349050686694832     
   2.0355441723771559     
   2.0359917533159142     
   2.0387495036812719     
   2.0390254146904101     
   2.0409296100665970     
   2.0413239475869958     
   2.0423544520991990     
   2.0446944360269232     
   2.0470579442067733     
   2.0506594194641776     
   2.0520576656919296     
   2.0544639867612111     
   2.0558552373499976     
   2.0570764044587428     
   2.0572658768673957     
   2.0578730874622102     
   2.0630369786341221     
   2.0634321802771343     
   2.0642850657532179     
   2.0665358135011127     
   2.0672977183459751     
   2.0677325857912119     
   2.0686738552731025     
   2.0694334951873881     
   2.0737508017308595     
   2.0766651113211125     
   2.0787359441633906     
   2.0798255453843435     
   2.0824363226136842     
   2.0840675846656738     
   2.0852313070806234     
   2.0896171330555715     
   2.0963751203320187     
   2.0968337021688064     
   2.1023014037266106     
   2.1026392624719334     
   2.1036053113791859     
   2.1097323904400587     
   2.1114109566049297     
   2.1148247192941749     
   2.1168648395648231     
   2.1202398930180477     
   2.1206301307619815     
   2.1216673298952489     
   2.1253294160431602     
   2.1264756551556854     
   2.1292441818489274     
   2.1311113260782193     
   2.1333292255419414     
   2.1335179653501894     
   2.1352069031643146     
   2.1381638741489537     
   2.1392342129407544     
   2.1408318600499512     
   2.1422098098739633     
   2.1438349355608293     
   2.1474124613842047     
   2.1494469567236196     
   2.1501030953241345     
   2.1518938773346408     
   2.1529245894227436     
   2.1570334140984682     
   2.1610333791911844     
   2.1620082836321091     
   2.1627226205188697     
   2.1669111223741422     
   2.1672433497125252     
   2.1742770285755695     
   2.1779965430299124     
   2.1828247304529778     
   2.1851015604198039     
   2.1874713289153851     
   2.1906880234477089     
   2.1938591073362108     
   2.1968418314155898     
   2.2017419314330371     
   2.2103373052841127     
   2.2105535114063111     
   2.2120560227225887     
   2.2135642723359630     
   2.2202209659051273     
   2.2210022077003324     
   2.2223296561545403     
   2.2248915337142505     
   2.2296359686168228     
   2.2356007356952765     
   2.2363309101354925     
   2.2422290609731794     
   2.2447400645584739     
   2.2462848515056102     
   2.2511858787698218     
   2.2543317781525318     
   2.2557015833222893     
   2.2582042977718642     
   2.2695271048191263     
   2.2706843289609404     
   2.2821171960724809     
   2.2900196465399691     
   2.2904012136199934     
   2.2931099380104505     
   2.3021916524002730     
   2.3173617514790279     
   2.3288565457866963     
   2.3325878685386852     
   2.3338346593352903     
   2.3383086605224936     
   2.3425866537306441     
   2.3496880099073940     
   2.3570188292712508     
   2.3575219392671491     
   2.3629529339677835     
   2.3824316433782058     
   2.3843847924315069     
   2.3971119817565096     
   2.4017851802325629     
   2.4087877335812609     
   2.4169868184568832     
   2.4217480653982038     
   2.4283005941810329     
   2.4409540454495029     
   2.4503951713351126     
   2.4648979435504113     
   2.4745258228312652     
   2.4994777401656774     
   2.5086186619039554     
   2.5118645585108994     
   2.5133320929286227     
   2.5212311143446349     
   2.5436848113521457     
   2.5715325674474818     
   2.5857350719325964     
   2.6112785197323234     
   2.6964964444124675     
   2.7012364684992520     
   2.7133516520958421     
   2.7345169642153939     
   2.7466456292049597     
   2.7558865426421173     
   2.7642594159965364     
   2.7680946834563969     
   2.7685245596453805     
   2.7895754207086858     
   2.8060084128098759     
   2.8652162905853640     
   2.8666082888414306     
   2.8712315214680566     
   2.8841568268583009     
   2.9043033564722052     
   2.9241980375688872     
   2.9305382871590537     
   2.9314787815852630     
   2.9325009907090593     
   2.9326117967291356     
   2.9332680903529429     
   2.9581268644267054     
   2.9630827038943193     
   2.9799217572728414     
   2.9934545779467228     
   3.0060656922593534     
   3.0243984175841727     
   3.0454946034708068     
   3.0472789364077562     
   3.0830986891688386     
   3.0869655442352624     
   3.0889581473161378     
   3.0969415073438120     
   3.0991814706898579     
   3.1079471198353139     
   3.1969010608785933     
   3.2645707673260995     
   3.2985111642043972     
   3.3144327043339183     
