 beta=   3.7850774318090221E-003
  -4.0182910837124626E-016
  -3.1617674999595298E-016
  -1.6463595174398875E-016
   5.1941304294541160E-017
   1.8031164013964935E-016
   3.2878107525397820E-016
   1.9276767029676175E-004
   3.3061284934368949E-004
   6.2712898404772060E-004
   1.0406027583313865E-003
   1.0739431596410193E-003
   1.5632980564470596E-003
   1.8112630737118398E-003
   1.8450369943461380E-003
   1.9026426889559539E-003
   1.9769637053157403E-003
   2.1520200911793086E-003
   2.2978344742142377E-003
   2.6658875631302083E-003
   2.9050372571645900E-003
   3.0428512644658243E-003
   3.1425528220062793E-003
   3.3792842504895039E-003
   3.6293421836967876E-003
   3.8967318964851904E-003
   4.2910365290892609E-003
   4.3563883209800560E-003
   4.5932713292411477E-003
   4.9544346242322091E-003
   5.3200511348795027E-003
   5.5451616621777370E-003
   5.8566362484038176E-003
   6.0227272149752037E-003
   6.1256492186932713E-003
   6.6511160116973491E-003
   6.7497098911626502E-003
   7.0666914123604313E-003
   7.1464342299768216E-003
   7.6149500822793887E-003
   7.7541090965188323E-003
   7.9729006451159413E-003
   8.1918196067760143E-003
   8.5444799664238513E-003
   8.6845683394768374E-003
   8.8483673815895874E-003
   9.0996863401250714E-003
   9.5324066778633872E-003
   9.6551449696148425E-003
   9.7409895191299823E-003
   1.0038525900218963E-002
   1.0391538328195404E-002
   1.0652043659563362E-002
   1.0937937637153852E-002
   1.1190397056300042E-002
   1.1396971118590981E-002
   1.1598267599956186E-002
   1.1768084257366486E-002
   1.2106360123979153E-002
   1.2412167792629778E-002
   1.2521840586066200E-002
   1.2924926053433304E-002
   1.3367629376989303E-002
   1.3399672507257113E-002
   1.3532304202413583E-002
   1.3891005069684654E-002
   1.3985268709514817E-002
   1.4357868606422059E-002
   1.4539450265588756E-002
   1.4946820806411921E-002
   1.5112623578230311E-002
   1.5445440466084710E-002
   1.5704463329140800E-002
   1.6031430889813222E-002
   1.6152162446990737E-002
   1.6373056881077725E-002
   1.6964797511145976E-002
   1.7036598073000120E-002
   1.7163336125763314E-002
   1.7580062602408825E-002
   1.7692700897148295E-002
   1.7835061181801105E-002
   1.7871152588199771E-002
   1.8195685864126725E-002
   1.8670888306521874E-002
   1.8800813100751313E-002
   1.8924034353186431E-002
   1.9022616591889925E-002
   1.9380155669525161E-002
   1.9523463078434337E-002
   1.9780202010886930E-002
   2.0411452054378901E-002
   2.0537369316072245E-002
   2.0693765125806195E-002
   2.0787105143107904E-002
   2.0902272777507541E-002
   2.1382102531582743E-002
   2.1567794902850754E-002
   2.1709489964668878E-002
   2.2099518804843149E-002
   2.2297884205013139E-002
   2.2632048116437667E-002
   2.2786681279330791E-002
   2.2935182043420904E-002
   2.3565823561721305E-002
   2.3944406728777991E-002
   2.4196808750373507E-002
   2.4411987168510167E-002
   2.4479145136495028E-002
   2.4902616519180097E-002
   2.5080595900101210E-002
   2.5338151235537443E-002
   2.5420596711901593E-002
   2.6165464460422630E-002
   2.6282511216215582E-002
   2.6508622948387850E-002
   2.6664021419989550E-002
   2.6927840143305494E-002
   2.7112889603366667E-002
   2.7338838618995775E-002
   2.7488480157472604E-002
   2.7971314510537040E-002
   2.8035060326227577E-002
   2.8293300562477683E-002
   2.8574986007165518E-002
   2.8916226134553632E-002
   2.9054564381369583E-002
   2.9113862916449046E-002
   2.9190472599599587E-002
   2.9540968359838566E-002
   2.9748341306179139E-002
   3.0096633889336859E-002
   3.0143567376699595E-002
   3.0343082586232552E-002
   3.0528407330483783E-002
   3.1035540718131797E-002
   3.1237347762107116E-002
   3.1279804952304813E-002
   3.1360299389429629E-002
   3.1464668371528406E-002
   3.1624415841025606E-002
   3.1874543172956328E-002
   3.2204126893394185E-002
   3.2489422560453493E-002
   3.2774940173409643E-002
   3.2872856306786526E-002
   3.3186740174704119E-002
   3.3281569592970954E-002
   3.3560674675778328E-002
   3.3839723010832379E-002
   3.4002860311649848E-002
   3.4241939315064161E-002
   3.4438219480213882E-002
   3.4567862751635071E-002
   3.4684746093355916E-002
   3.5269873606921111E-002
   3.5441063703635881E-002
   3.5502579739665786E-002
   3.5882250112841914E-002
   3.6142406615275492E-002
   3.6368182135241754E-002
   3.6773541244973999E-002
   3.7025800902190424E-002
   3.7259563144050281E-002
   3.7372958946129270E-002
   3.7781581660779384E-002
   3.7910496845207052E-002
   3.8002340348163251E-002
   3.8311325904476543E-002
   3.8349552525514398E-002
   3.8493331892457856E-002
   3.8620123230998046E-002
   3.9115630157416682E-002
   3.9245087896008814E-002
   3.9346182465873389E-002
   3.9658418413404548E-002
   3.9797181824415384E-002
   3.9974445598563002E-002
   4.0094843806220012E-002
   4.0402680586400994E-002
   4.0478985155855469E-002
   4.1022776006666713E-002
   4.1212144858342688E-002
   4.1334728493563684E-002
   4.1604537341084241E-002
   4.1708595624487782E-002
   4.1900012664372779E-002
   4.2197422567004629E-002
   4.2543969357919077E-002
   4.2798175312741139E-002
   4.2875282189758633E-002
   4.3311366984271772E-002
   4.3546315399573765E-002
   4.3706775381646114E-002
   4.3954224557817098E-002
   4.4141597646810922E-002
   4.4550333977173104E-002
   4.4786052003577929E-002
   4.5219449901735577E-002
   4.5423372010600559E-002
   4.5629979461492415E-002
   4.5870023593418636E-002
   4.5898669504177321E-002
   4.6269086733633967E-002
   4.6517530209311417E-002
   4.6790673698281882E-002
   4.6990151225028295E-002
   4.7090681599614305E-002
   4.7191008639746727E-002
   4.7377417456895450E-002
   4.7640869221711832E-002
   4.8031386943545279E-002
   4.8207891183105901E-002
   4.9024064687545867E-002
   4.9317785188418076E-002
   4.9493636818248581E-002
   4.9776800181635585E-002
   4.9879086714371128E-002
   4.9963991735766093E-002
   5.0460687440422515E-002
   5.0723114244386809E-002
   5.0795695413766800E-002
   5.0918910428592763E-002
   5.1306124605048367E-002
   5.1439555885919773E-002
   5.1764547415368435E-002
   5.2254030900781893E-002
   5.2396461271782768E-002
   5.3092655932768545E-002
   5.3445116876499665E-002
   5.3599192945306580E-002
   5.3653570283256999E-002
   5.3927912501805210E-002
   5.4203823407060203E-002
   5.4238348263769200E-002
   5.4309280460433276E-002
   5.4503163863693672E-002
   5.4918381244074450E-002
   5.5375114933815514E-002
   5.5408794654996159E-002
   5.6087758381636550E-002
   5.6351163846260509E-002
   5.6444845997362429E-002
   5.6901766645522635E-002
   5.6981963888673610E-002
   5.7248694337541386E-002
   5.7793168420285687E-002
   5.8014125622831168E-002
   5.8285091142193643E-002
   5.8353116485007996E-002
   5.8460313359756065E-002
   5.8902830231599632E-002
   5.9165236257916150E-002
   5.9382499313068604E-002
   5.9631039278073179E-002
   5.9862258828495295E-002
   6.0411036468705798E-002
   6.0828992169852984E-002
   6.1045502404773258E-002
   6.1351415938619910E-002
   6.1654546727763555E-002
   6.1734577182264931E-002
   6.2233082437293696E-002
   6.2705180434167715E-002
   6.2955587429800591E-002
   6.3527681367671840E-002
   6.3741284549226437E-002
   6.3877734944601111E-002
   6.4141935765914052E-002
   6.4373177175306648E-002
   6.4530265748280732E-002
   6.4734366096960497E-002
   6.4809322113834722E-002
   6.5028134733412901E-002
   6.5617076919085457E-002
   6.5711146852883720E-002
   6.5895967796131702E-002
   6.6578032998888953E-002
   6.6832686245960268E-002
   6.7011964226346907E-002
   6.7258290062510676E-002
   6.7369866662638722E-002
   6.7978602256827558E-002
   6.8722702239263925E-002
   6.9084101709012552E-002
   6.9356160128749983E-002
   6.9668130076713297E-002
   6.9873662985021026E-002
   7.0183114252276996E-002
   7.0694940089206071E-002
   7.1158480787488973E-002
   7.1616398767487044E-002
   7.1731374134014078E-002
   7.2170936577767922E-002
   7.2369275793101998E-002
   7.2803633291555161E-002
   7.3597259501847812E-002
   7.3851337938934086E-002
   7.4686794971674061E-002
   7.4796365659947919E-002
   7.5309550002171433E-002
   7.5525576898350252E-002
   7.6485497825429988E-002
   7.6642531487732091E-002
   7.7050064254913592E-002
   7.7973961532893446E-002
   7.8103366476396346E-002
   7.8357450303799425E-002
   7.8919366035640509E-002
   7.9153417701729081E-002
   7.9636185561853354E-002
   8.0168443270594136E-002
   8.0876781948831411E-002
   8.1335715048086024E-002
   8.1519902817194567E-002
   8.2233237334773210E-002
   8.2573624357561923E-002
   8.3047158506973584E-002
   8.3920349288599608E-002
   8.3987596685325600E-002
   8.4502272234444981E-002
   8.4733603520157283E-002
   8.4902883623472675E-002
   8.5405720535189550E-002
   8.5716123111229905E-002
   8.6376935282802034E-002
   8.7009706938463729E-002
   8.7584958311542060E-002
   8.7859092397096231E-002
   8.8479324923830802E-002
   8.8886445450649512E-002
   8.9398700530357839E-002
   8.9605709859339022E-002
   8.9941648998774007E-002
   9.0785434262473569E-002
   9.1469087446680669E-002
   9.1871730986755468E-002
   9.2738325599733759E-002
   9.2899425915289463E-002
   9.3007747106930050E-002
   9.4151603149348700E-002
   9.4586030054380876E-002
   9.4947595584925326E-002
   9.5355247809276539E-002
   9.6167581224961551E-002
   9.6812121061406353E-002
   9.7402787243074704E-002
   9.7961235698872676E-002
   9.8151067582587223E-002
   9.9418001574018436E-002
   9.9994558681741438E-002
  0.10120285712304039     
  0.10172995098183379     
  0.10340658246069249     
  0.10409108829964332     
  0.10439418247724061     
  0.10486607319885387     
  0.10540650412438858     
  0.10686095358745813     
  0.10732646957697509     
  0.10795499020924303     
  0.10904485673239625     
  0.10979368578633107     
  0.11011985236188897     
  0.11033310817367491     
  0.11100845751170316     
  0.11157357774352783     
  0.11167874399347873     
  0.11253786315035312     
  0.11428898125814384     
  0.11502547510699636     
  0.11642657922585793     
  0.11706324896069871     
  0.11796986877753833     
  0.11926730767600852     
  0.12110389569226181     
  0.12155296177670200     
  0.12209392502775476     
  0.12258105231793796     
  0.12276142757667706     
  0.12413253391690207     
  0.12470397614393096     
  0.12526699321028506     
  0.12789252896189038     
  0.12820860554438104     
  0.12908625035414251     
  0.13074950403401484     
  0.13107557975017256     
  0.13281273651909400     
  0.13316768500827200     
  0.13552830105205058     
  0.13611128963594019     
  0.13818763508873511     
  0.13906869394628671     
  0.14062588411684854     
  0.14154573333779286     
  0.14201240383646296     
  0.14328890955944240     
  0.14545518113929787     
  0.14581003159047837     
  0.14627029153393031     
  0.14717197776218488     
  0.14847067912965886     
  0.14925378448487245     
  0.15049665558190817     
  0.15100963059960837     
  0.15140443889991917     
  0.15292766440969394     
  0.15402912902031612     
  0.15712942522855203     
  0.15982084584223541     
  0.16098342891268244     
  0.16216746429553183     
  0.16301549824916245     
  0.16464048258768579     
  0.16500498158383672     
  0.16758915951737285     
  0.16959074543376110     
  0.17034281007928581     
  0.17179210222594798     
  0.17209383326717323     
  0.17255069113466212     
  0.17296069847402576     
  0.17633025089048573     
  0.17759426434654971     
  0.17899284425943704     
  0.17952046404135802     
  0.18110487685659302     
  0.18241702689798772     
  0.18360310471517288     
  0.18419272639168990     
  0.18651978172532521     
  0.18751721083577819     
  0.18967687843272243     
  0.19192147410452781     
  0.19293336168734368     
  0.19339967510400702     
  0.19467303719547074     
  0.19491831502945384     
  0.19506718149883173     
  0.19869851717701981     
  0.19916674465936554     
  0.19953673353092807     
  0.20112822018302060     
  0.20172591386551642     
  0.20287319978253018     
  0.20387810620949362     
  0.20839505571661945     
  0.21143963052492756     
  0.21244968090208646     
  0.21482487044408602     
  0.21586116320543264     
  0.21653870701008648     
  0.21725092126701254     
  0.22278106934964084     
  0.22378219997452092     
  0.22419625586395617     
  0.22497822287178323     
  0.22545378780814607     
  0.22616873244337385     
  0.22689090786912974     
  0.22823027554646391     
  0.22857824238824415     
  0.22925060511672402     
  0.23071847016156596     
  0.23443015578921048     
  0.23478819731041600     
  0.23542386675746996     
  0.23789115893997850     
  0.24138592539960857     
  0.24242107440074032     
  0.24265994167997956     
  0.24517040939983467     
  0.24565154519961721     
  0.24644221813936745     
  0.24842014558624637     
  0.24953722135591286     
  0.25181088917377648     
  0.25323570876330481     
  0.25439203716034908     
  0.25649719021676987     
  0.26015328865263915     
  0.26160568306485826     
  0.26193262878726303     
  0.26285334847939018     
  0.26427031577082877     
  0.26507567023315093     
  0.26696801898403083     
  0.26760362572930063     
  0.26860411261493539     
  0.27084279798244826     
  0.27316991787569644     
  0.27609068758776079     
  0.27789907434261490     
  0.27865025841435404     
  0.28125925362888238     
  0.28156806484950414     
  0.28320672394812696     
  0.28554098382215848     
  0.28837694266840519     
  0.29208643793835176     
  0.29262797396130108     
  0.29696064304440722     
  0.29991717509009974     
  0.30082242085979499     
  0.30173056819166966     
  0.30593699012422171     
  0.30896483015533693     
  0.30916322835083687     
  0.30973850162386635     
  0.31644520639903756     
  0.31671614051073727     
  0.32110672520777639     
  0.32171072263267603     
  0.32567401299968912     
  0.32947063711831909     
  0.33275216754305237     
  0.33545111648858877     
  0.34402906388987403     
  0.34722130575161964     
  0.34766089710300441     
  0.35315458919190124     
  0.35388128755309600     
  0.35564593272917616     
  0.35742047971618163     
  0.35772113307248460     
  0.36034144349091324     
  0.36377067733782792     
  0.38275930742797704     
  0.38617909875848655     
  0.38986734176088922     
  0.39430682217980900     
  0.39828846038811411     
  0.39940741361583088     
  0.40470595583806274     
  0.40689952141160118     
  0.41572988637318714     
  0.42822240074109141     
  0.44256630734180247     
  0.45051617653986098     
  0.45992643680773021     
  0.48314204228854329     
  0.49514095424844401     
  0.49942325641269036     
  0.51339024114310816     
  0.51767689128464989     
  0.51931223370674295     
  0.52497045181277124     
  0.53781316360285136     
  0.54242582447284082     
  0.54744953783264205     
  0.56748969382212178     
  0.60211925276670408     
  0.61119577480194220     
  0.63136043607400183     
  0.63658109731163526     
  0.86511623829926099     
  0.93315917125252290     
  0.94004120959092563     
  0.96484535399785010     
  0.97776679277961254     
  0.99743822104890023     
   1.0132444525652009     
   1.0305720447222388     
   1.0397637606279793     
   1.0504814080898557     
   1.0683215454390049     
   1.0794604518019235     
   1.0994696630838507     
   1.1392154992469561     
   1.1417050148898669     
   1.1478837032356370     
   1.1496147649323498     
   1.1830935992350164     
   1.2032293908815419     
   1.2150745441338009     
   1.2167566942657384     
   1.2317129775822069     
   1.2434335561224201     
   1.2676818057818258     
   1.3091743818565780     
   1.3104440779988002     
   1.3114327874504168     
   1.3227506077749531     
   1.3447486071135935     
   1.3538386128279079     
   1.3581959882778605     
   1.3723529277629505     
   1.3837391741889988     
   1.3850687771150474     
   1.4042324322471573     
   1.4073914434659107     
   1.4102233084071976     
   1.4643176656033952     
   1.4750977299166430     
   1.4751524028380529     
   1.4811343586229957     
   1.4850827133527111     
   1.5172579526323844     
   1.5606287843624080     
   1.5816933006973311     
   1.5915351096347412     
   1.6185301149515010     
   1.6422819856560782     
   1.6638524484455885     
   1.6714271323359138     
   1.6822590722846154     
   1.7108866480915828     
   1.7118944050957148     
   1.7249197573683703     
   1.7346329030200545     
   1.7549019078367012     
   1.7560914053651806     
   1.7708010047600453     
   1.7736742797202805     
   1.7824672563428852     
   1.7826310853858109     
   1.8038054948966884     
   1.8044083843239043     
   1.8053826353533806     
   1.8102733455803930     
   1.8236903491522447     
   1.8570329390170512     
   1.8757394236402234     
   1.8783903839733394     
   1.9034492924354249     
   1.9059242797125886     
   1.9062889390263691     
   1.9168798947645034     
   1.9378308676321963     
   1.9390106793025195     
   1.9413721687397012     
   1.9531759193056477     
   1.9650817545994668     
   1.9655508217370259     
   1.9682473558212494     
   1.9692911942252225     
   1.9742728196749870     
   1.9767556677297815     
   1.9778348440194280     
   1.9828297361553981     
   1.9840779818126015     
   1.9850252868904690     
   1.9908185579326403     
   1.9930453539694983     
   1.9968107185857575     
   1.9987405673377867     
   2.0022463536744675     
   2.0114770029010276     
   2.0118009523254465     
   2.0139445211945657     
   2.0172946518228878     
   2.0176924185007361     
   2.0187022292521104     
   2.0287762312881208     
   2.0307282059509681     
   2.0308780418267793     
   2.0316991763033809     
   2.0327032347248237     
   2.0327290702041623     
   2.0362831065999685     
   2.0380588163798472     
   2.0399396122110254     
   2.0427468490450207     
   2.0448312739733647     
   2.0467098428408996     
   2.0477550830298958     
   2.0492122508576669     
   2.0507594092505346     
   2.0512305635843711     
   2.0522993858213092     
   2.0544562076936637     
   2.0553717928705053     
   2.0565001094958575     
   2.0569415489058760     
   2.0606811310035273     
   2.0612616813622084     
   2.0661948745658760     
   2.0664368925108518     
   2.0677384071061788     
   2.0694938651030070     
   2.0711324663718020     
   2.0740121812954082     
   2.0761936213475458     
   2.0784263267712184     
   2.0798465031304461     
   2.0802277274736292     
   2.0807651733412365     
   2.0852045988867314     
   2.0868906896175923     
   2.0871245528050486     
   2.0877273462161710     
   2.0917852114798614     
   2.0929955188096980     
   2.0940335258179936     
   2.0965016311422735     
   2.1004840624523013     
   2.1021368130705169     
   2.1032891927378179     
   2.1053235200864968     
   2.1071930183880094     
   2.1075342928767888     
   2.1080815803086752     
   2.1134748927292621     
   2.1148425478901509     
   2.1171672301813365     
   2.1184168642045784     
   2.1199249250063827     
   2.1224802840928256     
   2.1256811349423774     
   2.1279665021961001     
   2.1317212887113359     
   2.1334695005765449     
   2.1352232968607403     
   2.1358835263145566     
   2.1372661771567141     
   2.1401051490780056     
   2.1405637750866795     
   2.1418791046228365     
   2.1437041182412662     
   2.1447565374927562     
   2.1449042307738688     
   2.1457243789174738     
   2.1476254959640246     
   2.1502634394799358     
   2.1560339038396070     
   2.1639645005610002     
   2.1651371526553667     
   2.1719800384109562     
   2.1732623206266410     
   2.1744960406433269     
   2.1788232911461543     
   2.1809636873727598     
   2.1815985611169775     
   2.1827340025018716     
   2.1865215302179744     
   2.1925686216747891     
   2.1957201265629762     
   2.1979461427972549     
   2.2003672435702981     
   2.2016261205248830     
   2.2061832731851077     
   2.2080559747149131     
   2.2150652965902222     
   2.2164694351038623     
   2.2181132223707438     
   2.2209750802866530     
   2.2224919547282975     
   2.2230433105965948     
   2.2267225388150558     
   2.2281732235037821     
   2.2308520624565973     
   2.2341165318599665     
   2.2344394562850134     
   2.2388223673284946     
   2.2414810521621593     
   2.2507031014631060     
   2.2589476512330733     
   2.2625662487046379     
   2.2660370148651321     
   2.2712618285818613     
   2.2756895250710638     
   2.2912682311527521     
   2.2933826588502302     
   2.3204715150754378     
   2.3230781922087806     
   2.3343222829519816     
   2.3448908618606965     
   2.3557139108869629     
   2.3690561237748109     
   2.3749965321013509     
   2.3849594304706256     
   2.3946763734843723     
   2.3985558913484635     
   2.4060336774815285     
   2.4083349298719381     
   2.4331515586962649     
   2.4465098620402221     
   2.4649495227884759     
   2.4675451131318602     
   2.4689226137237377     
   2.4763362048181112     
   2.4848594831524431     
   2.4948211214897009     
   2.5041183743398965     
   2.5565261290086490     
   2.5742851955852371     
   2.5747497874974443     
   2.5764353730765883     
   2.6183444777746576     
   2.6231065171051751     
   2.6378299621209917     
   2.6620155240106222     
   2.6757170186509658     
   2.6898452920776941     
   2.6954592040097225     
   2.7021405243555732     
   2.7044792732677387     
   2.7761099760075743     
   2.7832855987849952     
   2.7887017514520474     
   2.7940005980249913     
   2.8126840117038343     
   2.8313753294503980     
   2.8509904009142346     
   2.8584299808377343     
   2.8616430083590658     
   2.8630152469999044     
   2.8711446716347147     
   2.9153758112276225     
   2.9496336601906106     
   2.9498137602566259     
   2.9532441233346005     
   2.9558265586893788     
   2.9609748687442359     
   2.9990812787429890     
   3.0069887968087992     
   3.0087960068382480     
   3.0098090420390120     
   3.0216413014874752     
   3.0310039150023202     
   3.0448787568559088     
   3.0689638390868406     
   3.1008568214987253     
   3.1058774567420033     
   3.1270250974768787     
   3.1279049740309168     
   3.1295499083796239     
   3.1865227968421017     
   3.1978604018746752     
   3.2219314447775402     
   3.2334941553371470     
