 beta=   8.1081582835573651E-002
  -4.6166070197940580E-016
  -2.1585253217444473E-016
  -1.6515948516708054E-017
   1.8663405210566657E-016
   4.5921628605124824E-016
   5.2907518121338935E-016
   2.1754328900568435E-004
   3.4221701923267087E-004
   5.8904276834386316E-004
   7.4834362561846009E-004
   9.2018857264403349E-004
   1.2434956989812232E-003
   1.3974492777621343E-003
   1.7671730452208940E-003
   1.8826961795649318E-003
   2.1515405969964874E-003
   2.3321105528992451E-003
   2.6471827048024301E-003
   2.7160768451822740E-003
   2.9021051855336656E-003
   3.0520759944346072E-003
   3.1376581016862360E-003
   3.6532051757677680E-003
   3.7807287692427755E-003
   4.0764589825489491E-003
   4.1672578696384591E-003
   4.2453163127699773E-003
   4.6975480976827345E-003
   4.9168126800763403E-003
   5.3317596806071203E-003
   5.4630726928303506E-003
   5.5935033366194429E-003
   6.0629185970116073E-003
   6.1594057754740901E-003
   6.2680145989036208E-003
   6.5572520650871062E-003
   6.7695275132408899E-003
   6.8970488567173058E-003
   6.9536826066186634E-003
   7.2093456148192682E-003
   7.3068123280995798E-003
   7.7204527276930768E-003
   7.9727896801406045E-003
   8.0801985455040259E-003
   8.5754848706686339E-003
   8.8292001536467886E-003
   9.0091071033824993E-003
   9.3426041674122898E-003
   9.4422929598369960E-003
   9.6521328356519599E-003
   1.0010315518264156E-002
   1.0286644177487774E-002
   1.0329189139631210E-002
   1.0587895981400282E-002
   1.0786410433054268E-002
   1.1035165700916017E-002
   1.1403726208519127E-002
   1.1690595423252398E-002
   1.2050472798168918E-002
   1.2400944698060553E-002
   1.2593658294925175E-002
   1.2731512227874291E-002
   1.3006052305598724E-002
   1.3209004054904683E-002
   1.3296406879989033E-002
   1.3593401864164498E-002
   1.3915704535843438E-002
   1.4080471220654214E-002
   1.4432982274822237E-002
   1.4830511800154770E-002
   1.4994673618660916E-002
   1.5412376855182153E-002
   1.5482938303668568E-002
   1.5802144375570537E-002
   1.5914730056224683E-002
   1.6032426180379766E-002
   1.6219650872803124E-002
   1.6322205427199869E-002
   1.6390481236071331E-002
   1.6837811500183462E-002
   1.7441225667433110E-002
   1.7942888759709751E-002
   1.8291947326012789E-002
   1.8487059963682124E-002
   1.8510718384116338E-002
   1.8637778068702125E-002
   1.8903185709178150E-002
   1.9010866503689217E-002
   1.9484247319744609E-002
   1.9633730718235709E-002
   1.9807629597521234E-002
   2.0138692385973239E-002
   2.0301708183747859E-002
   2.0363276275896038E-002
   2.0722213383161506E-002
   2.0973013984860036E-002
   2.1365484254807415E-002
   2.1686058280123054E-002
   2.1953563239877402E-002
   2.2216138085082573E-002
   2.2315454877031727E-002
   2.2780936926535770E-002
   2.2878851559413015E-002
   2.3087230106651011E-002
   2.3429721736670590E-002
   2.4057843286094380E-002
   2.4338647999522362E-002
   2.4457201146790706E-002
   2.4731156225657823E-002
   2.4957577335851747E-002
   2.5151049782289672E-002
   2.5519617093375482E-002
   2.5611304373932484E-002
   2.5885275519190124E-002
   2.6042693831121129E-002
   2.6529854748196351E-002
   2.6731464809434790E-002
   2.7013921046351030E-002
   2.7114974337339563E-002
   2.7260224191937420E-002
   2.7414225671838783E-002
   2.7877018953434970E-002
   2.8063213948014410E-002
   2.8203877844434282E-002
   2.8549875857505076E-002
   2.8862985808405940E-002
   2.9040557641954481E-002
   2.9197542271178045E-002
   2.9467810736764622E-002
   2.9543276302794554E-002
   2.9857075932093736E-002
   3.0058175993355689E-002
   3.0146203752417985E-002
   3.0150737088180446E-002
   3.0647446228349671E-002
   3.0843085068737383E-002
   3.1096673391392542E-002
   3.1481841613386873E-002
   3.1655470779277758E-002
   3.1814922060189085E-002
   3.1973155981779119E-002
   3.2304605693172068E-002
   3.2657298533774311E-002
   3.2928303450790106E-002
   3.3200424403638518E-002
   3.3388568187565103E-002
   3.3793704504861383E-002
   3.3911584075932755E-002
   3.4126460513223780E-002
   3.4568847080191818E-002
   3.4837360360254539E-002
   3.5048247003365285E-002
   3.5400422586730200E-002
   3.5542919549253829E-002
   3.5691432784476097E-002
   3.6210053409561800E-002
   3.6265908240926910E-002
   3.6528285445704439E-002
   3.6884936455009731E-002
   3.7014429643031282E-002
   3.7165390147279868E-002
   3.7372901708716967E-002
   3.7544252868062698E-002
   3.7843226561111262E-002
   3.8131316273499215E-002
   3.8234458493890747E-002
   3.8339545241429830E-002
   3.8455125568619665E-002
   3.9061073589653481E-002
   3.9397156214678097E-002
   3.9422547752111466E-002
   3.9795660019580299E-002
   3.9954970983471332E-002
   4.0043012977277373E-002
   4.0104171588343174E-002
   4.0312356531062167E-002
   4.0386793361769466E-002
   4.0698399936459538E-002
   4.1080403703335648E-002
   4.1330762335430316E-002
   4.1424989482586445E-002
   4.1533289225544161E-002
   4.1861915405684486E-002
   4.2076579184297337E-002
   4.2167348322883998E-002
   4.2548312865682537E-002
   4.2656345149694033E-002
   4.2750182718406513E-002
   4.3002021521628707E-002
   4.3290208436755469E-002
   4.3467767445570127E-002
   4.3569472307894395E-002
   4.3840452890409734E-002
   4.3999533417937373E-002
   4.4195342785640385E-002
   4.4239610104749028E-002
   4.4409074215336207E-002
   4.4747202715210842E-002
   4.4835805560133349E-002
   4.4888880274563094E-002
   4.5375324739339216E-002
   4.5846029006329378E-002
   4.5965311216826184E-002
   4.6146226467912520E-002
   4.6456614184522668E-002
   4.6612181063347968E-002
   4.6672114565494929E-002
   4.7243551264117813E-002
   4.7371735624202875E-002
   4.7569819514423961E-002
   4.7748467468849934E-002
   4.7960341276018760E-002
   4.8515369296130817E-002
   4.8837395625015254E-002
   4.9019940012694392E-002
   4.9242249051081044E-002
   4.9489815614559340E-002
   4.9591226621525542E-002
   4.9908217163746861E-002
   5.0164106816636848E-002
   5.0698765924836887E-002
   5.0929646449027567E-002
   5.1119786470854287E-002
   5.1676600791320915E-002
   5.1729949059479904E-002
   5.1995447146696197E-002
   5.2072604014440103E-002
   5.2283474944958809E-002
   5.2623119312029835E-002
   5.2656408776300546E-002
   5.3173847169848021E-002
   5.3525306858512187E-002
   5.3681132812542762E-002
   5.3950946472717157E-002
   5.4063865257413329E-002
   5.4528892111575605E-002
   5.4892982965248513E-002
   5.4935327888711215E-002
   5.5424425670658216E-002
   5.5514822781766927E-002
   5.6081750202953973E-002
   5.6391357679401559E-002
   5.6908828585153476E-002
   5.7025950818291246E-002
   5.7435477207318175E-002
   5.7502245443514045E-002
   5.7577770847309979E-002
   5.7906470970512020E-002
   5.8323788983140015E-002
   5.8393922172277637E-002
   5.8925346049341111E-002
   5.9175025552604579E-002
   5.9318154540092975E-002
   5.9395322275186214E-002
   5.9721188360168168E-002
   6.0009725844632190E-002
   6.0338591349332359E-002
   6.0702722710776529E-002
   6.0804443711550665E-002
   6.0981345528213736E-002
   6.1040434853438047E-002
   6.1346298389882106E-002
   6.1601731588417356E-002
   6.1834074747919666E-002
   6.2206489738928041E-002
   6.2511792017545642E-002
   6.2659967588814175E-002
   6.3051635871238465E-002
   6.3358993037580635E-002
   6.3805498096409563E-002
   6.4039085132226767E-002
   6.4329839880857317E-002
   6.4559270770379096E-002
   6.4916437560426823E-002
   6.5067435320605063E-002
   6.5795094163832085E-002
   6.5944219591385994E-002
   6.6080957347883565E-002
   6.6159437512791408E-002
   6.6661867079436804E-002
   6.7325589291953147E-002
   6.7645184227090052E-002
   6.8000648541475014E-002
   6.8148202644594993E-002
   6.8323418182663340E-002
   6.8784094238201393E-002
   6.9541795874536211E-002
   6.9887151213277168E-002
   6.9948236396144878E-002
   7.0591177255526244E-002
   7.0940693572746613E-002
   7.1304618722774799E-002
   7.1713728720956008E-002
   7.1919107321777198E-002
   7.2673921227299002E-002
   7.2820438223102954E-002
   7.3379599190714850E-002
   7.3577758706161275E-002
   7.3657752650926916E-002
   7.4131195165396638E-002
   7.4498943207470178E-002
   7.4912170809287970E-002
   7.5307113488830499E-002
   7.5644415130785472E-002
   7.6129087833532477E-002
   7.6606051549359538E-002
   7.7069436110577622E-002
   7.7695116446265020E-002
   7.7965987597877290E-002
   7.8286748339245732E-002
   7.8761417971620687E-002
   7.9814930338682269E-002
   8.0058029409656950E-002
   8.0204767784258349E-002
   8.0835155802101835E-002
   8.1316474551685294E-002
   8.1547717738206252E-002
   8.1773759001448662E-002
   8.2080194984044189E-002
   8.2413234680786485E-002
   8.3128077639324352E-002
   8.3473001574997513E-002
   8.3617449915644015E-002
   8.4203113345655001E-002
   8.4504811545195693E-002
   8.5222789448103450E-002
   8.5424114750316985E-002
   8.5820562129649433E-002
   8.5933690723159775E-002
   8.7149608131917189E-002
   8.7686342147483762E-002
   8.8366371743206829E-002
   8.8561545207362161E-002
   8.8825888866630842E-002
   8.9526361452322151E-002
   8.9945429377665462E-002
   9.0637784116219380E-002
   9.1287134953408774E-002
   9.2104470948282793E-002
   9.2941264987135466E-002
   9.3627088599049918E-002
   9.5095864985965867E-002
   9.5932522899215875E-002
   9.6357388108846684E-002
   9.6604317948625645E-002
   9.7021830562431549E-002
   9.7356654970028308E-002
   9.8777712513666183E-002
   9.9620341316223063E-002
  0.10082206428048050     
  0.10129387261053850     
  0.10267561601532964     
  0.10271839309145676     
  0.10306051585139465     
  0.10328500732165387     
  0.10350061839951476     
  0.10455786819096133     
  0.10499472553476262     
  0.10549255597703928     
  0.10594205727644779     
  0.10625376010246229     
  0.10716007612543837     
  0.10764085448091507     
  0.10804241088262294     
  0.10897254099089880     
  0.10945093231853925     
  0.10952720612014773     
  0.11046973428665419     
  0.11208635454112978     
  0.11365394357548253     
  0.11389282200150803     
  0.11436791174913274     
  0.11603316094345953     
  0.11698108768068716     
  0.11787287706831907     
  0.11830830952465578     
  0.11957278700558333     
  0.12101521959273086     
  0.12177081820495428     
  0.12193830606526390     
  0.12250210583417348     
  0.12371240167451658     
  0.12407661866096775     
  0.12690394945296285     
  0.12745565770158929     
  0.12862312280116261     
  0.13222881110259999     
  0.13276300371948216     
  0.13456064291299696     
  0.13651155219614877     
  0.13704949058716415     
  0.13848110763378957     
  0.13932432297382674     
  0.14034752270127190     
  0.14218871008803455     
  0.14343663318808134     
  0.14481675914333789     
  0.14517247464610658     
  0.14611236141371012     
  0.14647837087681359     
  0.14669161282930288     
  0.14785164114881252     
  0.15032627851131314     
  0.15045063843776713     
  0.15250755019471060     
  0.15344889061823161     
  0.15389820970543777     
  0.15634428810520368     
  0.15701308500406061     
  0.15733061562674289     
  0.16056561480322845     
  0.16246174995746626     
  0.16337874625037307     
  0.16403496776505261     
  0.16406863822800169     
  0.16789884801637514     
  0.16850181369861558     
  0.16975734673907619     
  0.17085660069261593     
  0.17112189306432624     
  0.17203358002971250     
  0.17272605427598639     
  0.17323622767773461     
  0.17336739530664236     
  0.17556239112368849     
  0.17682468298633935     
  0.17753642479427045     
  0.17956281533964186     
  0.18077279629993281     
  0.18122937077053966     
  0.18189561718606864     
  0.18257756634942543     
  0.18408849222380896     
  0.18458747592519098     
  0.18558660787288342     
  0.18741597397438070     
  0.19022300317188903     
  0.19127664927788954     
  0.19203475795570149     
  0.19475611744595803     
  0.19551012669642731     
  0.19642798958845942     
  0.19706513111814197     
  0.19747652050569667     
  0.19955733814246396     
  0.20178113711384962     
  0.20248159270593402     
  0.20580798662586378     
  0.20727125057533352     
  0.20925111965401164     
  0.21152665192372994     
  0.21193325058245049     
  0.21304131974011431     
  0.21780077605794193     
  0.21990323551914048     
  0.22146945896439302     
  0.22237400076197089     
  0.22356047255197281     
  0.22385092235469559     
  0.22690028628636433     
  0.22785868631145820     
  0.23007331122833533     
  0.23068626895105826     
  0.23113372384672581     
  0.23721695710107754     
  0.23927644472329926     
  0.24013560450220373     
  0.24142704809840765     
  0.24226571802981406     
  0.24355052461173668     
  0.24534269186665014     
  0.24631009888681224     
  0.24946680957441200     
  0.25023843123915768     
  0.25165684742171390     
  0.25297461508761615     
  0.25372055153633233     
  0.25437597892108138     
  0.25475594581499211     
  0.25687684853857973     
  0.25726585135443597     
  0.26097748497942336     
  0.26266179106023779     
  0.26316270878808001     
  0.26392989128587629     
  0.26586934421537806     
  0.27414556594468720     
  0.27505566004980303     
  0.27672372823506042     
  0.27817687516146727     
  0.27979878177655770     
  0.28055890577707754     
  0.28170471333734287     
  0.28706277020183379     
  0.28720790973964372     
  0.28908647247504926     
  0.29026536156249955     
  0.29230034680792211     
  0.29362586933384588     
  0.29668249609621827     
  0.29796555980799649     
  0.30115991981177298     
  0.30212384987319824     
  0.30298887972442839     
  0.30395054592159843     
  0.30879898485125429     
  0.30977876429361045     
  0.31292992220071036     
  0.31418982674686519     
  0.31891233453950840     
  0.31933560331626704     
  0.32506005642024272     
  0.32563378835416956     
  0.32691954544504054     
  0.32750828179437441     
  0.32972430459519236     
  0.33145242588674312     
  0.33171564366301082     
  0.33907991372564100     
  0.34067046358054737     
  0.34878578761062018     
  0.35252478172930873     
  0.35763734831047905     
  0.36246678970449608     
  0.36428070413684926     
  0.36510262470243626     
  0.36873909254957060     
  0.37187029411605199     
  0.37757272274400155     
  0.37959151027934074     
  0.38889456648825160     
  0.39078588774839518     
  0.39434715266216142     
  0.40167406380830206     
  0.41239726346044447     
  0.41592546430810562     
  0.41931388554611793     
  0.42614350111297022     
  0.42999265636171574     
  0.44576065187932984     
  0.49405671026128195     
  0.50845519611630174     
  0.51468196496948160     
  0.52053830770691945     
  0.52531963630917911     
  0.53028693616122724     
  0.53823627353335346     
  0.54011809670425281     
  0.54319913089460292     
  0.56506373722969094     
  0.56650030524063399     
  0.60532609008046356     
  0.62832677816206706     
  0.63912244575477484     
  0.64236372441586564     
  0.82348539586473501     
  0.89593262306731503     
  0.95751263127226860     
  0.98470298825634717     
  0.99270174200855266     
   1.0168271040817078     
   1.0772593125951408     
   1.0831561476548657     
   1.1006391089914225     
   1.1014429934461825     
   1.1150388699543816     
   1.1208527160950197     
   1.1224557735611689     
   1.1342515209402657     
   1.1571959540340608     
   1.1881903064007393     
   1.1891411676476289     
   1.2045186713435110     
   1.2271971440564227     
   1.2344918268737493     
   1.2551957207114097     
   1.2563162142280597     
   1.2970257220158878     
   1.3149030712875462     
   1.3242992308798671     
   1.3486719657938608     
   1.3698410513039272     
   1.3744172156691825     
   1.3815941133334488     
   1.3833764685178425     
   1.3845480914883121     
   1.4041808715948729     
   1.4174008923795287     
   1.4453357398347786     
   1.4631955399663974     
   1.4737612597008107     
   1.4767515810438481     
   1.4840586833150342     
   1.4869219476833837     
   1.5257297695736949     
   1.5576533016535505     
   1.5628197790298768     
   1.5906623738217436     
   1.5916861663301995     
   1.5935754539684250     
   1.6532044090361642     
   1.6627000808152730     
   1.6631683583286088     
   1.6842511431406662     
   1.6979078819133582     
   1.7032611781846454     
   1.7057081198731499     
   1.7119655246884418     
   1.7276699483125688     
   1.7406754683422674     
   1.7444141055845006     
   1.7518477269107466     
   1.7522451451148944     
   1.7714058052406445     
   1.7834060610671365     
   1.7864579166568604     
   1.7966994658935325     
   1.7982698730084621     
   1.8049912797457597     
   1.8070682007905408     
   1.8073228021672341     
   1.8190029782146531     
   1.8260254247912411     
   1.8272724007267240     
   1.8371972199035553     
   1.8495046148606900     
   1.8669343392343165     
   1.9097250154606458     
   1.9109895451524739     
   1.9143867339790115     
   1.9157849862767600     
   1.9278076121687744     
   1.9438989102418041     
   1.9461818343878932     
   1.9512887922784021     
   1.9595673134920726     
   1.9614460315989213     
   1.9686762988464097     
   1.9707856559249128     
   1.9729552706188347     
   1.9766781503269086     
   1.9801519142839155     
   1.9846274789324259     
   1.9879030972084415     
   1.9976833002304426     
   2.0071129082590540     
   2.0087736690318447     
   2.0134913139249488     
   2.0152029231904156     
   2.0174535403554992     
   2.0197481834730913     
   2.0202008016390716     
   2.0228602717473607     
   2.0279435165375217     
   2.0280078429066877     
   2.0282616513724929     
   2.0294574560847867     
   2.0312541399287785     
   2.0314232473636302     
   2.0324532873938046     
   2.0367395476368366     
   2.0380870395205593     
   2.0423097267196320     
   2.0437560145895821     
   2.0466971573737287     
   2.0468584067809221     
   2.0489691903408187     
   2.0497369241885863     
   2.0514781690952830     
   2.0553535996425452     
   2.0559214417001819     
   2.0566685999162067     
   2.0606443902979654     
   2.0613249055909639     
   2.0624203975574469     
   2.0626832393756946     
   2.0635054403313013     
   2.0654385967308735     
   2.0656646708820134     
   2.0664402342696868     
   2.0698727571972388     
   2.0758466399741802     
   2.0769270817293699     
   2.0779257305694392     
   2.0821647413760855     
   2.0825748161938229     
   2.0853546836657135     
   2.0880617059645847     
   2.0904967279971411     
   2.0942480308201272     
   2.0953341108746204     
   2.0966333637785124     
   2.0991086219594979     
   2.0993558363376494     
   2.1002640152719687     
   2.1009696252148435     
   2.1042902834978729     
   2.1074285411991163     
   2.1082212443450925     
   2.1091774173242808     
   2.1100979788981151     
   2.1126988889599647     
   2.1148515973851696     
   2.1159255514538979     
   2.1185924050795566     
   2.1197929351312119     
   2.1257838327710004     
   2.1264148165896222     
   2.1298693453046749     
   2.1344396335602043     
   2.1356592830792458     
   2.1369366873855342     
   2.1379269510121666     
   2.1395526370952487     
   2.1406347629276934     
   2.1482218444030456     
   2.1499469528281896     
   2.1526808213181083     
   2.1539013010503338     
   2.1547788400968293     
   2.1556571499667005     
   2.1569116953386569     
   2.1615150689978635     
   2.1645790885070122     
   2.1663047172368244     
   2.1663862829278382     
   2.1684162724947047     
   2.1703360777275136     
   2.1738689463005003     
   2.1797882546480123     
   2.1822231988586442     
   2.1874388362567387     
   2.1886856240955339     
   2.1953653835846887     
   2.1956485662925744     
   2.1971466426213082     
   2.2038029530689633     
   2.2065395035188815     
   2.2141210078721296     
   2.2160691874492269     
   2.2173006358038800     
   2.2217956264734724     
   2.2249874057748915     
   2.2268345223680859     
   2.2277333359434257     
   2.2332944481663590     
   2.2492678989827679     
   2.2500245450173080     
   2.2538405826432344     
   2.2552165584782378     
   2.2566651124986192     
   2.2586935973331204     
   2.2592679781677014     
   2.2651846153120352     
   2.2750535517102732     
   2.2751288730029060     
   2.2879122307010977     
   2.2901378695603762     
   2.2922731973815331     
   2.2998031154818053     
   2.3016381306332718     
   2.3049003380563735     
   2.3158248495570359     
   2.3292012369675144     
   2.3428002087347375     
   2.3452997048602535     
   2.3477539609836380     
   2.3551727423846263     
   2.3613809956445588     
   2.3644961308344610     
   2.3646484413844253     
   2.3738996275966646     
   2.3882523955002521     
   2.3952252072870541     
   2.3961487647877404     
   2.4071057417962578     
   2.4083652292793469     
   2.4181794054316184     
   2.4254436109461621     
   2.4296188362937388     
   2.4344801942438394     
   2.4761754568586798     
   2.4781574154616859     
   2.4907583080966766     
   2.4928642350576533     
   2.5272384232458749     
   2.5415877829338460     
   2.5604728622592141     
   2.5762446253885507     
   2.5806402332391922     
   2.6063543493536767     
   2.6084004042539428     
   2.6205662718444258     
   2.6406521087445700     
   2.6599259691374293     
   2.6601814066798659     
   2.6621997480953259     
   2.6696171498413506     
   2.6885979261293937     
   2.7012542548262353     
   2.7255522434621655     
   2.7810700459459854     
   2.7839858191720657     
   2.7957404358195550     
   2.8210669168457296     
   2.8242299765248164     
   2.8560001470879941     
   2.8706286793749074     
   2.8893568058271257     
   2.9145626295295610     
   2.9197613070088391     
   2.9372909853754048     
   2.9495534906543885     
   2.9564360609970275     
   2.9630788340486425     
   2.9656558520447671     
   2.9836098219609748     
   2.9959366717474922     
   3.0143121184501789     
   3.0207280494176216     
   3.0234287723473998     
   3.0460271242615842     
   3.0483624278013908     
   3.0530888278744075     
   3.0539197085048486     
   3.1189351242348802     
   3.1508837125479654     
   3.2077227625379647     
   3.2117817114865148     
   3.2477250704147846     
   3.2557393756604402     
