 beta=   8.6413590626462228E-002
  -1.0206778553766385E-015
  -2.7544612388777680E-016
  -1.1278598199666623E-016
  -9.2330342522224086E-017
  -2.3525381177569358E-017
   3.9674184393672730E-016
   2.5247470140179676E-004
   6.7603306056961338E-004
   8.1705728786473654E-004
   9.1737551832385888E-004
   1.2159303235422120E-003
   1.4816509921317992E-003
   1.6363016200122860E-003
   2.0027139635433555E-003
   2.1759106380447165E-003
   2.3200063024069908E-003
   2.4409858748890402E-003
   2.6575626971643983E-003
   2.8831019110969335E-003
   3.0180044069463966E-003
   3.3215682561972531E-003
   3.4055255292936510E-003
   3.7610690241688242E-003
   4.0656787468300410E-003
   4.2335222838274277E-003
   4.4951674543248386E-003
   4.9562227985371476E-003
   5.1850167039450808E-003
   5.4768950299912333E-003
   5.8079021271031034E-003
   6.2982809832136917E-003
   6.3601634350168345E-003
   6.7584105486617500E-003
   6.9036077349210936E-003
   7.0663457755940143E-003
   7.2965006817621416E-003
   7.3729224672083064E-003
   7.8115483532283595E-003
   7.8683438511972705E-003
   8.2749588380032543E-003
   8.5179736684620963E-003
   8.7613125675383846E-003
   8.8689740881441742E-003
   9.0567812651708244E-003
   9.6067217443141246E-003
   9.7594870450297671E-003
   1.0016553005079323E-002
   1.0377994332119993E-002
   1.0466054396730009E-002
   1.0749547461493654E-002
   1.0836195947643184E-002
   1.1054388975865278E-002
   1.1321240716039679E-002
   1.1647310057998107E-002
   1.1818167024325943E-002
   1.2365895119078990E-002
   1.2567460563647881E-002
   1.2652970261571092E-002
   1.2817745294372166E-002
   1.2936375215311997E-002
   1.3300811374446997E-002
   1.3362625755830283E-002
   1.3929054621882452E-002
   1.4187086811866218E-002
   1.4453686680857608E-002
   1.4691165801139010E-002
   1.4949940085497156E-002
   1.5119632820181753E-002
   1.5324843965212552E-002
   1.5426444031167838E-002
   1.5569858812487743E-002
   1.5711126495923430E-002
   1.5980168523487898E-002
   1.6263596074498007E-002
   1.6574009461351707E-002
   1.6692090930503625E-002
   1.7065555520201683E-002
   1.7253539120443157E-002
   1.7445161805173217E-002
   1.7743903907414652E-002
   1.7837424273457598E-002
   1.8215947253906909E-002
   1.8365675273998471E-002
   1.8689715738857728E-002
   1.8718068544292879E-002
   1.8951462692398485E-002
   1.9202278485120520E-002
   1.9518519537053376E-002
   1.9735646341577640E-002
   1.9835620863878630E-002
   2.0180259394062067E-002
   2.0430889419083130E-002
   2.0596776035997841E-002
   2.0651679774375289E-002
   2.0876386205763989E-002
   2.1023186055622357E-002
   2.1455213652480220E-002
   2.1594171880093122E-002
   2.1885567570487086E-002
   2.2167710527383099E-002
   2.2262215302684935E-002
   2.2368676427258379E-002
   2.2842018378563124E-002
   2.3055136705310647E-002
   2.3201162083843270E-002
   2.3603124655352959E-002
   2.4127766417870594E-002
   2.4267136747560446E-002
   2.4309327586233671E-002
   2.4637838099991972E-002
   2.4963629274844443E-002
   2.5134882748153980E-002
   2.5186009796206041E-002
   2.5451303725910097E-002
   2.5698786222167775E-002
   2.5980870138238455E-002
   2.6217113947731224E-002
   2.6405878957224769E-002
   2.7059000282038857E-002
   2.7155886133079472E-002
   2.7391711369149425E-002
   2.7438348948820898E-002
   2.7646250280732663E-002
   2.7863403259681573E-002
   2.8372350434075246E-002
   2.8464877348690243E-002
   2.8707971318926329E-002
   2.8814999585019329E-002
   2.8950080313690209E-002
   2.9112555544904443E-002
   2.9642457518146873E-002
   2.9756886967226562E-002
   2.9869466625714859E-002
   3.0113645412060110E-002
   3.0272739839559738E-002
   3.0398658611135242E-002
   3.0659737879757350E-002
   3.0743958934667963E-002
   3.0936309654451363E-002
   3.1100739940601790E-002
   3.1273731556109276E-002
   3.1443354468605009E-002
   3.1715191594115393E-002
   3.1858323732717735E-002
   3.2349510160274861E-002
   3.2516437672260846E-002
   3.2892575953881710E-002
   3.3234998164674748E-002
   3.3380334983418310E-002
   3.3472203558609671E-002
   3.3678776367071367E-002
   3.3947332952078836E-002
   3.4150890929024950E-002
   3.4434113709500509E-002
   3.4659136000488200E-002
   3.4899803648004830E-002
   3.5046878542650622E-002
   3.5267555854594602E-002
   3.5624820859090779E-002
   3.5671105426881969E-002
   3.5891542215138975E-002
   3.6161737495309869E-002
   3.6275129224167979E-002
   3.6557959759063390E-002
   3.6599108740929052E-002
   3.6943275495981448E-002
   3.7127509106562005E-002
   3.7243251523392792E-002
   3.7484792993715516E-002
   3.7629887055785842E-002
   3.7928030671885792E-002
   3.7948909163846974E-002
   3.8244032065339988E-002
   3.8557095150209386E-002
   3.8772714318451675E-002
   3.9040320646894049E-002
   3.9267994218028068E-002
   3.9504427152933320E-002
   3.9621017176233696E-002
   3.9766652437367725E-002
   3.9977218225403309E-002
   4.0006267424648426E-002
   4.0136944390621217E-002
   4.0483077448172235E-002
   4.0715065571372541E-002
   4.0937979837004139E-002
   4.1331130503650532E-002
   4.1477120691268410E-002
   4.1562868338890391E-002
   4.2101155809498067E-002
   4.2334319843363694E-002
   4.2506074346385675E-002
   4.2643489754254978E-002
   4.2829040577531008E-002
   4.3102869863398584E-002
   4.3286314912430672E-002
   4.3356233132617716E-002
   4.3481600109374213E-002
   4.3826807459584782E-002
   4.3906501835618582E-002
   4.4257687901289908E-002
   4.4484372363527910E-002
   4.4700000017308658E-002
   4.4936975161219153E-002
   4.5288580225765804E-002
   4.5437289421273210E-002
   4.5688262308633591E-002
   4.6191044211153082E-002
   4.6547749298474210E-002
   4.6662420318491389E-002
   4.6865066163010165E-002
   4.7108288348644771E-002
   4.7148729720489259E-002
   4.7253578054118485E-002
   4.7721417245977907E-002
   4.7775363146551487E-002
   4.8138146939136789E-002
   4.8414637386306698E-002
   4.8552940114037220E-002
   4.8749459174884449E-002
   4.8997216778267405E-002
   4.9067291679413275E-002
   4.9352605059713311E-002
   4.9507551912069334E-002
   4.9692252326120345E-002
   5.0415925149769107E-002
   5.0636176923857447E-002
   5.0821888459998243E-002
   5.0910400795821646E-002
   5.1236058490656614E-002
   5.1384981831885772E-002
   5.1594387054371173E-002
   5.1925098623708761E-002
   5.2141963439259614E-002
   5.2361866116948090E-002
   5.2758870484786627E-002
   5.3146261037280172E-002
   5.3209742679753327E-002
   5.3297924566287631E-002
   5.3641335717157165E-002
   5.3867502181827412E-002
   5.4133876710967720E-002
   5.4296044478982702E-002
   5.4726241740635062E-002
   5.5045536075788229E-002
   5.5176326075719644E-002
   5.5536106601660619E-002
   5.5781745048437081E-002
   5.6043783923779247E-002
   5.6458163521229975E-002
   5.6704459868224637E-002
   5.6780974262286919E-002
   5.7306222814140419E-002
   5.7737893822396705E-002
   5.7842998085444505E-002
   5.7945503740024176E-002
   5.8225889392753617E-002
   5.8553128564109040E-002
   5.8905073927344079E-002
   5.9274246487704206E-002
   5.9664245223785543E-002
   5.9849899716796461E-002
   6.0329258184165450E-002
   6.0603236802906309E-002
   6.0842294634750362E-002
   6.1149643588943314E-002
   6.1504603655337178E-002
   6.1722431977767868E-002
   6.1962589738078465E-002
   6.2019730055522193E-002
   6.2300215783177522E-002
   6.2815698130669201E-002
   6.3097275670743830E-002
   6.3386902195618933E-002
   6.3793722721206356E-002
   6.4096230953022040E-002
   6.4232167327208947E-002
   6.4461133870524698E-002
   6.4819024383730869E-002
   6.5105927111140147E-002
   6.5439329596529677E-002
   6.5777062538470210E-002
   6.6348498183600196E-002
   6.6647849296643552E-002
   6.6700750213751520E-002
   6.7468223180051731E-002
   6.7585825321501342E-002
   6.7650496222920853E-002
   6.7831898743580546E-002
   6.8182963018872347E-002
   6.8576408970999050E-002
   6.8846135880754111E-002
   6.9355040973821572E-002
   6.9672774473039809E-002
   6.9840926151579136E-002
   7.0232540137666444E-002
   7.0547521828118603E-002
   7.0605857347405890E-002
   7.0960357457912029E-002
   7.1220025221509317E-002
   7.1578350909337257E-002
   7.1971575957439041E-002
   7.2239274318753835E-002
   7.2459988773466849E-002
   7.2950183893595241E-002
   7.3102089842532289E-002
   7.3547490020063569E-002
   7.3733165446680904E-002
   7.4384983357921458E-002
   7.4565000586180319E-002
   7.5005459874263797E-002
   7.5734525941055564E-002
   7.5817205898723469E-002
   7.6331692909119273E-002
   7.7035476925810156E-002
   7.7560919932971525E-002
   7.7791293162238900E-002
   7.8488549891503528E-002
   7.8885163132968159E-002
   7.9225554758770800E-002
   8.0305787545379717E-002
   8.0592475958140578E-002
   8.0788025791406551E-002
   8.1553338834737948E-002
   8.1730662412370217E-002
   8.2126055015290883E-002
   8.2808709044011483E-002
   8.3231764232670744E-002
   8.3628870350508019E-002
   8.3848309134758714E-002
   8.3981282043805602E-002
   8.4699584803946709E-002
   8.5321858791921071E-002
   8.6016904248033640E-002
   8.6129234919887984E-002
   8.6392174557668650E-002
   8.7010309169286273E-002
   8.7225607103623481E-002
   8.7910435594634087E-002
   8.8707540360667470E-002
   8.9311071034886502E-002
   8.9908373771213940E-002
   9.0424222534944185E-002
   9.1073649040518706E-002
   9.1472777487158374E-002
   9.2509703043186550E-002
   9.2705236777945857E-002
   9.3322482891144906E-002
   9.3621029408985021E-002
   9.3937770168688900E-002
   9.4727946684791633E-002
   9.5338614388156065E-002
   9.6090152381258398E-002
   9.6823784507111779E-002
   9.7307772894304589E-002
   9.7771042079422457E-002
   9.8236177524777285E-002
   9.9115115127913170E-002
   9.9812596271597054E-002
   9.9985293772502634E-002
  0.10018974557263441     
  0.10081606202930611     
  0.10163108157652638     
  0.10223493697397591     
  0.10282490224254970     
  0.10368818871609739     
  0.10425325221532350     
  0.10485111993922898     
  0.10571646911755221     
  0.10656424879348236     
  0.10741982693814732     
  0.10773461854648173     
  0.10863801240041324     
  0.10912898326365858     
  0.10933627997871147     
  0.11309506079022311     
  0.11401481088036247     
  0.11409434037360959     
  0.11514050986659452     
  0.11774382852296179     
  0.11806166226122436     
  0.11952964635334384     
  0.12044807864814051     
  0.12082225457692307     
  0.12108236049506094     
  0.12178744839350723     
  0.12281160450819081     
  0.12318814913069785     
  0.12468456267360295     
  0.12662311367347753     
  0.12797989297114998     
  0.13044896101197098     
  0.13227339991455112     
  0.13272622789826349     
  0.13317628715331059     
  0.13481024461369290     
  0.13561254147340734     
  0.13699935698862492     
  0.13817263825298470     
  0.13828660097908704     
  0.13944281182358415     
  0.14119540770805866     
  0.14181675941495070     
  0.14266117964133798     
  0.14320293169915257     
  0.14442279690574061     
  0.14625146963525343     
  0.14714296104914973     
  0.14798525735391768     
  0.15014320529359651     
  0.15339447664646036     
  0.15576594881395703     
  0.15732028104009554     
  0.15851236656503023     
  0.16115877996299052     
  0.16124017239537619     
  0.16219926677904978     
  0.16388068735482952     
  0.16531556037340650     
  0.16672345968612776     
  0.16788297288427109     
  0.16846059285129841     
  0.17116436721537071     
  0.17236158589339373     
  0.17327390117296326     
  0.17459124751931904     
  0.17693771491403168     
  0.17913740156378802     
  0.17934673053495753     
  0.17951379345835092     
  0.18005719304141260     
  0.18146318229234806     
  0.18233502394435622     
  0.18428948496417691     
  0.18531565856177606     
  0.18582131357155779     
  0.18583733837168925     
  0.18645835081135648     
  0.18769348866182839     
  0.19020286295591160     
  0.19100441470030033     
  0.19182767365263298     
  0.19326673956543886     
  0.19404761777666568     
  0.19439383217615955     
  0.19735246048282079     
  0.19867205153533599     
  0.20103105083715267     
  0.20327243789172650     
  0.20533703893820224     
  0.20640180313912540     
  0.20715901214762952     
  0.20836935466310097     
  0.20907152579238486     
  0.21321958314766190     
  0.21357263543884655     
  0.21461331001656847     
  0.21521189761968307     
  0.21885129983487006     
  0.21963898899534404     
  0.22114057638863041     
  0.22173338476722851     
  0.22188111866024759     
  0.22396595150387230     
  0.22479649092039250     
  0.22604841979148824     
  0.22769180981952836     
  0.23047097919180495     
  0.23167966800840495     
  0.23327305530680745     
  0.23339584790669152     
  0.23595422014619519     
  0.23686900925293966     
  0.24027299822141834     
  0.24197706556731388     
  0.24440207002251554     
  0.24526957859402457     
  0.24770165731829166     
  0.24987849415488819     
  0.25039857183391773     
  0.25128395749765026     
  0.25221660638299154     
  0.25384474558260972     
  0.25444574351556382     
  0.25854360677213262     
  0.26405584978280555     
  0.26466675803380130     
  0.26533754599209841     
  0.26768805437061172     
  0.26811748306649830     
  0.26898901704007622     
  0.27522399533030489     
  0.27685426450999540     
  0.27778270578476694     
  0.27865703811052089     
  0.27900780638188688     
  0.27919072523713218     
  0.28231429661623181     
  0.28580140896311618     
  0.28606764685175579     
  0.28612320722359219     
  0.29358619986798179     
  0.29912012136348520     
  0.30033844704425988     
  0.30079427951579502     
  0.30375522635703439     
  0.30884460546419290     
  0.30907877074082457     
  0.31015222305923656     
  0.31348699922553075     
  0.31395159916790871     
  0.31653453642944590     
  0.31771783911292878     
  0.31904958788920768     
  0.32122397672123576     
  0.32232939149943085     
  0.32256429519910729     
  0.33463023654831558     
  0.33498585030268035     
  0.33894098738445083     
  0.34198615352512873     
  0.34785747775405806     
  0.34852047514271811     
  0.35099104169014217     
  0.35387651458182295     
  0.35565199586473478     
  0.35924133798087510     
  0.36741214453881182     
  0.36820546297752277     
  0.37481035826082182     
  0.37601294698936588     
  0.37818306713196242     
  0.38765417887647202     
  0.39052896519295721     
  0.40587609401580904     
  0.40645088746097202     
  0.41521482610325794     
  0.42088860922342702     
  0.42214811540924579     
  0.43087120015487473     
  0.43508291285101103     
  0.47334378264139798     
  0.50480898410282904     
  0.50887300616867104     
  0.52275587256968181     
  0.52371577025313976     
  0.53929667895698041     
  0.54589527995044806     
  0.54878657146429610     
  0.55223680365418226     
  0.57083794146993183     
  0.60438697129092533     
  0.61148015077453166     
  0.63549403429089668     
  0.63745325023122856     
  0.79425432865013723     
  0.85645636893975108     
  0.87822698577977842     
  0.92033776889820473     
  0.94279186337256715     
  0.95882576369015338     
  0.98928021259893573     
  0.99136704777863571     
   1.0157241164119026     
   1.0382521844773662     
   1.0799424862505389     
   1.1258744064253752     
   1.1288818615414884     
   1.1346889115651162     
   1.1453238547640954     
   1.2317052657874470     
   1.2356678228088485     
   1.2412431663256012     
   1.2416943716337498     
   1.2463166507586798     
   1.2486078503207274     
   1.2491870734725685     
   1.2597837438676880     
   1.2737663988460488     
   1.2777897807943608     
   1.3091239725841306     
   1.3184778165225410     
   1.3201171656983306     
   1.3222073191851027     
   1.3644918693067600     
   1.3741280251971146     
   1.4037157848447486     
   1.4113070271564503     
   1.4287870586283942     
   1.4397447507087517     
   1.4655424464967874     
   1.4713798386318064     
   1.4856056809114790     
   1.4906104074709241     
   1.5195997732011062     
   1.5213392700857074     
   1.5305449944063143     
   1.5444930906693828     
   1.5641165077516159     
   1.6080169651733187     
   1.6136758705762737     
   1.6153887502668960     
   1.6351917740881969     
   1.6366170215621643     
   1.6678167824320285     
   1.6748367567709990     
   1.7115619241665188     
   1.7277383625681508     
   1.7408021579755197     
   1.7433374779964039     
   1.7460504270030457     
   1.7544908215253365     
   1.7551698434927372     
   1.7569912027757577     
   1.7599355022199015     
   1.7629665569651354     
   1.7700686705003987     
   1.7733830731384610     
   1.7767818436874241     
   1.7810256526276380     
   1.7849569245733887     
   1.8097349542035084     
   1.8129123928575055     
   1.8249476834565104     
   1.8424477310010940     
   1.8592885176232912     
   1.8730804909567154     
   1.8994833017775874     
   1.9131744261720671     
   1.9173420276982078     
   1.9211609104015115     
   1.9242044702275682     
   1.9359085523459429     
   1.9367382871625922     
   1.9393473360444056     
   1.9395353775540300     
   1.9470111283084273     
   1.9540748322473649     
   1.9556858501855909     
   1.9636514375370042     
   1.9662476863185880     
   1.9670261705087977     
   1.9695994988520362     
   1.9805255821303389     
   1.9816313774473717     
   1.9917983344599797     
   1.9944957894245263     
   1.9953460237235245     
   1.9967774111315566     
   1.9993619144686232     
   2.0006394894919670     
   2.0011410084457903     
   2.0018067062862310     
   2.0055063637762980     
   2.0098183790111097     
   2.0107637311683826     
   2.0208626260695470     
   2.0223111020023943     
   2.0247938326610839     
   2.0314039957152330     
   2.0332693741815038     
   2.0334737022137928     
   2.0358398483742115     
   2.0381163646476073     
   2.0390128872850761     
   2.0411072518174311     
   2.0438855789766999     
   2.0463864209978695     
   2.0475590077067629     
   2.0524544709407713     
   2.0547352548540427     
   2.0556220587785314     
   2.0560125861546594     
   2.0566025437381805     
   2.0573139318004712     
   2.0596435367715507     
   2.0605390217149293     
   2.0614219474906941     
   2.0615600256822839     
   2.0630552046291410     
   2.0653395414500242     
   2.0664283240566634     
   2.0713713295696188     
   2.0740423249497688     
   2.0759226335322358     
   2.0765509460972664     
   2.0771301499593542     
   2.0784889327668750     
   2.0809343228132300     
   2.0848467593216764     
   2.0875505627799411     
   2.0879419014069729     
   2.0920492812956470     
   2.0943861424386983     
   2.0951045237460795     
   2.0994703231938003     
   2.1003965467834074     
   2.1008984758860354     
   2.1039417268510787     
   2.1054037735733671     
   2.1111780855912472     
   2.1122256081210162     
   2.1189150673506889     
   2.1202447010916474     
   2.1230560755032886     
   2.1253893711579743     
   2.1267055167786260     
   2.1322290758352040     
   2.1348912353998393     
   2.1368041245050855     
   2.1384578211699812     
   2.1402836965964158     
   2.1407219108289257     
   2.1416190768528551     
   2.1469318119598912     
   2.1506028243817052     
   2.1525509627608166     
   2.1562011469865277     
   2.1569599265505941     
   2.1582995319695333     
   2.1620954613645686     
   2.1642845531088692     
   2.1651587639265508     
   2.1664928518633153     
   2.1681962909554371     
   2.1762452506602186     
   2.1771952666438210     
   2.1786523328894885     
   2.1792082363225367     
   2.1838795311648003     
   2.1876826761128045     
   2.1918454944285894     
   2.1921597033377571     
   2.1956984000285837     
   2.1965186593048625     
   2.1971620390818289     
   2.2046416870333561     
   2.2053744803131097     
   2.2076720229596587     
   2.2088623055549825     
   2.2150326314071322     
   2.2227911675248198     
   2.2244775667833308     
   2.2253161709252911     
   2.2272413313383201     
   2.2322466592008525     
   2.2358939748379201     
   2.2370741321088174     
   2.2407521937783930     
   2.2461534039131044     
   2.2482160018285802     
   2.2566424292222473     
   2.2714303670861957     
   2.2720095478147058     
   2.2764961862640538     
   2.2856130506874606     
   2.2928930317374494     
   2.2949023308416012     
   2.2995701679822491     
   2.3085855878335351     
   2.3124185102078787     
   2.3153459100491824     
   2.3207801299868245     
   2.3331535329676609     
   2.3356640032735680     
   2.3536201289730263     
   2.3581511475062249     
   2.3613595981552047     
   2.3676142556190691     
   2.3801243007726649     
   2.3804988230512771     
   2.3840944781366327     
   2.3887582975796788     
   2.3958557816506296     
   2.3969792661463210     
   2.4063414552363436     
   2.4161543691291585     
   2.4164628929354715     
   2.4343452943678985     
   2.4658701934447995     
   2.4732703838699988     
   2.4941901905917261     
   2.5017013596520612     
   2.5145038527123038     
   2.5198330851237984     
   2.5416048298531564     
   2.5592842254907286     
   2.5761431228811285     
   2.5766192373760024     
   2.5921070888041267     
   2.6141623097094766     
   2.6202274191012500     
   2.6442550311729138     
   2.6495698296199923     
   2.6537663770259896     
   2.6737554945563629     
   2.6857385096139170     
   2.7170912942175565     
   2.7400552771326474     
   2.7573167873734743     
   2.7780090708898810     
   2.7823984629701259     
   2.8207159953590328     
   2.8240493358769858     
   2.8598746412059799     
   2.8650372265383899     
   2.8655696112581817     
   2.8791723971360281     
   2.8802239363069342     
   2.8891820984793157     
   2.8949893928505168     
   2.8978420597732328     
   2.9112894538844625     
   2.9325649865616619     
   2.9562165361936636     
   2.9595424397193622     
   2.9656284392602870     
   2.9702688474974166     
   3.0023220821459300     
   3.0165246482003933     
   3.0686457064751278     
   3.0816200989539388     
   3.1161583375553672     
   3.1308741151794104     
   3.1489775971933791     
   3.1796658927314527     
   3.1956514662465270     
   3.2092532279537935     
   3.2438658954383173     
   3.3053759964828879     
   3.3155604117001598     
