 beta=   7.4186078016733256E-002
  -3.6742226832638470E-016
  -1.7840358653885798E-016
  -8.7093759336411182E-017
  -7.2908920324249746E-018
   2.8109326762056654E-016
   4.9046481258848259E-016
   2.0711865317777576E-004
   3.2290958469722295E-004
   5.7475647631897075E-004
   6.6720574941447051E-004
   9.1621321600347415E-004
   9.3238265356671176E-004
   1.2761828864354969E-003
   1.5029818042262275E-003
   1.8199257561280445E-003
   1.9725549842529778E-003
   2.1247713841781560E-003
   2.1974741561189576E-003
   2.6550586032324090E-003
   2.7873799151941227E-003
   2.8654024155132644E-003
   2.9986366283470275E-003
   3.0715091836031549E-003
   3.2872414488369548E-003
   3.5391771113635040E-003
   3.9988717631890477E-003
   4.0933789843054930E-003
   4.3241339148757342E-003
   4.9892695481813252E-003
   5.0671732503938041E-003
   5.5943321524687959E-003
   5.7459617930651448E-003
   5.9159339958649504E-003
   6.2592963973095760E-003
   6.4689464821043154E-003
   6.6994410846514668E-003
   6.7087879193250153E-003
   6.9451042158336397E-003
   7.2328244306329101E-003
   7.5220620256772758E-003
   7.7756369952868614E-003
   8.1948862306639222E-003
   8.2834306503039475E-003
   8.5792477865465500E-003
   8.7452557727321183E-003
   8.9763458676306480E-003
   9.1625808534144711E-003
   9.5374015118381318E-003
   9.7545081858394084E-003
   9.9377317035302323E-003
   1.0147949630643235E-002
   1.0657135436275354E-002
   1.0692053288840495E-002
   1.0855298838828102E-002
   1.1095554251471193E-002
   1.1396766677226168E-002
   1.1887358219744994E-002
   1.2078415447971976E-002
   1.2332095425126175E-002
   1.2640114747822267E-002
   1.2699796255631434E-002
   1.3028343564668574E-002
   1.3282154591810034E-002
   1.3429230343678478E-002
   1.3658869226059009E-002
   1.3984293894415847E-002
   1.4147139798699325E-002
   1.4308391260100500E-002
   1.4608807853054739E-002
   1.4975263352060939E-002
   1.5093661048355154E-002
   1.5249966359305622E-002
   1.5297383321259928E-002
   1.5784048522670700E-002
   1.5875074690621063E-002
   1.6213210822465213E-002
   1.6672452140646537E-002
   1.6912462726519594E-002
   1.6975071345818295E-002
   1.7355205016663176E-002
   1.7760084597509107E-002
   1.8075797990793591E-002
   1.8475207466704762E-002
   1.8708317992280132E-002
   1.8961487447884191E-002
   1.9187527172121802E-002
   1.9492536063013922E-002
   1.9666045261874439E-002
   1.9996914725581849E-002
   2.0100748592993212E-002
   2.0157980642943517E-002
   2.0627834600503069E-002
   2.0749072805302589E-002
   2.0945446614971479E-002
   2.1044182500136614E-002
   2.1410216133225250E-002
   2.1866107190869479E-002
   2.2278299963537338E-002
   2.2400357043922552E-002
   2.2527241312464072E-002
   2.2667653388233126E-002
   2.2761054463603304E-002
   2.3019841448576821E-002
   2.3292336552960653E-002
   2.3701716774715373E-002
   2.4383739063329302E-002
   2.4451566213679585E-002
   2.4665656348858887E-002
   2.4791090367242773E-002
   2.4877608132394761E-002
   2.5060840551096482E-002
   2.5393513130214526E-002
   2.5413775882411321E-002
   2.5561218464710454E-002
   2.5815407447976651E-002
   2.6083210437420751E-002
   2.6144555527429773E-002
   2.6505310526376780E-002
   2.6753800968260355E-002
   2.7152131177316775E-002
   2.7281483617447384E-002
   2.7632482424378671E-002
   2.7723389478319354E-002
   2.7872848481702812E-002
   2.7968030155504971E-002
   2.8357539622313663E-002
   2.8698924890632898E-002
   2.8834679248905152E-002
   2.9026003702779010E-002
   2.9169759043251593E-002
   2.9315421480980128E-002
   2.9552846291917196E-002
   3.0002633360890135E-002
   3.0221230606974087E-002
   3.0332534308062868E-002
   3.0518787865218541E-002
   3.0665032170575587E-002
   3.1064476361720689E-002
   3.1210999167888793E-002
   3.1427874182208292E-002
   3.1593722576333812E-002
   3.1990037268029299E-002
   3.2156038402784068E-002
   3.2419230909595455E-002
   3.2734422272864605E-002
   3.2852650903264044E-002
   3.2948660878714633E-002
   3.3290855433932350E-002
   3.3687576990831289E-002
   3.3773589615184826E-002
   3.4052167286074499E-002
   3.4206434980780874E-002
   3.4389789787716188E-002
   3.4675781082980590E-002
   3.4728127113392473E-002
   3.4874256182860462E-002
   3.4943717932621576E-002
   3.5366153032669684E-002
   3.5481698831857013E-002
   3.5631706154722088E-002
   3.5891129045555505E-002
   3.5973619476671749E-002
   3.6374024788760596E-002
   3.6612948146001578E-002
   3.6761249736113603E-002
   3.6834049612147687E-002
   3.7240641915633400E-002
   3.7347865456116028E-002
   3.7379743882103439E-002
   3.7736328792019061E-002
   3.8058658750971669E-002
   3.8271801005072888E-002
   3.8480899779876863E-002
   3.8754039977288622E-002
   3.9037700231781165E-002
   3.9256486289780797E-002
   3.9713282765514987E-002
   3.9963241328055205E-002
   3.9982988932405587E-002
   4.0285658298446811E-002
   4.0315019432065502E-002
   4.0604130859763922E-002
   4.0734348621450811E-002
   4.0923551897094554E-002
   4.1080315549390137E-002
   4.1352935977175563E-002
   4.1507654360380127E-002
   4.1805144659024816E-002
   4.1891391704394862E-002
   4.2052597176880958E-002
   4.2334836226618940E-002
   4.2490418509920656E-002
   4.2686821100739465E-002
   4.2844767375834238E-002
   4.3168254712845133E-002
   4.3319709190395538E-002
   4.3475335586425509E-002
   4.3627738444904668E-002
   4.3741620091803851E-002
   4.3983574631506622E-002
   4.4223298525046043E-002
   4.4821130152588096E-002
   4.5036690724402854E-002
   4.5118397470380392E-002
   4.5259127331311835E-002
   4.5559846882094995E-002
   4.5596506830844999E-002
   4.6032544047232768E-002
   4.6274245269814378E-002
   4.6513905027866377E-002
   4.6664253867960019E-002
   4.6746333648405289E-002
   4.7086615777784328E-002
   4.7219048254825931E-002
   4.7507527590987253E-002
   4.7774520977046826E-002
   4.7855735326982854E-002
   4.8159709212714334E-002
   4.8410448240483982E-002
   4.8466385900864585E-002
   4.8821047259809514E-002
   4.9322965695351370E-002
   4.9537656145477962E-002
   4.9624867555422364E-002
   4.9881994114475005E-002
   5.0229205019087488E-002
   5.0555014665483552E-002
   5.0752977819026796E-002
   5.1265437193912307E-002
   5.1362733235631522E-002
   5.1458870273021415E-002
   5.1577328486158848E-002
   5.1821937280734975E-002
   5.2009013866728106E-002
   5.2383857437914579E-002
   5.2720952349063689E-002
   5.2826855554198374E-002
   5.3292518420486060E-002
   5.3585672995364458E-002
   5.3942768252816291E-002
   5.4211675781074907E-002
   5.4417750008707140E-002
   5.4728974114651260E-002
   5.4850367915424691E-002
   5.5060059200495108E-002
   5.5134104743389770E-002
   5.5578472171878064E-002
   5.6073386206396680E-002
   5.6431559445989675E-002
   5.6642675542555511E-002
   5.6956673159483238E-002
   5.7172835877998797E-002
   5.7356439291582045E-002
   5.7638663580184726E-002
   5.7913874705790146E-002
   5.8001836784592684E-002
   5.8481368099569560E-002
   5.8678679453271224E-002
   5.8955661291899657E-002
   5.9530407506349789E-002
   5.9616945338528578E-002
   5.9872606191641475E-002
   6.0372614224176613E-002
   6.0415090298461108E-002
   6.0735986487480471E-002
   6.1013994928311333E-002
   6.1072482604018999E-002
   6.1675827537706403E-002
   6.1913037947917367E-002
   6.2053622456398949E-002
   6.2113704611983039E-002
   6.2393181310124807E-002
   6.2894732044553273E-002
   6.3339393837170035E-002
   6.3435776341845787E-002
   6.3602432457511932E-002
   6.3866822646136176E-002
   6.4041473174860253E-002
   6.4497727138812286E-002
   6.4820703983678896E-002
   6.5324205852480555E-002
   6.5565552587776674E-002
   6.5891315884125987E-002
   6.6026266175793297E-002
   6.6345503110303308E-002
   6.6836331666673979E-002
   6.7469022014548768E-002
   6.7564901574269434E-002
   6.7855714678109733E-002
   6.7976935899887306E-002
   6.8290164230997805E-002
   6.8783687438125019E-002
   6.9118107043706509E-002
   6.9240599631285135E-002
   6.9937218416509350E-002
   7.0296979686818140E-002
   7.0457911743583373E-002
   7.0759672170498569E-002
   7.1510665985431446E-002
   7.1768446723557019E-002
   7.2230108981196472E-002
   7.2528406275293181E-002
   7.3238441518567829E-002
   7.3398664615005729E-002
   7.3871812723114313E-002
   7.4517124381306657E-002
   7.4700023839226776E-002
   7.4909781818161866E-002
   7.5226547953976597E-002
   7.5638739359151955E-002
   7.6233961310673698E-002
   7.6474765041637832E-002
   7.6715121667374292E-002
   7.6832988852980941E-002
   7.8210860956361761E-002
   7.8252526421148230E-002
   7.8500965966775568E-002
   7.9138859393666813E-002
   7.9221853273412496E-002
   7.9471590116859628E-002
   8.0218263076329510E-002
   8.0831872399731913E-002
   8.1701530822385141E-002
   8.2467869410889613E-002
   8.2719524946031520E-002
   8.2899655532028785E-002
   8.3430088866485549E-002
   8.4166597531339093E-002
   8.4567790927215378E-002
   8.4921258181371764E-002
   8.5201122056624598E-002
   8.5432935705153978E-002
   8.5905387941680192E-002
   8.6465758900528975E-002
   8.7494965943607964E-002
   8.7530943892514243E-002
   8.8221338744045058E-002
   8.9523257976086554E-002
   8.9935215386208328E-002
   9.0153489858028513E-002
   9.1247457888343791E-002
   9.2092751843000906E-002
   9.2312915944056120E-002
   9.2628167620319321E-002
   9.3471796190883860E-002
   9.3655450459683723E-002
   9.4473676265377740E-002
   9.5013869131127235E-002
   9.5223168764207153E-002
   9.5529082180869654E-002
   9.6410625062670077E-002
   9.7614338918155921E-002
   9.8113634536881822E-002
   9.8489357442658285E-002
   9.9349577864694047E-002
  0.10073965447966347     
  0.10155556540011633     
  0.10178659409620504     
  0.10232721373883122     
  0.10275516867652811     
  0.10298790209296503     
  0.10408215684399971     
  0.10499215404805096     
  0.10808507432987607     
  0.10854801224682763     
  0.10939616465727227     
  0.10971226680888589     
  0.11026501632734875     
  0.11098781224808053     
  0.11117003513233759     
  0.11201194471015471     
  0.11320674150875158     
  0.11358542631831031     
  0.11494659305594461     
  0.11581876746389640     
  0.11682719429975515     
  0.11723544617822769     
  0.11837181103173398     
  0.11905294780014893     
  0.11989038348595073     
  0.12002164880951460     
  0.12139290504661808     
  0.12218504476600549     
  0.12333827274724672     
  0.12422170841990542     
  0.12475550067528975     
  0.12560944791912534     
  0.12652136717019408     
  0.12817775817250157     
  0.12973329198094780     
  0.13061623318596005     
  0.13176237012318531     
  0.13278593213121900     
  0.13310830729936729     
  0.13576601673214214     
  0.13745779907001102     
  0.13883042145578495     
  0.13918777594997073     
  0.14030748923169931     
  0.14093402740930883     
  0.14167423850552271     
  0.14213545810342421     
  0.14241247714828706     
  0.14316843066635579     
  0.14432860559415994     
  0.14649132124067241     
  0.14681429518228792     
  0.14925826027052036     
  0.15073844477337478     
  0.15138325172212044     
  0.15364701658037530     
  0.15446585332530105     
  0.15657494057793250     
  0.15871503286909669     
  0.15968648723724402     
  0.16052739313582279     
  0.16331831078640333     
  0.16423083240073832     
  0.16581883888403542     
  0.16605111974174608     
  0.16742118225532435     
  0.16828784208667202     
  0.16905457427775333     
  0.17003166507321754     
  0.17016241608707011     
  0.17176708840893523     
  0.17583745326758216     
  0.17639471275073976     
  0.17700268326091953     
  0.17900273803049971     
  0.18058199063701172     
  0.18142609792794731     
  0.18313012320494640     
  0.18322172719461380     
  0.18474153996653339     
  0.18533445873608664     
  0.18668464316115199     
  0.18763149826305503     
  0.18844134285016328     
  0.18972588604829355     
  0.19019737435192891     
  0.19221809167339696     
  0.19238642098200553     
  0.19438797639725280     
  0.19560688592727213     
  0.19604231302412981     
  0.19751956723055877     
  0.19867407793735153     
  0.20147674472794300     
  0.20582571195055954     
  0.20602835307213013     
  0.20791680982121905     
  0.20852242382003797     
  0.21122566347868613     
  0.21289132832704946     
  0.21456681241769532     
  0.21814399799277762     
  0.21901499988396206     
  0.22103998638469916     
  0.22186965983213125     
  0.22201170759556038     
  0.22420751421827168     
  0.22562286576211338     
  0.22608652931651901     
  0.22760516985865323     
  0.22836094346476984     
  0.22971937095498629     
  0.23172370519468857     
  0.23391995927733028     
  0.23521328445195655     
  0.23713704061896684     
  0.23820819029051468     
  0.24047305907937025     
  0.24136722274036487     
  0.24301393099029425     
  0.24412546654801101     
  0.24566850326414963     
  0.24784465223361621     
  0.25066639826029269     
  0.25146546612239551     
  0.25276964325559337     
  0.25500617258226660     
  0.25525158601757625     
  0.25884660862875003     
  0.25969966765533109     
  0.25980069666070704     
  0.26204597251767309     
  0.26385566999169718     
  0.26759058562488586     
  0.26867475032833438     
  0.26895264441263794     
  0.26965062790743410     
  0.27248751275346267     
  0.27290028506384856     
  0.27609137774594938     
  0.27722553135036010     
  0.27848257840444279     
  0.27992107049771014     
  0.28100607543596845     
  0.28633116146016380     
  0.28992116592867639     
  0.29635088941004828     
  0.29817314880402612     
  0.30051858398447423     
  0.30159047427275576     
  0.30713275494315623     
  0.30898775257418148     
  0.30992719112537304     
  0.31038827479590031     
  0.31226421383464908     
  0.31417274762742281     
  0.31620159618476607     
  0.32210563483749871     
  0.32672675934979523     
  0.32881673697822222     
  0.32928067889630819     
  0.33136731082123050     
  0.33298924685701825     
  0.33814172353905370     
  0.33836138893002682     
  0.34460546579467050     
  0.34690336043260700     
  0.34786623346340023     
  0.35018839902720450     
  0.35768352868490400     
  0.36270282892848726     
  0.36276619098220753     
  0.36343055621478759     
  0.36455657871803754     
  0.36511822453664650     
  0.36689039343905033     
  0.37426758079408101     
  0.38485212465476798     
  0.39154820738925294     
  0.39224567755397549     
  0.39360355728756952     
  0.39951920387909512     
  0.41257160003800530     
  0.41780222930194844     
  0.42734928529521315     
  0.46735430815420087     
  0.48383715666163635     
  0.48940963368866025     
  0.49249127606706461     
  0.51011731195105559     
  0.51313073609670412     
  0.51568222004721398     
  0.52197844190490195     
  0.53525931666099125     
  0.54459976241700747     
  0.56014031455324487     
  0.59843270960216499     
  0.61891127345121666     
  0.62623561812215833     
  0.62827882620506970     
  0.84562694201832556     
  0.88020702251563043     
  0.93211552532391040     
  0.96363692655906696     
  0.97346466238773721     
   1.0133067851185835     
   1.0472621293172317     
   1.0546185645189321     
   1.0745333518944518     
   1.0895546717220479     
   1.0987323475404212     
   1.1023151170762595     
   1.1132920855039181     
   1.1242701386800171     
   1.1446739336269962     
   1.1696783302978597     
   1.1840250060125228     
   1.2116508322417736     
   1.2375558094225172     
   1.2607455767285367     
   1.2728058350366973     
   1.2793296365174898     
   1.2890518799578454     
   1.2958712842185500     
   1.3057028156867270     
   1.3239896434913814     
   1.3266804515772648     
   1.3452976160467509     
   1.3569419002393883     
   1.3825936976717403     
   1.3948291506088883     
   1.4080888002278678     
   1.4474192731440430     
   1.4602278346353641     
   1.4859685018213864     
   1.4871168476825551     
   1.4942914822941016     
   1.5045526548590469     
   1.5186107826255835     
   1.5722869652780385     
   1.5857955848881842     
   1.5919368047847411     
   1.6071438874197468     
   1.6172788668545526     
   1.6205862852475776     
   1.6276932249514717     
   1.6284690667197066     
   1.6668153655599829     
   1.6792252830904744     
   1.6959923698755968     
   1.7101983197672783     
   1.7113641208455188     
   1.7280183497479626     
   1.7413731823522505     
   1.7472138605269463     
   1.7481182442236931     
   1.7517746062658899     
   1.7611019821647709     
   1.7748150690364948     
   1.7822858530894370     
   1.7823003949455065     
   1.7874151065235828     
   1.7918159100741604     
   1.7948144309884519     
   1.8004594208572262     
   1.8153608669913650     
   1.8261759368555399     
   1.8599399402617169     
   1.8741602901801981     
   1.8847629235688914     
   1.8932496098474052     
   1.8969820885267594     
   1.9245604589079850     
   1.9264749530384080     
   1.9344415920801639     
   1.9378623497592613     
   1.9415593459441818     
   1.9433966039739861     
   1.9464979942494787     
   1.9533525283627211     
   1.9542640523689105     
   1.9606948156402118     
   1.9681432764866669     
   1.9691236177284568     
   1.9695389877075764     
   1.9751271568708257     
   1.9761640859870231     
   1.9783505404107207     
   1.9882572437940293     
   1.9928566607072424     
   1.9979551440423959     
   2.0046897226248861     
   2.0048260590334506     
   2.0081238805469690     
   2.0089269669177412     
   2.0124796787926491     
   2.0163014206722392     
   2.0178906115580619     
   2.0200091610973949     
   2.0219822357859463     
   2.0223700709781114     
   2.0233997841552336     
   2.0246909258957801     
   2.0257853968399098     
   2.0297863834363827     
   2.0312731783650801     
   2.0335429108367951     
   2.0342233686309452     
   2.0384621350037953     
   2.0385829110430889     
   2.0413102439460991     
   2.0425810448079695     
   2.0462470425754988     
   2.0483446347391716     
   2.0511449107913804     
   2.0526198833273641     
   2.0534533881168358     
   2.0546037085814421     
   2.0565001164043371     
   2.0573233183608592     
   2.0577036077106734     
   2.0581213701051198     
   2.0597960524075489     
   2.0607102340542465     
   2.0607878962739998     
   2.0621073837083586     
   2.0659573140465874     
   2.0661786367005357     
   2.0676630720592830     
   2.0686402771385977     
   2.0722902535695802     
   2.0738466247103831     
   2.0747501101515100     
   2.0818349705011072     
   2.0835303953561155     
   2.0856337964311376     
   2.0868261643061858     
   2.0922012837923609     
   2.0938685827321364     
   2.0962538511578090     
   2.0965087154481736     
   2.0972004760995655     
   2.1019383927823339     
   2.1019668556396534     
   2.1029251300487624     
   2.1035091467178995     
   2.1074675542306109     
   2.1089878630190571     
   2.1100244430143316     
   2.1140604023767731     
   2.1160491200492513     
   2.1205034556430893     
   2.1209000544287875     
   2.1254308777655537     
   2.1293764247413667     
   2.1315054245193377     
   2.1325221754435164     
   2.1338855506350094     
   2.1368337164209259     
   2.1369566935267814     
   2.1420068612553589     
   2.1478036586397673     
   2.1533060679062772     
   2.1545952454583603     
   2.1560773634123991     
   2.1565645279454406     
   2.1593254586075865     
   2.1660953896147506     
   2.1673772112353027     
   2.1711743206803185     
   2.1712419945510475     
   2.1721962384910398     
   2.1728257989068278     
   2.1734168623850105     
   2.1799029879207246     
   2.1829646747752589     
   2.1837951834329852     
   2.1876525417709876     
   2.1878257098278007     
   2.1982860387436665     
   2.2039316639973245     
   2.2048082292865008     
   2.2080581310959393     
   2.2103286717624377     
   2.2121506046415651     
   2.2144402061788857     
   2.2184656817764745     
   2.2200587065385653     
   2.2232533605020701     
   2.2291107033287325     
   2.2291937043751000     
   2.2336024957229412     
   2.2369330277552879     
   2.2388482360684137     
   2.2404981603282739     
   2.2439233296076169     
   2.2488290613001833     
   2.2505706413102295     
   2.2542222151395257     
   2.2544461554198252     
   2.2615839108757090     
   2.2666299336851643     
   2.2678156383423547     
   2.2738895932481236     
   2.2746453785237049     
   2.2846296880039296     
   2.2917140591322438     
   2.3035828085145464     
   2.3063210543554988     
   2.3271238562797896     
   2.3443412237989794     
   2.3505221505820435     
   2.3620720183758266     
   2.3621303955347122     
   2.3720640305451086     
   2.3769783298295604     
   2.3810276329737032     
   2.3942582796932772     
   2.3978165787736114     
   2.4051773145354107     
   2.4076427472969821     
   2.4079826069486541     
   2.4255526913857768     
   2.4303730077570322     
   2.4424384378951109     
   2.4475976491625238     
   2.4481506479812469     
   2.4576003793811005     
   2.4620238165175521     
   2.4728232696003793     
   2.4936852644852063     
   2.5162457816698778     
   2.5477186409693440     
   2.5576717821379713     
   2.5706802950367780     
   2.5784059824180350     
   2.5974783531054659     
   2.6036078454412408     
   2.6063629793366836     
   2.6100338795147424     
   2.6245524952627242     
   2.6413047221739192     
   2.6684582425858747     
   2.6729780662007672     
   2.7284045902962899     
   2.7342915604996509     
   2.7351791380019241     
   2.7928306310135667     
   2.8221694098269237     
   2.8359943754485051     
   2.8537785741187709     
   2.8579165546036611     
   2.8656305105698019     
   2.8710915298058648     
   2.8852396514140946     
   2.8887941105286110     
   2.8996764290601176     
   2.9103010169954762     
   2.9459371104542291     
   2.9599813047164192     
   2.9654015734338963     
   2.9657944759276944     
   3.0332006031451830     
   3.0402434000274163     
   3.0465989262458564     
   3.0519861699751250     
   3.0561159013688490     
   3.0577083006090571     
   3.0616587911455855     
   3.0768117098968371     
   3.1339584385959238     
   3.1832506433940835     
   3.2071018544454359     
   3.2159129512926765     
   3.2353949909141844     
   3.2685516431975432     
