 beta=   5.8195657456770064E-002
  -1.4242638593912243E-015
  -6.3938689863403497E-016
  -3.7401731039889925E-016
  -2.8122250507143195E-016
  -1.0693096482850121E-016
  -2.8785531795935626E-017
   1.9342321946396962E-004
   3.2302868036720978E-004
   5.5762608384124859E-004
   9.3805462644913444E-004
   1.1613016744034914E-003
   1.7505019121985578E-003
   1.7809065623209154E-003
   1.9098808265534855E-003
   1.9699796154196434E-003
   2.1054977605010202E-003
   2.2054243796263344E-003
   2.4704642081727936E-003
   2.5697178096363671E-003
   2.7529054901655791E-003
   2.9578071581068698E-003
   3.1678965226083194E-003
   3.2293061550590424E-003
   3.5377302050366337E-003
   3.7965138670961315E-003
   4.2590882029934982E-003
   4.3617684426262510E-003
   4.6567172087215326E-003
   4.7702816880444100E-003
   5.2717743851595179E-003
   5.5506420053878886E-003
   5.8617105309158070E-003
   6.3510468223877473E-003
   6.5146698926975936E-003
   6.7254069735811122E-003
   7.0505704619994447E-003
   7.5162533049313966E-003
   7.8421817928282459E-003
   8.0825054363405403E-003
   8.1831576106115196E-003
   8.6343538222319327E-003
   8.9530304226300445E-003
   9.0664114380431572E-003
   9.1853951933530218E-003
   9.3463730559656105E-003
   9.7925694383954615E-003
   1.0092010772525896E-002
   1.0320088149529677E-002
   1.0391225255626600E-002
   1.0510295079002748E-002
   1.0651080795816302E-002
   1.0899108502452830E-002
   1.1272757457461828E-002
   1.1538867515899782E-002
   1.1578659542549531E-002
   1.2312315677193302E-002
   1.2370057495155785E-002
   1.2798992280774265E-002
   1.2947134975268856E-002
   1.3330157990843399E-002
   1.3659375699937380E-002
   1.3865734662342389E-002
   1.3974720189939780E-002
   1.4228225663989074E-002
   1.4423265759174983E-002
   1.4594330675261594E-002
   1.5155388221484704E-002
   1.5308532548625874E-002
   1.5551018246770774E-002
   1.5753502707338850E-002
   1.6038825064875119E-002
   1.6064893791895046E-002
   1.6587019978951071E-002
   1.6844355892495735E-002
   1.6975224052607200E-002
   1.7116661261713705E-002
   1.7389943047493431E-002
   1.7505979233801608E-002
   1.8150470370824952E-002
   1.8411639676339953E-002
   1.8517240828311386E-002
   1.8794298586525156E-002
   1.9074879818078535E-002
   1.9338469216960783E-002
   1.9358365033554120E-002
   1.9464446601829138E-002
   2.0151932946009525E-002
   2.0225643675938855E-002
   2.0591575015284531E-002
   2.0679718283436673E-002
   2.1125946983992328E-002
   2.1166607271851726E-002
   2.1349797347864640E-002
   2.1743846761290566E-002
   2.1925329206928381E-002
   2.2324297487309314E-002
   2.2427992730490218E-002
   2.2545565041452938E-002
   2.2643916235936937E-002
   2.2885921639208155E-002
   2.3095383407741532E-002
   2.3651171824534051E-002
   2.3975727662759228E-002
   2.4159143867031923E-002
   2.4290748974553401E-002
   2.4522165034195183E-002
   2.4894588669308562E-002
   2.5295118685812017E-002
   2.5415619348945533E-002
   2.5607155743366090E-002
   2.5835749969053520E-002
   2.6038906532213902E-002
   2.6377224401823059E-002
   2.6748047370397859E-002
   2.7017177458093684E-002
   2.7309065614715900E-002
   2.7461295847623607E-002
   2.7846422261296799E-002
   2.8086865934958648E-002
   2.8364654647582605E-002
   2.8556742338001852E-002
   2.8706513260682222E-002
   2.8872740121076466E-002
   2.9061922077757853E-002
   2.9164112992921369E-002
   2.9501391668873833E-002
   2.9632801474316541E-002
   2.9775583810505171E-002
   3.0121555346519727E-002
   3.0391493083197402E-002
   3.0577936121008620E-002
   3.1012239577851649E-002
   3.1424475677545964E-002
   3.1663594752980431E-002
   3.2027444494796588E-002
   3.2215335840756580E-002
   3.2416060330258373E-002
   3.2424363907645699E-002
   3.2538959876160921E-002
   3.3144949954818724E-002
   3.3282384592400731E-002
   3.3410004500409790E-002
   3.3569431289446533E-002
   3.3827179131560525E-002
   3.4224715564608835E-002
   3.4360869740495348E-002
   3.4629259620064877E-002
   3.4718041354375062E-002
   3.5048028506887922E-002
   3.5325453956749041E-002
   3.5574329852331520E-002
   3.5757735138738936E-002
   3.5828823239398379E-002
   3.6103920123367897E-002
   3.6267148017435843E-002
   3.6654379994225612E-002
   3.6775140372548101E-002
   3.7198452769803630E-002
   3.7501372660638702E-002
   3.7572715258713675E-002
   3.7790595919518694E-002
   3.8233115860617263E-002
   3.8399053173713824E-002
   3.8825724393105852E-002
   3.8849510278747244E-002
   3.9176508736094282E-002
   3.9331835510049387E-002
   3.9578934562811877E-002
   3.9685172711275071E-002
   3.9807218997094676E-002
   3.9978596894539156E-002
   4.0165142698485874E-002
   4.0292455035919238E-002
   4.0547451106584399E-002
   4.0940552661093678E-002
   4.1353939335825950E-002
   4.1459309202367657E-002
   4.1594380707136933E-002
   4.1841572726242664E-002
   4.2133328306590473E-002
   4.2208049441501840E-002
   4.2511718942771101E-002
   4.2560807202803967E-002
   4.2654263196096394E-002
   4.2801042958589879E-002
   4.3298877011763680E-002
   4.3571861893826246E-002
   4.3617316195139651E-002
   4.3796063054727739E-002
   4.3874032023837800E-002
   4.4266294039615094E-002
   4.4405162307282427E-002
   4.4633719503297253E-002
   4.5009638489678414E-002
   4.5136706508924533E-002
   4.5300290725566968E-002
   4.5384220595896321E-002
   4.5453279341377356E-002
   4.5561571305490274E-002
   4.6017336421287421E-002
   4.6418096634170701E-002
   4.6727166608986549E-002
   4.7048729185849986E-002
   4.7300872865689743E-002
   4.7554325273243422E-002
   4.7694759487719667E-002
   4.8023436477465431E-002
   4.8138213812669528E-002
   4.8310226834638370E-002
   4.8762395852262073E-002
   4.9130673657588386E-002
   4.9586696623929227E-002
   4.9824364061659826E-002
   4.9884539650758605E-002
   5.0308718414587172E-002
   5.0523322318928199E-002
   5.0945312815340746E-002
   5.0969561127079559E-002
   5.1333523708763866E-002
   5.1617679421033062E-002
   5.1741425554328653E-002
   5.2051508662120605E-002
   5.2420903691956351E-002
   5.2629429178895619E-002
   5.2713078822082114E-002
   5.3073767165737605E-002
   5.3350914823881948E-002
   5.3551410584247575E-002
   5.3719365502149799E-002
   5.3812818392447954E-002
   5.4012598328766613E-002
   5.4286079782929555E-002
   5.4707430361488944E-002
   5.4918067328940057E-002
   5.5174370607944064E-002
   5.5440517458840807E-002
   5.5780204292329091E-002
   5.5997097701322815E-002
   5.6317672316924597E-002
   5.6655749068044575E-002
   5.6945954307793291E-002
   5.7213272262617888E-002
   5.7403993376714584E-002
   5.7781141096906609E-002
   5.8036923898284319E-002
   5.8280485885895433E-002
   5.8564073166663760E-002
   5.9224859148665446E-002
   5.9261943515768280E-002
   5.9530316164846581E-002
   5.9670932826477015E-002
   6.0423397428677424E-002
   6.0740866042518077E-002
   6.0849869027292489E-002
   6.1173921884314544E-002
   6.1748503913101764E-002
   6.2035408970567960E-002
   6.2123087109466998E-002
   6.2267106129609937E-002
   6.2536449741830952E-002
   6.2680971477205055E-002
   6.2850262178932040E-002
   6.3219053470721098E-002
   6.3511848203509830E-002
   6.3648556035144827E-002
   6.4525209316202398E-002
   6.5032509977905981E-002
   6.5195465007412412E-002
   6.5292432473283230E-002
   6.5627597740153448E-002
   6.6373534617475208E-002
   6.6545598891272664E-002
   6.6887288890836921E-002
   6.6918275496428509E-002
   6.7162023422591602E-002
   6.7721370336949874E-002
   6.7948084914007098E-002
   6.8635998565777095E-002
   6.8860255787348293E-002
   6.9036317476257894E-002
   6.9266565028789015E-002
   6.9723449059256148E-002
   7.0038238369781194E-002
   7.0372944050260663E-002
   7.0452025215310563E-002
   7.1226463288709435E-002
   7.1528395565227151E-002
   7.1783923642890768E-002
   7.2267414008898495E-002
   7.2542597810518430E-002
   7.3016537697232348E-002
   7.3405312968516989E-002
   7.3807559805152967E-002
   7.4289947640449341E-002
   7.4652583670508019E-002
   7.5366799536651125E-002
   7.5868891538667854E-002
   7.6132226169515899E-002
   7.6329440683203756E-002
   7.6884540794851006E-002
   7.8071035651829879E-002
   7.8256302491124474E-002
   7.8495844910478008E-002
   7.8775067525332115E-002
   7.9337876906656668E-002
   7.9658185554122948E-002
   7.9952764490847775E-002
   8.0524943720462608E-002
   8.1087831920816048E-002
   8.1671511651597237E-002
   8.2032983840009066E-002
   8.2411782984772392E-002
   8.2746998301617233E-002
   8.3253850243907385E-002
   8.3487803295345414E-002
   8.3871295452433187E-002
   8.4722225116886082E-002
   8.5131084311870581E-002
   8.5523198714825568E-002
   8.6632759578897545E-002
   8.6750948968750616E-002
   8.7107773091646509E-002
   8.8195973029180322E-002
   8.8321858016010960E-002
   8.8736057482105307E-002
   8.9095751877047255E-002
   9.0015044289546028E-002
   9.0157892510075235E-002
   9.1024002020076614E-002
   9.1601273971053554E-002
   9.1860920833780571E-002
   9.2116913644847281E-002
   9.2585565683853357E-002
   9.2980748336381827E-002
   9.4147926868859894E-002
   9.4514109580809566E-002
   9.4718275782138567E-002
   9.5368230662507852E-002
   9.5580316464934409E-002
   9.5793645839873293E-002
   9.6148402815876874E-002
   9.6946433604674129E-002
   9.7458462205856425E-002
   9.8352121559974054E-002
   9.8679323802208382E-002
   9.9006812724841686E-002
   9.9656036131313547E-002
  0.10017043646423660     
  0.10085286891703189     
  0.10206085188053102     
  0.10222630027674762     
  0.10282852813730366     
  0.10307844096397104     
  0.10359410699664343     
  0.10385905047209211     
  0.10411875241489658     
  0.10521220900825082     
  0.10624351321670270     
  0.10717724330073368     
  0.10821867286860333     
  0.10963418700980754     
  0.11080239042164330     
  0.11170660873871768     
  0.11311953284617106     
  0.11373458395894302     
  0.11386344800009174     
  0.11473869540930975     
  0.11553318637816072     
  0.11627108793784899     
  0.11799682791648579     
  0.11886616677275319     
  0.12024015746947699     
  0.12081071155484685     
  0.12173566652311624     
  0.12370776501558185     
  0.12413335870824423     
  0.12616055520282043     
  0.12720224063952992     
  0.12789878172086247     
  0.12833534141102004     
  0.12939356669957006     
  0.13039569451045366     
  0.13122953501904430     
  0.13270256593736413     
  0.13286295766001249     
  0.13456678899990618     
  0.13540593920871266     
  0.13628209479746750     
  0.13826733524672624     
  0.14061911903985133     
  0.14198574237471048     
  0.14325355731695485     
  0.14440035874440607     
  0.14601132953360388     
  0.14639424061593673     
  0.14674813217295660     
  0.14725445614581073     
  0.14759041655586880     
  0.14919233465852250     
  0.14976223896345409     
  0.15092330371696544     
  0.15208675688767648     
  0.15215330684752851     
  0.15376839401166370     
  0.15444100745830019     
  0.15649687537989918     
  0.15723216793866285     
  0.15887622730110149     
  0.15949468330797956     
  0.16075843726016040     
  0.16156781593328318     
  0.16225729736276509     
  0.16308965060835232     
  0.16383508933663998     
  0.16650137542865212     
  0.16986341292732776     
  0.17086759245719341     
  0.17180357607079999     
  0.17260503147908376     
  0.17380424216933177     
  0.17489983451080876     
  0.17669178967759611     
  0.17761086304994556     
  0.17977464465480247     
  0.18154220544799429     
  0.18330149804596965     
  0.18503076551169911     
  0.18691547662510047     
  0.18817955947277842     
  0.18965263352652478     
  0.19095121203045703     
  0.19313261742396309     
  0.19445720853085613     
  0.19510045679074536     
  0.19559913986971500     
  0.19658625962147083     
  0.19805506788825814     
  0.19887285941625651     
  0.19944382485198670     
  0.20149660327661845     
  0.20368400648803547     
  0.20483273566737056     
  0.20626583424672487     
  0.21147592657255698     
  0.21217905157971473     
  0.21273145018575931     
  0.21466770778323480     
  0.21517438691437274     
  0.21726104865668258     
  0.21846607760519227     
  0.21928464703448067     
  0.22035474988359080     
  0.22079805564461749     
  0.22216082010766441     
  0.22324644711927683     
  0.22496441089848015     
  0.22862724149282179     
  0.22875303916336762     
  0.22999876471987868     
  0.23138712671002773     
  0.23239323287384828     
  0.23415921851249699     
  0.23429307575694955     
  0.23562918830975990     
  0.23872370661528236     
  0.24007480385116622     
  0.24046770549688651     
  0.24109780823245344     
  0.24541498953411534     
  0.24609421251258831     
  0.24682696997578751     
  0.25086727247689028     
  0.25229359257043854     
  0.25278692933155700     
  0.25381836448037787     
  0.25643008627331026     
  0.25741862877285732     
  0.25765975798288870     
  0.25917592477809637     
  0.26198686030605406     
  0.26334354979823810     
  0.26408381869992853     
  0.26654449238270078     
  0.26700185254319569     
  0.27067524519074615     
  0.27122425690224949     
  0.27428777853352826     
  0.27610767456871860     
  0.27667897657435525     
  0.27761290031904567     
  0.27861769156949528     
  0.27959421489414488     
  0.28137309848390413     
  0.28287376715596307     
  0.28423399148663564     
  0.28460303102546486     
  0.28692635143452455     
  0.28994586051777371     
  0.29709622910348793     
  0.29900315118483084     
  0.30298294810480464     
  0.30383785495997051     
  0.30443430838706492     
  0.31175119310367161     
  0.31215866593748487     
  0.31303389311047181     
  0.31453645721958179     
  0.31985557145615551     
  0.32177775204065395     
  0.32318330255344896     
  0.32544124707545435     
  0.32591652335688465     
  0.32851684274161136     
  0.33623253066080472     
  0.33835390918919894     
  0.34087344475222298     
  0.34948255200848527     
  0.35263040203098500     
  0.35362543277442743     
  0.35479131117012130     
  0.35504220203395176     
  0.35801950612896755     
  0.35998802964569560     
  0.36158450836888717     
  0.36405804951178505     
  0.36989993802498694     
  0.38353385720839217     
  0.38405860185338031     
  0.38741164488000440     
  0.39141962460704760     
  0.39228665873104168     
  0.40054813727338912     
  0.40481742501814194     
  0.40748874298542709     
  0.41335002805042864     
  0.42171687884994552     
  0.42211001853022595     
  0.43001219165198962     
  0.48188876307301654     
  0.49552261870424746     
  0.50467964799955023     
  0.50690798071976240     
  0.51112215176762854     
  0.51463015493829944     
  0.52068846103504629     
  0.52544218985091429     
  0.52607476022154986     
  0.53154080034930884     
  0.54947549096570159     
  0.55843819154545626     
  0.56878718636809622     
  0.61215328624144016     
  0.62692184485172653     
  0.63537162650176326     
  0.64145823440223848     
  0.88349105870861133     
  0.91013247811870635     
  0.93272242280974782     
  0.97826998879142024     
  0.98227513052497128     
  0.98391684521942646     
  0.99843705415587303     
   1.0265229060654906     
   1.0435019543135651     
   1.0483060103270994     
   1.0703619174709496     
   1.0876596563497225     
   1.0895608550359772     
   1.0982145742976475     
   1.1400611613477158     
   1.1492042987213573     
   1.1736213157740476     
   1.1753316970981185     
   1.1865229138243432     
   1.2065949492454788     
   1.2676726879071454     
   1.2848148565585835     
   1.2901534116780289     
   1.2965102988062289     
   1.3036184952837895     
   1.3063770811097943     
   1.3443963023224939     
   1.3723749049646947     
   1.3731549204493969     
   1.3736219798668665     
   1.3839182722589281     
   1.4029671345167249     
   1.4038383633562279     
   1.4167684558342288     
   1.4255334021964283     
   1.4435851261432600     
   1.4539462534387653     
   1.4752663247410034     
   1.4833838243683275     
   1.5006596619116603     
   1.5277254706087062     
   1.5286641784561605     
   1.5965704621604608     
   1.6327926883053332     
   1.6481326197946957     
   1.6631159119598911     
   1.6913816750798831     
   1.6953933128274463     
   1.7006213361437441     
   1.7097391914327607     
   1.7146136079500032     
   1.7229666695539150     
   1.7257539308272811     
   1.7344819487458794     
   1.7479855864276930     
   1.7572749260577891     
   1.7601106162705000     
   1.7606175483732265     
   1.7692246875260695     
   1.7810578515365691     
   1.8181954572421766     
   1.8205933590944976     
   1.8223554489939515     
   1.8343723295506826     
   1.8361776250971500     
   1.8654777952374146     
   1.8690647391296813     
   1.8776831401342131     
   1.8828120893765459     
   1.8948358032767321     
   1.8966085681892770     
   1.9006455018779045     
   1.9152914251989754     
   1.9216338638153807     
   1.9237380173233742     
   1.9314675014923142     
   1.9329067586680018     
   1.9334717416854337     
   1.9338816688587810     
   1.9451566412921846     
   1.9611610683119023     
   1.9617486452780364     
   1.9628944786120308     
   1.9663689352556273     
   1.9720372221230846     
   1.9813699577854949     
   1.9887686125035569     
   1.9936244885172472     
   1.9952584084414651     
   1.9963933992908651     
   1.9989315463178636     
   1.9996080860663790     
   2.0047807025545379     
   2.0049901861029107     
   2.0071810133326768     
   2.0119581638075452     
   2.0138050866042936     
   2.0148649550111744     
   2.0173220106546612     
   2.0211886671923454     
   2.0230214559274762     
   2.0255376430292609     
   2.0298559581605571     
   2.0318481168567746     
   2.0361576913039587     
   2.0385670885835356     
   2.0406309939851948     
   2.0437833655803477     
   2.0481108589610311     
   2.0484180193956969     
   2.0487243500748327     
   2.0513197349049310     
   2.0521045557165376     
   2.0528682822482160     
   2.0534590880607224     
   2.0545664696421899     
   2.0565674155688782     
   2.0578930985239769     
   2.0585451602301252     
   2.0593663759821657     
   2.0614408070737080     
   2.0648588240791477     
   2.0678624132436401     
   2.0681886700837762     
   2.0686448193149309     
   2.0699342586890164     
   2.0741854432336475     
   2.0790300134068778     
   2.0838199740154115     
   2.0868073291660680     
   2.0899114077003804     
   2.0907011296378260     
   2.0915742336332968     
   2.0971563826045592     
   2.0989299485158859     
   2.1032998672727725     
   2.1039353488945736     
   2.1049507527769156     
   2.1062178209784586     
   2.1067945238731136     
   2.1095421337403182     
   2.1108414534466826     
   2.1120959133237429     
   2.1127718538774216     
   2.1139323184707046     
   2.1157946341879379     
   2.1168660458950948     
   2.1173364096331473     
   2.1200998985623785     
   2.1208141990173632     
   2.1248942687634900     
   2.1252666876118949     
   2.1271301231863018     
   2.1292306424242238     
   2.1303329192234011     
   2.1341499112493469     
   2.1372394205217708     
   2.1425494150124549     
   2.1454013847196829     
   2.1470359505828260     
   2.1483777595647719     
   2.1506559583699572     
   2.1511924772526441     
   2.1540905589642163     
   2.1554127472022424     
   2.1586068655910928     
   2.1598693440029799     
   2.1625041392820710     
   2.1641532343869287     
   2.1643387481929444     
   2.1681247532968393     
   2.1701638708236533     
   2.1707187652220399     
   2.1716492699924226     
   2.1749913479756682     
   2.1757951067606509     
   2.1807623489316845     
   2.1824298245844043     
   2.1831289898109909     
   2.1854887901481219     
   2.1882159100168805     
   2.1895014439269973     
   2.1918655042120085     
   2.1997432488157980     
   2.2018474307091753     
   2.2029914858422770     
   2.2041092964410156     
   2.2137730234390642     
   2.2152949995793585     
   2.2208413521497135     
   2.2248012838514946     
   2.2298614069759144     
   2.2339634055358042     
   2.2351747875200170     
   2.2382405719028369     
   2.2398579809576669     
   2.2480399474880297     
   2.2523134500157398     
   2.2566276255411815     
   2.2591408075321366     
   2.2643667044209375     
   2.2691680653116317     
   2.2722891843219544     
   2.2748927321696346     
   2.2896660463069178     
   2.3057962648633756     
   2.3119593716187525     
   2.3151497537329235     
   2.3301424872626915     
   2.3303930699362918     
   2.3374716001140947     
   2.3473168187995346     
   2.3545524418751689     
   2.3605320600190103     
   2.3666189830800657     
   2.3673469100954438     
   2.3764658735872315     
   2.3819684449913754     
   2.3844741658176094     
   2.3904297474940126     
   2.4107717447279997     
   2.4113419960267235     
   2.4135023716922159     
   2.4223871406869844     
   2.4349683624830498     
   2.4513609134925503     
   2.4537100445530111     
   2.4575874099979824     
   2.4610160863590598     
   2.4915014075256647     
   2.5291977035982018     
   2.5293748299959522     
   2.5416397001627509     
   2.5678057070444420     
   2.5838450821671111     
   2.5984388360605619     
   2.6012668346277876     
   2.6223933949385136     
   2.6230244089441936     
   2.6737157897973547     
   2.6965245737647083     
   2.7083386814818575     
   2.7083794481694023     
   2.7145448097083795     
   2.7359153949327482     
   2.7461749808479756     
   2.7630967380405620     
   2.7797988281191932     
   2.7860724224049314     
   2.8505117763731702     
   2.8617291291391633     
   2.8667008984966609     
   2.8783967737411786     
   2.9169849674643933     
   2.9172902947916937     
   2.9198708470241344     
   2.9236939960298391     
   2.9309640429069996     
   2.9687208765901532     
   2.9851976016451687     
   3.0112782906893734     
   3.0196431703689521     
   3.0275623676509564     
   3.0308009296742755     
   3.0536561256480264     
   3.0554999682908992     
   3.0830192224824802     
   3.0888827669074885     
   3.0935808970265515     
   3.1175288608530960     
   3.1338546658249271     
   3.1538068414788865     
   3.1659001320223199     
   3.2163877448266938     
   3.2437111416771209     
   3.2819788687935159     
