           1   645.57763744279691     
           2   313.57101759500290     
           3   265.66011272238063     
           4   368.57608568141177     
           5   312.32832522475115     
           6   430.07717273336544     
           7   551.89754378659029     
           8   590.92954985210520     
           9   432.13445205232620     
          10   415.61942102372529     
          11   474.32314610723870     
          12   476.02920451576040     
          13   513.09587549856815     
          14   562.42877273727186     
          15   434.98333152231612     
          16   376.25595523944855     
          17   575.39617073747934     
          18   624.19787768303468     
          19   1041.8269632102342     
          20   814.07173541661030     
          21   675.15194592978082     
          22   503.18590916205142     
          23   408.10454374987978     
          24   324.93907371155558     
          25   306.32189648148335     
          26   256.04871199184811     
          27   296.45867261775896     
          28   317.11015784009999     
          29   301.37556358192080     
          30   432.86270468568210     
          31   603.93738778394822     
          32   1330.2387310538802     
          33   1981.4642756556118     
          34   1457.5917407554261     
          35   1465.7812358076583     
          36   928.22891823697614     
          37   545.59489033753925     
          38   366.29633220916929     
          39   250.53314784262091     
          40   174.24834259707134     
          41   173.85199548578029     
          42   238.11894005536465     
          43   293.00682649000555     
          44   388.77004276477646     
          45   521.25283307934228     
          46   612.55686237847465     
          47   836.89188729294347     
          48   950.98871579260936     
          49   798.68585443252209     
          50   833.74699826401081     
          51   892.64403316964933     
          52   799.43285457134334     
          53   567.74188948261940     
          54   495.07842791509643     
          55   534.09603318506424     
          56   466.87331452391481     
          57   331.49296035872806     
          58   324.55339144784347     
          59   320.49184315028248     
          60   239.89916599336334     
          61   210.36646721384818     
          62   236.77245327614474     
          63   199.68620847397636     
          64   150.77346323605539     
          65   150.37496702836677     
          66   163.86022964389275     
          67   150.17757633569485     
          68   130.18737265624952     
          69   105.23084639594680     
          70   138.81156076075911     
          71   77.681721610297132     
          72   87.496684921156088     
          73   115.47443299229673     
          74   124.37379085648723     
          75   142.40276546829131     
          76   140.45313305866699     
          77   184.51186836998932     
          78   237.08975992751013     
          79   330.30912785051873     
          80   530.88836495672763     
          81   630.57898111079123     
          82   711.31424113923276     
          83   568.23004456161686     
          84   402.06730151863326     
          85   314.78322081185286     
          86   214.15999926785003     
          87   164.61067459606082     
          88   159.61181915680609     
          89   157.32374474869127     
          90   163.35130876156134     
          91   157.42702617877680     
          92   251.84912475182716     
          93   167.98920824655892     
          94   159.93089191129005     
          95   140.59804313398016     
          96   108.98898670657556     
          97   131.80580396815435     
          98   169.15379094261647     
          99   140.38331117738787     
         100   119.11179319802366     
         101   152.89635833133059     
         102   210.65897631804054     
         103   224.90351330762508     
         104   207.47917434339985     
         105   449.93497060704669     
         106   393.43247634824434     
         107   236.07967138236512     
         108   241.83473170523180     
         109   196.36343317619139     
         110   180.57933658514077     
         111   137.48496829360661     
         112   125.66046046428188     
         113   150.90122525278332     
         114   132.12575572086601     
         115   103.11198049108793     
         116   112.40541104555120     
         117   116.62436519938677     
         118   94.096689720880704     
         119   98.445789530602696     
         120   124.97373561795199     
         121   115.86343254590707     
         122   98.123434587450262     
         123   128.56753880691184     
         124   157.36869806738741     
         125   124.76349815303122     
         126   148.58247410318475     
         127   201.68061462207800     
         128   212.12586867218386     
         129   176.12170732831848     
         130   236.58852662295953     
         131   202.37580161237804     
         132   230.39737349636465     
         133   189.53350166287134     
         134   235.83486186911415     
         135   213.24850750305723     
         136   176.33833516555995     
         137   170.12949727172312     
         138   131.85978781111038     
         139   167.45494114530089     
         140   137.46983243509544     
         141   101.16602484071574     
         142   102.12687358297589     
         143   105.72142460137690     
         144   129.59466033353056     
         145   181.65757880157426     
         146   212.28421457493658     
         147   148.78791672266749     
         148   109.76265368242650     
         149   84.191628217295289     
         150   87.284663437128756     
         151   97.320756757517074     
         152   152.52421382505025     
         153   175.22352780831687     
         154   193.79952740228902     
         155   277.62579377663383     
         156   305.75941193729466     
         157   251.84362456520768     
         158   311.01202387603064     
         159   479.40816049012363     
         160   755.15750923484757     
         161   607.97545797554767     
         162   1649.3958321150762     
         163   16614.668302219870     
         164   40434.362688371897     
         165   49643.575594872374     
         166   17923.440095806083     
         167   43856.411980065423     
         168   168613.57980654412     
         169   373943.70130642666     
         170   502514.21924887446     
         171   26706.853298385980     
         172   7396.7487716344331     
         173   1680.6112779886521     
         174   647.84473219320648     
         175   385.03124829853442     
         176   408.14975121944894     
         177   397.00301524941847     
         178   266.60562528783771     
         179   333.16712357590791     
         180   362.26249944843488     
         181   505.11117520550988     
         182   549.36591299749603     
         183   472.68572212667942     
         184   578.67697011483267     
         185   741.06503716672830     
         186   791.08262768218242     
         187   673.25328167767952     
         188   542.79501008955049     
         189   395.67435679232631     
         190   332.25034555570062     
         191   249.16231148099811     
         192   296.66535609540711     
         193   290.96148503244035     
         194   207.34788231901160     
         195   210.92851885485257     
         196   245.91191198474453     
         197   196.75136257443893     
         198   154.25938195272386     
         199   191.32013347694209     
         200   188.48500481052980     
         201   145.56136815963782     
         202   136.25907083172012     
         203   164.81496649474224     
         204   131.59321415216715     
         205   106.19709566327859     
         206   152.64180235419440     
         207   155.86782008390057     
         208   143.72574281613694     
         209   153.37728291049703     
         210   231.22338559512662     
         211   373.23961866768673     
         212   340.01533553032107     
         213   402.40367733887854     
         214   807.71366976495176     
         215   1170.5430263489029     
         216   706.88091778014507     
         217   770.55190212668253     
         218   727.94805874803239     
         219   851.79766783061041     
         220   751.06972823140688     
         221   575.83849676518435     
         222   668.29335740356396     
         223   782.08655328057512     
         224   686.88376210379693     
         225   599.66133574825540     
         226   777.16499072171405     
         227   902.19072817441349     
         228   836.38349810316095     
         229   673.59517217080588     
         230   500.29764759190004     
         231   382.18165230802583     
         232   417.99675350339481     
         233   344.41008318885429     
         234   271.62351667341909     
         235   336.59069011268400     
         236   276.60448584830982     
         237   277.05247756576927     
         238   321.85019445235616     
         239   425.33451076220990     
         240   443.24741121205443     
         241   310.63539840143022     
         242   300.89308900586946     
         243   384.56204025767590     
         244   314.27420557647321     
         245   258.55141609819077     
         246   345.36107300299511     
         247   373.22272771885002     
         248   288.33481812356911     
         249   352.45585272899251     
         250   456.79948357309064     
         251   574.51770849289346     
         252   589.16451221436387     
         253   441.78074119382063     
         254   523.21554323196119     
         255   525.58659290159494     
         256   358.88696058419487     
         257   326.95696332748469     
         258   270.97257789134994     
         259   207.61591767485976     
         260   240.81981583546573     
         261   278.19301969176672     
         262   220.85366982235550     
         263   190.16460764002204     
         264   277.94496116877690     
         265   290.37345062414272     
         266   212.33539991029119     
         267   247.16346180430682     
         268   350.66445977382739     
         269   287.52146840669587     
         270   232.14886402875584     
         271   353.49005296614365     
         272   367.44766084944473     
         273   256.47519041286586     
         274   380.82962141279694     
         275   433.99994996975096     
         276   304.30694321959970     
         277   258.96127858947511     
