078	003
005	078
079	005
006	009
009	006
010	007
030	009
011	028
028	011
014	026
026	014
016	024
024	017
023	044
044	023
025	042
042	025
040	027
029	038
038	029
034	031
090	039
041	088
088	041
043	086
086	043
050	049
055	053
059	055
059	056
060	056
061	057
062	058
063	059
064	060
065	061
066	062
066	062
066	063
075	064
129	066
074	067
068	125
072	069
071	069
148	070
151	071
071	149
073	151
088	074
076	087
077	087
087	077
079	085
085	079
082	081
083	081
094	091
143	094
099	095
096	141
100	096
097	138
101	097
102	098
103	099
101	209
101	209
106	103
112	108
113	109
114	110
110	114
110	270
114	111
115	111
116	112
116	112
117	113
118	114
119	115
115	146
120	116
198	116
121	117
122	118
118	147
149	118
122	119
123	119
124	120
125	121
125	122
126	122
127	123
128	124
128	125
129	125
131	126
130	127
160	130
132	158
158	132
133	194
135	133
133	152
134	194
134	156
140	135
139	135
140	137
138	204
152	140
142	150
150	142
144	148
145	148
148	145
147	145
167	189
189	167
169	187
179	176
177	213
177	216
197	178
178	204
183	180
184	180
184	181
185	181
186	182
256	182
187	183
183	188
190	193
193	190
193	190
194	190
192	190
195	191
256	192
192	253
192	257
258	192
197	193
197	193
198	194
198	195
199	195
199	196
200	196
249	196
201	197
201	197
202	198
203	199
204	200
205	201
205	202
206	202
207	203
203	232
207	204
209	204
208	205
210	207
216	213
221	218
224	220
224	221
225	221
226	222
227	224
228	225
230	225
230	229
230	249
242	231
233	237
237	234
238	276
241	238
242	238
238	276
243	239
245	241
245	242
246	242
247	243
248	244
248	244
248	245
249	246
256	250
255	252
255	252
261	258
262	258
263	259
265	261
266	262
267	263
268	264
269	265
270	266
271	268
272	269
275	272
276	273
277	273
