-4.9289E+000
-2.3461E+000
-1.5370E+000
-6.0283E+000
-2.5119E+000
-6.4494E-001
-4.2024E+000
-1.7156E+000
 3.7657E-001
-3.2648E+000
-3.1063E+000
 1.1217E+000
-8.0625E+000
-2.8349E+000
 1.5453E+000
-2.9858E+000
-4.6096E-002
 9.1174E-002
-3.5444E-001
 4.0098E-001
 5.7022E-001
-2.9677E-001
 2.4723E-001
 3.7378E-001
-6.3953E-002
 1.6015E-001
 5.9669E-001
 1.7767E+000
-6.9630E-001
-8.5637E-001
-4.8415E-001
 2.2147E-001
-1.0183E-001
-3.4585E-001
 1.1691E-001
-3.0188E-001
 1.7026E-001
-7.2419E-002
-4.3310E-001
 4.6944E-001
-5.5568E-001
-6.4406E-001
-4.3641E-001
 1.8772E-001
-3.3288E-001
 4.1958E-001
 3.7929E-001
-8.0414E-002
 1.2748E+000
 3.2732E-001
-2.4858E-001
-4.5382E-001
 4.8740E-001
 2.7279E-002
-2.5644E+000
 7.0112E-001
 4.0758E-001
 2.5008E+000
-1.9242E+000
-7.4134E-001
 5.7002E-001
 4.1359E-001
-1.8582E-001
-3.9312E-001
 1.5360E-001
-2.1233E-001
-4.4143E-001
-6.1533E-003
 5.3670E-002
-8.3448E-001
-2.4407E-001
 1.9362E-001
-3.5776E-002
 2.4231E-002
 4.9065E-002
-1.0390E-001
-3.0224E-002
 6.8783E-002
-8.7101E-002
 3.3435E-002
-1.4558E-003
-5.4729E-002
 1.9407E-001
 6.1480E-002
-6.2290E-002
-8.7871E-002
 1.5757E-001
-4.0908E-001
 5.5457E-002
-3.0346E-001
-1.9010E-001
-8.3141E-003
-1.2991E-002
-1.9916E-002
-8.6635E-002
-4.5277E-002
-2.0519E-002
-1.4335E-001
-6.2152E-002
-5.5866E-002
-2.5322E-001
-5.6748E-002
-3.8970E-002
-1.0657E-001
-1.0855E-001
-3.2812E-001
 5.0504E-001
 1.9496E+000
 1.2237E-001
-1.3778E-001
-1.0342E-001
 1.6115E-001
-1.2895E-001
-1.1964E-001
 2.3720E-001
-1.5990E-001
-1.7222E-001
 2.0121E-001
-8.6110E-002
-2.2751E-001
 1.8598E-001
-1.0342E-001
 7.4289E-002
 1.4493E-001
-1.3745E-002
 8.9011E-002
 9.7986E-002
-1.9450E-001
-1.8517E-001
 1.0495E-001
-1.5463E-001
-1.8790E-001
 3.6196E-002
-1.4473E-001
-1.8981E-001
-6.1270E-003
-1.7196E-001
-2.4848E-001
 1.4679E-001
-2.3253E-001
-3.1477E-001
 2.3726E-001
-1.9980E-001
-1.8520E-001
 3.8211E-002
-3.4937E-002
-1.8778E-001
 4.3952E-002
-3.1325E-002
-2.1432E-001
 1.5113E-002
-3.7849E-003
-2.7979E-001
-3.6863E-002
 9.8853E-002
-2.0512E-001
 1.1562E-001
-6.7760E-002
-2.3834E-001
 9.1401E-002
-2.1758E-001
-7.3804E-001
-3.4654E-002
-8.9829E-002
-2.9608E-001
-1.7918E-001
-4.6317E-002
-3.4969E-001
-2.9638E-001
-6.5799E-002
-4.2895E-001
-3.9310E-001
 3.4179E-002
-5.1949E-001
-1.8480E-001
-6.7736E-002
-3.5501E-001
-1.6288E-001
-8.1565E-002
-4.4485E-001
-3.2551E-001
 1.7725E-002
-4.5262E-001
-5.9453E-001
-7.0572E-003
-5.7728E-001
-5.5972E-001
-1.9389E-002
-6.8646E-001
-3.7827E-001
-7.4912E-002
-7.4200E-001
-7.2605E-001
-1.2774E-002
-4.6798E-001
-1.1009E+000
 4.8538E-001
-5.8807E-001
-7.3360E-001
-3.8968E-002
-9.0573E-001
-7.2274E-001
-1.6210E-002
-1.1208E+000
-8.5158E-001
-3.8603E-003
-1.2352E+000
-6.7239E-001
 1.9292E-001
-1.3295E+000
-9.2802E-001
-4.9622E-002
-1.1954E+000
-1.1199E+000
-2.8004E-002
-1.2986E+000
-7.1445E-001
-9.5127E-002
-1.0406E+000
-5.9997E-002
-2.3283E-001
-1.3515E+000
-1.6541E+000
 1.0197E-001
-1.1861E+000
-1.7069E+000
 4.0089E-001
-5.3291E-001
-6.7582E-001
 1.6351E-002
-1.0741E+000
-4.7848E-001
 3.2931E-002
-9.3089E-001
-3.2417E-001
-1.2189E-001
-1.1038E+000
-4.1439E-001
 7.8271E-002
-1.0672E+000
-4.1223E-001
 1.5427E-001
-6.5082E-001
-4.8554E-001
 9.8573E-001
-6.1929E-001
-1.9737E-001
-8.0093E-002
-9.6912E-001
 4.7171E-002
 1.1217E-001
-1.1281E+000
 2.3623E-002
-6.4704E-003
-1.0223E+000
 2.3656E-001
 8.6817E-002
-8.6736E-001
 2.2026E-002
 3.6625E-002
-1.0089E+000
 4.2454E-002
-4.9691E-002
-9.2571E-001
-1.1556E-002
-1.0588E-001
-8.7892E-001
-1.8359E-001
-3.2709E-001
-6.9440E-001
 5.5345E-002
 2.0744E-002
-8.1991E-001
-3.8480E-001
 1.5138E-001
-1.5320E+000
 1.1676E-001
 2.6420E-003
-1.0497E+000
-1.8444E-002
 6.6590E-003
-9.0629E-001
-6.1712E-002
-8.9234E-002
-1.0171E+000
-2.9089E-001
 2.8350E-002
-9.8396E-001
 1.7632E-001
 2.2228E-001
-6.9145E-001
 2.8244E-001
 4.8439E-001
-3.2602E-001
 3.0632E-002
-1.9688E-001
-1.0916E+000
-6.9978E-003
-3.9349E-002
-1.0821E+000
 1.8694E-001
-1.4256E-002
-8.8559E-001
 2.6828E-001
 1.5511E-002
-8.4087E-001
 2.3143E-001
 1.9797E-005
-8.4976E-001
 3.2636E-001
 8.4366E-002
-7.8423E-001
 2.7585E-001
-4.8196E-002
-6.6696E-001
 3.2367E-001
-9.6848E-002
-6.5820E-001
 2.5997E-001
 2.2741E-001
-7.0475E-001
 2.9397E-001
 2.8853E-001
-5.1634E-001
 2.0018E-001
 3.8750E-002
-7.0171E-001
 2.4288E-001
-1.0245E-001
-6.2077E-001
 2.5229E-001
-1.1995E-001
-6.4859E-001
-1.4636E-001
-2.0812E-001
-4.5842E-001
 2.7107E-001
-9.1826E-002
-5.6089E-001
 5.0850E-001
-1.3805E-001
-7.7508E-001
 4.4041E-001
-1.2275E-001
-7.2345E-001
 4.6136E-001
-8.2371E-003
-7.1873E-001
 2.7763E-001
 1.0075E-001
-6.6687E-001
 3.3219E-001
-2.0608E-001
-5.3416E-001
-1.1125E+000
-2.1744E+000
-2.3247E+000
 5.2989E-001
-5.2127E-002
-9.0527E-001
 5.6312E-001
 1.6632E-001
-9.0581E-001
 4.3070E-001
 1.8284E-001
-9.9640E-001
 4.7573E-001
 2.1104E-001
-9.6525E-001
 5.2878E-001
 1.4845E-003
-8.1153E-001
 6.4581E-001
 4.8666E-002
-7.3037E-001
 2.9381E-001
 2.6269E-001
-9.7232E-001
 6.9424E-002
 1.4243E-001
-6.0697E-001
-1.3652E-001
-1.6748E-002
-4.4147E-001
-2.5897E-001
-3.3066E-001
-2.1114E-001
-8.1462E-002
 8.1915E-002
-6.3310E-001
-1.9473E-001
-1.3062E-001
-5.5571E-001
-6.8390E-002
-1.0679E-001
-5.1005E-001
 9.4544E-002
-1.8806E-001
-5.6219E-001
-1.8923E-001
-2.3755E-001
-4.2523E-001
 2.6612E-001
-4.5608E-001
 1.3915E+000
-4.9813E-002
-9.6297E-002
-4.9310E-001
 1.5781E-001
 4.6077E-002
-3.1595E-001
-1.4809E-001
-2.2084E-001
-6.1216E-001
-9.0650E-001
-7.3335E-001
-1.0390E+000
 7.4997E-001
-2.3667E-001
 2.1078E-001
-1.5615E+000
 1.2263E+000
 2.1640E+000
 2.7986E-001
 4.6828E-002
-5.1197E-001
-3.4142E-002
-2.5867E-001
-6.1240E-001
-3.7974E-001
-3.2459E-001
-2.7692E-001
-4.6258E-001
-4.9864E-001
-2.8236E-001
 3.9949E-002
-1.9233E-001
-6.0627E-001
-1.8898E-001
-4.7020E-001
-5.2154E-001
-3.9520E-001
-2.0385E-001
-2.7198E-001
-4.8440E-001
-2.2380E-001
-1.5613E-001
-2.8936E-001
-1.1347E-001
-2.2683E-001
-5.4796E-001
-1.5887E-001
-5.5995E-002
-5.6794E-001
-5.1294E-002
-1.7677E-001
-4.4159E-001
-5.0994E-001
-5.1803E-002
 1.9706E-001
-5.8407E-002
-5.0770E-001
 3.4403E-001
-8.4048E-002
-6.1271E-001
 2.3133E-001
-5.4736E-001
-7.3944E-001
 4.9795E-002
-1.1201E+000
-6.2117E-001
 7.4494E-001
 1.5388E-001
-8.8694E-001
 1.1199E+000
 7.3125E-002
-1.6099E+000
 2.7804E-001
-2.5686E-001
-9.9445E-001
 1.3485E-001
-7.2537E-001
-1.1305E+000
-8.2877E-002
-9.0507E-001
-8.9967E-001
-1.4725E-001
-1.0582E+000
-9.6084E-001
 6.5282E-001
-9.4267E-001
-1.5083E+000
-4.4494E-002
-1.8475E+000
-8.6530E-003
-7.2111E-002
-7.2967E-001
-6.4852E-001
-2.9155E-001
-8.9180E-001
-4.0189E-001
-6.2714E-001
-7.0585E-001
-2.6159E-001
-1.1042E+000
-8.7539E-001
-3.7126E-001
-2.5856E-001
-9.9587E-001
-5.3759E-001
-4.3360E-001
 2.5469E-001
-3.0523E-001
-5.5652E-001
-4.0124E-001
-9.8762E-002
-9.1802E-001
-1.5150E-001
 7.6468E-003
-9.3441E-001
-1.6061E-001
-4.4141E-003
-1.1161E+000
 7.5032E-002
 1.3326E-001
-7.5033E-001
-3.2661E-001
-2.1840E-001
-5.4282E-001
-2.3390E-001
-1.9510E-001
-4.2812E-001
-2.0806E-001
-1.0106E-001
-5.6413E-001
-1.7885E-001
-1.2085E-001
-4.1635E-001
-1.5004E-001
-6.9846E-001
-1.5632E-001
-4.3973E-001
-5.3974E-001
-2.8950E-001
-2.7904E-001
 4.8565E-002
-2.3270E-001
-4.5229E-001
 1.7261E-001
-9.3267E-004
-2.6858E-001
 2.7544E-003
 2.2180E-001
-1.8485E-001
-2.5466E-001
-2.7551E-002
-7.6002E-001
 3.0788E-001
-1.9039E+000
 1.3310E+000
 1.7291E+000
 3.5655E-002
-3.1544E-001
 3.1527E-002
 2.1003E-001
-1.3591E-001
-7.8698E-002
 2.0326E-001
-2.0001E-001
-5.4075E-002
 3.4648E-002
-6.0657E-001
-3.1053E-002
 1.1210E-001
-7.2737E-002
-1.6905E-001
 1.5813E-001
 3.7104E-002
-1.7199E-001
 3.9159E-001
-5.9584E-002
-7.1128E-003
 3.3222E-001
-1.0881E-001
-2.8171E-002
 3.0588E-001
-7.9321E-002
-7.4288E-002
 3.0801E-001
-5.5053E-002
-3.8248E-002
 4.1063E-001
-1.0791E-001
-1.9556E-001
 3.8674E-001
-1.1952E-001
-2.9940E-001
 1.0664E-001
-7.7986E-002
-2.6663E-001
 5.5192E-002
-8.5605E-002
-1.9828E-001
-2.0134E-001
-1.5346E-001
-3.3363E-001
-1.9338E-001
-4.1738E-001
-5.2748E-001
 1.8134E-001
-8.6985E-002
-1.7310E-001
 2.6262E-001
-1.3683E-001
-2.1660E-001
-2.4757E-001
 2.0027E-002
-2.2465E-001
-2.7057E-001
-6.3252E-002
-2.8115E-001
-2.2064E-001
-1.2554E-001
-2.6696E-001
-2.8255E-001
 6.6053E-003
-2.0059E-001
-3.7741E-001
-7.2132E-002
-5.4523E-001
-5.2179E-001
-2.9396E-002
-4.7381E-001
-1.9076E-001
-1.9757E-001
-2.4774E-001
-1.8082E-001
-1.5101E-001
-2.6385E-001
-1.9800E-001
-1.5150E-001
-2.5420E-001
-2.7338E-001
-1.7756E-001
-3.3342E-001
-3.1512E-001
-1.9841E-001
-3.6664E-001
-3.8711E-001
-2.7369E-001
-4.4176E-001
-2.1671E-001
-1.4760E-001
-2.1855E-001
-2.9191E-001
-1.4516E-001
-2.1976E-001
-2.6409E-001
-2.6438E-001
-1.5357E-001
-2.8530E-001
-2.3709E-001
-8.0189E-002
-3.2237E-001
-1.4878E-001
-2.6706E-001
-6.0007E-001
-2.3806E-001
-3.5642E-001
-2.4429E-001
-3.5809E-001
-1.8639E-001
-3.1221E-001
-4.8607E-001
-1.7575E-001
-3.0716E-001
-5.1751E-001
-2.4322E-001
-2.9942E-001
-5.1838E-001
-1.4398E-001
-2.6241E-001
-5.1797E-001
-1.4934E-001
-3.1672E-001
-5.7727E-001
-3.7428E-001
-4.0691E-001
-2.6998E-001
-3.2638E-001
-3.1975E-001
 3.1051E-002
-1.4777E-001
-3.1259E-001
-2.0078E-001
-1.0528E-001
-3.2276E-001
-1.4039E-001
 1.5057E-001
-8.3233E-002
 4.6036E-001
 4.4571E-001
-3.8544E-001
-6.5624E-001
 5.9886E-001
-3.4893E-001
-3.2609E-001
-2.1040E-001
-3.8380E-001
-2.5486E-001
-2.2350E-001
-3.8834E-001
-2.4597E-001
-2.7040E-001
-3.1031E-001
-2.7679E-001
-2.3301E-001
-3.2311E-001
-2.5699E-001
-2.4916E-001
-9.2212E-001
-2.3076E+000
-1.4819E+000
-3.7980E-001
-2.5617E-001
-2.6412E-001
-3.7031E-001
-4.0436E-001
-2.9462E-001
-4.7754E-001
-3.6040E-001
-1.1030E-001
-4.2848E-001
-3.7572E-001
-1.8222E-001
-2.0878E-001
-2.8704E-001
-5.5410E-001
-3.3881E-001
 3.2128E-001
-9.1056E-001
-4.6178E-001
-3.8316E-001
-7.4041E-002
-3.5626E-001
-3.2850E-001
 8.8354E-004
-2.2054E-001
-3.8203E-001
-3.5354E-002
-1.4782E-001
-3.2568E-001
 1.2652E-001
-3.1193E-001
-6.1545E-001
 1.0833E-001
-4.5186E-001
 1.3342E+000
 2.6206E-001
-1.5438E-001
-3.7745E-001
-1.1257E-001
-5.2851E-002
-3.7017E-001
-1.8787E-001
-3.6944E-002
-3.8657E-001
-2.0797E-001
 3.6490E-002
-3.8193E-001
-2.3328E-001
-7.8956E-002
-3.5445E-001
-1.2018E-001
-1.7577E+000
 5.7419E-001
-2.0627E+000
-7.6445E-002
-3.3411E-001
-1.0324E-001
 4.0635E-002
-1.3787E-001
-2.1805E-002
 6.9780E-002
-1.1364E-001
 9.4597E-002
 1.5991E-001
-1.5823E-001
 1.8618E-001
 4.0228E-002
-1.1340E-001
 3.0603E-001
 3.5944E-001
 3.3524E-001
 5.8971E-001
 3.4862E-002
-4.4615E-002
 9.3174E-002
 9.1442E-003
-3.9086E-002
 2.0204E-001
 1.6265E-001
-7.8496E-002
 1.3416E-001
 3.1444E-001
 1.1237E-002
 1.1795E-001
-2.7398E-001
-1.0205E-001
 3.6469E-001
-4.3026E-001
-3.1150E-001
 2.3084E-001
 1.5989E-001
-3.3190E-001
-1.0921E-001
 2.2598E-001
-3.4325E-001
-2.0029E-001
 3.2512E-001
-3.2239E-001
-2.4445E-001
 3.4587E-001
-2.9902E-001
-2.3551E-001
 1.3473E-001
-3.0582E-001
-2.7138E-001
 1.5169E+000
-3.1227E+000
-1.4505E+000
 3.7387E-001
-2.3373E-001
-2.2540E-001
 4.5676E-001
-1.4295E-001
-2.8478E-001
 5.3012E-001
-1.4006E-001
-2.0170E-001
 6.7674E-001
-9.4479E-002
-2.5076E-001
 5.2425E-001
-7.8021E-002
-3.0606E-001
 3.5051E-001
-2.2461E-001
-8.3476E-002
 5.1960E-001
-1.6308E-001
-1.7908E-001
 6.0781E-001
-1.0786E-001
-2.8080E-002
 5.8238E-001
-1.3924E-001
 1.0354E-001
 4.4863E-001
-1.3395E-001
 2.8085E-002
 5.8789E-001
-1.3985E-001
 1.5144E-001
 6.3989E-001
-1.3296E-001
 1.0661E-001
 5.4991E-001
-2.0211E-001
 9.3490E-002
 5.1448E-001
-2.5693E-001
 1.5804E-001
 4.3707E-001
-4.8773E-001
 4.7123E-001
 5.8836E-001
-3.3465E-001
 8.1700E-002
 5.8502E-001
-9.2921E-002
-1.1466E-001
 6.8761E-001
-1.3545E-001
-9.9255E-002
 4.2386E-001
-1.5181E-001
-9.2357E-002
 3.0362E-001
-1.7554E-001
 2.6843E-002
 8.6383E-001
-3.0195E-001
 2.0878E-001
 1.1104E+000
-6.1011E-001
 7.4181E-001
 3.5470E-001
-1.6341E-001
-2.4933E-001
 2.7174E-001
 1.2151E-001
-1.2991E-001
 1.3192E-001
-9.8425E-002
-3.1570E-002
-1.6900E-001
-3.7078E-001
 2.5508E-002
 2.8858E-001
 4.3428E-002
-3.4655E-002
 1.2814E-001
-1.9052E-001
 4.0085E-001
 2.2641E-001
-1.1675E-001
 2.0935E-001
 2.0593E-001
-1.9377E-001
 2.2874E-001
 3.1142E-001
-5.1540E-002
 1.3152E+000
-5.1933E-001
 5.9234E-001
-8.7629E-001
 2.0317E-001
-1.8059E-001
 5.9222E-002
 1.9139E-001
-1.4498E-001
-1.2798E-001
 2.2429E-001
-1.9880E-001
-2.2342E-001
 3.0526E-001
-2.4559E-001
-2.3684E-001
 1.2352E-001
-2.0209E-001
-1.9845E-001
 1.6558E-001
-1.7068E-001
-1.8619E-001
 2.9942E-001
-1.3722E-002
 2.1842E-003
 2.7201E-001
 1.4999E-001
 2.3872E-001
-1.0107E-001
-2.8238E-001
-1.9211E-001
-2.7277E-001
-2.4359E-001
-5.5052E-002
 3.2369E-001
 3.5740E-003
-1.5473E-002
 3.2994E-001
 1.0424E-001
 5.2343E-002
 2.8387E-001
 1.1587E-001
 1.3360E-002
 2.8354E-001
 2.0404E-001
 4.8867E-002
 2.8487E-001
 1.0873E-001
 8.2463E-002
 4.3911E-001
 7.6624E-002
 8.6150E-004
 1.6775E-001
 1.8870E-003
 1.3431E-002
 2.0040E-001
 3.0433E-003
-1.8980E-002
 1.5055E-001
 4.2702E-002
-8.2876E-002
 1.2544E-001
 1.8694E-002
-1.4958E-001
-4.4748E-002
 1.7702E-002
 2.0107E-002
 7.9862E-001
-7.7787E-001
-7.6928E-001
 1.1264E-001
 1.7996E-001
-1.4154E-001
-1.0454E-001
 2.2331E-001
-1.4630E-001
-1.8847E-001
 2.7650E-001
-2.4690E-001
-1.7993E-001
 2.5090E-001
-3.1777E-001
-1.9470E-001
 3.4477E-001
-1.6942E-002
 2.7618E-001
 2.4921E-001
 2.3229E-001
-2.2699E-001
 2.5441E-001
-2.7581E-001
-1.7768E-001
 3.1485E-001
-4.1089E-001
-1.9035E-001
 3.2625E-001
-4.4521E-001
-9.8404E-002
 2.7993E-001
-4.0472E-001
-1.6213E-001
 2.0887E-001
-6.8447E-001
 4.1130E-002
-5.8016E-001
-8.2392E-001
-2.5491E-001
 3.2374E-001
-4.6434E-001
-3.1411E-001
 1.4703E-001
-4.1081E-001
-2.8163E-001
 3.5614E-002
-3.6868E-001
-2.6763E-002
-2.4899E-002
-1.5265E-001
-2.7577E-001
 7.8368E-002
-6.4016E-001
 6.7681E-002
-1.7615E-001
-5.2293E-001
-4.8770E-001
-1.4262E-001
-3.3479E-001
-4.3228E-001
-2.1951E-001
-3.2884E-001
-4.6820E-001
-2.6584E-001
-2.9105E-001
-4.6748E-001
-2.1359E-001
-2.9701E-001
-5.2525E-001
-3.2966E-001
-2.6323E-001
-5.1403E-001
-2.1108E-001
-3.7453E-001
-4.5615E-001
-2.7612E-002
-3.4932E-001
-4.5795E-001
-2.0895E-001
-4.4084E-001
-4.7544E-001
-1.5351E-001
-4.6230E-001
-4.8593E-001
 4.1613E-002
 2.9891E-002
-7.3642E-001
-7.4343E-002
 2.1300E-001
-4.9291E-001
-1.8618E-001
-5.1496E-001
-5.1828E-001
-2.4745E-001
-5.7801E-001
-5.6261E-001
-2.1224E-001
-6.0893E-001
-5.4440E-001
-3.2658E-001
-8.9762E-001
-5.7869E-001
-3.4697E-001
-5.9127E-001
-5.7857E-001
-1.4808E-001
-7.3345E-001
-6.3695E-001
-1.6747E-001
-4.1813E-001
-6.0543E-001
-1.3803E-001
-3.0200E-001
-7.0973E-001
-1.4553E-001
-3.4938E-001
-7.7268E-001
-1.0108E-001
-3.1319E-001
-6.6436E-001
-1.2970E-001
-5.9698E-002
-4.5675E-002
 3.1949E-001
 3.0793E-001
-7.2030E-001
-1.2929E-001
-3.3571E-001
-7.2105E-001
-1.6184E-001
-2.7342E-001
-7.1138E-001
-8.6684E-002
-2.1569E-001
-3.1602E-001
 3.8278E-002
-1.1666E-001
-5.6233E-001
-1.7976E-001
-2.5717E-001
-2.9591E-001
 2.9728E-001
-3.8717E-001
-9.9176E-001
 2.0938E-002
-4.8216E-003
-9.6321E-001
 1.3658E-001
 1.4850E-001
-7.3552E-001
 4.3774E-002
-2.8160E-002
-3.8229E-001
 2.8998E-001
 4.7711E-002
-7.7761E-001
-1.2525E-001
-1.7671E-001
-6.9933E-001
-1.3642E-001
-1.1658E-001
-4.1571E-001
-3.1032E-001
-1.3102E-001
-2.9353E-001
-2.9426E-001
-1.0272E-001
-3.4616E-001
-9.2759E-002
-2.1485E-002
-1.4161E-001
-1.0614E-001
-1.4593E-001
-6.6200E-002
 3.2979E-002
-1.6447E-001
 9.2336E-002
-2.6213E-003
-1.8518E-001
-1.8529E-001
-1.7190E-001
-1.3490E-001
-4.3922E-001
-1.0751E+000
-2.9552E-001
-1.1097E-001
 1.3729E-001
-7.4495E-002
-3.2622E-002
 3.1834E-001
 5.2995E-002
 8.8697E-002
 3.6338E-001
-2.4142E-002
 3.9940E-001
 5.5062E-001
-3.7390E-002
-1.8008E-001
 3.8591E-001
 2.3219E-001
-2.5653E-001
 2.7154E-001
 3.4258E-003
-4.7143E-002
 4.1811E-001
-2.3350E-002
 1.7366E-001
 3.8150E-001
-3.5646E-001
 4.2037E-001
 7.1715E-001
-7.3051E-001
-2.3652E-001
 3.4445E-001
 1.4050E-002
 3.4281E-001
 7.5612E-001
-8.1993E-002
 2.1366E-001
 9.0647E-002
-4.0259E-001
 4.4744E-001
 1.9301E-002
-6.7511E-001
 4.6460E-001
 2.7512E-001
-6.9803E-001
 4.7011E-001
 3.2311E-001
-7.4754E-001
 4.7774E-001
-4.4578E-001
-6.3079E-001
-6.7150E-001
 2.2641E-001
-2.4547E+000
 3.8411E-001
 4.5092E-001
-5.8172E-001
 4.2287E-001
 5.0847E-001
-5.7079E-001
 3.7670E-001
 3.0850E-001
-5.0938E-001
 3.4191E-001
 4.1744E-001
-5.1975E-001
 3.0743E-001
 7.2852E-002
-2.3673E-001
 2.9172E-001
 1.3472E-001
-1.1255E-001
 3.7590E-001
 1.6857E-001
-1.2013E-001
 3.5624E-001
 1.1519E-001
-5.7870E-002
 4.0613E-001
 3.7111E-001
-9.4820E-002
 2.4460E-001
 4.3119E-001
-1.2263E-001
 1.8728E-001
 3.5257E-001
-7.9457E-002
 2.0670E-001
 4.1813E-001
 8.8142E-003
 2.0696E-001
 4.8610E-001
-1.3820E-002
 2.5308E-001
 5.8536E-001
-1.0428E-001
 7.5938E-002
 3.6485E-001
 2.1685E-002
-4.0028E-002
 3.1920E-001
-2.7226E-003
 5.3453E-002
 4.4977E-001
-2.3858E-002
 9.4597E-002
 4.6679E-001
-1.3042E-002
 2.0972E-001
 3.5592E-001
 1.3342E-001
 3.9477E-001
 3.6449E-001
 3.4774E-001
 9.3352E-002
 6.1196E-001
 4.3995E-002
 2.6809E-001
 3.1702E-001
 3.8406E-001
 4.2647E-001
 1.6281E-001
 4.8279E-001
 4.9004E-001
 3.2829E-001
 5.8577E-001
 2.5888E-001
 3.2086E-001
 6.5048E-001
 3.0786E-001
-1.9020E-001
 3.7293E-001
-3.0163E-001
-2.3514E+000
 2.0178E+000
 8.0751E-001
 2.9425E-001
 6.7057E-001
 8.2491E-001
 3.5813E-001
 6.6969E-001
 7.2549E-001
 3.8630E-001
 5.5991E-001
 7.2001E-001
 4.5519E-001
 4.9260E-001
 9.3230E-001
 4.1132E-001
 6.8409E-001
 8.4734E-001
 2.3177E-001
 7.8948E-001
 4.6001E-001
 2.4734E-001
 5.4776E-001
 4.5020E-001
 2.2571E-001
 5.2952E-001
 3.2361E-001
 1.4335E-001
 4.9409E-001
 6.0197E-001
 1.0759E-001
 4.7463E-001
 5.2785E-001
 3.0883E-001
 5.9323E-001
 5.3544E-001
 2.8801E-001
 5.6512E-001
-4.0308E-002
 4.8684E-002
 5.7066E-001
-6.5736E-002
 5.1122E-002
 6.1079E-001
-7.9273E-002
-1.2953E-003
 4.9785E-001
-4.6731E-002
-2.6611E-002
 4.3406E-001
 8.8419E-002
 1.3548E-001
 6.7163E-001
 1.1112E-001
 1.4692E-001
 6.3400E-001
-1.6564E-001
 1.0735E-002
 4.9725E-001
-2.3211E-001
-1.4996E-002
 2.5717E-001
 1.1677E-002
-6.4108E-002
 3.2931E-001
 2.2799E-001
-1.2103E-001
 8.6056E-001
-6.7553E-001
 8.8811E-002
 2.2474E-001
-4.8990E-001
 7.9632E-001
 7.9491E-001
 2.7299E-003
-1.5489E-002
-5.4065E-002
 1.4319E-001
-7.8985E-002
-1.8121E-002
 9.1687E-002
-4.0961E-002
 4.5637E-001
-6.1028E-002
-3.9253E-001
 8.3219E-001
-6.5525E-002
-1.5064E-002
-4.1978E-001
 4.6166E-001
-2.4603E-002
 6.6112E-001
 1.4601E-001
 3.2115E-001
 4.5565E-001
 4.2254E-002
 2.5149E-001
 5.7061E-001
 4.5832E-002
 3.7985E-001
 5.7233E-001
-1.2425E-001
 4.4409E-001
 3.5856E-001
 7.7138E-002
-5.2242E-002
 5.6058E-001
 8.4175E-002
 3.4569E-001
 8.1483E-001
 1.1813E-001
 3.0971E-001
 8.5272E-001
 2.4860E-001
 3.6562E-001
 8.4851E-001
 3.2101E-001
 3.5580E-001
 8.4878E-001
 2.0376E-001
 2.1831E-001
 8.3456E-001
 1.0623E+000
-3.0391E-001
-3.3403E+000
 2.6825E-001
 4.0175E-001
 7.8549E-001
 3.8907E-001
 4.0096E-001
 7.3930E-001
 5.1609E-001
 3.5322E-001
 8.3555E-001
 6.2435E-001
 4.0624E-001
 8.3068E-001
 3.7026E-001
 4.0557E-001
 6.2045E-001
 5.2414E-001
 3.5666E-001
-3.3336E-001
 5.4566E-001
 2.9843E-001
 7.9427E-001
 5.3659E-001
 3.0630E-001
 1.0567E+000
 4.7623E-001
 2.5316E-001
 8.6664E-001
 4.9248E-001
 3.4276E-001
 6.9562E-001
 7.5469E-001
 6.3398E-001
 1.3086E+000
 8.7889E-001
-8.6105E-001
 1.2751E+000
 4.4853E-001
 2.2583E-001
 9.1671E-001
 4.1349E-001
 2.0177E-001
 7.0745E-001
 3.7823E-001
 3.9387E-001
 7.0870E-001
 3.0841E-001
 3.4064E-001
 4.6686E-001
 4.0060E-001
 9.4770E-002
 7.6252E-001
 6.5132E-001
-1.9381E-001
 6.4587E-001
 3.5247E-001
 4.6873E-001
 7.9660E-001
 2.9311E-001
 5.3806E-001
 8.0649E-001
 3.3289E-001
 5.1865E-001
 8.1607E-001
 3.0422E-001
 5.1190E-001
 7.6469E-001
 1.1253E-001
 6.1393E-001
 9.4105E-001
 3.3699E-001
 3.8420E-001
 5.6745E-001
 3.5518E-001
 5.3690E-001
 8.4861E-001
 1.9421E-001
 6.5453E-001
 9.7467E-001
 3.1025E-001
 7.4644E-001
 9.5684E-001
 3.0699E-001
 7.7172E-001
 8.9621E-001
 4.1529E-003
 5.5966E-001
 9.1673E-001
-1.4529E-001
 4.3738E-001
 7.2410E-001
 3.0183E-001
 8.4100E-001
 9.8985E-001
 3.0448E-001
 9.1445E-001
 1.1327E+000
 9.2989E-002
 9.1898E-001
 1.1225E+000
 3.9755E-002
 8.7051E-001
 1.0542E+000
 2.5724E-001
 1.0760E+000
 1.4113E+000
 3.2071E-001
 7.5802E-001
 4.5793E-001
-5.5070E-002
 6.7371E-001
 1.2587E+000
-5.6601E-001
 1.0781E+000
 1.2497E+000
-1.0413E-001
 7.3716E-001
 1.1876E+000
-2.1097E-001
 8.1200E-001
 1.2112E+000
-1.3328E+000
 1.1862E+000
 5.2559E-001
 1.7639E-001
 1.0562E-002
 2.7478E+000
 6.6383E-002
 6.2118E-001
 1.0546E+000
 1.3304E-001
 6.0893E-001
 9.5730E-001
 2.5737E-001
 5.6880E-001
 1.1041E+000
 1.7632E-001
 5.9618E-001
 9.9576E-001
 4.2001E-001
 4.7288E-001
 5.4098E-001
 5.2357E-001
 5.3939E-001
 5.4080E-001
 3.1706E-001
 5.8905E-001
 1.3135E+000
 5.1557E-001
 6.5722E-001
 1.4251E+000
 2.5143E-001
 6.5885E-001
 1.5862E+000
 3.3328E-001
 6.9957E-001
 1.3555E+000
 7.7914E-001
 7.3556E-001
 1.6405E+000
 1.3187E+000
 7.8776E-001
 1.2815E+000
-9.1561E-002
 6.9379E-001
 1.7904E+000
-4.1503E-001
 6.5994E-001
 2.0062E+000
-5.6153E-001
 5.4370E-001
 1.7061E+000
-7.9522E-001
 4.6888E-001
 1.7967E+000
-7.5037E-001
 6.6031E-001
 2.2194E+000
-6.6212E-001
 7.7922E-001
 2.5167E+000
-5.9679E-001
 2.7814E-001
 1.2885E+000
-6.2620E-001
 7.1013E-002
 9.9030E-001
-5.3761E-001
 1.3166E-001
 7.2202E-001
-8.6248E-001
 1.4049E-001
 4.6255E-001
-6.9478E-001
-1.0611E-001
 1.0083E+000
-3.7466E-001
 2.0673E-001
 7.6275E-001
-1.6087E-001
 3.1164E-001
 4.6162E-001
-8.8598E-002
 3.7028E-001
 5.5005E-001
 2.0230E-001
 4.5395E-001
 4.3388E-001
 2.6877E-001
 4.9769E-001
 1.4911E-001
 4.7077E-001
 5.3281E-001
 1.0719E-001
-1.9025E-001
 3.5230E-001
 7.7269E-001
-1.0608E-001
 4.3970E-001
 1.0471E+000
-3.2709E-001
 3.3140E-001
 1.0335E+000
-6.5711E-001
 3.2521E-001
 1.0166E+000
-2.4190E-001
 6.1840E-001
 1.3738E+000
 6.2426E-001
 2.6252E-001
 2.2980E+000
-2.0055E-001
 3.4716E-001
 9.7058E-001
-4.1991E-001
 1.8312E-001
 8.4980E-001
-2.3927E-001
 3.4784E-001
 1.2798E+000
 1.6999E-001
 3.7292E-001
 1.2506E+000
-2.8568E-001
 5.4145E-002
 2.0359E-001
-9.7297E-001
-1.3926E-001
 5.1566E-002
-5.4230E-001
 6.1969E-001
 1.5379E+000
-4.1066E-001
 8.8034E-001
 2.0662E+000
-1.2218E-001
 8.9118E-001
 2.2171E+000
 7.9343E-003
 9.1338E-001
 2.2842E+000
-1.9620E-001
 8.9254E-001
 2.0690E+000
 1.7402E+000
 1.0082E+000
 9.0707E-001
-1.8268E-001
 9.0012E-001
 2.2321E+000
-5.5245E-002
 7.6822E-001
 2.1745E+000
 1.2557E-001
 6.1873E-001
 2.0601E+000
 3.4500E-001
 5.1246E-001
 2.0737E+000
 3.2639E-001
 5.4658E-001
 1.7114E+000
 4.0997E-001
 3.9901E-001
 1.6935E+000
 3.5230E-001
 2.5590E-001
 1.3169E+000
 1.2566E-001
 1.6873E-001
 1.2481E+000
 6.8606E-001
 3.2144E-001
 1.7859E+000
-2.6988E-001
-1.2357E+000
 2.9075E+000
 4.9598E-001
 2.6714E-001
 1.2088E+000
 5.2260E-001
 3.1983E-001
 7.6792E-001
 5.0833E-001
 2.8423E-001
 6.0235E-001
 3.5392E-001
 3.8457E-001
 5.0433E-001
 6.7250E-001
 1.4516E-001
 5.8016E-001
 8.2560E-001
 1.3450E-001
 4.7818E-001
 4.3863E-001
 3.1925E-001
 5.0266E-001
 3.4325E-001
 4.8036E-001
 3.4090E-001
 3.5834E-001
 4.6767E-001
 3.1925E-001
 2.3707E-001
 5.5188E-001
 1.7326E-001
 1.7319E-001
 2.5068E-001
 1.6185E-001
-6.9983E-002
-1.3232E-001
 2.0955E-001
 2.7717E-001
 4.3160E-001
 3.2024E-001
 2.6806E-001
 3.8736E-001
 2.2856E-001
 2.5107E-001
 4.3968E-001
 3.6122E-001
 2.2884E-001
 4.0038E-001
 6.0098E-001
 1.1347E-001
 2.9391E-001
 1.1775E-001
 2.4364E-001
 3.2355E-001
 2.9349E-001
 3.9399E-001
 3.7703E-001
 2.7726E-001
 4.0584E-001
 4.6148E-001
 2.1434E-001
 3.7080E-001
 4.7791E-001
 5.2982E-002
 5.9496E-001
 3.5949E-001
 1.0873E-001
 8.4870E-001
 1.1309E-001
 3.5238E-001
 4.2086E-001
 4.7768E-001
 2.7750E-001
 3.0074E-001
 4.9986E-001
 2.3378E-001
 2.0981E-001
 3.6636E-001
 2.0484E-001
 6.9646E-002
 3.1723E-001
 1.8912E-001
 3.1300E-001
 5.8403E-001
 1.8878E-001
 4.6929E-001
 3.2715E-001
 6.5444E-001
 1.8722E-001
 3.2241E-001
 1.3497E-001
 1.3292E-001
 2.2551E-001
 9.5987E-002
 6.0176E-002
 2.5806E-001
 8.2700E-002
 2.0144E-001
 2.7965E-001
 1.7701E-001
 2.3558E-001
 1.9049E-001
 1.0274E-001
-1.1180E-001
-2.8257E-002
 6.2078E-001
-2.9946E-001
 1.5292E-001
 1.5625E-002
-3.5215E-001
 6.3733E-002
 1.4864E-001
-6.7559E-002
 1.9437E-001
 2.4645E-002
 2.2218E-001
 2.5251E-001
-1.5719E-001
-2.6482E-001
-1.8719E-001
 4.2425E-001
-2.1388E-001
 1.7893E-001
 1.4706E-001
-1.1341E-001
 1.0334E-001
 1.3812E-001
-4.6289E-002
 1.3042E-001
 2.1374E-001
-2.7377E-001
-3.9804E-002
 1.8559E-001
-1.4962E-001
 1.3007E-001
 8.9154E-002
-2.5987E-002
 1.6861E-001
 5.8314E-002
 1.5460E-001
 4.9418E-001
 4.4985E-001
 1.4824E-001
 5.7895E-001
 3.5391E-001
 2.6404E-001
 1.5413E-001
 3.8183E-001
 3.0192E-001
 6.1760E-002
 7.8042E-002
-2.5670E-001
 9.3472E-001
 1.3831E-001
-1.1691E+000
 1.9925E+000
 1.7799E+000
 1.9370E-001
 1.3148E-002
 4.1598E-001
 2.3424E-001
-2.2405E-001
 4.6287E-001
 3.4714E-001
-1.9701E-002
 4.5141E-001
 4.0662E-001
 1.1791E-001
 4.6813E-001
 4.5236E-001
-4.4001E-001
 3.9843E-001
 3.8571E-001
 5.2509E-002
 4.9835E-001
 3.7188E-001
 1.6625E-001
 4.3532E-001
 4.6826E-001
 1.5412E-001
 2.9708E-001
 4.4470E-001
 6.0554E-002
-1.6450E-002
 1.5305E-001
 2.4044E-001
 4.4846E-001
 1.5761E-001
 2.6407E-001
 4.1666E-001
 4.7211E-001
 1.4103E-001
 4.1808E-001
 5.7707E-001
 1.8061E-001
 1.9155E-001
 5.2869E-001
 2.1718E-001
 1.4677E-001
 4.7030E-001
 2.9761E-001
 2.2965E-001
 7.4914E-001
 2.9921E-002
 4.1082E-002
-1.6779E+000
-3.5753E-001
 3.8883E-001
 5.2109E-001
 2.4374E-001
-1.5733E-003
 4.7940E-001
 3.1818E-001
-1.7806E-003
 4.3482E-001
 3.6068E-001
 4.8148E-002
 5.4826E-001
 2.7936E-001
 1.0449E-002
 4.6778E-001
 2.8196E-001
 1.0883E-001
 3.8407E-001
 2.8435E-001
-1.9336E-003
 4.9002E-001
 2.7987E-001
 1.4579E-001
 5.1866E-001
 1.8679E-001
 4.9132E-002
 4.0705E-001
 1.9064E-001
-2.4136E-002
 3.8144E-001
 1.7811E-001
-7.0938E-002
 6.2880E-001
 1.5856E-001
-3.1040E-003
 6.4566E-001
 2.7845E-001
-5.5658E-002
 2.8199E-001
 1.1662E-001
-1.4542E-001
 1.7516E-001
 8.6578E-002
-2.5363E-001
 1.5438E-001
 6.9861E-002
-2.2580E-001
 1.2809E-001
-1.0367E-002
-1.7078E-001
 5.6770E-002
 1.9174E-001
-2.2180E-001
-5.5402E-002
 2.4309E-001
-1.9793E-001
 1.5020E-001
 1.1420E-001
-3.3433E-001
 1.4570E-001
 7.5989E-002
-2.9402E-001
 1.1434E-001
 1.0454E-001
-2.6818E-001
 1.1204E-001
 1.2865E-001
-3.2953E-001
 1.2356E-001
 5.7297E-002
-3.2544E-001
 1.2817E-001
 8.1868E-002
-3.3292E-001
 9.8722E-002
 9.0653E-002
-2.9932E-001
 1.1797E-001
 7.7953E-002
-3.8921E-001
 6.8181E-002
 3.3006E-002
-4.7047E-001
 4.7787E-002
 5.7611E-002
-4.2776E-001
 1.8240E-001
-7.2211E-002
-4.6554E-001
-6.0440E-002
-3.9889E-001
-6.7238E-001
 2.1997E-002
 8.0827E-002
-5.0033E-001
 5.2667E-003
 9.0560E-002
-4.8842E-001
-2.6415E-002
 1.6681E-001
-4.6624E-001
-1.3894E-001
 6.4367E-002
-4.1349E-001
 2.9468E-002
-1.0588E-001
-3.9348E-001
-1.9937E-002
-2.7537E-001
-4.5627E-001
 1.2901E-001
 2.6756E-001
-3.8151E-001
 3.6543E-002
 2.4678E-001
-3.7568E-001
-4.4106E-002
 2.0851E-001
-1.7938E-001
-1.5010E-001
 9.8557E-002
-1.4492E-001
-3.8236E-002
 2.1350E-001
-4.7519E-001
-1.5530E-001
 2.7736E-001
-8.1880E-001
 5.0607E-003
 1.8894E-001
-1.6092E-001
-4.7792E-002
 1.7812E-001
-4.3964E-002
-1.4863E-001
 4.2933E-001
 6.4670E-002
-6.2013E-001
 6.9286E-001
-2.8686E-001
 1.1767E-001
 3.3538E-001
-9.9427E-002
 8.5491E-001
 1.0315E+000
-7.4076E-001
 3.1094E-001
 3.7690E-001
 7.0947E-001
 2.7627E-001
 6.8540E-001
 9.9982E-001
 1.8521E-001
 5.4176E-001
 4.5782E-001
-1.1111E-001
 6.5330E-001
 3.5651E-001
 7.4764E-001
 4.3342E-001
 1.6522E+000
 2.7879E-001
 1.3214E-001
 1.1566E+000
 4.1540E-001
 2.7606E-001
 2.6876E-001
 3.4510E-001
 1.1287E-001
-1.3451E-001
 2.9318E-001
 1.0849E-001
-1.3784E-001
 2.6320E-001
 2.3066E-001
-1.6962E-001
 6.7804E-001
 8.1770E-002
-3.8612E-001
 6.3321E-001
-1.1422E-001
-1.0952E+000
 2.3750E-001
 1.0545E-001
-2.1238E-001
 2.6308E-001
 1.1485E-001
-2.0027E-001
 2.4835E-001
 1.1159E-001
-1.5254E-001
 2.6412E-001
 1.1190E-001
-2.6448E-001
 4.7584E-001
 1.5624E-001
-2.0341E-001
 3.7796E-001
 1.2622E-001
-1.6153E-001
 2.9432E-001
 7.5543E-002
-1.7528E-001
 3.0530E-001
 4.9382E-002
-1.9757E-001
 2.9170E-001
 4.6925E-002
-1.8957E-001
 2.8166E-001
 1.3452E-001
-2.1400E-001
 3.1715E-001
 6.4925E-003
-2.6998E-001
 1.4339E-001
 3.0374E-001
 2.4045E-002
 2.6111E-001
 1.0733E-001
-1.9848E-001
 2.8051E-001
 1.8447E-001
-7.9506E-002
 2.8015E-001
 1.4821E-001
-1.4984E-001
 1.9616E-001
 1.0457E-001
-1.9655E-001
 3.8624E-001
 8.2018E-002
 1.3426E-001
 1.8921E+000
 1.4503E+000
 1.5289E+000
 3.3280E-001
 1.7577E-001
-1.6330E-001
 1.5435E-001
 1.3599E-001
-1.1735E-001
 6.5831E-002
 1.3454E-001
-2.4344E-001
 5.8987E-002
 1.8824E-001
-4.0049E-001
 1.0119E-001
-2.5953E-001
 6.6756E-002
-2.7819E-001
 6.2649E-001
-3.4578E-001
 1.0298E-001
 1.8481E-001
-1.1162E-001
 7.1138E-002
 1.9187E-001
-1.0119E-001
 6.7320E-002
 7.8450E-002
-4.6781E-002
 4.1751E-002
 9.4252E-002
-1.5149E-001
-7.4043E-002
 1.4356E-001
-2.2617E-001
 2.6627E-001
 9.7863E-001
-9.4322E-001
-4.2759E-003
 4.2392E-002
-3.4779E-003
 5.6405E-002
 9.0834E-002
-4.5023E-002
 5.1688E-002
 6.5944E-002
 3.2594E-002
 1.2789E-001
 2.1250E-001
 6.5494E-002
 7.7080E-002
 1.4508E-001
-1.2945E-001
-1.2197E-001
 2.0790E-001
-3.8197E-001
-6.7028E-002
-3.0762E-002
-1.3121E-002
-1.4595E-002
 5.5545E-003
-1.4009E-001
-6.8175E-002
 9.9734E-002
-1.5075E-001
-5.2163E-002
 1.0553E-001
-7.9674E-002
 3.2354E-002
-1.6967E-002
-2.2609E-001
-2.2261E-001
-5.5143E-002
-2.4339E-001
-5.1815E-002
 9.7276E-002
-2.0463E-001
-1.0224E-001
 1.4340E-001
-1.0889E-001
-1.6817E-001
 1.4467E-001
-1.4210E-001
-1.8556E-001
 2.2932E-001
-7.2294E-002
-2.9361E-001
 2.6812E-002
 1.1521E-001
-5.7328E-001
 5.0494E-001
 1.9955E-001
-1.7291E-001
 4.4573E-002
-1.8026E-001
-9.1756E-002
 1.1286E-001
-1.3939E-001
-8.1024E-002
 9.9609E-002
-1.3112E-001
-5.1261E-002
 1.4632E-001
-4.8859E-002
 3.0764E-002
 3.7214E-001
-1.2961E-001
-5.5777E-002
 2.9955E-002
-1.4164E-001
-2.4758E-001
 1.3783E-001
-1.3709E-001
-2.3243E-001
 1.4664E-001
-1.6469E-001
-2.2063E-001
 2.3660E-001
-1.2490E-001
-1.5565E-001
 3.8338E-001
 3.8113E-002
-1.8307E-001
 1.1266E-001
-9.7186E-002
-3.0222E-001
 2.5989E-001
-1.3867E-001
-3.5526E-001
 2.1217E-001
-8.8271E-002
-3.5852E-001
 1.7896E-001
-1.3568E-001
-4.2031E-001
-4.3814E-002
-1.1878E-001
-6.1197E-001
 1.2318E-001
-2.4964E-001
 7.5535E-001
 3.8552E-001
 3.3759E-001
-3.5133E-002
 1.9463E-001
-1.2674E-001
 3.6105E-002
 1.2051E-001
-1.3130E-001
 2.7645E-002
 2.7643E-003
-1.2021E-001
 2.6832E-002
-1.2673E-001
-6.6941E-002
 1.7699E-001
 1.6250E-001
-1.6823E-001
 2.3486E-001
 7.1121E-002
-2.4064E-001
-1.3031E-001
 3.4001E-002
-5.8845E-002
-3.3858E-001
-1.5594E-001
-1.0534E-001
-2.5582E-001
-6.9552E-002
-7.3699E-003
-2.9338E-001
-1.5051E-001
-9.0512E-002
-3.4694E-001
-5.1686E-001
 1.4596E-001
 1.4145E+000
-1.9944E+000
-3.9214E-001
-2.1185E-001
-5.5119E-002
-1.9378E-002
-3.6646E-001
-1.4513E-001
 2.7928E-002
-4.0238E-001
-1.5511E-001
 5.2946E-002
-3.4997E-001
-1.8791E-001
 1.6967E-001
-6.3104E-001
-3.4949E-002
-1.1252E-001
 1.0871E+000
-1.1219E-001
 1.8169E+000
-2.0624E-001
-1.0168E-001
 5.6431E-002
-2.5961E-001
-2.1495E-001
 1.4615E-001
-2.1459E-001
-3.4251E-001
 7.3429E-002
-2.2601E-001
-5.6789E-001
 8.5273E-002
-4.3727E-001
-1.4730E-001
 4.7998E-002
-4.3939E-001
-2.2626E-001
-9.1392E-003
-1.6055E-001
-2.7239E-001
 1.4738E-001
-3.9760E-002
-4.0688E-001
 1.7605E-001
-1.0080E-001
-3.9806E-001
 1.6382E-001
-1.4587E-001
-3.8696E-001
 4.6209E-002
 1.2104E-002
-3.4268E-001
 1.5411E-001
-8.0115E-001
-1.9172E-001
 3.0102E+000
-6.7824E-002
-3.7475E-001
 1.5079E-001
-2.7278E-001
-4.7497E-001
 1.3873E-001
-4.4859E-001
-8.1868E-001
 2.1961E-001
-4.4621E-001
-1.4087E+000
 6.8694E-001
-5.8038E-001
-3.0765E-001
 8.6044E-003
-6.2307E-001
-7.9022E-001
 1.7384E-001
-8.7168E-001
-1.1296E+000
 3.6674E-001
-6.6448E-001
-1.2496E+000
 4.0334E-001
-9.3096E-001
-1.4912E+000
 5.3996E-001
-1.5028E+000
-9.9722E-001
 5.8328E-002
-4.1059E+000
 2.3649E-001
 3.2947E+000
-1.7713E-002
-1.1658E+000
 2.6393E-001
 8.6281E-002
-1.2114E+000
 1.7599E-001
 4.5537E-002
-6.9033E-001
-7.4262E-002
 6.6396E-002
-5.3670E-001
-2.4617E-001
-5.7205E-002
-4.6263E-001
 1.6908E-002
-4.8059E-002
 5.9779E-002
-1.3274E-001
 3.8857E-002
 1.6868E-001
-1.8973E-001
 3.7461E-001
 6.8806E-001
-2.0304E-001
-4.6039E-001
 3.7280E-001
 2.3744E-001
-1.6800E-002
 1.9501E+000
 6.9760E-001
-1.1053E-001
-2.1762E-001
-1.0819E-001
-8.7971E-002
-6.1172E-002
-5.0642E-002
-1.6129E-001
 9.0248E-002
-1.8926E-002
-1.1109E-001
 1.0962E-001
-5.0287E-002
-9.1803E-002
-1.0466E-001
-1.7784E-001
 1.7195E-001
 1.3064E-001
-3.6764E-001
-1.1524E-001
 1.7336E-001
-5.3001E-002
-1.3951E-001
 2.7572E-001
-6.8186E-002
-7.8638E-002
 3.1230E-001
-6.2605E-002
-2.7470E-001
 3.0359E-001
-1.4895E-001
-1.4855E-001
 4.0904E-001
-1.3790E-001
 7.7838E-002
 3.4425E-001
 1.4274E-002
 5.1132E-002
 3.4756E-001
-3.8084E-002
 4.4873E-002
 3.1080E-001
 8.8603E-002
-1.4744E-002
 4.0951E-001
 1.0679E-001
-8.2327E-004
 2.3841E-001
-3.5641E-001
-2.5257E-001
 2.7243E+000
 5.1139E-001
 3.8482E-002
 2.9371E-001
 1.4429E-001
-1.9954E-002
 3.1238E-001
 8.2207E-002
 3.4544E-002
 2.9093E-001
 7.4741E-002
 1.8896E-002
 2.3021E-001
 7.3802E-002
-7.9739E-003
 2.7726E-001
 2.5525E-002
-3.7249E-001
 7.0428E-001
-1.2584E-001
 7.7442E-002
 3.2209E-001
 1.9126E-001
 1.1964E-001
 2.5584E-001
 3.4154E-001
 7.1799E-002
 2.2638E-001
 4.0606E-001
-1.0118E-001
 2.8981E-001
 3.0780E-001
 1.7155E-001
 1.4863E-001
 4.9728E-001
-1.2576E-001
 1.0738E-001
 7.6563E-001
 1.9153E-001
 2.1810E-001
 4.3168E-001
 2.1222E-001
 2.2497E-001
 4.5144E-001
 2.5723E-001
 3.6756E-001
 4.6634E-001
 2.4715E-001
 5.3639E-001
 6.4173E-001
 2.0574E-001
 2.1099E-001
 4.5404E-001
 2.9197E-001
 2.3950E-001
 5.2882E-001
 1.4864E-001
 4.1102E-001
 4.4931E-001
 1.7283E-001
 5.5203E-001
 5.1770E-001
 2.5815E-001
 5.6616E-001
 5.3177E-001
 2.9946E-001
 7.0207E-001
 5.1431E-001
 7.0810E-002
 5.4287E-001
 4.3880E-001
-2.1215E-001
 7.3505E-001
 1.7863E-001
 3.0749E-001
 4.4086E-001
 5.9090E-001
 3.1297E-001
 3.9619E-001
 5.9624E-001
 3.5442E-001
 2.5993E-001
 7.2518E-001
 3.7752E-001
 3.0976E-001
 9.3104E-001
 3.3126E-001
 4.8974E-001
 4.8056E-001
 9.4963E-002
-3.9798E-001
 1.9310E-001
 3.7129E-001
 2.0937E-001
 6.0205E-001
 3.2020E-001
-1.4080E-002
 6.7835E-001
 2.4663E-001
 7.5762E-002
 5.9280E-001
 3.0648E-001
 7.8479E-002
 5.4442E-001
 4.2748E-001
-2.7592E-001
 5.9976E-001
-2.7414E-001
-1.8708E-001
 1.0892E+000
 3.0699E-001
 1.5945E-001
 5.2161E-001
 3.3418E-001
 2.5751E-001
 2.6141E-001
 2.1666E-001
 1.4554E-001
-9.8657E-003
 3.0102E-001
 1.5074E-001
-1.6631E-001
 3.7977E-001
 3.3224E-001
 1.2318E-001
 2.7682E-001
 2.5649E-001
 3.5346E-001
 1.7511E-001
 1.0328E-002
 6.7948E-002
 7.8182E-002
-2.1772E-002
-1.9471E-002
 9.6297E-002
-3.6309E-002
-3.0163E-003
 5.7590E-002
-2.1769E-002
 1.3841E-002
 2.9230E-002
-1.7803E-001
 1.1524E-002
 8.3691E-001
-4.7664E+000
 1.0745E+000
 6.8998E-002
-4.6451E-002
-6.6203E-002
 6.7297E-002
-1.8297E-001
 1.2423E-001
 8.0622E-002
-3.0871E-001
 1.5934E-001
 1.6090E-001
-3.1738E-001
 2.6658E-001
 1.1088E-001
-1.8521E-001
 3.4040E-001
-2.6445E-001
 1.4551E-001
 4.7534E-001
 8.2507E-002
-2.2372E-001
 2.3298E-001
 7.0638E-003
-4.4434E-002
 1.9432E-001
-5.9407E-002
 1.5499E-002
 2.0000E-001
-5.4421E-002
 1.3352E-001
 8.6951E-002
 1.5874E-001
 2.2222E-002
 2.4915E-001
 3.2452E-001
-1.3447E-001
 2.8964E-001
-2.3648E-002
 8.3870E-002
 2.0245E-001
-2.7243E-003
 1.5328E-001
 2.0586E-001
 3.2777E-003
 1.9461E-001
 2.3922E-001
 8.7160E-003
 2.3225E-001
 2.0907E-001
 1.2318E-001
 2.0714E-001
 2.8441E-001
 2.9795E-001
 6.7740E-001
 2.4151E-002
-4.0246E-002
 1.5672E-001
 1.2199E-001
-9.5903E-002
 1.5876E-001
 6.4533E-002
-1.1623E-001
 1.9063E-001
 6.1973E-002
-5.9418E-002
 1.2607E-001
-8.4903E-002
-1.8167E-001
 8.3010E-002
 1.0982E-001
 3.3191E-002
 6.6572E-002
-3.5277E-002
-1.5099E-001
 2.2740E-001
 3.2327E-002
-2.3479E-001
 1.8818E-001
 6.1825E-002
-2.9722E-001
 1.5647E-001
 1.1388E-001
-2.1107E-001
 2.2848E-001
-4.4934E-002
-2.5713E-001
 2.8553E-001
-2.6819E-003
-1.4801E-001
 3.6276E-001
-1.8242E-002
-3.4059E-001
 1.7237E-001
 2.6454E-001
-4.5952E-001
 7.4934E-002
 3.0894E-001
-4.3356E-001
 1.6307E-002
 4.0088E-001
-5.6327E-001
-1.7174E-002
 5.1626E-001
-4.9524E-001
 1.5150E-001
 2.5967E-001
-5.2939E-001
 1.3223E-001
 1.1601E-001
-1.7240E-001
-2.0660E-002
 3.9147E-001
-1.6795E-001
-9.1352E-002
 3.8727E-001
-2.6564E-002
-1.1043E-001
 2.9643E-001
-2.7563E-002
-1.9159E-001
 3.8351E-001
-4.5159E-002
-1.7787E-001
 3.7435E-001
 2.7461E-003
-8.8851E-002
 9.9358E-002
-7.1524E-002
-5.3518E-002
 6.9883E-002
-7.2702E-003
-5.9326E-002
 3.4047E-002
 5.7504E-004
-1.4563E-001
-6.1245E-002
 3.4926E-002
-6.3554E-002
 9.4744E-002
-2.3353E-002
 1.8639E-003
 7.2006E-002
 2.1215E-002
-2.1135E-002
 6.0343E-003
 2.7739E-002
 9.4517E-003
 8.6825E-002
-3.7040E-002
-3.1021E-002
 1.2524E-001
 1.2130E-001
-4.7294E-002
 2.7885E-002
 2.1110E-001
 5.5289E-002
-9.1152E-002
 2.4568E-001
 9.4810E-002
 8.0784E-002
 2.2451E-001
 6.5737E-002
 1.6932E-001
 3.6262E-001
 7.8134E-002
-5.6656E-002
 2.9361E-001
 5.8775E-002
-2.3281E-001
 4.0436E-001
 1.4148E-001
-3.1810E-001
 3.8392E-001
 2.3584E-001
-5.6141E-001
 3.1734E-001
 3.3765E-001
-6.1639E-001
 1.8176E-001
 4.3976E-001
-4.5676E-001
 2.3658E-001
 3.7607E-001
-7.4832E-001
 1.4004E-001
 2.9635E-001
-7.3329E-001
 7.4207E-002
 2.7930E-001
-6.3624E-001
 1.8454E-001
 3.7493E-001
-5.9832E-001
 1.6453E-001
 2.3296E-001
-6.4123E-001
-8.9500E-002
-7.9848E-002
-5.0255E-001
-6.4863E-002
 1.2533E-001
-5.4654E-001
-2.3316E-001
 1.2512E-001
-2.8885E-001
-2.5386E-001
 6.5256E-002
-4.2796E-001
-3.0402E-001
 4.7142E-002
-4.1270E-001
-3.2426E-001
-6.2099E-003
-1.6321E-001
-2.5373E-001
 2.5067E-001
-4.3097E-001
-2.9918E-001
 2.1303E-001
-5.3069E-001
-2.6158E-001
 4.1382E-002
-7.9804E-001
-1.5531E-001
-1.3428E-001
-1.0542E+000
-4.1843E-001
 1.0849E-001
-3.6878E-001
-2.2785E-001
 1.0939E-001
 1.7260E-002
-1.5488E-001
 4.2986E-002
-9.3437E-001
-3.3147E-001
-1.6982E-002
-1.5310E+000
-5.6625E-001
-9.6990E-003
-1.5778E+000
-4.6901E-001
 5.0845E-002
-1.6650E+000
-5.6303E-002
 2.7233E-001
-1.8482E+000
 1.7198E+000
-9.2543E-002
-3.4128E+000
-6.9969E-001
-1.8460E-001
-1.8157E+000
-1.1168E+000
-3.9450E-001
-1.9906E+000
-1.3976E+000
 1.4853E-001
-2.7398E+000
-1.5501E+000
 2.3003E-001
-2.8285E+000
-1.8137E+000
-1.0385E+000
-1.8594E+000
-2.9013E+000
-7.0436E-001
-2.1169E+000
-1.5100E+000
 5.4801E-001
-3.4302E+000
-1.7012E+000
 1.0277E+000
-4.2823E+000
-2.1045E+000
 1.1602E+000
-4.5383E+000
-7.6955E-001
 2.5472E+000
-4.3969E+000
-7.8450E-001
 1.6981E+000
-4.5541E+000
-1.4002E+000
-1.1028E+000
-4.1621E+000
-3.6820E+000
-1.5002E-001
-4.8724E+000
-4.2351E+000
-2.8855E-001
-5.0971E+000
-4.5828E+000
-1.4831E-001
-4.9258E+000
-4.4493E+000
 1.3818E-001
-5.5108E+000
-4.3618E+000
-7.4727E-001
-5.5453E+000
-5.1975E+000
-5.7462E-001
-4.3936E+000
-5.0503E+000
-6.5269E-001
-4.1463E+000
-5.3178E+000
-8.4767E-001
-3.8367E+000
-4.4621E+000
-1.0805E+000
-3.2575E+000
-4.5030E+000
-1.4565E+000
-2.9029E+000
-3.7196E+000
-8.0318E-001
-3.3704E+000
-2.5894E+000
-8.5000E-001
-2.5084E+000
-1.9402E+000
-6.8903E-001
-2.3928E+000
-1.8523E+000
-4.5253E-001
-2.6207E+000
-1.8718E+000
-5.2226E-001
-2.1204E+000
-2.3167E+000
-1.2720E+000
-2.4223E+000
-1.3656E+000
-8.6010E-001
-1.6683E+000
-8.9757E-001
-5.0966E-001
-1.4759E+000
-7.2839E-001
-2.7543E-001
-1.3192E+000
-6.6053E-001
-3.3083E-001
-1.1668E+000
-9.1293E-001
-3.0447E-001
-9.1529E-001
-1.2810E+000
-7.9188E-001
-1.4035E+000
-5.6497E-001
-1.1256E-001
-1.4359E+000
-3.2354E-001
 1.2840E-002
-1.3769E+000
-9.2872E-002
 1.3285E-001
-1.0203E+000
 2.1995E-001
 2.0887E-001
-8.8380E-001
-1.8702E-001
 1.9607E-001
-1.6838E+000
 4.5604E-002
 3.4430E-001
-1.7231E+000
-1.3803E-001
 1.1168E-001
-8.3170E-001
-9.1819E-002
 2.9214E-001
-5.3941E-001
 5.4309E-002
 3.2054E-001
-5.4414E-001
 2.2012E-001
 1.6207E-001
-4.6165E-001
-3.1091E-001
 1.9913E-001
-2.0969E-001
-3.1839E-001
 1.6020E-001
-2.4595E-001
 5.2468E-002
 4.1497E-001
-6.5473E-001
 2.0115E-001
 4.9592E-001
-6.5727E-001
 3.5430E-001
 5.8382E-001
-7.7842E-001
 6.8394E-001
 7.2519E-001
-8.0757E-001
 1.6315E-001
 3.8972E-001
-7.5837E-001
 8.4335E-002
 4.0609E-001
-7.2737E-001
-6.4248E-003
 4.5485E-001
-9.3132E-001
 3.5887E-002
 5.7062E-001
-1.1763E+000
-5.2228E-002
 3.4609E-001
-9.5383E-001
-1.3436E-001
 1.8348E-001
-1.0739E+000
-2.8767E-001
 5.3528E-001
-1.7256E+000
-1.5628E-001
 5.8966E-001
-2.0096E+000
 1.2515E-001
 2.3221E-001
-9.1513E-001
 4.8421E-002
 2.3357E-002
-5.9889E-001
 1.5724E-001
 2.6083E-002
-5.8489E-001
 2.4907E-001
 5.2854E-002
-6.4422E-001
 2.7013E-001
 1.9509E-002
-2.4776E-001
 2.2876E-001
-1.1551E-002
-1.1667E-001
 1.7877E-001
 2.9326E-002
-5.8145E-001
-4.6702E-002
 1.3079E-002
-6.3451E-001
-1.7055E-002
-3.9405E-002
-4.0104E-001
-9.1374E-002
-1.9236E-002
-4.6128E-001
-1.5100E-001
 9.1184E-002
-2.7951E-001
-3.0859E-002
 1.3881E-001
-1.1663E-001
 2.6445E-002
 8.0847E-002
-6.9507E-002
 6.0004E-002
-6.0549E-002
 6.6724E-002
 6.1593E-003
 4.0165E-002
-2.9526E-003
 1.4891E-001
 1.5160E-001
-5.9911E-002
 1.4506E-001
 3.2979E-002
-2.1394E-001
 2.5490E-001
-1.0322E-001
-2.0003E-001
 1.4183E-001
-1.2243E-002
-1.7444E-001
-5.7191E-002
 1.1905E-001
-1.2872E-001
 5.0103E-001
 1.2702E-002
-1.4351E-001
 2.5194E+000
-1.1773E-001
-2.5821E+000
 1.3330E-001
-1.4256E-002
-2.0350E-001
-2.0329E-002
 9.8490E-002
-1.6126E-001
-1.3710E-001
-7.1686E-002
-1.0804E-001
-1.0347E-001
-1.5471E-001
-1.5935E-001
-1.4077E-001
 4.4234E-001
-6.4939E-002
-5.3401E-001
 3.7522E-001
 1.5765E-001
-1.9734E-001
-1.0612E-001
 1.8469E-002
-2.2156E-001
-1.6944E-001
 9.1742E-002
-1.9230E-001
-1.0623E-001
 1.0886E-001
-2.5375E-001
-1.4273E-001
-7.6658E-002
-2.5356E-001
-2.1537E-001
 1.2881E-001
 7.5373E-002
-1.6778E-001
 1.3826E-001
 3.4305E-001
-1.9434E-001
-8.7388E-002
 2.1528E-001
-5.5547E-002
 3.3584E-003
 3.6835E-001
 9.8997E-002
 2.9163E-001
 1.2318E-002
-2.5706E-002
-1.2554E-001
-9.9533E-002
 1.3012E-001
-8.3701E-002
-6.0092E-002
 1.7350E-001
-7.4693E-002
-3.7221E-003
 1.5944E-001
 6.8467E-002
-2.7052E-001
 1.0612E-001
-1.3873E-001
-1.6968E-004
 1.6102E-001
-9.9872E-002
 1.3681E-001
 1.5209E-001
-5.6575E-002
 1.7119E-001
 1.1768E-001
-3.1145E-002
 2.4907E-001
 1.0769E-001
-1.8498E-002
 3.5827E-001
 1.8562E-001
-2.3766E-001
-1.3905E+000
 1.0250E+000
 1.8942E+000
 2.4819E-001
 1.1000E-001
-3.8175E-002
 2.4657E-001
 1.1760E-001
-6.5245E-002
 2.2151E-001
 9.1827E-002
-7.7726E-003
 1.9184E-001
-1.0670E-002
 2.9773E-002
 2.4097E-001
 1.6614E-001
-7.0067E-002
 1.4260E-001
 1.5972E-001
 1.2116E-002
 4.6071E-002
 1.7592E-001
 1.1251E-001
 3.3071E-002
 1.9307E-001
 1.0261E-001
 1.2623E-002
 1.2445E-001
 1.9130E-002
-9.5308E-003
 2.1134E-001
 1.0670E-001
 9.7545E-002
 1.1008E-001
 9.1939E-002
 1.0747E-001
 9.1770E-002
 8.8701E-002
 1.4680E-001
 9.6973E-002
 5.9417E-002
 1.7723E-001
 1.6395E-001
 3.1210E-001
 3.9370E-001
-3.2492E-002
 5.6374E-001
 1.3572E-001
 1.0266E-001
 3.9397E-002
 1.6983E-001
 1.3175E-001
 3.8335E-002
 2.0577E-001
 1.5200E-001
-2.0795E-002
 1.6972E-001
 1.4768E-001
-5.9868E-003
 2.2295E-001
-9.3529E-003
-1.5325E-002
 3.0853E-001
-6.8211E-002
-2.4806E-002
 2.4768E-001
 1.6695E-001
-5.7220E-002
 1.4273E-001
 1.4995E-001
-8.6611E-003
 9.1210E-002
 1.9381E-001
 7.3002E-002
 3.4217E-002
 6.0366E-002
 1.1491E-001
 1.3400E-001
 8.0392E-002
-8.3942E-002
 1.5092E-001
 3.1346E-002
-4.4276E-001
 1.8090E-001
 1.0797E-001
 6.7300E-002
 1.6034E-001
 8.2141E-002
 7.3485E-002
 1.6223E-001
 6.2510E-002
 1.7691E-002
 1.5638E-001
 9.6346E-002
 1.0009E-001
 1.0427E-001
 1.1355E-001
 8.3799E-002
 1.4659E-001
 1.6901E-001
 4.5796E-002
 2.4026E-001
 1.1611E-001
 8.9212E-002
 2.2378E-001
 1.4693E-001
 1.1150E-001
 1.6443E-001
 1.4588E-001
 6.2620E-002
 1.0140E-001
 3.5178E-002
-1.5048E-001
 2.0236E-001
 2.7306E-001
 2.7559E-001
 2.4071E-001
 2.7491E-001
 3.2337E-001
 1.3547E-001
 9.5470E-002
 1.4845E-001
 8.5416E-002
 1.6359E-001
 9.3035E-002
 8.9073E-002
 1.3049E-001
 2.7613E-002
 1.0526E-001
 2.5303E-001
-9.5112E-003
 1.0289E-001
 2.5333E-001
 8.0439E-003
 3.2762E-001
-3.8739E-002
-3.2033E-001
 1.1003E-001
-6.1044E-003
 9.4264E-003
 9.6771E-002
-5.1747E-002
 1.6815E-002
 1.0028E-001
-5.1120E-002
-6.1487E-003
 1.0382E-001
-3.5418E-002
 1.7676E-002
 1.3077E-001
-5.3496E-002
 4.1889E-003
 5.0303E-001
-1.8784E-001
 1.2539E-001
 7.2560E-002
-8.5480E-002
-4.9027E-002
 4.8813E-002
-6.9446E-002
-1.1697E-001
-1.2690E-001
-1.4986E-001
-1.6406E-001
-1.7000E-001
-3.9790E-001
-3.3956E-001
 3.1160E-002
-8.7898E-002
-7.2688E-002
 8.4395E-003
-1.2167E-001
-6.6797E-002
-1.6849E-001
 3.0419E-002
-3.7059E-002
-4.0149E-001
-5.3498E-002
-5.4706E-002
-4.9805E-002
 1.3435E-001
 2.3029E-002
-3.7986E-002
 3.2544E-001
 6.8655E-002
-5.0502E-001
-8.7353E-001
 2.9668E-002
 5.3487E-003
-6.8075E-001
-2.5183E-001
 2.6133E-002
 7.6535E-002
-8.5480E-002
 1.4552E-001
 1.2218E-001
-8.3226E-002
 9.0662E-002
 9.3439E-002
-7.3578E-002
 4.4547E-002
 7.1965E-002
 4.9315E-002
 1.4239E-001
 9.3215E-002
-3.1153E-001
 4.1326E-001
 1.3969E-001
-6.2928E-001
 1.3535E-001
 6.0917E-002
-7.5137E-002
 1.6732E-001
-7.7727E-002
-5.9134E-002
 6.6035E-002
-3.9261E-002
-5.4268E-002
-2.1342E-002
-3.6907E-001
-6.6275E-002
 6.9305E-002
-1.7724E-001
-1.9504E-001
-5.7678E-001
 1.0258E+000
 2.2292E+000
 3.0315E-002
 1.7613E-001
 9.2401E-002
 1.1246E-001
 1.9089E-001
 1.1115E-001
 1.8836E-001
 1.8416E-001
 7.3168E-002
 3.6315E-001
 1.9997E-001
 1.9011E-002
 1.1599E-001
 1.5286E-001
 2.1734E-001
 2.9031E-001
 2.7167E-001
 1.6499E-001
 4.2452E-002
 1.8947E-001
 1.3780E-001
 5.4426E-002
 1.3551E-001
 1.2575E-001
 1.0151E-002
 1.3218E-001
 2.4637E-001
 6.5380E-002
 7.9234E-002
 1.8015E-001
-8.0255E-002
 9.0130E-002
-1.3977E-001
 7.6775E-001
 1.5540E+000
 9.3074E-001
-2.0127E-001
 2.0787E-001
 3.5733E-001
-4.0458E-001
 2.5741E-001
 1.7562E-001
-3.0911E-001
 2.3206E-001
 2.8077E-001
-9.4207E-002
 2.1694E-001
 2.7672E-001
-3.2808E-001
 4.6305E-001
-2.8214E-001
-6.1946E-001
 3.9401E-001
-5.3291E-001
-4.5042E-001
 1.9560E-001
 3.6539E-001
-2.6682E-001
 3.3617E-001
 1.9326E-001
-2.0582E-001
 2.8016E-001
 1.9873E-001
-2.1329E-001
 3.4935E-001
 1.8074E-001
 5.9993E-002
 3.3106E-001
 1.0940E-001
-1.9022E-001
 1.9698E-001
 1.0544E-001
-8.8025E-002
 1.3848E-001
 1.1737E-001
-2.8003E-001
 1.6700E-001
 1.5305E-001
-5.0482E-001
 2.3176E-001
 2.8580E-001
-3.0404E-002
 4.1932E-002
 4.8728E-002
 3.0043E-002
 1.5828E-003
 5.4200E-001
 4.7278E-002
 2.1870E-002
 1.2603E-001
 3.7029E-002
 2.0755E-001
 2.1216E-001
 1.1873E-001
 2.6964E-001
 2.1548E-001
 1.3057E-001
 4.4244E-001
 1.0495E-001
 7.8900E-002
 1.7391E-001
 3.0036E-001
 1.1497E-001
 3.1748E-001
 2.1797E-001
 2.5389E-001
 1.5025E-001
 1.9138E-001
 2.9119E-001
 1.2196E-001
 2.0493E-001
 3.1902E-001
 9.9568E-002
 2.1058E-001
 4.4313E-001
 1.1578E-001
 2.8321E-001
 1.2297E-001
 1.8718E-001
 1.1271E-001
 1.3647E-001
 5.2854E-001
 1.6300E-001
 3.1718E-001
 7.1485E-002
 2.1439E-001
 3.6210E-001
 1.0365E-001
 2.3615E-001
 3.3197E-001
 2.4174E-002
 2.3218E-001
 3.9858E-001
 1.3985E-002
 1.7120E-001
 3.8057E-001
 7.6303E-003
 3.2980E-001
-2.5583E-001
-3.9434E-001
 1.4510E-002
 3.3772E-001
-1.7025E-002
 2.0597E-001
 3.5448E-001
-1.3796E-001
 1.3047E-001
 2.1573E-001
-5.6860E-002
 3.8336E-002
 5.3712E-002
-2.3201E-001
-5.5729E-002
 4.4261E-001
-1.7187E-001
 7.6074E-002
-9.7289E-001
 5.2673E-001
 1.2139E+000
 3.0425E-001
 4.5496E-002
 4.3141E-002
 2.5988E-001
 4.2713E-002
 7.0563E-003
 2.3975E-001
 6.9931E-002
 7.6483E-002
 1.2192E-001
-2.5880E-002
 9.5241E-002
 8.1065E-002
 1.1013E-002
 2.5039E-003
 4.3941E-001
-1.4681E-001
 5.6593E-001
 1.4250E-001
 2.5538E-001
 2.6498E-001
 5.7067E-002
 2.6099E-001
 3.6710E-001
 1.1219E-001
 2.8628E-001
 3.2243E-001
 3.0729E-001
 3.0048E-001
 2.7103E-001
 6.7689E-002
 3.2416E-001
 4.9148E-001
 6.9863E-002
 2.5870E-001
 3.7312E-001
 2.1906E-001
 1.8167E-001
 3.2882E-001
 1.5842E-001
 1.4566E-001
 1.4101E-001
 1.8731E-002
-5.9338E-003
-1.1380E-001
 3.7528E-001
 9.3969E-002
 4.0240E-001
 1.0732E+000
 1.8428E+000
 1.1034E+000
 1.9141E-001
 1.0881E-001
 1.3797E-001
 1.3656E-001
-2.8528E-002
-3.0360E-002
 4.4146E-002
 8.3662E-003
-3.9410E-002
 8.7238E-004
-9.7903E-002
-1.2174E-001
 2.1815E-001
-1.0445E-001
-1.3426E-001
 3.4347E-003
 1.2004E-001
-4.3692E-002
-4.2734E-002
 1.0647E-001
-3.2550E-002
 4.8191E-002
 1.4182E-001
 5.6765E-002
 7.6327E-002
 1.7516E-001
 1.0618E-001
-1.1348E-001
-1.5348E-002
-4.5806E-002
 5.0977E-002
 1.4221E-001
 1.1531E-001
 1.6151E-001
-1.4022E-002
-7.9004E-002
 4.8569E-002
-3.6388E-002
-3.2889E-002
 1.2974E-002
-3.5608E-002
-4.9422E-002
 2.5194E-002
-1.7620E-001
-3.0301E-001
 2.6377E-002
-3.9832E-001
-7.8220E-001
-1.7529E-003
-6.5050E-002
 6.5094E-002
-1.0889E-001
-3.0592E-002
 1.5471E-001
-1.0259E-001
-7.6755E-002
 5.0084E-002
-2.5191E-001
-2.1335E-001
 3.0809E-003
-1.9074E-001
-7.4941E-002
 2.0621E-001
-3.3839E-001
-3.3203E-001
 1.3268E-001
-5.6569E-002
 4.5476E-003
 5.8294E-002
 7.1631E-003
-4.5222E-002
 1.4476E-001
 1.1524E-001
 1.2071E-002
 7.0070E-002
 2.4563E-001
 5.1839E-002
 1.6847E-001
 1.3187E-001
-5.6429E-002
 1.8602E-001
-5.0421E-001
-6.4337E-001
-5.4882E-001
 1.3022E-001
 7.0431E-002
-1.7676E-001
 2.2755E-001
 1.1976E-001
-2.5637E-001
 3.6771E-002
 2.1501E-001
-2.0302E-001
-6.6336E-002
 1.4862E-001
-2.0980E-001
-2.9514E-002
 2.1210E-001
-1.4018E-001
-1.6883E-001
-3.8297E-003
-2.1461E-001
-1.6085E-001
 9.3836E-002
-2.0361E-001
-1.4850E-001
 1.2706E-001
-2.4211E-001
-8.5290E-003
-1.0596E-001
-3.8804E-001
 3.3563E-003
-2.0180E-001
-2.0155E-001
-1.0706E-001
 2.2117E-001
-1.0109E-001
-9.8566E-002
 2.2808E-001
-1.1370E-001
-3.0804E-002
 1.7961E-001
-1.5755E-001
 8.4102E-002
 1.1532E-001
-2.0623E-001
-9.1819E-002
 2.5880E-001
-6.7957E-002
-1.2645E-001
 1.9928E-001
-2.0985E-001
-5.4435E-002
 1.6262E-001
-1.7131E-001
 6.7974E-002
 1.1569E-001
-1.0277E-001
 3.7271E-002
 1.8610E-001
-1.5382E-001
 8.2960E-002
 8.5385E-002
-2.1130E-001
 1.7338E-001
-1.0002E-002
-5.1495E-002
 4.8766E-002
 2.2996E-001
-4.1018E-002
 3.6952E-002
 2.3274E-001
 2.1326E-002
 2.1999E-002
 1.9524E-001
 4.2532E-002
-1.1084E-001
 2.2586E-001
-1.7662E-002
 6.6709E-002
 3.5909E-001
-1.5188E-001
-1.1634E-001
 6.3356E-001
-2.3163E-001
 1.4794E-001
 2.8529E-001
 1.4581E-001
 2.5380E-001
 3.8481E-001
 3.6609E-002
 3.1301E-001
 5.1983E-001
 1.8609E-001
 4.2319E-001
 4.2026E-001
 3.7548E-001
 4.2053E-001
 4.7808E-001
-1.9915E-001
 6.0966E-001
 5.2598E-001
-2.3217E-001
 2.2046E-001
 4.2512E-001
 2.8509E-001
 3.2690E-001
 3.9057E-001
 5.2460E-001
 4.7407E-001
 2.1887E-001
 6.4565E-001
 3.3964E-001
 2.6708E-001
 4.7482E-001
 2.2073E-001
 6.3554E-001
 7.2446E-001
-6.2550E-001
 8.5984E-001
 7.8041E-001
 5.4513E-001
 4.5293E-001
 6.9111E-001
 3.1846E-001
 3.7449E-001
 8.3344E-001
 3.2074E-001
 4.0590E-001
 8.9579E-001
 4.4838E-001
 2.8548E-001
 8.4252E-001
 2.9986E-001
 5.0647E-001
 9.8154E-001
 1.6347E-001
 6.1244E-001
 1.0446E+000
 1.0163E-001
 3.6652E-001
 1.0048E+000
 1.3265E-001
 4.7464E-001
 1.0050E+000
 3.8716E-002
 2.7407E-001
 1.0043E+000
 9.7573E-002
 3.4138E-001
 9.9046E-001
 7.8286E-002
-1.8502E-002
 9.9569E-001
-2.0940E-001
 1.7452E-002
 1.2097E+000
 1.3664E-001
-4.9632E-001
 1.4737E+000
 1.1132E-001
-7.1124E-001
 1.2787E+000
-4.1992E-001
 2.9079E-001
 1.1273E+000
-1.5368E-001
 3.6086E-001
 8.3562E-001
 3.9603E-001
-4.2388E-001
 1.8493E+000
 3.4878E-001
-5.3702E-001
 2.1377E+000
 2.2149E-001
-3.5096E-001
 1.6083E+000
 1.3139E-001
-6.8774E-001
 2.3137E+000
 1.9912E-001
-2.0613E-001
 2.9817E+000
 4.5580E-001
-2.1466E+000
 3.2539E-001
 2.4542E-001
 1.7721E-002
 1.4162E+000
 9.3009E-002
-8.2966E-002
 1.1171E+000
 6.2050E-002
-1.0021E-001
 1.0611E+000
 3.1449E-002
-2.2864E-001
 9.6625E-001
-5.2855E-001
-2.8280E-001
 1.2559E+000
 5.3677E-002
-5.1642E-002
 1.1675E+000
-3.0350E-002
-2.9903E-001
 6.8244E-001
 9.0202E-002
-6.6695E-001
 5.8398E-001
-1.6655E-002
-7.0844E-001
 5.0801E-001
 4.7911E-002
-6.4995E-001
 5.1270E-001
-3.0594E-001
 3.4932E-001
 7.5122E-001
-1.1965E-002
-8.2920E-001
 8.6539E-001
 9.5230E-002
-8.0333E-001
 7.4040E-001
-1.1584E-002
-8.4422E-001
 6.0571E-001
-9.0927E-002
-1.1221E+000
 3.6501E-001
 2.3288E-001
-7.1629E-001
 7.0233E-001
-5.9997E-001
-2.5258E+000
 2.5220E+000
 2.4776E-001
-4.4194E-001
 8.1286E-001
 2.4352E-001
-5.7783E-001
 7.3195E-001
 1.6709E-001
-5.0191E-001
 5.1943E-001
 1.0882E-001
-7.2526E-001
 2.9588E-001
 4.1247E-001
-4.9676E-001
 8.4447E-001
 7.6520E-001
-5.1756E-001
 9.1697E-001
 1.9700E-002
-2.4298E-001
 3.0870E-001
-8.8708E-003
-1.5208E-001
 1.9893E-001
-5.9084E-002
-2.4362E-001
 1.6278E-001
-8.3253E-002
-3.1378E-001
 1.2639E-001
 1.3374E-002
-1.5671E-001
 8.0593E-002
 3.3081E-002
 3.1937E-003
 2.4633E-002
-1.1481E-001
-2.8974E-001
 1.4090E-001
-5.8002E-002
-5.6402E-001
-1.1238E-001
-4.3316E-002
-6.9233E-001
 5.2291E-002
-1.5138E-001
-7.5569E-001
 2.6863E-001
 9.9571E-002
-1.0569E+000
 3.7429E-003
 1.0976E-001
-1.1291E+000
 8.1440E-002
-1.5248E-001
-6.4597E-001
 7.6970E-002
-1.9901E-001
-6.0024E-001
 2.2637E-001
-8.4247E-002
-3.3876E-001
 1.9846E-001
-1.7500E-002
 1.4620E-002
 2.9619E-001
-1.1315E-001
-6.0020E-001
 5.1041E-001
-2.3295E-002
-8.5958E-001
 6.4906E-001
-4.5857E-002
-4.3306E-001
 2.0709E-001
 1.7444E-001
-3.7615E-001
 2.8657E-001
-1.4305E-001
-4.2520E-001
 1.5693E-001
-4.6482E-001
-6.1105E-001
 1.0052E-002
 4.2731E-001
 3.3441E-002
 2.5317E-001
-2.3912E-001
-2.4571E+000
-2.2378E-001
-2.2176E-001
-3.2674E-001
 2.3849E-001
-4.9071E-001
-3.1679E-001
 1.2716E-001
-4.3457E-001
-8.0744E-002
 5.2265E-003
-5.5673E-001
-1.2524E-001
-7.6468E-003
-6.9842E-001
-7.7193E-001
 3.0204E-001
-2.3934E+000
-4.4389E+000
-3.9830E+000
-1.8128E-001
 8.2490E-002
-1.4898E-001
 6.1573E-002
-2.8578E-002
-2.8749E-001
 2.0563E-001
-2.2626E-001
-4.3280E-001
 2.6436E-001
-4.2767E-001
-3.0369E-001
-5.0960E-002
-8.0334E-002
-2.7418E-001
-3.0388E-001
-1.3093E-001
-2.3322E-001
 1.6284E-001
-1.4457E-001
-5.5877E-001
 1.8923E-001
-2.2675E-001
-6.3599E-001
 1.4334E-001
-1.5836E-001
-5.5202E-001
 1.2776E-003
-5.9052E-002
-5.0346E-001
 1.8138E-001
-1.5338E-001
-7.8596E-001
-2.5446E+000
-1.1680E+000
-1.4388E+000
 4.9857E-002
-2.7570E-001
-5.1593E-001
 1.0506E-001
-1.6995E-001
-4.7775E-001
 1.1361E-001
-1.5093E-001
-4.1834E-001
 3.5007E-002
-1.1324E-001
-3.9100E-001
 2.8973E-001
-1.3704E-001
-3.6246E-001
-2.2720E-001
-1.6735E-002
-4.1001E-001
 1.9031E-001
-8.3332E-002
-5.9117E-001
 2.3266E-001
-8.3224E-002
-4.0883E-001
 4.1510E-001
 6.3108E-002
-1.6385E-001
 3.9750E-001
 2.5966E-001
 1.5556E-002
 3.7255E-001
 5.8684E-002
-1.8369E-001
 5.2653E-001
 2.3528E-001
-1.0274E-001
 5.0742E-001
 2.9860E-001
-2.4832E-001
 4.5871E-001
 2.6210E-001
-3.4353E-001
 5.9944E-001
 1.7425E-001
-4.4329E-002
 5.8432E-001
 1.4361E-001
 4.0632E-002
 5.4384E-001
 2.8587E-001
-2.8711E-001
 5.0039E-001
 3.3126E-001
-2.3303E-001
 5.7159E-001
 3.7841E-001
-2.8847E-001
 5.8169E-001
 3.7713E-001
-2.5627E-001
 6.5942E-001
 2.3572E-001
-1.5285E-001
-2.9520E-001
 2.3052E-001
-5.6046E-001
 6.0703E-001
 3.1360E-001
-3.8365E-001
 6.3072E-001
 3.4769E-001
-3.5309E-001
 7.1043E-001
 5.6004E-001
-2.3402E-001
 6.7533E-001
 5.3406E-001
-2.3433E-001
 6.9438E-001
 3.0970E-001
-7.0249E-001
 7.4756E-001
-6.5931E-002
-5.4622E-001
 6.8878E-001
 4.9563E-001
-3.0429E-001
 6.4939E-001
 4.7623E-001
-3.0519E-001
 5.6123E-001
 4.3316E-001
-2.2765E-001
 5.6850E-001
 3.6377E-001
-2.9871E-001
 5.9346E-001
 4.7754E-001
-1.6620E-001
 5.9886E-001
 4.5127E-001
-1.5197E-001
 5.7513E-001
 3.2982E-001
-2.5172E-001
 3.9136E-001
 2.3269E-001
-1.5665E-001
 3.8290E-001
 2.4771E-001
-1.6718E-001
 3.6891E-001
 3.1953E-001
-2.0322E-001
 3.4235E-001
-2.6544E-002
-2.6628E-001
 2.8537E-001
 5.3652E-001
-5.7028E-001
 3.3201E-001
 2.4684E-001
-1.2444E-001
 2.9140E-001
 1.4374E-001
-8.2335E-002
 2.6339E-001
 9.3097E-002
-8.9742E-002
 1.5890E-001
 1.0611E-001
-2.8397E-001
 2.9539E-001
 7.2257E-002
-4.8758E-002
 2.5990E-001
 1.0838E-001
-1.3576E-001
 2.4332E-001
 7.7375E-002
-8.2476E-002
 2.1902E-001
 5.6209E-002
-3.8979E-002
 2.2377E-001
-1.6630E-001
 1.4968E-002
 2.6499E-001
-7.6977E-002
 6.1243E-002
 9.5841E-003
 1.2896E-001
-6.8517E-002
-4.1876E-001
 1.9595E-001
-7.9866E-002
 9.2418E-002
-1.9728E-001
 7.6231E-002
 6.6355E-002
-2.1599E-001
 6.9856E-002
 2.0217E-001
-2.5197E-001
 1.6425E-001
 1.7907E-001
-2.0717E-001
 3.0166E-001
-4.8927E-002
-2.6776E-001
-5.3166E-004
-1.3731E+000
 6.1530E-001
-1.8625E-001
 2.8269E-001
-1.7634E-001
 1.4548E-001
 1.8497E-001
-1.9475E-001
 9.9753E-002
 2.3176E-001
-2.4971E-001
 1.2655E-001
 2.8162E-001
-3.3706E-001
 1.7026E-001
 1.6659E-001
-2.0835E-001
 1.6053E-001
 1.0213E-001
-3.5857E-001
 2.2095E-001
 2.0044E-001
-3.1217E-001
 9.5359E-002
 2.6221E-001
-3.9343E-001
 5.0626E-002
 2.8769E-002
-3.4192E-001
 3.5713E-001
 5.1287E-001
 6.1946E-001
-5.1094E-001
 3.1807E-001
-2.6920E-001
 1.1364E-001
 4.5777E-001
-1.9164E-001
-8.8623E-002
 4.3562E-001
-1.7802E-001
-1.8454E-001
 3.1679E-001
-1.5947E-001
-1.1725E-001
 7.1999E-001
-1.4708E-001
 1.0994E-001
 4.3374E-001
 5.8676E-003
 3.1181E-001
 4.5679E-001
-1.2434E-001
-3.3671E-001
 4.1370E-001
-1.0297E-001
-3.0349E-001
 5.0459E-001
-2.5153E-001
-1.7105E-001
 5.7043E-001
-3.0605E-001
-1.2843E-001
 4.4762E-001
 6.3537E-002
-3.2188E-001
 3.0448E-001
 3.7518E-001
-5.5927E-001
 2.5033E-001
-2.8889E-001
-3.9379E-002
 2.3167E-001
-4.6783E-001
 1.0396E-001
 1.4107E-001
-4.3498E-001
 9.4709E-002
-6.0137E-002
-4.4430E-001
 2.9648E-002
 2.6115E-001
-3.8763E-001
 1.2923E-001
 1.1109E+000
-1.3904E+000
-1.1598E-001
 1.8812E-001
-2.9468E-001
 1.1279E-001
 5.8154E-002
-1.6197E-001
 1.4286E-001
 1.6871E-002
-3.9144E-002
-3.6285E-002
 6.0203E-002
-2.8629E-002
 8.6023E-003
-9.8836E-003
-6.7429E-003
 3.8598E-001
 2.3379E-001
-1.8511E-001
 1.8388E-001
-1.3385E-001
 3.3741E-002
-1.2612E-001
-1.3913E-001
 4.6653E-002
-2.2099E-001
-8.4447E-002
 2.4013E-001
-1.8699E-001
 5.1178E-002
 5.7882E-001
-1.0898E-001
-2.4453E-001
 7.3988E-002
-2.9508E-001
-5.3049E+000
 1.0469E+000
-1.7025E+000
-6.7530E-003
-6.1645E-002
-1.4460E-001
 2.5280E-001
 6.9191E-002
-2.0661E-001
 3.1829E-002
 2.7894E-002
-1.7398E-001
-7.7197E-002
-5.3489E-002
 1.0423E-001
 5.2843E-001
-2.8135E-001
-2.4004E-001
 6.9352E-001
-2.4816E-001
-3.1258E-001
 2.3013E-003
 1.7679E-001
-2.7148E-002
-2.3759E-001
 7.2472E-002
 1.8657E-001
-1.4927E-001
 3.0662E-002
 1.4104E-001
 1.9168E-001
 1.2082E-001
 1.1477E-001
-3.6630E-001
-1.0086E-001
 1.7462E-001
-4.4828E-001
 3.1406E-002
 1.7981E-001
-3.2717E-001
 9.5113E-003
 3.0554E-002
-4.4164E-001
 3.1685E-002
 2.0882E-001
-4.6855E-001
 2.1412E-001
 2.6751E-001
-5.0960E-001
 3.4980E-001
 3.8714E-001
-1.8216E-001
 2.0970E-002
-1.7035E-001
-1.9044E-001
 3.9554E-002
-2.0256E-001
-1.5032E-001
 1.6844E-001
-1.9785E-001
-3.0957E-002
 1.6223E-001
-7.4118E-002
-1.2998E-001
 2.3672E-001
-8.2973E-002
-1.9147E-001
 3.1478E-001
 3.2926E-002
-1.8159E-002
 1.4395E-001
-1.4834E-001
 1.0342E-001
 2.1795E-001
-1.1013E-001
 1.6421E-001
 3.2262E-001
-2.3167E-001
-5.2567E-002
 4.2676E-001
-4.5812E-001
 1.9197E-002
 1.3572E-001
-3.4750E-002
 1.3971E-002
 9.2996E-002
 5.7791E-002
 3.2620E-001
 3.7910E-001
-1.4632E-001
 3.5438E-001
 3.7120E-001
-1.5147E-001
 4.2694E-001
 4.1024E-001
-8.7578E-002
 4.7299E-001
 4.1438E-001
 8.7007E-002
 4.5811E-001
 5.4748E-001
-1.5735E-001
 2.8304E-001
 4.0607E-001
-1.7488E-001
 2.9976E-001
 4.2097E-001
-1.5150E-001
 2.0765E-001
 3.6824E-001
-6.8165E-002
 2.2974E-001
 2.9283E-001
 6.1884E-002
 1.5160E-001
 3.9144E-001
-9.2682E-002
 1.7915E-001
 3.5707E-001
-3.9970E-002
 1.3439E-001
 3.3537E-001
-2.2956E-003
 1.9182E-001
 5.0407E-001
-1.4345E-001
 2.1754E-001
 1.5714E-001
-2.9660E-002
 1.6006E-001
 3.0246E-002
-9.8145E-002
 2.3774E-001
 2.7445E-001
-2.0241E-002
 2.8744E-001
 2.3638E-001
-4.8678E-002
 3.8210E-001
 2.3284E-001
-1.4780E-002
 4.8401E-001
 1.9942E-001
-8.6567E-003
 3.1768E-001
 1.1392E-001
-1.5708E-001
 5.3901E-001
-2.6207E-003
-2.5589E-001
 4.5699E-001
 2.6140E-001
-1.2417E-001
 4.3053E-001
 3.4342E-001
-1.5109E-001
 4.3006E-001
 2.8749E-001
-9.2529E-003
 5.3723E-001
 1.7787E-001
 1.1083E-001
 4.5230E-001
 4.2923E-001
-1.3022E-001
 4.3240E-001
 2.7010E-001
-6.4987E-002
 6.0520E-001
 1.3838E-001
-9.4085E-002
 5.9320E-001
 1.0085E-001
-6.1352E-002
 7.9341E-001
 1.3031E-001
-3.5264E-001
 7.7725E-001
 7.0904E-002
-6.6216E-002
 4.4358E-001
 1.7064E-001
 1.4963E-001
 3.2302E-001
 8.4006E-002
 1.5004E-001
 1.7936E-001
 9.1807E-002
 1.0628E-001
 1.1996E-001
 1.9469E-001
-7.9725E-002
 2.2941E-001
 2.5982E-002
 3.2447E-001
 1.6847E-001
-2.9695E-002
 1.9456E-001
 2.4541E-001
-8.2260E-002
 1.7337E-001
 7.7263E-002
-1.6037E-001
 1.3443E-001
-1.1952E-001
-2.9825E-001
 9.0181E-002
 4.4785E-001
-3.6464E-001
 2.4993E-001
 1.8029E-001
-1.0589E-001
 7.2783E-002
 3.2760E-001
-2.4696E-002
 9.7197E-002
 2.8243E-001
-7.3180E-002
-1.2179E-002
 1.2288E-001
 1.0276E-001
-8.7458E-003
 4.6620E-002
 7.2237E-002
-7.7615E-002
 2.3181E-001
-2.2981E-002
-2.9530E-001
 2.4822E-001
 2.4690E-001
-7.7961E-001
 1.3672E-001
 1.2450E-001
 2.4047E-002
 1.5649E-001
 1.0728E-001
-1.5439E-002
 1.6020E-001
 1.8517E-002
-1.1868E-001
 1.8469E-001
 2.8253E-002
-2.0591E-001
 4.0439E-002
-6.2282E-002
 1.9294E-002
 6.4364E-001
 1.9034E-001
 6.3350E-003
 1.3115E-001
 1.2518E-002
-9.4303E-002
 1.2241E-001
 5.1385E-002
-7.0930E-002
 8.0806E-002
-9.6151E-003
-2.1051E-002
-1.0589E-002
 8.2547E-004
 2.7753E-002
 3.3465E-002
-5.8916E-002
-5.6451E-002
-7.6805E-001
-2.7231E+000
-1.0319E+000
 9.5495E-002
-5.9739E-002
 2.1087E-002
 8.4152E-002
-6.0504E-002
 3.7757E-002
 1.2221E-001
-8.9091E-002
 5.2745E-002
 1.2910E-001
-6.5343E-002
-7.6620E-002
 9.7411E-002
-6.8029E-002
-1.0352E-001
 6.6527E-004
-1.1210E-002
-1.0564E-001
 1.9238E-001
 3.7577E-002
 7.2250E-002
 1.6396E-001
 1.9352E-001
 1.0112E-002
 1.1528E-001
 2.2284E-001
 6.9663E-002
 1.5755E-001
 2.0604E-001
 1.4563E-001
 2.7732E-001
 3.5754E-001
 1.2014E-001
 1.2118E-001
 3.5236E-001
 7.2429E-002
 2.2815E-001
 2.0177E-001
 9.0291E-002
 3.5185E-001
 2.2605E-001
 3.5431E-002
 6.0718E-001
 1.6040E-001
-8.1297E-002
 1.0088E-001
 3.4098E-002
-5.9195E-002
 1.5980E-001
-2.6881E+000
 2.5554E+000
 2.2656E-001
 1.7043E-001
 1.6631E-001
 2.8805E-001
 7.3147E-002
 7.2718E-002
 6.6722E-002
-6.3148E-002
-9.8332E-002
-7.9492E-002
-7.9220E-002
-2.4756E-001
 5.2748E-001
-1.8726E-001
 4.7349E-002
-6.7350E-001
 2.4484E+000
 5.5355E-002
 1.1481E-001
-1.2605E-001
-5.7801E-002
 2.9353E-002
-3.0568E-002
-2.6085E-001
 9.6250E-002
 9.9257E-004
-2.9657E-001
 2.5375E-001
 6.1050E-002
-5.5253E-001
-9.7501E-002
 1.0440E-001
-2.9422E-001
-1.9494E-001
 1.5552E-001
-4.7642E-001
-9.2134E-003
 1.0472E-002
-1.5740E-001
 8.5670E-002
 5.1082E-003
-1.8748E-001
 1.8249E-001
-3.1919E-002
-1.5881E-001
 4.5170E-001
-8.4118E-003
-6.7333E-002
 1.3353E-001
 2.3856E-002
-2.3486E-001
 3.3898E-001
-5.4925E-003
-1.6759E-001
 1.1065E-001
 7.8422E-004
-2.6599E-001
 1.2224E-001
-1.6829E-002
-1.6307E-001
 1.0419E-001
 6.2487E-002
-9.2564E-002
 1.3004E-001
 7.8583E-002
 5.5052E-002
 1.3258E-001
 3.7752E-002
-2.1094E-001
 3.7734E-001
 2.1000E-001
 3.4247E-002
 9.3804E-002
 1.3195E-001
-7.6246E-002
 2.1137E-001
 2.6037E-001
-8.7889E-002
 2.4085E-001
 2.1659E-001
-1.7773E-001
 1.5672E-001
 1.5116E-001
-1.8482E-001
 3.4974E-001
 3.6329E-001
-1.0426E-001
 4.1181E-001
 6.5944E-001
-1.3569E-001
 2.3765E-001
 2.3743E-001
-1.5680E-001
 1.9994E-001
 1.8692E-001
-2.7698E-001
 2.1313E-001
 1.9407E-001
-2.7853E-001
 2.0445E-001
 1.6160E-001
-3.0269E-001
 3.6922E-001
 1.0600E-001
-2.3029E-001
 9.6474E-001
-1.0096E+000
 1.0982E-001
 2.9201E-001
 2.1369E-001
-3.1912E-001
 3.0467E-001
 1.4614E-001
-3.3684E-001
 2.4326E-001
 2.0812E-001
-2.7281E-001
 1.2670E-001
 1.9849E-001
-2.1165E-001
 3.8828E-001
 1.4899E-001
-3.2905E-001
 6.1218E-001
 3.9228E-002
-2.4534E-001
 3.2809E-001
 3.8134E-001
-1.5421E-001
 2.7257E-001
 3.7219E-001
-6.6006E-002
 3.6750E-001
 3.6122E-001
-5.4279E-002
 4.5599E-001
 1.1707E-001
 9.5268E-002
 3.5849E-001
 4.7691E-001
-2.0218E-001
 1.3194E-001
-8.4431E-002
-4.1730E-001
 3.4649E-001
 3.3727E-001
-2.8707E-002
 3.4871E-001
 3.2246E-001
-7.0273E-002
 2.2328E-001
 2.8654E-001
-6.9383E-002
-1.3303E-001
 1.6347E-001
-4.0425E-001
 4.8751E-001
 3.5146E-001
-1.1092E-001
 4.5222E-001
 3.0163E-001
-6.7977E-002
 5.0850E-001
 3.6546E-001
 3.6212E-002
 3.5021E-001
 3.3019E-001
-8.4915E-002
 3.7941E-001
 2.5515E-001
-2.9519E-001
 3.0902E-001
 2.5654E-001
-3.0712E-001
 4.6707E-001
 4.0209E-001
 1.3187E-002
 6.1344E-001
 4.9763E-002
 2.1120E-001
 3.7117E-001
 3.1626E-001
-3.5857E-001
 4.0364E-001
 1.8064E-001
-4.8740E-001
 3.7863E-001
 1.3263E-001
-5.0184E-001
 2.9984E-001
-1.2544E-001
-7.0033E-001
 4.3949E-001
 9.0306E-002
-4.3945E-001
-3.2446E+000
-1.2784E+000
-9.8926E-001
 4.5717E-001
 2.3090E-001
-3.4987E-001
 4.2831E-001
 1.8746E-001
-4.0837E-001
 3.1725E-001
 2.5650E-001
-4.0092E-001
 2.4866E-001
 1.9927E-001
-5.4988E-001
 2.5210E-001
 2.7419E-001
-2.7013E-001
 1.6210E-001
 3.7633E-001
-2.6987E-001
 9.1144E-002
 3.2447E-001
-5.1241E-001
-1.8285E-001
 3.2162E-001
-6.7614E-001
 1.1875E-001
 4.9785E-001
-3.3092E-001
 3.5846E-001
 7.7970E-001
-2.9991E-001
 9.5275E-002
 2.9543E-001
-5.3563E-001
 2.5963E-002
 2.5877E-001
-8.4429E-001
 7.7863E-002
 1.3724E-001
-8.8576E-001
-1.4283E-001
 7.0311E-002
-1.0661E+000
 1.1408E-002
-1.7106E-003
-1.1691E+000
 2.8395E-001
 6.5695E-001
-8.6881E-001
 1.6796E-001
 1.3133E-001
-9.8759E-001
 1.6953E-001
 8.0274E-002
-1.0441E+000
 7.6656E-002
 6.5848E-003
-1.0764E+000
-1.8976E-002
 9.9462E-002
-1.1225E+000
 2.4019E-001
 2.4486E-001
-1.1929E+000
 4.7510E-002
 6.1793E-002
-9.8310E-001
-1.2181E-001
-2.5161E-002
-1.0218E+000
-2.4226E-001
-6.9742E-003
-1.0561E+000
-3.6216E-001
 2.2186E-002
-1.1583E+000
-1.1616E-001
 5.4882E-002
-9.8287E-001
-1.4103E-001
 6.1676E-002
-1.0222E+000
-3.1949E-001
 1.1049E-002
-1.0987E+000
-3.7292E-001
 1.5410E-001
-1.1905E+000
-4.7835E-001
-6.9599E-002
-1.2526E+000
-6.3098E-001
-2.1937E-001
-1.2241E+000
-5.8936E-001
 2.6694E-001
-1.4702E+000
-8.9445E-001
 5.4320E-001
-1.7780E+000
-3.2082E-001
-1.9827E-003
-1.4013E+000
-3.5343E-001
-1.6191E-001
-1.5615E+000
-4.1769E-001
-7.6539E-002
-1.5411E+000
-4.9227E-001
-9.2446E-002
-1.6496E+000
-2.5627E-001
-5.6272E-001
-1.7011E+000
 2.5189E+000
 2.8114E+000
-3.8241E+000
-3.6081E-001
-6.7334E-002
-1.4130E+000
-4.6256E-001
-4.1527E-002
-1.4889E+000
-5.4665E-001
-2.5454E-003
-1.4596E+000
-7.1216E-001
-5.5223E-001
-1.5333E+000
-2.7215E-001
-1.0280E-001
-1.3024E+000
-6.1557E-001
-6.4247E-003
-1.5701E+000
-4.8656E-001
 3.4316E-001
-1.4367E+000
-4.0393E-001
 1.8682E-001
-1.4849E+000
-3.1820E-001
 9.2072E-002
-1.4531E+000
-2.8071E-001
 8.1803E-002
-1.4253E+000
-4.4587E-001
 9.1935E-002
-1.6275E+000
 1.7106E+000
 2.8334E+000
 4.6472E-001
-3.7990E-001
 1.0149E-001
-1.3982E+000
-3.4143E-001
 9.8772E-002
-1.3332E+000
-4.1036E-001
 1.0786E-002
-1.2842E+000
-4.9870E-001
-2.6930E-001
-1.5636E+000
-3.9786E-001
 5.0884E-002
-1.3141E+000
-3.5623E-001
 1.5360E-001
-1.3904E+000
-3.0512E-001
 1.9892E-001
-1.0185E+000
-4.1201E-001
 8.3589E-002
-8.9430E-001
-3.6501E-001
 2.7177E-001
-1.0284E+000
-3.6841E-001
 3.1182E-001
-1.0661E+000
-4.1561E-001
-2.2996E-001
-7.4720E-001
-9.0376E-001
-2.8307E-001
-4.6217E-001
-7.3751E-001
 3.2228E-001
-1.1545E+000
-1.0737E+000
 3.8103E-001
-8.5682E-001
-7.2738E-001
 2.7894E-001
-3.6184E-001
-5.7206E-001
 2.5358E-001
-4.0637E-001
-8.5864E-001
 2.6331E-001
-6.0022E-002
-6.5347E-001
 1.6820E-001
 3.3583E-001
-5.7830E-001
 8.1353E-002
 3.4996E-001
-1.1731E+000
 7.8329E-002
 1.4036E-001
-8.8905E-001
-1.8179E-002
 5.7451E-001
 8.7815E-002
 2.8412E-001
 5.2348E-001
 6.1037E-002
 2.6853E-001
 4.7906E-001
 8.2954E-002
 2.9868E-001
 6.3071E-001
-2.6258E-002
 3.1798E-001
 7.4442E-001
 1.4252E-001
 4.0868E-001
 4.4708E-001
 2.5753E-001
 5.2811E-001
 5.2170E-001
 9.6514E-002
 3.1349E-001
 5.0482E-001
 4.1704E-002
 2.7090E-001
 5.6410E-001
 1.6408E-001
 3.2272E-001
 6.0828E-001
 1.4609E-001
 4.5678E-001
 8.5758E-001
 4.1138E-002
 2.4716E-001
 4.3892E-001
 2.9251E-001
 2.4265E-001
 4.8138E-001
 3.1408E-001
 2.6322E-001
 4.9741E-001
 3.9272E-001
 2.4913E-001
 5.3510E-001
 2.3026E-001
 1.2441E-001
 3.7348E-001
 2.4435E-001
 4.5818E-001
 4.7113E-001
 2.7490E-001
 8.8723E-001
 4.2545E-001
 3.1784E-001
 3.9939E-001
 8.0540E-001
 4.1288E-001
 3.4241E-001
 7.4909E-001
 4.3097E-001
 3.3444E-001
 6.7548E-001
 3.5667E-001
 2.6080E-001
 7.1565E-001
 3.4461E-001
 2.7410E-001
 6.6309E-001
-1.1628E-001
 3.3485E+000
-2.0608E-001
 4.8204E-001
 3.1505E-001
 6.3951E-001
 4.6462E-001
 3.3160E-001
 6.6570E-001
 4.1603E-001
 2.9864E-001
 5.8584E-001
 3.2698E-001
 2.9724E-001
 5.6440E-001
 4.5309E-001
 3.5482E-001
 6.2382E-001
 3.1254E-001
 2.3794E+000
-2.4844E-001
 4.0747E-001
 3.0510E-001
 6.1524E-001
 3.4725E-001
 3.4815E-001
 4.3816E-001
 3.4587E-001
 3.2737E-001
 4.7574E-001
 2.5410E-001
 1.9834E-001
 3.7543E-001
 3.5263E-001
 3.7864E-001
 4.7942E-001
 4.6111E-001
 3.6963E-002
 7.4281E-001
 2.7305E-001
 3.6615E-001
 4.9828E-001
 2.6772E-001
 3.2881E-001
 5.6017E-001
 1.9038E-001
 3.4712E-001
 6.7163E-001
-1.0315E-002
 2.3436E-001
 6.4458E-001
 3.0229E-001
 2.7442E-001
 4.3529E-001
 6.6307E-001
-3.4015E-001
 4.8498E-001
 3.7554E-001
 3.9486E-001
 8.0100E-001
 4.5377E-001
 3.9594E-001
 1.0250E+000
 4.4956E-001
 3.4665E-001
 8.1228E-001
 5.0391E-001
 2.9472E-001
 9.8094E-001
 7.6267E-001
 5.7032E-001
 1.2633E+000
 1.7095E+000
-1.3314E+000
 1.5326E+000
 5.5279E-001
 3.3528E-001
 6.8744E-001
 5.5863E-001
 3.7529E-001
 4.8581E-001
 5.0201E-001
 5.2393E-001
 4.6246E-001
 9.3913E-001
 7.4862E-001
 5.8655E-001
 6.4134E-001
 2.9432E-001
 4.5087E-001
-2.9432E-001
 3.4335E+000
 1.9006E+000
 1.5377E-001
 3.9298E-001
 3.6573E-001
 7.6951E-002
 4.8885E-001
 3.1094E-001
 1.1766E-001
 4.3664E-001
 3.7779E-001
-4.6606E-002
 4.6443E-001
 1.6122E-001
-1.0611E-001
 4.8450E-001
 4.8730E-001
 1.1087E-001
 3.6993E-001
-1.2276E-001
 1.0652E-001
 1.0112E-001
 5.0117E-001
 8.0762E-001
 3.5077E-002
 4.1999E-001
-5.4058E-001
 3.5141E-001
 2.4920E-001
-1.3316E+000
 1.2501E+000
 1.0893E+000
 2.6342E+000
 1.0164E+000
-5.9295E-001
-6.2130E-001
-1.2521E-001
-4.4982E-001
-4.4635E-001
 8.2488E-002
-2.9516E-001
-3.4838E-001
 1.9248E-001
-2.0185E-001
-5.1086E-001
 2.2865E-001
-4.8436E-001
-3.9383E-001
 2.4717E-001
-2.3672E-001
-8.0361E-001
 1.5596E+000
-3.7573E-001
-3.3763E-001
 2.3407E-001
 1.3601E-001
-2.3886E-001
 2.7817E-001
 1.9959E-001
 6.4105E-002
 4.6283E-002
 4.0501E-002
-3.0036E-002
-1.0915E-001
-1.6683E-001
-3.6447E-001
 3.3595E-001
 1.6963E-001
-2.4515E-001
 5.4125E-001
 3.9755E-001
 3.3397E-001
 8.3847E-002
 1.4701E-001
 5.7383E-001
-9.0942E-002
 5.8868E-002
 3.7776E-001
-3.0541E-002
 3.5271E-002
 4.9748E-001
-2.5372E-001
-1.2670E-001
 8.5143E-001
-6.5191E-002
 2.4018E-001
 6.0823E-001
 1.7427E-001
 4.5370E-001
 2.8630E-001
 3.9139E-002
 1.0645E-001
 2.6700E-001
 4.9282E-002
 1.4597E-001
 2.0119E-001
-3.9355E-002
 4.3805E-002
 2.1333E-001
-2.2031E-001
-1.0211E-001
 1.9533E-001
 1.5056E-001
 1.9178E-001
-6.0493E-002
 3.3707E-001
 2.7463E-001
 6.9717E-002
 2.3966E-002
-3.2299E-002
-1.1942E-001
-2.0676E-001
-1.0358E-001
 4.6351E-002
-3.7853E-001
-3.7316E-001
-8.9419E-002
-5.7635E-001
-3.9109E-001
-2.3832E-001
-1.6062E-001
-8.5919E-002
-6.3084E-001
 3.5054E-001
-2.3648E-001
 2.3704E-001
-4.2051E-001
-3.8776E-001
 3.5141E-001
-5.4687E-001
-6.2638E-001
 3.6825E-001
-4.0427E-001
-5.5107E-001
 4.5371E-001
-3.6035E-001
-7.0348E-001
 6.7902E-001
-5.4603E-001
-8.7126E-001
 5.5666E-001
-2.0925E-001
-2.9829E-001
 4.4207E-001
-1.4187E-001
-2.8796E-001
 4.5045E-001
-1.6784E-001
-2.9777E-001
 6.4937E-001
-5.2836E-002
-4.3422E-001
 4.7016E-001
-2.0567E-001
-3.0876E-001
 3.4416E-001
-2.0109E-001
-1.7130E-001
 2.4553E-001
-2.2458E-001
-1.0206E-001
 1.8514E-001
-3.2941E-001
-3.2584E-001
 2.4798E-001
-2.8006E-001
-3.8738E-001
-2.7092E-002
-1.8104E-001
 5.0709E-002
-1.0164E-001
-1.3223E-001
 2.1639E-001
 1.7639E-001
-6.0989E-001
-4.6572E-001
 1.1156E-001
-7.1304E-001
-7.0045E-001
 2.0316E-001
-7.0669E-001
-7.8173E-001
 9.7265E-002
-8.3034E-001
-7.7114E-001
-1.7669E-002
-7.0269E-001
-7.1030E-001
 8.0108E-001
-2.1276E+000
-3.2633E-001
 4.2685E-001
-5.7429E-001
-7.7024E-001
 4.6222E-001
-4.3153E-001
-8.4637E-001
 6.1890E-001
-2.6741E-001
-7.0246E-001
 6.6138E-001
-2.9966E-001
-8.1996E-001
 4.8311E-001
-4.0418E-001
-9.0710E-001
-6.9593E-001
 5.5904E-002
-2.8379E+000
 6.7157E-001
-1.8701E-001
-4.8731E-001
 5.6765E-001
-7.6467E-002
-4.5309E-001
 5.0202E-001
-2.1294E-001
-3.6776E-001
 4.9135E-001
-8.7674E-002
-2.9961E-001
 5.7730E-001
 1.1939E-002
-3.0516E-001
 6.2250E-001
 2.2256E-001
-5.3541E-001
 4.7338E-001
-3.4683E-001
-3.2929E-001
 2.6423E-001
-3.8695E-001
-4.6234E-001
 2.9671E-001
-4.4198E-001
-6.4550E-001
 2.8000E-001
-4.4462E-001
-5.8367E-001
 8.2170E-002
-2.7606E-001
-3.8665E-001
 3.5342E-001
-5.1885E-001
-7.4193E-001
 4.2641E-001
-8.3531E-001
-8.6795E-001
 4.6423E-001
-6.3711E-001
-8.6940E-001
 4.9297E-001
-5.8678E-001
-1.2741E+000
 7.2255E-001
-1.0041E+000
-1.0698E+000
-2.8178E-001
-1.5962E+000
-1.4268E+000
 5.6105E-001
-5.0130E-001
-8.1359E-001
 4.9156E-001
-3.6033E-001
-7.3659E-001
 3.5875E-001
-2.4536E-001
-4.3218E-001
 3.7666E-001
-7.9556E-002
-3.7224E-001
 6.1192E-001
-1.3831E-001
-8.3079E-001
 6.1560E-001
-1.0052E-002
-7.6988E-001
 2.5069E-001
-3.2890E-001
-2.8723E-001
 1.2473E-001
-2.7478E-001
-7.9737E-002
-1.9960E-002
-5.7405E-001
 1.9788E-001
 1.5406E-002
-8.0238E-001
 1.0033E-001
-7.7712E-002
-5.6464E-001
 6.4453E-001
-2.6959E-001
-8.6990E-001
 1.0204E+000
 1.7847E-001
-6.0050E-001
 6.1503E-001
 1.1602E-001
-6.0271E-001
 3.4561E-001
-1.3320E+000
-1.3305E+000
 1.0460E+000
-1.9618E+000
-1.8398E+000
 8.8838E-001
 2.4255E-001
-6.8319E-001
 6.0279E-001
 4.6986E-001
-6.2140E-001
 4.0221E-001
-2.3087E-002
-5.7032E-001
 4.6910E-001
-3.0550E-001
-8.3181E-001
 6.6129E-001
 7.9706E-001
-7.0416E-001
 7.6887E-001
 1.4432E+000
 4.5859E-001
 6.5356E-001
-1.6380E-001
-3.5659E-001
 4.8513E-001
-5.9426E-001
-2.6048E-001
 5.3708E-001
-8.0167E-001
-5.5550E-001
 6.3549E-001
-9.7699E-001
-9.3710E-001
 6.9468E-001
-6.9798E-001
 1.5113E-001
 6.9010E-001
-1.4057E-001
-1.9483E+000
 1.4771E+000
-7.6352E-001
-4.5312E-001
 7.5200E-001
-7.4789E-001
-4.8245E-001
 8.5568E-001
-5.7717E-001
-6.8047E-001
 9.5075E-001
-4.3172E-001
-9.5649E-001
 1.1728E+000
-5.1621E-001
-2.3923E-001
 8.8181E-001
-4.5095E-001
-1.3864E-001
 7.5729E-001
-4.2783E-001
-3.4745E-001
 8.1259E-001
-4.5316E-001
-4.3517E-001
 8.5719E-001
-5.2774E-001
-4.5406E-001
 7.1782E-001
-5.8267E-001
-4.8525E-001
 7.5076E-001
-5.9353E-001
-3.5231E-001
 8.4073E-001
-6.1377E-001
-2.6957E-001
 8.1304E-001
-5.5422E-001
-5.3136E-001
 7.7995E-001
-7.7647E-001
-6.3333E-001
 6.2183E-001
-5.2174E-001
-4.3859E-001
 1.2738E+000
-3.3968E-001
-1.7903E-001
 1.1844E+000
-3.5744E-001
-1.0025E+000
-6.8660E-002
-3.5951E-001
-1.2883E+000
-2.7801E-001
-3.0760E-001
-4.1985E-001
 1.3753E+000
-1.3013E-001
-5.0174E-001
 1.5192E+000
-2.4823E-001
-6.0377E-001
 1.4836E+000
-2.6901E-001
-5.0315E-001
 1.4098E+000
 1.4323E-001
-3.8040E-001
 1.6847E+000
-5.8083E-002
-4.1793E-001
 1.4981E+000
-1.3252E-001
-5.2313E-001
 1.2322E+000
-1.6328E-001
-7.8561E-001
 1.2347E+000
-4.3959E-002
-7.1805E-001
 1.3090E+000
-3.5837E-003
-4.1908E-001
 1.2871E+000
-9.9315E-002
-1.1748E+000
 1.2732E+000
-1.3610E+000
-2.1924E+000
 2.3870E+000
-1.8194E-001
-7.3303E-001
 1.3837E+000
 9.0796E-002
-5.4115E-001
 1.3608E+000
 4.4807E-002
-6.2947E-001
 1.0951E+000
-1.4846E-001
-4.5388E-001
 6.4654E-001
 3.7313E-001
-4.5220E-001
 1.4106E+000
-8.6456E-001
-8.7830E-002
 1.6688E+000
 7.2565E-002
-6.8517E-001
 1.1609E+000
-2.1804E-002
-6.6014E-001
 7.5728E-001
-1.4594E-001
-4.8353E-001
 8.0109E-001
-2.2030E-001
-5.0856E-001
 7.0399E-001
 2.9331E-001
-7.8776E-001
 7.9937E-001
 9.0133E-001
-5.3421E-001
 8.0293E-001
-1.4754E-001
-2.9074E-001
 8.8388E-001
-3.0572E-001
-2.0812E-001
 9.2810E-001
-4.7657E-001
-1.1499E-001
 7.2280E-001
-4.3432E-001
-1.2699E-001
 7.3764E-001
-2.6533E-001
-1.1865E-001
 9.9617E-001
-7.0003E-001
 3.0141E-002
 7.1848E-001
-7.4755E-001
 1.1023E-001
 5.4935E-001
-7.8002E-001
-5.7179E-002
 3.5386E-001
-9.5304E-001
-7.7547E-003
 2.5702E-001
-7.0266E-001
 5.5126E-002
 5.8607E-001
-3.7424E-001
 7.1198E-002
 5.5782E-001
-7.9617E-001
-3.4748E-001
 4.1063E-001
-7.8288E-001
-3.7441E-001
 1.8407E-001
-6.4720E-001
-3.1603E-001
 3.3698E-001
-4.9232E-001
-1.6002E-001
 3.8735E-001
-6.9145E-001
-7.6315E-001
 2.1839E-001
-4.6591E+000
-3.9595E+000
 9.4175E-001
-7.7606E-001
-3.4442E-001
 4.8463E-001
-6.0388E-001
-3.3806E-001
 5.8082E-001
-4.8275E-001
-1.6290E-001
 5.3528E-001
-5.1996E-001
-1.4018E-001
 5.1820E-001
-3.8106E-001
-5.1271E-001
 9.1852E-001
-3.6605E+000
 2.7488E-001
 3.1342E+000
-5.4986E-001
-1.5358E-001
 6.2733E-001
-4.1107E-001
-1.3124E-001
 5.2118E-001
-4.1021E-001
-9.9212E-002
 5.1352E-001
-3.3677E-001
-1.4198E-001
 5.1961E-001
-3.9578E-001
-3.4065E-002
 3.5132E-001
-2.3141E-001
-7.9447E-002
 6.4973E-001
-1.7043E-001
-2.3663E-002
 5.2531E-001
-1.7899E-001
-4.1980E-002
 4.6084E-001
-2.2299E-001
-2.3964E-002
 4.9320E-001
-3.0853E-001
-5.4996E-002
 4.1700E-001
-2.6643E-001
-9.9824E-003
 3.1696E-001
-1.8055E-001
-5.0501E-002
 4.6206E-001
-1.9403E-001
 7.7764E-002
 3.7458E-001
-2.4937E-001
 1.9739E-001
 4.0883E-001
-2.4352E-001
 1.0129E-001
 4.4385E-001
-8.5560E-002
-4.2529E-002
 4.0531E-001
-2.1514E+000
-5.5149E-001
 1.6775E+000
-2.4998E-001
 2.2487E-001
 5.4928E-001
-1.7693E-001
 6.0289E-002
 4.5278E-001
 5.6978E-002
 2.1748E-002
 4.0129E-001
 1.5354E-001
-1.7604E-001
 4.9586E-001
-3.3164E-001
 4.5897E-002
 4.0170E-001
-4.8530E-001
 3.7151E-002
 4.1906E-001
-5.7879E-002
 4.8408E-002
 4.3598E-001
 3.6039E-003
 2.0247E-002
 4.2731E-001
-2.4958E-002
 4.9431E-002
 4.2955E-001
 4.4980E-002
-3.5974E-002
 4.9002E-001
-4.6208E-002
-9.9708E-003
 2.8070E-001
-7.7540E-002
 1.4858E-002
 3.9907E-001
-7.0830E-002
-2.0875E-002
 4.0468E-001
-2.6872E-002
-8.6003E-002
 3.8335E-001
-1.5921E-002
-1.1863E-001
 4.3901E-001
-1.3755E-001
-2.9002E-002
 4.0725E-001
-3.5218E-002
-6.3721E-002
 4.9148E-001
-1.7826E-001
-4.2271E-002
 4.9680E-001
-1.7846E-001
-4.9367E-002
 5.1163E-001
-1.6907E-001
-3.9214E-002
 5.1914E-001
-3.2756E-001
-3.3204E-001
 4.9863E-001
-2.6915E-001
-1.4095E-001
 6.4301E-001
-5.0962E-001
-3.5180E-004
 1.6941E+000
 1.5794E-003
 2.1464E-001
 6.0391E-001
 9.5276E-002
 1.3676E-001
 5.1047E-001
 8.3021E-002
 8.1022E-002
 5.6128E-001
-6.7974E-002
 5.6810E-003
 4.8490E-001
 2.4016E-001
 2.9110E-001
 3.7293E-001
 1.5291E-001
 3.6879E-001
 2.5009E-001
 1.7532E-001
-9.1667E-003
 6.0433E-001
 2.1134E-001
 4.1062E-002
 5.9113E-001
 1.6771E-001
-2.7902E-002
 7.2259E-001
 2.2379E-001
 1.3673E-002
 6.4070E-001
 1.0762E-001
-4.4375E-003
 3.6961E-001
 4.8389E-002
-1.3007E-001
 8.0868E-001
 1.3747E-002
-2.7263E-001
 6.8164E-001
 3.7137E-002
-2.9131E-001
 6.8583E-001
-4.8035E-002
-1.7832E-001
 4.4675E-001
-3.5720E-002
-4.5085E-001
 6.6952E-001
 1.0124E-001
-2.9519E-001
 8.3810E-001
 6.7713E-002
-1.9277E-001
 8.8305E-001
 1.4327E-001
-3.0358E-001
 8.2955E-001
 2.5219E-001
-5.6724E-001
 7.4891E-001
-1.2287E-001
-1.8082E-001
 9.2191E-001
-1.1063E-001
-2.0350E-001
 6.0705E-001
 9.7832E-002
-1.9506E-001
 8.2722E-001
 7.1695E-002
-4.3327E-001
 8.3543E-001
 2.8625E-001
-4.3590E-001
 6.1947E-001
 6.8886E-001
-6.8357E-001
 4.1943E-001
-5.9688E-002
-3.5177E-001
 6.1070E-001
 7.6929E-002
-3.6827E-001
 3.5619E-001
 8.9203E-002
-3.5302E-001
 1.9204E-001
 1.4464E-001
-4.3915E-001
-8.3295E-003
-3.0538E-002
 3.8952E-002
 8.0531E-002
 9.2932E-001
-3.1242E-001
 5.9929E-001
 4.6127E-002
-2.3820E-001
 4.2225E-001
 9.4946E-002
-2.6234E-001
 3.8478E-001
 2.3951E-001
-3.2152E-001
 4.0495E-001
 1.9091E-001
-2.6131E-001
 5.1639E-001
-6.0280E-002
-4.0281E-001
 3.3740E-001
-8.4782E-001
-8.6510E-001
 2.4924E+000
 3.0142E-001
-2.6531E-001
 3.0616E-001
 2.2787E-001
-2.2777E-001
 2.7920E-001
 2.1548E-001
-7.0113E-002
 3.3191E-001
 1.1000E-001
 1.0292E-002
 1.8382E-001
 1.3552E-001
-3.2959E-001
 3.3177E-001
 9.0131E-002
-4.2742E-001
 2.2651E-001
 2.8997E-001
-8.8166E-002
 4.1223E-001
 1.7583E-001
 7.6806E-002
 3.9785E-001
 2.3486E-001
 1.3992E-001
 2.6763E-001
 3.3952E-001
 2.7658E-001
 2.7321E-001
 1.7711E-001
 5.9549E-002
 4.8409E-001
 1.9973E-001
 1.5172E-001
 4.9495E-001
 1.9391E-001
 1.0939E-001
 2.9371E-001
 1.6963E-001
 1.5484E-001
 2.6209E-001
 1.9806E-001
 1.5796E-001
 1.9995E-001
 3.5614E-001
 1.9527E-001
 3.9857E-001
 1.3632E-001
-3.7779E-002
 3.2335E-001
 1.4781E-001
-5.9773E-002
 1.7281E-001
 1.1371E-001
 1.7309E-001
 1.5684E-002
 1.5479E-001
 1.4166E-001
 8.6732E-002
 1.6638E-001
 1.7109E-002
 1.0383E-001
 2.6410E-001
 1.1920E-001
 5.0469E-002
 2.5963E-001
 2.2112E-001
 2.7489E-001
 5.0295E-001
 2.1174E-001
 2.8659E-001
 1.6672E-002
-3.7868E-002
 2.1651E-001
-9.3044E-002
 2.4286E-002
 2.4842E-001
-1.3144E-001
 8.0535E-002
 2.2004E-001
-1.7147E-001
 1.7925E-001
 1.8266E-001
-8.7451E-002
 2.7882E-003
 3.2008E-001
-7.5864E-002
 8.8426E-002
 1.3343E-001
-1.0504E-001
 3.4185E-002
 1.3576E-001
-7.2921E-002
 3.6778E-002
 1.7273E-001
-1.2938E-001
-6.2683E-002
 1.3010E-001
-6.6149E-002
 2.1635E-002
 1.9601E-001
 1.9186E-001
 2.1781E-001
 2.5608E-001
 1.8822E-001
 1.8922E-001
 1.8716E-001
 1.8419E-001
 2.2428E-001
 2.6175E-001
 2.1997E-001
 1.9313E-001
 1.7457E-001
 2.1817E-001
 3.7342E-001
 7.2320E-002
 1.7820E-001
 1.0011E-001
 2.9559E-001
 1.5004E+000
 1.0363E+000
 1.6334E+000
 2.2061E-001
 8.0222E-002
 1.7677E-001
 1.1072E-001
 1.4301E-001
 2.2023E-001
 5.6219E-002
 1.6930E-001
 1.9211E-001
 2.7480E-001
 1.5365E-001
 2.6838E-001
 1.6458E-001
 1.1849E-001
 4.0440E-001
 3.5808E-001
 7.1018E-001
 7.5429E-001
-8.2274E-002
 4.9709E-002
 7.6980E-002
-1.2950E-001
 2.1712E-002
 6.5512E-002
-9.0583E-002
 1.6147E-001
 8.6957E-002
-1.6159E-001
 3.3908E-002
 1.6329E-001
-1.4553E-001
-3.1570E-002
 4.8847E-002
-8.4118E-002
 2.4509E-001
-9.2562E-002
-1.2795E-001
 3.0745E-001
-1.4849E-001
-1.2873E-001
 2.5104E-001
-9.2764E-002
-1.0662E-001
 2.7970E-001
-8.1673E-002
-3.6668E-003
 3.3885E-001
-2.2374E-001
 2.2219E-001
-1.2666E+000
 7.0159E-001
-1.6574E-001
 3.3838E-001
-8.2728E-002
-1.1638E-001
 3.4610E-001
 5.4795E-002
-1.2621E-002
 2.5096E-001
 3.1495E-002
 9.1068E-002
 2.5827E-001
 1.2246E-001
-5.8756E-002
 4.5919E-001
 5.2718E-002
-6.2925E-002
 3.9987E-001
 2.1732E-001
 3.3562E-002
 1.0546E-001
-1.2942E-001
 9.4310E-002
-4.4908E-002
-1.0933E-001
-6.9627E-002
 2.2938E-002
-1.7643E-001
-4.3177E-001
 6.5572E-002
-1.7610E-001
 1.9420E-002
-3.9963E-001
-3.3289E-002
 5.3953E-001
 7.4650E-001
 2.0115E+000
 1.6819E-001
-3.2270E-002
-6.5121E-002
 5.6877E-002
 1.8923E-001
-3.4521E-002
 8.6526E-002
 2.0486E-001
-9.6842E-002
 8.3877E-002
 1.8222E-001
-9.1727E-002
 1.7358E-002
 1.2993E-001
 2.9901E-001
 2.3561E-002
 1.9812E-001
 3.4576E-001
 1.3305E-001
 2.6604E-001
-1.3647E-001
 1.3057E-001
 2.9058E-001
-4.5824E-002
 9.4617E-003
 2.7479E-001
 1.0859E-001
-4.1238E-002
 1.6717E-001
 5.1422E-001
 5.5436E-002
 3.1806E-001
-6.3776E-002
 3.5921E-002
 4.2635E-001
-6.4700E-002
-1.3066E-001
 3.3341E-001
-6.1704E-002
-4.2292E-001
 3.1876E-001
-5.0048E-002
-7.5142E-001
 4.5962E-001
-3.8483E-001
 6.5187E-001
-7.1797E-001
-1.9096E+000
 3.5883E-001
 2.5343E+000
-1.7009E+000
 4.9566E+001
-3.8183E+001
 1.7477E+001
