 beta=   0.0000000000000000     
  -2.1363017283452374E-015
  -1.4458558821398384E-015
  -5.5680562443501098E-016
  -4.5244963657071126E-016
   6.6652126078336412E-016
   6.8367176454222974E-016
   1.3599551727347670E-002
   1.6813959844260044E-002
   2.2804244796716222E-002
   3.6622930722356443E-002
   3.9255181939805969E-002
   4.1331487225864251E-002
   4.2667561128479518E-002
   4.7549979802809283E-002
   5.0246348420549217E-002
   5.1218609517538830E-002
   5.4602551631465122E-002
   5.7192548724844028E-002
   5.9083856142939525E-002
   6.1486051498929467E-002
   6.2004396541419766E-002
   6.4130828400901133E-002
   6.5003939093519231E-002
   6.5202809366291484E-002
   6.6954738039253212E-002
   6.9197552836484488E-002
   7.0762107264544433E-002
   7.2353297959092913E-002
   7.4148793061925941E-002
   7.5193431194724977E-002
   7.6149801128016642E-002
   7.7381751627032147E-002
   7.9237231172557085E-002
   8.0947509496703679E-002
   8.2414182531019453E-002
   8.3550500730375676E-002
   8.4546518270801785E-002
   8.5340240213063343E-002
   8.7556081103860650E-002
   8.9016718317566065E-002
   9.0395947264433549E-002
   9.1509426663063512E-002
   9.2612743105719028E-002
   9.3944817794134022E-002
   9.4097701995293964E-002
   9.5319184773629301E-002
   9.7495249102649548E-002
   9.8159185309719191E-002
  0.10079881395673022     
  0.10182207103168675     
  0.10246717867934443     
  0.10426844740063075     
  0.10523273699884139     
  0.10624502042449514     
  0.10719000958646249     
  0.10834027212822733     
  0.10999039096532519     
  0.11090376300658299     
  0.11100287552636683     
  0.11292667629395185     
  0.11332489469200584     
  0.11422978235954001     
  0.11515017058688816     
  0.11564342656836475     
  0.11749937510518625     
  0.11796938725097306     
  0.11829739216820213     
  0.11923719010643891     
  0.12063428125313204     
  0.12161579647443931     
  0.12254248708756654     
  0.12357984173429752     
  0.12412087006864321     
  0.12483651224229267     
  0.12556141304124879     
  0.12609161372572369     
  0.12700261273528715     
  0.12778250499749910     
  0.12844569145291054     
  0.12860077265030223     
  0.12923016520867128     
  0.12995689385031575     
  0.13050929327897787     
  0.13151360051509298     
  0.13190467841279629     
  0.13275053752844984     
  0.13373375980994090     
  0.13436032278888022     
  0.13480948978326393     
  0.13598660538402621     
  0.13605926133541196     
  0.13727431020500477     
  0.13797963391393717     
  0.13821544395705210     
  0.13881668947224815     
  0.14017185961497833     
  0.14063240006499450     
  0.14126387053141870     
  0.14159627607211625     
  0.14259243603166052     
  0.14301765897350638     
  0.14344732864399312     
  0.14388756701053762     
  0.14485397720276660     
  0.14491165823941471     
  0.14596772528301702     
  0.14683332163744103     
  0.14769580677227936     
  0.14809976606389139     
  0.14842830000209839     
  0.14868779349714970     
  0.14912370881999915     
  0.14970731320648531     
  0.15020820773613902     
  0.15138198922472229     
  0.15158551191381328     
  0.15187544837635714     
  0.15226331674433416     
  0.15291544218834929     
  0.15336423523409817     
  0.15363546914847007     
  0.15411247293636354     
  0.15441555221431144     
  0.15489487456983828     
  0.15557523341213483     
  0.15571206430814932     
  0.15672217563809221     
  0.15709898035326039     
  0.15749538898794388     
  0.15819217838431887     
  0.15891653007883064     
  0.15901360043481866     
  0.16019506090246149     
  0.16077867388236386     
  0.16104114638460701     
  0.16118578394983632     
  0.16167408263368246     
  0.16241914783354663     
  0.16324217972628977     
  0.16398550827417110     
  0.16429999076466148     
  0.16493413879040175     
  0.16533507010754558     
  0.16620090828721659     
  0.16694511234644888     
  0.16717750852610050     
  0.16740922861448798     
  0.16817433149536415     
  0.16843502652919790     
  0.16865428819649916     
  0.16945134888037880     
  0.16987453427562388     
  0.17023164215702202     
  0.17041881236872861     
  0.17060315702869613     
  0.17086966542481485     
  0.17140638720028609     
  0.17196994588116107     
  0.17229687695516024     
  0.17259888063767154     
  0.17329473414589530     
  0.17384395209000403     
  0.17437494113969360     
  0.17493423822521750     
  0.17582214538675731     
  0.17629376004149347     
  0.17656994394912298     
  0.17778591280944619     
  0.17846828373909376     
  0.17862045929334558     
  0.17889438812842440     
  0.17952143770943413     
  0.18028154949259603     
  0.18075893543580948     
  0.18183833372986008     
  0.18304201829448680     
  0.18320265325259819     
  0.18357690680544292     
  0.18428479754551427     
  0.18470171549180803     
  0.18552764935932106     
  0.18577305355044457     
  0.18682537714106129     
  0.18745744993727528     
  0.18813902962334766     
  0.18929926184356577     
  0.19000946901341159     
  0.19094650686049791     
  0.19137336002294247     
  0.19197613512084738     
  0.19296837969338537     
  0.19364567769923408     
  0.19487536199520306     
  0.19588047258636884     
  0.19609363176991232     
  0.19650585463562237     
  0.19771450458600456     
  0.19791394466904708     
  0.19903215739626151     
  0.19949258510283052     
  0.19974563634053971     
  0.20016283802945140     
  0.20173838868742175     
  0.20251194687559673     
  0.20327944819744684     
  0.20362626920842847     
  0.20394979786311132     
  0.20613823383191576     
  0.20620777911478080     
  0.20704223287575318     
  0.20762325793189007     
  0.20799597683234181     
  0.20892266234935503     
  0.20974512182517294     
  0.21094208963323891     
  0.21213467207780787     
  0.21353376074187533     
  0.21360646201120390     
  0.21409462911381516     
  0.21573254218007992     
  0.21639508447631137     
  0.21760135817467413     
  0.21779155430006425     
  0.21881535135539976     
  0.21954837419649059     
  0.22010908495157258     
  0.22048993976856213     
  0.22117234141704845     
  0.22203390788471561     
  0.22466107195077140     
  0.22506515225955845     
  0.22560787745391014     
  0.22621952461443090     
  0.22725151177826861     
  0.22791943171029103     
  0.22899218621630485     
  0.22954278327676492     
  0.23172624505021569     
  0.23176657551521815     
  0.23408556987364204     
  0.23509554419686959     
  0.23532823066056885     
  0.23694931028057054     
  0.23770658078281690     
  0.23889914424960287     
  0.23934396259727486     
  0.24024921996631043     
  0.24082323986010701     
  0.24212496498910718     
  0.24298366544770950     
  0.24406082951373878     
  0.24565397956626570     
  0.24683254252475317     
  0.24722692203371616     
  0.24765893871426192     
  0.24978092562525483     
  0.24998633498669343     
  0.25115304712591191     
  0.25191239325171488     
  0.25279040684692494     
  0.25378616959823713     
  0.25426870292047010     
  0.25653075702092648     
  0.25805609803029894     
  0.25912685144535130     
  0.26037539736150267     
  0.26279049330695459     
  0.26356280502611418     
  0.26440572989097555     
  0.26526553697076427     
  0.26718509754189879     
  0.26856095987010997     
  0.27095148595466650     
  0.27223403291025305     
  0.27409759814436291     
  0.27511114614955839     
  0.27711398698670309     
  0.27901237960911446     
  0.28069422852226461     
  0.28173854165124146     
  0.28339546916414066     
  0.28667753158280779     
  0.28735076760218048     
  0.29011869726086387     
  0.29054941284652014     
  0.29227762727011752     
  0.29455614900680754     
  0.29695407500935861     
  0.29772648332228407     
  0.29967041134142480     
  0.30150044701946338     
  0.30466510983519046     
  0.30579575265363607     
  0.30872591024389850     
  0.31193592847627827     
  0.31399160879279253     
  0.31526980122498732     
  0.31657376724108804     
  0.31830784079275382     
  0.31934188864765350     
  0.32166511263035535     
  0.32370908105168933     
  0.32707297497499044     
  0.33032941043461245     
  0.33083942015558815     
  0.33398154169366068     
  0.33491768502824959     
  0.33681431539801310     
  0.34118580448931962     
  0.34272888989477562     
  0.34460263638267913     
  0.34676321185485609     
  0.34683491867249316     
  0.35063758490668134     
  0.35220406266079646     
  0.35293689343069817     
  0.35551484293043040     
  0.35815303751177135     
  0.36077546907702440     
  0.36210108192765078     
  0.36442648531955590     
  0.36709246176814753     
  0.36775074443772310     
  0.36999788286713897     
  0.37281208071090483     
  0.37483870653327300     
  0.37636563269951384     
  0.37817044331311800     
  0.37939160230834457     
  0.38065037389902995     
  0.38342807776027021     
  0.38595260939676124     
  0.38753269462130957     
  0.39048551836480833     
  0.39196486832668082     
  0.39537974467852088     
  0.40009668511157387     
  0.40176353150702315     
  0.40590649258882716     
  0.41033543978182369     
  0.41422330690573611     
  0.41873456471039106     
  0.42190440097888676     
  0.42367147233707275     
  0.42504859573166620     
  0.42729426643056351     
  0.42985070394319086     
  0.43250339880063898     
  0.43488784025234817     
  0.43760915037148851     
  0.43809545034149910     
  0.44131430418270784     
  0.44347373880553326     
  0.44693226278595910     
  0.44991068254878652     
  0.45829245697219317     
  0.45861147480105002     
  0.46794361253510042     
  0.46827678822061813     
  0.47283811859202235     
  0.48340352881677107     
  0.48955321665697021     
  0.50432092772711090     
  0.50846463264439801     
  0.51976113860176099     
  0.54217355212482754     
  0.54489375441437704     
  0.55352675436722565     
  0.55452273821151354     
  0.56326636284909348     
  0.57700978021852778     
  0.60355097224091336     
  0.61400885274851547     
  0.62503565761451219     
  0.63303884984997605     
  0.65964812535153050     
  0.67851620795280310     
  0.72057561840173689     
  0.72167001631620964     
  0.85799971885033810     
  0.92816557138882483     
  0.94951221739569291     
  0.96177145261799746     
  0.98226955557957629     
  0.99747132072622902     
   1.0237822036003534     
   1.0450046789483258     
   1.0887010243543285     
   1.0902931081241629     
   1.1092596953526721     
   1.1170519440507902     
   1.1336253521039104     
   1.1532699278631442     
   1.1675349696585018     
   1.1940545598280243     
   1.2207252390927732     
   1.2257423959530496     
   1.2640176871690738     
   1.2774019568129615     
   1.2970803602644148     
   1.3015572381344807     
   1.3165000302368139     
   1.3320136265023688     
   1.3515978993556261     
   1.4213560821836559     
   1.4406182024888485     
   1.4424326898795050     
   1.4655959198757726     
   1.4694019135708540     
   1.5071524105065353     
   1.5443069869024197     
   1.5574987589497316     
   1.5681934000327553     
   1.6101143755572389     
   1.6126112056904098     
   1.6263878325988512     
   1.6431733032844851     
   1.6739499598667698     
   1.7127140759278505     
   1.7266849698955051     
   1.7658248038993518     
   1.7673466105491897     
   1.7769735644922013     
   1.8009225427781126     
   1.8013346740191203     
   1.8028559615578374     
   1.8109517200553999     
   1.8211783670749093     
   1.8241626647209213     
   1.8695021865222610     
   1.8730531590235566     
   1.9002702276361663     
   1.9786692124038805     
   1.9940473108178265     
   1.9979495332410453     
   2.0196019476995870     
   2.0312411221972639     
   2.0442063460749789     
   2.0468826277240542     
   2.0552795741944054     
   2.0557206843350171     
   2.0685702383762901     
   2.0709757044021098     
   2.0711719162938125     
   2.0744395293051858     
   2.0830829487336109     
   2.0844975189238579     
   2.0899448998548564     
   2.0980425903063180     
   2.0985847949234389     
   2.1022368769604198     
   2.1068874297551119     
   2.1100593499526070     
   2.1109768281974128     
   2.1116367595415788     
   2.1239144678178805     
   2.1262593463886361     
   2.1306666471158286     
   2.1356235752969832     
   2.1369345692171882     
   2.1436041642702071     
   2.1526811819170879     
   2.1565912629117272     
   2.1598673184267714     
   2.1616301421637840     
   2.1643780966790391     
   2.1721473309730914     
   2.1735853109660144     
   2.1767862646324243     
   2.1817403295967757     
   2.1861911794875577     
   2.1894240066886499     
   2.1899085863785994     
   2.1906383023684475     
   2.1958325501776503     
   2.2054403471771948     
   2.2057906592937822     
   2.2060283322293315     
   2.2092836355013539     
   2.2146624989779671     
   2.2166810058228128     
   2.2198256046618017     
   2.2270527398881090     
   2.2290021158053208     
   2.2333581501548916     
   2.2417003708691658     
   2.2472217648707180     
   2.2531526929557364     
   2.2736829275151580     
   2.2784431375346501     
   2.2785092151597173     
   2.2856958841648405     
   2.2998053576399395     
   2.3095971104121826     
   2.3176824353654992     
   2.3181958919452517     
   2.3227033173733420     
   2.3297580065568342     
   2.3306329470732878     
   2.3333754456155695     
   2.3389349144351441     
   2.3452858226221620     
   2.3484131465378550     
   2.3560655835072604     
   2.3629790476658812     
   2.3789784630030835     
   2.3814611717063867     
   2.3821910324107685     
   2.3867367458723794     
   2.3989512287092416     
   2.4051852337147022     
   2.4077968300560126     
   2.4242230771742279     
   2.4359714100454664     
   2.4400769073555204     
   2.4536839053481287     
   2.4662877541965762     
   2.4914903666927319     
   2.4975276272501308     
   2.5021452736315801     
   2.6264770167907088     
   2.6407404649338022     
   2.6456736021080993     
   2.6555986957913622     
   2.6694629131857459     
   2.7029232809890305     
   2.7277742241332974     
   2.7371488122462408     
   2.7880365934226150     
   2.7884676016146233     
   2.7939847365125408     
   2.8072254402624544     
   2.8101544368297047     
   2.8392675400220453     
   2.9305928233610197     
   2.9421965112120114     
   2.9558555534619693     
   2.9617695570677354     
   2.9705599477114037     
   3.0281891128575831     
   3.0533623390479145     
   3.0651606250327048     
   3.0954304078153241     
   3.1111103516094532     
   3.1317516313613556     
   3.1509188508220038     
   3.1515173323892198     
   3.1649696600877317     
   3.1848071566450336     
   3.2007003238276082     
   3.2712608944193198     
   3.2872747130936957     
   3.2974021841314110     
   3.3054934152139177     
   3.3221209493373896     
   3.3406436081989788     
   3.4814366414170763     
   3.4919802563356668     
   3.4936379181681922     
   3.5182887723319740     
   3.5364304654863119     
   3.5467479951567897     
   3.5486766774404734     
   3.6209959344100313     
