           1   247.18099877414258     
           2   133.76788534704917     
           3   132.76821273758654     
           4   200.07692406937781     
           5   165.33441891520042     
           6   208.69124982121684     
           7   289.61449645157484     
           8   307.25405669027884     
           9   232.70621949242167     
          10   202.46572522117930     
          11   253.69887666744012     
          12   264.47702286559064     
          13   327.87050933362991     
          14   319.43569378574364     
          15   282.71746711680692     
          16   265.96572095462147     
          17   419.85003094580065     
          18   553.38719977416122     
          19   374.44823758529412     
          20   481.12230812829205     
          21   226.50216476403347     
          22   268.36941963561139     
          23   210.91102554456950     
          24   196.92732750448158     
          25   175.63244649009104     
          26   158.60363096607620     
          27   144.30041084354025     
          28   178.55997619296880     
          29   206.94506211049895     
          30   341.82837039838648     
          31   699.82419414955348     
          32   1130.3343334463952     
          33   2595.4802598737188     
          34   1649.4409760158633     
          35   1771.1124839516765     
          36   988.78192427776628     
          37   506.18588647200028     
          38   376.54337143928336     
          39   216.82012973359195     
          40   122.46256751499973     
          41   108.07123836995630     
          42   106.38527005067259     
          43   148.50102901080606     
          44   155.09015252418442     
          45   179.62282588842703     
          46   232.06681327250044     
          47   317.86781670306465     
          48   406.79116309921221     
          49   303.18820326078651     
          50   383.35295393847650     
          51   575.36733765737767     
          52   515.41558731562247     
          53   299.51172507273941     
          54   231.01007942840113     
          55   269.11423419927200     
          56   215.88507199458931     
          57   157.14790558238408     
          58   136.45338167198420     
          59   156.52217273847518     
          60   127.53496913099512     
          61   96.832760895091965     
          62   127.51147233529065     
          63   128.57070777792015     
          64   99.067541356675406     
          65   82.229583467634598     
          66   120.41652292570933     
          67   126.10743227033971     
          68   129.82610207212599     
          69   111.62809180850476     
          70   145.15682563252471     
          71   67.934095739100513     
          72   70.652993989847502     
          73   83.991159691720981     
          74   91.881843043099153     
          75   85.514701999375120     
          76   92.199388855728913     
          77   94.767186777279022     
          78   95.255612451856805     
          79   129.44725527955899     
          80   187.08226266150848     
          81   283.89832732940323     
          82   350.12985369846120     
          83   225.88640502130232     
          84   151.45104712507134     
          85   138.19985872336494     
          86   117.81167181404241     
          87   95.008683388781634     
          88   133.71602857483694     
          89   153.85729744655038     
          90   173.11241891210142     
          91   162.84046160175615     
          92   243.38993257457022     
          93   160.28615835954457     
          94   132.97675685391900     
          95   123.21233742442578     
          96   90.151849064880054     
          97   91.467337409674855     
          98   124.22882485214788     
          99   112.50840236763145     
         100   100.34901788379163     
         101   123.55403204485057     
         102   139.07806688982043     
         103   159.95987230390750     
         104   211.50641612816906     
         105   342.81803296925125     
         106   277.08658842110924     
         107   245.55862325356699     
         108   238.22790642649312     
         109   143.63261248861289     
         110   119.98650539372120     
         111   98.989367520770685     
         112   86.635288921157269     
         113   83.516163176272499     
         114   80.540420496869771     
         115   70.996419004775532     
         116   52.755485633131272     
         117   53.246034669113008     
         118   63.967037409222556     
         119   60.831408646844537     
         120   59.155738331496138     
         121   65.255553318961304     
         122   58.629571501359820     
         123   63.811890898510242     
         124   78.008074833946495     
         125   70.683634595197887     
         126   80.041239847608296     
         127   88.517413883148734     
         128   164.27121201698640     
         129   158.52086651082340     
         130   131.60004285888013     
         131   103.37130806557161     
         132   92.852389568224822     
         133   69.762931957721690     
         134   60.563938936557676     
         135   67.462689856443291     
         136   65.734313088021196     
         137   86.442552165631682     
         138   83.968186126606497     
         139   102.72458031069047     
         140   77.557975353135788     
         141   75.683757012619722     
         142   85.293367153051534     
         143   97.928299731438159     
         144   120.05005887851230     
         145   146.93837885974878     
         146   126.10529291655365     
         147   113.79621803393994     
         148   105.59380764989406     
         149   82.980619859953350     
         150   79.772055535135024     
         151   67.272849130153418     
         152   85.614766528058354     
         153   85.091522148337432     
         154   80.016968156958697     
         155   95.784127640063730     
         156   103.70050886485934     
         157   112.41789598116121     
         158   144.61683301230153     
         159   180.52462231776326     
         160   153.15643442782454     
         161   258.64708773105951     
         162   493.90257221122613     
         163   446.98574494683191     
         164   455.88657286136117     
         165   644.68936918527061     
         166   606.64135446253692     
         167   1091.3919922776638     
         168   1095.7130515399085     
         169   1736.3889698085250     
         170   1946.6258930227796     
         171   1340.0807189968946     
         172   2092.2384959239553     
         173   455.26259417251833     
         174   235.13266663952254     
         175   188.36149383260977     
         176   105.55243549139121     
         177   131.96883045332987     
         178   84.352712581503198     
         179   73.811942141748176     
         180   68.121035561291279     
         181   92.292094148312245     
         182   111.41920076270249     
         183   89.117369480581800     
         184   115.31743086781769     
         185   169.44636490047944     
         186   173.18209034336812     
         187   166.93277958904966     
         188   136.97701407184388     
         189   107.53092761476520     
         190   85.350807099858287     
         191   65.802165026548607     
         192   62.590461770264895     
         193   56.891170618474831     
         194   47.375715928341414     
         195   48.822549856603118     
         196   47.107018074983031     
         197   45.309956752625233     
         198   43.799951514868226     
         199   56.510175977842565     
         200   55.281834172005105     
         201   56.318799674924108     
         202   58.693413744696286     
         203   59.358568987517145     
         204   54.966838395748326     
         205   59.728308681726887     
         206   85.344850041416819     
         207   82.744120732154926     
         208   100.18680454005684     
         209   96.882607702280367     
         210   145.26370936209230     
         211   259.48905927997146     
         212   181.43842725570946     
         213   180.57622670912335     
         214   614.95577258812443     
         215   884.85218272866109     
         216   352.57931061306738     
         217   405.58865495293742     
         218   244.29039185260393     
         219   347.71587970896047     
         220   291.94376153623398     
         221   158.79837813406476     
         222   175.25629298100819     
         223   240.10039328868743     
         224   234.99053008753111     
         225   151.90522919470726     
         226   220.35006171129655     
         227   292.83488484948754     
         228   247.29985770169390     
         229   249.80077921289114     
         230   205.91249881019803     
         231   179.62271883028160     
         232   197.65774901523110     
         233   137.93661712397738     
         234   142.35837699562705     
         235   204.76789035042984     
         236   179.53305566958929     
         237   141.79452328760200     
         238   114.31083067162849     
         239   167.46724455523105     
         240   199.21480257778401     
         241   112.26691630649700     
         242   96.267490126222356     
         243   116.59361710755448     
         244   91.225967494784328     
         245   75.260070613160053     
         246   87.664676796839913     
         247   94.472547613093724     
         248   59.935179587601695     
         249   73.388943278428741     
         250   96.864125777935470     
         251   124.78474890290461     
         252   151.43961238523627     
         253   102.41612916957411     
         254   156.16824076386283     
         255   141.14164222948142     
         256   76.302495371805975     
         257   99.481467608125030     
         258   80.161199913089945     
         259   71.428340217723303     
         260   103.90818464652978     
         261   95.600580396795408     
         262   81.120870373423728     
         263   75.036100511720960     
         264   114.84287378703982     
         265   112.20000392193367     
         266   83.861593061402843     
         267   110.60019435029631     
         268   160.44961667698925     
         269   125.30095297099962     
         270   109.03134505597529     
         271   192.20177884425763     
         272   161.57490145457382     
         273   113.10272069083862     
         274   223.58463354482535     
         275   219.61375616078243     
         276   142.92433456031040     
         277   140.62169274258844     
