    1  14.04   0.000
    2   5.12   0.000
    3   3.81   0.000
    4   4.47   0.000
    5   3.50   0.000
    6   4.73   0.000
    7   7.51   0.000
    8   8.22   0.000
    9   5.86   0.000
   10   5.53   0.000
   11   7.10   0.000
   12   7.15   0.000
   13   9.13   0.000
   14  10.17   0.120
   15   8.20   0.690
   16   7.60   1.730
   17  10.76  34.530
   18  14.87 239.550
   19  16.60 150.070
   20  13.43 171.530
   21  12.58 244.120
   22  10.38 112.080
   23   7.78  23.980
   24   5.71   2.870
   25   5.21   1.050
   26   4.09   0.170
   27   4.69   0.000
   28   4.90   0.000
   29   4.24   0.000
   30   6.98   0.000
   31  10.79   0.000
   32  16.90   0.000
   33  44.13   0.000
   34  32.59   0.000
   35  35.37   0.000
   36  19.57   0.000
   37  10.38   0.000
   38   6.69   0.000
   39   4.15   0.000
   40   2.41   0.000
   41   2.51   0.420
   42   3.07   1.030
   43   4.02   5.500
   44   4.85  53.980
   45   6.91 173.250
   46   9.40 253.350
   47  15.97 118.960
   48  12.63  82.310
   49   9.22  21.020
   50  10.96   2.580
   51  14.73   1.210
   52  13.74   0.300
   53   7.86   3.880
   54   6.00   3.130
   55   7.10   0.480
   56   5.74   0.890
   57   3.57   2.710
   58   3.40   0.450
   59   3.26   0.000
   60   2.52   0.550
   61   2.40   0.180
   62   3.01   0.000
   63   2.53   0.000
   64   2.26   0.000
   65   2.25   0.000
   66   2.63   0.000
   67   2.71   0.000
   68   2.66   0.000
   69   2.18   0.000
   70   2.60   0.000
   71   1.58   0.000
   72   1.68   0.000
   73   2.37   0.000
   74   2.19   0.000
   75   2.29   0.000
   76   2.02   0.000
   77   2.10   0.000
   78   2.09   0.290
   79   3.08   0.650
   80   6.26   0.490
   81   8.49   1.170
   82  13.26   3.850
   83   6.38   5.880
   84   3.63   4.420
   85   3.03   1.640
   86   2.19   1.170
   87   1.67   0.410
   88   2.43   0.000
   89   2.69   0.000
   90   2.83   0.000
   91   3.14   0.000
   92   5.15   0.000
   93   3.67   0.000
   94   3.24   0.000
   95   2.92   0.000
   96   2.35   0.000
   97   2.34   0.000
   98   3.49   0.000
   99   3.39   0.000
  100   2.62   0.000
  101   3.21   0.000
  102   4.67   0.000
  103   5.25   0.000
  104   4.37   0.000
  105   9.20   0.000
  106   8.55   0.000
  107   5.27   0.000
  108   3.83   0.000
  109   3.02   0.000
  110   2.64   0.000
  111   2.39   0.000
  112   2.02   0.000
  113   1.96   0.000
  114   1.91   0.000
  115   1.91   0.000
  116   1.60   0.000
  117   1.35   0.000
  118   1.42   0.000
  119   1.45   0.000
  120   1.28   0.000
  121   1.30   0.000
  122   1.26   0.000
  123   1.31   0.000
  124   1.53   0.000
  125   1.42   0.000
  126   1.71   0.000
  127   1.80   0.000
  128   2.54   0.000
  129   2.16   0.000
  130   2.12   0.000
  131   1.72   0.000
  132   1.59   0.000
  133   1.48   0.000
  134   1.39   0.000
  135   1.69   0.000
  136   1.70   0.000
  137   2.20   0.000
  138   2.05   0.000
  139   2.60   0.000
  140   1.94   0.000
  141   1.82   0.000
  142   2.13   0.000
  143   2.47   0.000
  144   2.87   0.000
  145   4.07   0.000
  146   4.22   0.000
  147   3.79   0.000
  148   2.56   0.000
  149   1.91   0.000
  150   1.84   0.000
  151   1.74   0.000
  152   2.45   0.000
  153   2.27   0.860
  154   2.29   0.000
  155   2.94   0.780
  156   2.64   0.000
  157   2.24   0.000
  158   2.49   0.000
  159   3.06   0.000
  160   3.03   0.000
  161   8.43   0.000
  162  14.92   0.000
  163  17.53   0.000
  164   7.42   0.000
  165   6.96   0.000
  166   4.32   0.000
  167   3.82   0.000
  168   8.79   0.000
  169  15.25   0.000
  170  31.77   0.000
  171 205.35   0.000
  172 127.00   0.000
  173  32.74   0.000
  174  10.40   0.000
  175   6.91   0.000
  176   3.59   0.000
  177   4.38   0.000
  178   2.22   0.000
  179   2.27   0.000
  180   2.03   0.000
  181   2.91   0.000
  182   3.24   0.000
  183   2.82   0.000
  184   4.10   0.000
  185   5.59   0.000
  186   6.32   0.000
  187   5.37   0.000
  188   3.22   0.000
  189   2.34   0.000
  190   1.65   0.000
  191   1.22   0.000
  192   1.50   0.000
  193   1.20   0.000
  194   0.96   0.000
  195   1.02   0.000
  196   1.04   0.000
  197   1.03   0.000
  198   1.02   0.000
  199   1.15   0.000
  200   1.28   0.000
  201   1.22   0.000
  202   1.33   0.000
  203   1.43   0.000
  204   1.27   0.000
  205   1.43   0.000
  206   2.02   0.000
  207   1.98   0.000
  208   2.50   0.000
  209   2.39   0.000
  210   3.39   0.000
  211   5.89   0.000
  212   4.33   0.000
  213   5.48   0.000
  214  11.11   0.000
  215  19.37   0.000
  216   9.23   0.000
  217  10.40   0.000
  218   9.26   0.000
  219   9.96   0.000
  220   7.53   0.000
  221   5.26   0.000
  222   5.80   0.000
  223   6.50   0.000
  224   6.71   0.000
  225   5.16   0.000
  226   6.70   0.000
  227   9.01   0.000
  228   8.30   0.000
  229   7.05   0.000
  230   5.15   0.000
  231   3.85   0.000
  232   4.70   0.000
  233   3.20   0.000
  234   3.15   0.000
  235   5.02   0.000
  236   4.36   0.000
  237   3.08   0.000
  238   2.78   0.000
  239   3.79   0.000
  240   4.61   0.000
  241   2.84   0.000
  242   2.32   0.000
  243   2.65   0.000
  244   1.90   0.000
  245   1.65   0.000
  246   1.99   0.000
  247   1.80   0.000
  248   1.37   0.000
  249   1.65   0.000
  250   2.26   0.000
  251   3.41   0.000
  252   3.89   0.000
  253   2.42   0.000
  254   3.54   0.000
  255   3.46   0.000
  256   1.65   0.000
  257   2.12   0.000
  258   1.65   0.000
  259   1.61   0.000
  260   2.43   0.000
  261   2.19   0.000
  262   1.81   0.000
  263   1.77   0.000
  264   2.71   0.000
  265   2.60   0.000
  266   1.93   0.000
  267   2.53   0.000
  268   3.69   0.000
  269   2.95   0.000
  270   2.57   0.000
  271   4.17   0.000
  272   4.60   0.000
  273   2.69   0.000
  274   4.90   0.000
  275   5.29   0.000
  276   3.29   0.000
  277   3.00   0.000
