           1   1044.1898911836740     
           2   234.18527873003296     
           3   182.28477859638505     
           4   212.81664067826085     
           5   157.98229910020373     
           6   214.44067865191394     
           7   333.31132640075487     
           8   386.81596520500784     
           9   273.73128751719901     
          10   267.46325551213783     
          11   315.98113579291510     
          12   318.54869675152304     
          13   412.06616731824323     
          14   439.51124714112740     
          15   375.14235021922832     
          16   339.29077962178889     
          17   580.46437109973374     
          18   842.32381918978581     
          19   1871.8409686956879     
          20   1576.4640687088877     
          21   1584.9697543861039     
          22   507.90221018016177     
          23   364.23861332837288     
          24   258.85016139930673     
          25   217.24808884175775     
          26   174.07862140104410     
          27   190.09925148638277     
          28   205.74474569658486     
          29   197.03111147971009     
          30   314.81877297779545     
          31   505.98181668868449     
          32   1079.4981911526122     
          33   1837.6362169892946     
          34   1562.5933722577581     
          35   1577.2784898874045     
          36   884.92703359096959     
          37   435.14802710336483     
          38   293.07973069760607     
          39   172.80230348809840     
          40   98.676836436849413     
          41   105.75613670506277     
          42   135.08105904573159     
          43   184.05814817996861     
          44   215.93679169845751     
          45   253.18784412743418     
          46   398.49124422909910     
          47   658.66588381043425     
          48   978.37378521360006     
          49   811.19142464168090     
          50   494.31893346030392     
          51   490.47094073361870     
          52   463.29673022483689     
          53   305.42701958423129     
          54   223.42206845774322     
          55   227.77425360874417     
          56   211.05129558253321     
          57   145.68980790485691     
          58   138.23200257473326     
          59   134.15801582970806     
          60   105.37626258566243     
          61   102.41394657690012     
          62   119.30547262602560     
          63   105.02800090823354     
          64   94.608706760277528     
          65   93.646431995133440     
          66   107.09444377777022     
          67   114.05580877751163     
          68   108.59750609061378     
          69   99.308748066388134     
          70   108.15322738475687     
          71   66.250236975290051     
          72   72.854126759070226     
          73   84.103228782185568     
          74   79.845162685068829     
          75   113.79619914001620     
          76   95.669514327197135     
          77   96.832225351519725     
          78   100.50073931148916     
          79   145.74927248142811     
          80   303.06353620644302     
          81   397.30720401496370     
          82   655.43736571226611     
          83   283.90669431576464     
          84   167.27266254773050     
          85   141.34005649531071     
          86   102.02808030755271     
          87   71.839593716201648     
          88   104.20706207615399     
          89   103.95951204124700     
          90   117.46386779509304     
          91   130.34340175120769     
          92   188.60943831095329     
          93   156.62113144926178     
          94   132.18044501815541     
          95   109.63343064845421     
          96   91.259868145215563     
          97   95.511469050220882     
          98   113.14171395541936     
          99   119.57168927312100     
         100   104.15817187544151     
         101   121.74198546783589     
         102   180.69120314749154     
         103   179.24949306793488     
         104   159.83658578089194     
         105   282.95783268150433     
         106   268.62734059154729     
         107   230.52931563335756     
         108   196.10140927586090     
         109   126.69832743059824     
         110   117.75043058463952     
         111   98.341859806465834     
         112   81.380291160573876     
         113   79.053690338745056     
         114   77.042041300284069     
         115   73.858132443852810     
         116   56.435839640542532     
         117   50.707941804871695     
         118   70.193109134160579     
         119   61.330668883744885     
         120   56.738181774690034     
         121   62.900590086182362     
         122   60.620559378838365     
         123   58.407732147755837     
         124   66.830328191225846     
         125   66.969256591935292     
         126   75.757230211127393     
         127   84.210929288098171     
         128   111.47789503322662     
         129   88.822013077867979     
         130   87.692539070302487     
         131   78.742588331209376     
         132   71.147970223938415     
         133   65.646898547179433     
         134   57.718730290794490     
         135   69.739120324538092     
         136   72.188201302407265     
         137   96.038517516606902     
         138   91.560852547364647     
         139   106.76794887860396     
         140   80.178012706153922     
         141   75.711205252245563     
         142   88.075564113862129     
         143   102.23866798823533     
         144   118.76310159818696     
         145   162.28325091090096     
         146   182.93491954713880     
         147   118.82434272250657     
         148   98.369466810119746     
         149   84.451616017965762     
         150   74.190239099834514     
         151   70.282787664835425     
         152   98.092437976189444     
         153   92.411888003783659     
         154   84.927709020333936     
         155   105.57191511786866     
         156   105.52621327507124     
         157   94.031395058512743     
         158   106.27475552110846     
         159   130.21025309322781     
         160   121.72086775099092     
         161   228.94990953395859     
         162   913.83919606606401     
         163   1136.4776217600311     
         164   352.35648517547344     
         165   250.04770256581600     
         166   182.93210149887068     
         167   152.05337705094817     
         168   263.28381252589014     
         169   400.36685827813108     
         170   803.37179771639160     
         171   852.08142891983198     
         172   1021.5827311265023     
         173   902.02121671968700     
         174   275.02894108031052     
         175   226.08304140690927     
         176   146.03757385040743     
         177   181.60115053601493     
         178   90.036957862016038     
         179   87.204001583992238     
         180   84.499272561121643     
         181   108.99325135134856     
         182   127.05626216757392     
         183   99.160540231211897     
         184   146.73973756195920     
         185   209.82748245637077     
         186   237.25250201753823     
         187   195.15106755489970     
         188   134.26543829884400     
         189   97.604110167592040     
         190   72.190371009944158     
         191   51.984400646879649     
         192   50.770985625994669     
         193   47.840647146163640     
         194   41.076282916441315     
         195   39.442311140163063     
         196   43.077674516531687     
         197   42.399526507100916     
         198   42.508714747041310     
         199   55.022798435379698     
         200   55.203053666029838     
         201   55.718854674716816     
         202   52.707457024400043     
         203   59.326987711411427     
         204   57.287486947278921     
         205   60.471178098867199     
         206   87.373004447887666     
         207   88.210198953186620     
         208   110.52748497514622     
         209   100.62192194851679     
         210   143.87712957346122     
         211   251.75225845640915     
         212   188.93465670503431     
         213   251.32885714306281     
         214   699.21498052844004     
         215   1234.3132870115724     
         216   493.04684268934170     
         217   388.27266905193312     
         218   382.77435241418527     
         219   412.43184702548547     
         220   300.72488140931716     
         221   214.94627143736463     
         222   235.47178416929736     
         223   264.59688055709728     
         224   246.81641347554609     
         225   185.84528341577104     
         226   258.19337704223238     
         227   353.59286347445430     
         228   318.46787700350700     
         229   296.31724737087376     
         230   259.40870110997037     
         231   195.34579341996718     
         232   206.31412094769169     
         233   176.68638001134036     
         234   143.98459826555853     
         235   223.56016659418947     
         236   171.90478495536303     
         237   141.31584300124126     
         238   120.92929662496238     
         239   161.99859622692304     
         240   192.80718490670034     
         241   121.15969308441747     
         242   100.53487079677129     
         243   123.09474661513282     
         244   93.579888037910507     
         245   75.966055553935021     
         246   88.943521185448319     
         247   83.773321332360553     
         248   56.139872309883692     
         249   68.555575125774610     
         250   97.377122851508290     
         251   134.38254348084394     
         252   146.65498430755693     
         253   99.514131161660444     
         254   151.24965818182045     
         255   144.93001750777148     
         256   86.564219978935583     
         257   100.23769746298966     
         258   73.331942821884383     
         259   73.848796091693842     
         260   97.112599440677997     
         261   89.298857073083269     
         262   75.230529948156033     
         263   74.779387289222285     
         264   100.21473412739692     
         265   101.75038733827323     
         266   84.755703684983771     
         267   107.94452734299183     
         268   164.39933005388230     
         269   126.56054281850028     
         270   114.27449119071704     
         271   180.11730776981466     
         272   171.47961888586710     
         273   116.08984602678751     
         274   207.58233934361471     
         275   226.89098385424148     
         276   142.72620593971084     
         277   132.58844920686795     
