   1   38.94   38.38    81.74  2.8459E-001  5.9737E-001
   2   21.02   26.14    44.13  2.8459E-001  5.9737E-001
   3   24.44   23.90    51.31  2.8459E-001  5.9737E-001
   4   25.59   20.27    53.72  2.8459E-001  5.9737E-001
   5   31.21   31.73    65.52  2.8459E-001  5.9737E-001
   6   40.50   38.15    85.01  2.8459E-001  5.9737E-001
   7   27.44   16.63    57.61  2.8459E-001  5.9737E-001
   8   18.18   16.71    38.17  2.8459E-001  5.9737E-001
   9   20.39   20.47    42.81  2.8459E-001  5.9737E-001
  10   24.47   21.86    51.37  2.8459E-001  5.9737E-001
  11   29.55   27.49    62.02  2.8459E-001  5.9737E-001
  12   48.97   39.02   102.79  2.8459E-001  5.9737E-001
  13   21.47   19.35    45.07  2.8459E-001  5.9737E-001
  14   14.99   15.54    31.46  2.8459E-001  5.9737E-001
  15   19.97   15.29    41.91  2.8459E-001  5.9737E-001
  16   24.32   18.83    51.04  2.8459E-001  5.9737E-001
  17   23.34   20.99    48.99  2.8459E-001  5.9737E-001
  18   27.79   18.44    58.33  2.8459E-001  5.9737E-001
  19   19.66   19.32    41.26  2.8459E-001  5.9737E-001
  20   13.64   20.37    28.62  2.8459E-001  5.9737E-001
  21   16.87   19.61    35.41  2.8459E-001  5.9737E-001
  22   25.27   19.76    53.05  2.8459E-001  5.9737E-001
  23   21.60   28.16    45.34  2.8459E-001  5.9737E-001
  24   26.45   19.14    55.51  2.8459E-001  5.9737E-001
  25   18.14   18.91    38.07  2.8459E-001  5.9737E-001
  26   12.97   17.08    27.22  2.8459E-001  5.9737E-001
  27   16.18   17.45    33.97  2.8459E-001  5.9737E-001
  28   22.62   23.44    47.49  2.8459E-001  5.9737E-001
  29   20.04   18.00    42.06  2.8459E-001  5.9737E-001
  30   23.83   23.99    50.02  2.8459E-001  5.9737E-001
  31   17.46   18.86    36.65  2.8459E-001  5.9737E-001
  32   14.10   19.01    29.60  2.8459E-001  5.9737E-001
  33   17.69   18.47    37.14  2.8459E-001  5.9737E-001
  34   21.31   27.19    44.73  2.8459E-001  5.9737E-001
  35   18.87   11.00    39.60  2.8459E-001  5.9737E-001
  36   19.33   16.85    40.58  2.8459E-001  5.9737E-001
  37   19.47   22.28    40.86  2.8459E-001  5.9737E-001
  38   22.57   16.74    47.37  2.8459E-001  5.9737E-001
  39   21.40   17.47    44.91  2.8459E-001  5.9737E-001
  40   26.49   20.37    55.61  2.8459E-001  5.9737E-001
  41   22.70   27.03    47.65  2.8459E-001  5.9737E-001
  42   18.21   20.81    38.22  2.8459E-001  5.9737E-001
  43   20.50   22.77    43.04  2.8459E-001  5.9737E-001
  44   25.45   27.45    53.41  2.8459E-001  5.9737E-001
  45   26.75   19.89    56.15  2.8459E-001  5.9737E-001
  46   27.27   28.81    57.25  2.8459E-001  5.9737E-001
  47   22.31   20.62    46.83  2.8459E-001  5.9737E-001
  48   24.21   27.01    50.83  2.8459E-001  5.9737E-001
  49   27.00   26.39    56.67  2.8459E-001  5.9737E-001
  50   36.87   23.29    77.39  2.8459E-001  5.9737E-001
  51   42.42   19.18    89.05  2.8459E-001  5.9737E-001
  52   25.02   29.20    52.51  2.8459E-001  5.9737E-001
  53   25.13   25.54    52.74  2.8459E-001  5.9737E-001
  54   21.04   28.56    44.16  2.8459E-001  5.9737E-001
  55   25.53   34.54    53.59  2.8459E-001  5.9737E-001
  56   21.19   27.46    44.47  2.8459E-001  5.9737E-001
  57   17.08   27.71    35.84  2.8459E-001  5.9737E-001
  58   18.91   30.55    39.69  2.8459E-001  5.9737E-001
  59   25.56   42.55    53.65  2.8459E-001  5.9737E-001
  60   24.94   21.94    52.36  2.8459E-001  5.9737E-001
  61   23.33   35.60    48.97  2.8459E-001  5.9737E-001
  62   32.50   30.26    68.22  2.8459E-001  5.9737E-001
  63   20.55   31.17    43.13  2.8459E-001  5.9737E-001
  64   35.80   31.14    75.14  2.8459E-001  5.9737E-001
  65   24.67   29.63    51.79  2.8459E-001  5.9737E-001
  66   19.32   29.44    40.55  2.8459E-001  5.9737E-001
  67   23.06   31.56    48.41  2.8459E-001  5.9737E-001
  68   25.24   32.16    52.99  2.8459E-001  5.9737E-001
  69   23.41   23.69    49.13  2.8459E-001  5.9737E-001
  70   28.71   28.30    60.26  2.8459E-001  5.9737E-001
  71   30.46   31.86    63.94  2.8459E-001  5.9737E-001
  72   29.82   32.28    62.59  2.8459E-001  5.9737E-001
  73   28.90   35.03    60.66  2.8459E-001  5.9737E-001
  74   29.07   46.12    61.03  2.8459E-001  5.9737E-001
  75   25.99   39.78    54.55  2.8459E-001  5.9737E-001
  76   26.11   37.59    54.81  2.8459E-001  5.9737E-001
  77   25.92   33.26    54.42  2.8459E-001  5.9737E-001
  78   36.71   45.76    77.05  2.8459E-001  5.9737E-001
  79   32.78   40.67    68.80  2.8459E-001  5.9737E-001
  80   34.08   40.89    71.53  2.8459E-001  5.9737E-001
  81   21.17   27.58    44.43  2.8459E-001  5.9737E-001
  82   22.28   26.78    46.77  2.8459E-001  5.9737E-001
  83   28.58   24.01    60.00  2.8459E-001  5.9737E-001
  84   28.02   24.42    58.82  2.8459E-001  5.9737E-001
  85   30.00   30.56    62.98  2.8459E-001  5.9737E-001
  86   38.25   37.27    80.29  2.8459E-001  5.9737E-001
  87   28.12   24.84    59.02  2.8459E-001  5.9737E-001
  88   25.18   27.10    52.86  2.8459E-001  5.9737E-001
  89   25.88   27.26    54.32  2.8459E-001  5.9737E-001
  90   30.37   33.13    63.76  2.8459E-001  5.9737E-001
  91   32.31   23.33    67.82  2.8459E-001  5.9737E-001
  92   39.23   27.99    82.36  2.8459E-001  5.9737E-001
  93   29.33   26.97    61.56  2.8459E-001  5.9737E-001
  94   30.21   24.78    63.42  2.8459E-001  5.9737E-001
  95   38.87   27.05    81.59  2.8459E-001  5.9737E-001
  96   59.42   36.42   124.72  2.8459E-001  5.9737E-001
  97   90.92   49.18   190.84  2.8459E-001  5.9737E-001
  98   30.89   24.96    64.83  2.8459E-001  5.9737E-001
  99   26.16   25.39    54.92  2.8459E-001  5.9737E-001
 100   24.47   26.16    51.37  2.8459E-001  5.9737E-001
 101   35.27   29.88    74.03  2.8459E-001  5.9737E-001
 102   38.17   29.34    80.13  2.8459E-001  5.9737E-001
 103   38.94   35.88    81.74  2.8459E-001  5.9737E-001
 104   20.25   25.42    42.51  2.8459E-001  5.9737E-001
 105   19.12   20.88    40.13  2.8459E-001  5.9737E-001
 106   21.35   18.82    44.82  2.8459E-001  5.9737E-001
 107   27.61   23.31    57.96  2.8459E-001  5.9737E-001
 108   26.00   20.41    54.57  2.8459E-001  5.9737E-001
 109   27.63   20.19    57.99  2.8459E-001  5.9737E-001
 110   19.75   20.84    41.46  2.8459E-001  5.9737E-001
 111   22.25   21.04    46.71  2.8459E-001  5.9737E-001
 112   28.35   24.85    59.50  2.8459E-001  5.9737E-001
 113   32.18   21.56    67.55  2.8459E-001  5.9737E-001
 114   35.66   21.42    74.84  2.8459E-001  5.9737E-001
 115   44.34   23.32    93.08  2.8459E-001  5.9737E-001
 116   25.06   23.59    52.59  2.8459E-001  5.9737E-001
 117   32.74   32.65    68.73  2.8459E-001  5.9737E-001
 118   34.81   31.66    73.07  2.8459E-001  5.9737E-001
 119   69.35   33.22   145.58  2.8459E-001  5.9737E-001
 120   66.81   39.43   140.23  2.8459E-001  5.9737E-001
 121  140.06   58.20   293.99  2.8459E-001  5.9737E-001
 122   26.45   32.63    55.52  2.8459E-001  5.9737E-001
 123   30.87   35.63    64.80  2.8459E-001  5.9737E-001
 124   36.98   36.20    77.62  2.8459E-001  5.9737E-001
 125   65.71   41.36   137.93  2.8459E-001  5.9737E-001
 126   47.98   43.91   100.72  2.8459E-001  5.9737E-001
 127   57.03   59.74   119.71  2.8459E-001  5.9737E-001
 128   26.84   37.20    56.33  2.8459E-001  5.9737E-001
 129   25.52   27.87    53.57  2.8459E-001  5.9737E-001
 130   29.06   25.86    61.00  2.8459E-001  5.9737E-001
 131   48.03   35.14   100.82  2.8459E-001  5.9737E-001
 132   27.65   27.44    58.04  2.8459E-001  5.9737E-001
 133   37.47   38.55    78.66  2.8459E-001  5.9737E-001
 134   28.84   23.04    60.54  2.8459E-001  5.9737E-001
 135   36.72   21.20    77.07  2.8459E-001  5.9737E-001
 136   30.12   25.31    63.23  2.8459E-001  5.9737E-001
 137   41.29   28.30    86.66  2.8459E-001  5.9737E-001
 138   29.92   22.09    62.81  2.8459E-001  5.9737E-001
 139   19.21   14.88    40.33  2.8459E-001  5.9737E-001
 140   24.46   15.21    51.33  2.8459E-001  5.9737E-001
 141   31.86   16.28    66.87  2.8459E-001  5.9737E-001
 142   26.71   13.60    56.07  2.8459E-001  5.9737E-001
 143   31.32   11.40    65.75  2.8459E-001  5.9737E-001
 144   26.81   13.64    56.27  2.8459E-001  5.9737E-001
 145   21.14   11.23    44.38  2.8459E-001  5.9737E-001
 146   22.27   18.17    46.74  2.8459E-001  5.9737E-001
 147   23.68   24.15    49.71  2.8459E-001  5.9737E-001
 148   35.29   10.30    74.07  2.8459E-001  5.9737E-001
 149   36.72    7.95    77.08  2.8459E-001  5.9737E-001
 150   25.55   21.44    53.63  2.8459E-001  5.9737E-001
 151   22.14   24.04    46.48  2.8459E-001  5.9737E-001
 152   25.55   23.79    53.64  2.8459E-001  5.9737E-001
 153   41.22   23.53    86.52  2.8459E-001  5.9737E-001
 154   32.09   28.91    67.36  2.8459E-001  5.9737E-001
 155   34.33   38.30    72.05  2.8459E-001  5.9737E-001
 156   22.76   29.44    47.77  2.8459E-001  5.9737E-001
 157   18.64   20.40    39.13  2.8459E-001  5.9737E-001
 158   26.03   18.98    54.65  2.8459E-001  5.9737E-001
 159   29.73   22.80    62.41  2.8459E-001  5.9737E-001
 160   29.14   30.75    61.16  2.8459E-001  5.9737E-001
 161   35.73   29.44    74.99  2.8459E-001  5.9737E-001
 162   33.51   24.77    70.34  2.8459E-001  5.9737E-001
 163   22.20   23.92    46.60  2.8459E-001  5.9737E-001
 164   23.82   26.47    49.99  2.8459E-001  5.9737E-001
 165   28.87   29.50    60.59  2.8459E-001  5.9737E-001
 166   31.40   23.08    65.91  2.8459E-001  5.9737E-001
 167   40.14   31.57    84.25  2.8459E-001  5.9737E-001
 168   26.70   28.16    56.05  2.8459E-001  5.9737E-001
 169   19.18   29.64    40.26  2.8459E-001  5.9737E-001
 170   23.23   32.16    48.77  2.8459E-001  5.9737E-001
 171   31.39   41.41    65.89  2.8459E-001  5.9737E-001
 172   27.67   31.83    58.08  2.8459E-001  5.9737E-001
 173   28.67   30.27    60.17  2.8459E-001  5.9737E-001
 174   32.51   24.68    68.23  2.8459E-001  5.9737E-001
 175   36.12   24.39    75.82  2.8459E-001  5.9737E-001
 176   29.95   30.73    62.87  2.8459E-001  5.9737E-001
 177   38.89   34.51    81.64  2.8459E-001  5.9737E-001
 178   35.80   35.80    75.15  2.8459E-001  5.9737E-001
 179   26.64   38.02    55.93  2.8459E-001  5.9737E-001
 180   30.24   35.80    63.48  2.8459E-001  5.9737E-001
 181   45.28   39.72    95.03  2.8459E-001  5.9737E-001
 182   41.96   37.07    88.08  2.8459E-001  5.9737E-001
 183   54.29   43.43   113.96  2.8459E-001  5.9737E-001
 184   31.79   41.46    66.74  2.8459E-001  5.9737E-001
 185   23.09   40.87    48.47  2.8459E-001  5.9737E-001
 186   22.84   38.85    47.95  2.8459E-001  5.9737E-001
 187   32.58   34.14    68.39  2.8459E-001  5.9737E-001
 188   32.62   39.20    68.46  2.8459E-001  5.9737E-001
 189   38.71   40.32    81.25  2.8459E-001  5.9737E-001
 190   21.18   42.33    44.45  2.8459E-001  5.9737E-001
 191   20.15   45.53    42.29  2.8459E-001  5.9737E-001
 192   26.21   45.85    55.01  2.8459E-001  5.9737E-001
 193   34.45   56.61    72.31  2.8459E-001  5.9737E-001
 194   27.59   49.35    57.91  2.8459E-001  5.9737E-001
 195   28.97   54.62    60.80  2.8459E-001  5.9737E-001
 196   27.10   45.36    56.89  2.8459E-001  5.9737E-001
 197   30.53   42.39    64.09  2.8459E-001  5.9737E-001
 198   35.16   41.63    73.81  2.8459E-001  5.9737E-001
 199   53.59   48.24   112.49  2.8459E-001  5.9737E-001
 200   55.52   41.71   116.53  2.8459E-001  5.9737E-001
 201   72.39   57.04   151.94  2.8459E-001  5.9737E-001
 202   37.18   35.52    78.04  2.8459E-001  5.9737E-001
 203   35.26   45.45    74.01  2.8459E-001  5.9737E-001
 204   36.12   52.61    75.81  2.8459E-001  5.9737E-001
 205   46.23   62.24    97.04  2.8459E-001  5.9737E-001
 206   60.32   51.54   126.61  2.8459E-001  5.9737E-001
 207   27.28   52.92    57.26  2.8459E-001  5.9737E-001
 208   27.24   51.67    57.17  2.8459E-001  5.9737E-001
 209   28.14   52.97    59.07  2.8459E-001  5.9737E-001
 210   43.35   50.30    90.98  2.8459E-001  5.9737E-001
 211   33.71   52.36    70.76  2.8459E-001  5.9737E-001
 212   27.65   56.23    58.03  2.8459E-001  5.9737E-001
 213   26.47   56.95    55.57  2.8459E-001  5.9737E-001
 214   35.59   63.03    74.71  2.8459E-001  5.9737E-001
 215   47.06   70.03    98.77  2.8459E-001  5.9737E-001
 216   35.87   53.04    75.29  2.8459E-001  5.9737E-001
 217   37.81   52.39    79.37  2.8459E-001  5.9737E-001
 218   38.13   69.30    80.03  2.8459E-001  5.9737E-001
 219   51.16   73.31   107.39  2.8459E-001  5.9737E-001
 220   52.30   72.81   109.79  2.8459E-001  5.9737E-001
 221   71.19   72.57   149.43  2.8459E-001  5.9737E-001
 222   84.10   78.94   176.53  2.8459E-001  5.9737E-001
 223  227.41   74.58   477.34  2.8459E-001  5.9737E-001
 224   51.68   75.64   108.47  2.8459E-001  5.9737E-001
 225   65.72   78.97   137.95  2.8459E-001  5.9737E-001
 226   53.63   75.30   112.57  2.8459E-001  5.9737E-001
 227   60.21   76.48   126.39  2.8459E-001  5.9737E-001
 228   95.74   85.04   200.97  2.8459E-001  5.9737E-001
 229  150.09   97.95   315.05  2.8459E-001  5.9737E-001
 230   55.82   70.12   117.17  2.8459E-001  5.9737E-001
 231   51.59   64.76   108.29  2.8459E-001  5.9737E-001
 232   53.84   63.86   113.00  2.8459E-001  5.9737E-001
 233  104.85   65.89   220.09  2.8459E-001  5.9737E-001
 234   52.79   61.41   110.80  2.8459E-001  5.9737E-001
 235   46.20   55.63    96.97  2.8459E-001  5.9737E-001
 236   47.80   55.12   100.34  2.8459E-001  5.9737E-001
 237   49.04   54.12   102.93  2.8459E-001  5.9737E-001
 238   51.19   57.25   107.46  2.8459E-001  5.9737E-001
 239   43.51   55.11    91.33  2.8459E-001  5.9737E-001
 240   73.59   56.78   154.46  2.8459E-001  5.9737E-001
 241   53.34   54.14   111.96  2.8459E-001  5.9737E-001
 242   36.17   49.30    75.93  2.8459E-001  5.9737E-001
 243   42.82   45.15    89.88  2.8459E-001  5.9737E-001
 244  116.93   60.09   245.45  2.8459E-001  5.9737E-001
 245  158.44   77.27   332.57  2.8459E-001  5.9737E-001
 246   42.93   46.63    90.11  2.8459E-001  5.9737E-001
 247   26.99   40.59    56.66  2.8459E-001  5.9737E-001
 248   24.09   41.55    50.57  2.8459E-001  5.9737E-001
 249   27.78   44.88    58.31  2.8459E-001  5.9737E-001
 250   33.53   38.48    70.38  2.8459E-001  5.9737E-001
 251   44.41   46.64    93.23  2.8459E-001  5.9737E-001
 252   27.84   39.11    58.43  2.8459E-001  5.9737E-001
 253   28.41   36.89    59.64  2.8459E-001  5.9737E-001
 254   25.91   40.06    54.39  2.8459E-001  5.9737E-001
 255   31.49   39.11    66.10  2.8459E-001  5.9737E-001
 256   28.09   45.15    58.97  2.8459E-001  5.9737E-001
 257   30.56   48.77    64.15  2.8459E-001  5.9737E-001
 258   31.46   45.79    66.03  2.8459E-001  5.9737E-001
 259   45.75   48.46    96.04  2.8459E-001  5.9737E-001
 260   52.64   61.79   110.50  2.8459E-001  5.9737E-001
 261  116.12   87.68   243.74  2.8459E-001  5.9737E-001
 262   27.59   38.94    57.92  2.8459E-001  5.9737E-001
 263   28.28   40.56    59.35  2.8459E-001  5.9737E-001
 264   26.40   39.82    55.42  2.8459E-001  5.9737E-001
 265   38.13   46.21    80.03  2.8459E-001  5.9737E-001
 266   44.36   41.55    93.12  2.8459E-001  5.9737E-001
 267   70.31   60.16   147.59  2.8459E-001  5.9737E-001
 268   25.87   35.46    54.30  2.8459E-001  5.9737E-001
 269   20.19   37.77    42.39  2.8459E-001  5.9737E-001
 270   26.54   33.54    55.70  2.8459E-001  5.9737E-001
 271   34.58   34.18    72.60  2.8459E-001  5.9737E-001
 272   26.28   36.19    55.17  2.8459E-001  5.9737E-001
 273   30.25   37.20    63.49  2.8459E-001  5.9737E-001
 274   31.27   39.67    65.65  2.8459E-001  5.9737E-001
 275   36.68   45.94    76.98  2.8459E-001  5.9737E-001
 276   56.29   52.82   118.16  2.8459E-001  5.9737E-001
 277   40.19   37.90    84.36  2.8459E-001  5.9737E-001
 278   84.27   53.34   176.89  2.8459E-001  5.9737E-001
 279   40.44   51.15    84.88  2.8459E-001  5.9737E-001
 280   38.84   53.21    81.52  2.8459E-001  5.9737E-001
 281   38.69   51.51    81.22  2.8459E-001  5.9737E-001
 282   46.48   59.71    97.57  2.8459E-001  5.9737E-001
 283   54.32   63.72   114.02  2.8459E-001  5.9737E-001
 284   81.03   70.20   170.08  2.8459E-001  5.9737E-001
 285   30.94   47.89    64.94  2.8459E-001  5.9737E-001
 286   30.54   40.57    64.10  2.8459E-001  5.9737E-001
 287   32.11   37.94    67.40  2.8459E-001  5.9737E-001
 288   53.07   35.40   111.40  2.8459E-001  5.9737E-001
 289   49.72   36.84   104.37  2.8459E-001  5.9737E-001
 290   50.92   40.51   106.88  2.8459E-001  5.9737E-001
 291   34.48   37.71    72.37  2.8459E-001  5.9737E-001
 292   33.83   39.53    71.00  2.8459E-001  5.9737E-001
 293   41.69   40.51    87.51  2.8459E-001  5.9737E-001
 294   59.03   44.01   123.90  2.8459E-001  5.9737E-001
 295   48.68   46.72   102.17  2.8459E-001  5.9737E-001
 296   48.41   47.16   101.61  2.8459E-001  5.9737E-001
 297   42.30   45.48    88.79  2.8459E-001  5.9737E-001
 298   57.18   45.81   120.03  2.8459E-001  5.9737E-001
 299   62.27   46.85   130.70  2.8459E-001  5.9737E-001
 300  124.32   56.39   260.95  2.8459E-001  5.9737E-001
 301   70.89   52.24   148.80  2.8459E-001  5.9737E-001
 302  101.92   61.23   213.94  2.8459E-001  5.9737E-001
 303   46.94   43.59    98.53  2.8459E-001  5.9737E-001
 304   59.78   36.05   125.48  2.8459E-001  5.9737E-001
 305   62.23   38.73   130.62  2.8459E-001  5.9737E-001
 306  116.32   43.28   244.15  2.8459E-001  5.9737E-001
 307   76.67   35.95   160.92  2.8459E-001  5.9737E-001
 308   50.25   39.60   105.47  2.8459E-001  5.9737E-001
 309   68.19   38.73   143.13  2.8459E-001  5.9737E-001
 310   63.52   40.86   133.33  2.8459E-001  5.9737E-001
 311   81.54   45.91   171.16  2.8459E-001  5.9737E-001
 312   61.19   41.31   128.43  2.8459E-001  5.9737E-001
 313   51.58   41.52   108.26  2.8459E-001  5.9737E-001
 314   53.76   44.61   112.85  2.8459E-001  5.9737E-001
 315   58.05   47.51   121.86  2.8459E-001  5.9737E-001
 316   60.61   44.58   127.22  2.8459E-001  5.9737E-001
 317  140.07   71.37   294.02  2.8459E-001  5.9737E-001
 318   68.44   42.50   143.67  2.8459E-001  5.9737E-001
 319   56.03   41.31   117.60  2.8459E-001  5.9737E-001
 320   41.55   37.94    87.21  2.8459E-001  5.9737E-001
 321   49.92   34.91   104.78  2.8459E-001  5.9737E-001
 322   73.86   49.79   155.03  2.8459E-001  5.9737E-001
 323   92.80   62.73   194.79  2.8459E-001  5.9737E-001
 324   41.26   34.61    86.61  2.8459E-001  5.9737E-001
 325   29.62   38.09    62.17  2.8459E-001  5.9737E-001
 326   33.29   40.55    69.87  2.8459E-001  5.9737E-001
 327   53.22   44.62   111.71  2.8459E-001  5.9737E-001
 328   31.60   37.16    66.34  2.8459E-001  5.9737E-001
 329   29.19   34.02    61.27  2.8459E-001  5.9737E-001
 330   39.12   36.37    82.11  2.8459E-001  5.9737E-001
 331   32.37   36.94    67.95  2.8459E-001  5.9737E-001
 332   33.83   33.91    71.00  2.8459E-001  5.9737E-001
 333   30.15   40.02    63.29  2.8459E-001  5.9737E-001
 334   48.00   33.40   100.76  2.8459E-001  5.9737E-001
 335   53.36   46.61   112.00  2.8459E-001  5.9737E-001
 336   40.11   34.59    84.20  2.8459E-001  5.9737E-001
 337   29.27   35.88    61.45  2.8459E-001  5.9737E-001
 338   27.21   35.79    57.12  2.8459E-001  5.9737E-001
 339   36.64   37.13    76.90  2.8459E-001  5.9737E-001
 340   33.44   38.64    70.18  2.8459E-001  5.9737E-001
 341   40.02   42.80    84.01  2.8459E-001  5.9737E-001
 342   28.88   40.63    60.63  2.8459E-001  5.9737E-001
 343   31.69   44.10    66.51  2.8459E-001  5.9737E-001
 344   29.07   43.04    61.02  2.8459E-001  5.9737E-001
 345   40.98   43.66    86.03  2.8459E-001  5.9737E-001
 346   75.24   53.46   157.92  2.8459E-001  5.9737E-001
 347  208.62   66.84   437.91  2.8459E-001  5.9737E-001
 348   28.81   39.81    60.47  2.8459E-001  5.9737E-001
 349   23.28   36.69    48.87  2.8459E-001  5.9737E-001
 350   22.19   32.24    46.59  2.8459E-001  5.9737E-001
 351   28.21   39.83    59.20  2.8459E-001  5.9737E-001
 352   31.16   37.51    65.40  2.8459E-001  5.9737E-001
 353   35.01   38.28    73.49  2.8459E-001  5.9737E-001
 354   23.78   31.53    49.92  2.8459E-001  5.9737E-001
 355   17.78   28.90    37.32  2.8459E-001  5.9737E-001
 356   20.70   26.39    43.45  2.8459E-001  5.9737E-001
 357   23.73   36.03    49.81  2.8459E-001  5.9737E-001
 358   24.12   25.85    50.62  2.8459E-001  5.9737E-001
 359   22.96   19.65    48.19  2.8459E-001  5.9737E-001
 360   24.76   27.67    51.97  2.8459E-001  5.9737E-001
 361   22.44   28.83    47.11  2.8459E-001  5.9737E-001
 362   21.94   34.16    46.06  2.8459E-001  5.9737E-001
 363   36.61   40.01    76.86  2.8459E-001  5.9737E-001
 364   34.64   25.22    72.71  2.8459E-001  5.9737E-001
 365   40.30   27.36    84.59  2.8459E-001  5.9737E-001
 366   23.28   34.42    48.87  2.8459E-001  5.9737E-001
 367   24.69   28.31    51.83  2.8459E-001  5.9737E-001
 368   25.57   30.69    53.68  2.8459E-001  5.9737E-001
 369   41.47   26.97    87.04  2.8459E-001  5.9737E-001
 370   45.59   35.50    95.70  2.8459E-001  5.9737E-001
 371   20.54   29.19    43.11  2.8459E-001  5.9737E-001
 372   20.13   23.30    42.25  2.8459E-001  5.9737E-001
 373   20.41   25.91    42.84  2.8459E-001  5.9737E-001
 374   32.58   33.61    68.39  2.8459E-001  5.9737E-001
 375   25.00   23.87    52.47  2.8459E-001  5.9737E-001
 376   29.15   29.21    61.19  2.8459E-001  5.9737E-001
 377   21.47   23.17    45.06  2.8459E-001  5.9737E-001
 378   17.40   20.83    36.52  2.8459E-001  5.9737E-001
 379   21.53   24.96    45.19  2.8459E-001  5.9737E-001
 380   31.23   32.02    65.55  2.8459E-001  5.9737E-001
 381   21.78   12.87    45.73  2.8459E-001  5.9737E-001
 382   24.49   10.97    51.40  2.8459E-001  5.9737E-001
 383   26.09   34.47    54.77  2.8459E-001  5.9737E-001
 384   24.48   35.09    51.39  2.8459E-001  5.9737E-001
 385   28.51   34.20    59.84  2.8459E-001  5.9737E-001
 386   45.32   37.93    95.13  2.8459E-001  5.9737E-001
 387   37.20   30.26    78.08  2.8459E-001  5.9737E-001
 388   59.40   62.66   124.69  2.8459E-001  5.9737E-001
 389   35.27   36.78    74.04  2.8459E-001  5.9737E-001
 390   28.60   39.16    60.04  2.8459E-001  5.9737E-001
 391   32.55   46.87    68.32  2.8459E-001  5.9737E-001
 392   48.93   46.47   102.70  2.8459E-001  5.9737E-001
 393   43.66   41.49    91.65  2.8459E-001  5.9737E-001
 394   59.52   69.62   124.94  2.8459E-001  5.9737E-001
 395   25.37   43.11    53.26  2.8459E-001  5.9737E-001
 396   26.84   38.85    56.33  2.8459E-001  5.9737E-001
 397   28.09   38.23    58.96  2.8459E-001  5.9737E-001
 398   33.96   40.20    71.28  2.8459E-001  5.9737E-001
 399   41.06   38.85    86.20  2.8459E-001  5.9737E-001
 400   44.01   42.94    92.39  2.8459E-001  5.9737E-001
 401   28.55   33.63    59.92  2.8459E-001  5.9737E-001
 402   22.35   31.19    46.92  2.8459E-001  5.9737E-001
 403   26.68   33.65    56.01  2.8459E-001  5.9737E-001
 404   35.42   36.92    74.34  2.8459E-001  5.9737E-001
 405   32.81   28.59    68.86  2.8459E-001  5.9737E-001
 406   36.69   22.15    77.02  2.8459E-001  5.9737E-001
 407   27.40   41.51    57.51  2.8459E-001  5.9737E-001
 408   39.20   53.03    82.28  2.8459E-001  5.9737E-001
 409   46.02   54.85    96.59  2.8459E-001  5.9737E-001
 410   87.56   56.75   183.79  2.8459E-001  5.9737E-001
 411   71.29   54.46   149.65  2.8459E-001  5.9737E-001
 412   31.04   49.53    65.15  2.8459E-001  5.9737E-001
 413   42.90   40.59    90.06  2.8459E-001  5.9737E-001
 414   47.45   41.99    99.60  2.8459E-001  5.9737E-001
 415   39.71   39.59    83.35  2.8459E-001  5.9737E-001
 416   59.17   32.24   124.20  2.8459E-001  5.9737E-001
 417  115.11   47.82   241.61  2.8459E-001  5.9737E-001
 418   75.02   47.26   157.48  2.8459E-001  5.9737E-001
 419   52.62   48.42   110.45  2.8459E-001  5.9737E-001
 420   42.40   45.42    89.01  2.8459E-001  5.9737E-001
 421   52.47   37.41   110.13  2.8459E-001  5.9737E-001
 422  120.23   60.78   252.37  2.8459E-001  5.9737E-001
 423  191.47   82.92   401.89  2.8459E-001  5.9737E-001
 424   45.36   43.26    95.21  2.8459E-001  5.9737E-001
 425   34.92   40.02    73.29  2.8459E-001  5.9737E-001
 426   30.90   43.91    64.87  2.8459E-001  5.9737E-001
 427   40.16   45.27    84.29  2.8459E-001  5.9737E-001
 428   43.68   31.81    91.68  2.8459E-001  5.9737E-001
 429   88.76   43.01   186.32  2.8459E-001  5.9737E-001
 430   30.66   37.15    64.36  2.8459E-001  5.9737E-001
 431   22.24   36.92    46.68  2.8459E-001  5.9737E-001
 432   25.98   41.32    54.54  2.8459E-001  5.9737E-001
 433   30.75   45.23    64.55  2.8459E-001  5.9737E-001
 434   28.06   23.54    58.90  2.8459E-001  5.9737E-001
 435   32.88   27.71    69.02  2.8459E-001  5.9737E-001
 436   32.88   51.22    69.02  2.8459E-001  5.9737E-001
 437   39.40   56.27    82.71  2.8459E-001  5.9737E-001
 438   33.92   53.19    71.20  2.8459E-001  5.9737E-001
 439   54.68   59.17   114.77  2.8459E-001  5.9737E-001
 440   71.88   68.07   150.89  2.8459E-001  5.9737E-001
 441  195.56  106.29   410.49  2.8459E-001  5.9737E-001
 442   37.14   46.04    77.96  2.8459E-001  5.9737E-001
 443   28.01   39.56    58.80  2.8459E-001  5.9737E-001
 444   28.01   29.25    58.80  2.8459E-001  5.9737E-001
 445   38.47   22.30    80.76  2.8459E-001  5.9737E-001
 446   36.38   47.27    76.36  2.8459E-001  5.9737E-001
 447   62.81   51.25   131.83  2.8459E-001  5.9737E-001
 448   23.51   26.08    49.36  2.8459E-001  5.9737E-001
 449   25.18   22.02    52.86  2.8459E-001  5.9737E-001
 450   22.03   14.66    46.25  2.8459E-001  5.9737E-001
 451   27.08   19.39    56.85  2.8459E-001  5.9737E-001
 452   19.75   20.47    41.46  2.8459E-001  5.9737E-001
 453   15.27   18.93    32.05  2.8459E-001  5.9737E-001
 454   16.59   20.64    34.82  2.8459E-001  5.9737E-001
 455   23.04   27.80    48.37  2.8459E-001  5.9737E-001
 456   18.47   18.72    38.77  2.8459E-001  5.9737E-001
 457   20.83   29.04    43.73  2.8459E-001  5.9737E-001
 458   17.94   16.38    37.65  2.8459E-001  5.9737E-001
 459   13.85   16.49    29.07  2.8459E-001  5.9737E-001
 460   18.20   13.99    38.21  2.8459E-001  5.9737E-001
 461   22.42   13.15    47.07  2.8459E-001  5.9737E-001
 462   19.44   16.35    40.81  2.8459E-001  5.9737E-001
 463   19.37   17.02    40.67  2.8459E-001  5.9737E-001
 464   18.52   17.48    38.88  2.8459E-001  5.9737E-001
 465   13.81   22.73    28.98  2.8459E-001  5.9737E-001
 466   17.10   22.98    35.89  2.8459E-001  5.9737E-001
 467   19.55   22.35    41.04  2.8459E-001  5.9737E-001
 468   17.98   19.21    37.75  2.8459E-001  5.9737E-001
 469   20.67   19.14    43.38  2.8459E-001  5.9737E-001
 470   16.05   27.25    33.70  2.8459E-001  5.9737E-001
 471   15.05   27.85    31.60  2.8459E-001  5.9737E-001
 472   19.14   26.30    40.17  2.8459E-001  5.9737E-001
 473   29.46   28.72    61.84  2.8459E-001  5.9737E-001
 474   21.50   32.44    45.13  2.8459E-001  5.9737E-001
 475   26.69   36.12    56.01  2.8459E-001  5.9737E-001
 476   16.45   27.55    34.52  2.8459E-001  5.9737E-001
 477   21.44   23.06    45.01  2.8459E-001  5.9737E-001
 478   19.34   26.83    40.60  2.8459E-001  5.9737E-001
 479   28.30   25.59    59.41  2.8459E-001  5.9737E-001
 480   21.45   25.87    45.02  2.8459E-001  5.9737E-001
 481   17.31   15.48    36.34  2.8459E-001  5.9737E-001
 482   21.18   17.56    44.46  2.8459E-001  5.9737E-001
 483   26.19   19.06    54.97  2.8459E-001  5.9737E-001
 484   26.72   18.43    56.08  2.8459E-001  5.9737E-001
 485   21.22   22.28    44.54  2.8459E-001  5.9737E-001
 486   25.75   17.11    54.06  2.8459E-001  5.9737E-001
 487   19.60   19.21    41.13  2.8459E-001  5.9737E-001
 488   19.29   17.63    40.48  2.8459E-001  5.9737E-001
 489   29.90   19.75    62.77  2.8459E-001  5.9737E-001
 490   29.53   13.07    61.98  2.8459E-001  5.9737E-001
 491   30.55   15.29    64.13  2.8459E-001  5.9737E-001
 492   22.73   14.15    47.70  2.8459E-001  5.9737E-001
 493   20.87   14.98    43.82  2.8459E-001  5.9737E-001
 494   20.08   23.25    42.15  2.8459E-001  5.9737E-001
 495   30.86   27.61    64.78  2.8459E-001  5.9737E-001
 496   33.64   16.92    70.61  2.8459E-001  5.9737E-001
 497   42.48   37.22    89.16  2.8459E-001  5.9737E-001
 498   27.81   23.36    58.38  2.8459E-001  5.9737E-001
 499   19.85   22.11    41.67  2.8459E-001  5.9737E-001
 500   20.61   18.51    43.26  2.8459E-001  5.9737E-001
 501   28.30   26.92    59.41  2.8459E-001  5.9737E-001
 502   30.33   16.65    63.66  2.8459E-001  5.9737E-001
 503   34.75   20.69    72.94  2.8459E-001  5.9737E-001
 504   26.73   22.76    56.11  2.8459E-001  5.9737E-001
 505   24.81   22.61    52.08  2.8459E-001  5.9737E-001
 506   24.52   20.46    51.47  2.8459E-001  5.9737E-001
 507   27.55   25.53    57.82  2.8459E-001  5.9737E-001
 508   40.78   21.30    85.60  2.8459E-001  5.9737E-001
 509   46.42   22.42    97.45  2.8459E-001  5.9737E-001
 510   34.18   20.46    71.75  2.8459E-001  5.9737E-001
 511   27.49   15.59    57.70  2.8459E-001  5.9737E-001
 512   26.69   15.46    56.02  2.8459E-001  5.9737E-001
 513   33.63   24.15    70.58  2.8459E-001  5.9737E-001
 514   58.54   21.86   122.87  2.8459E-001  5.9737E-001
 515   64.11   18.27   134.57  2.8459E-001  5.9737E-001
 516   28.44   18.16    59.71  2.8459E-001  5.9737E-001
 517   19.49   13.43    40.91  2.8459E-001  5.9737E-001
 518   19.40   19.74    40.72  2.8459E-001  5.9737E-001
 519   26.35   28.70    55.30  2.8459E-001  5.9737E-001
 520   28.37   10.13    59.55  2.8459E-001  5.9737E-001
 521   33.65    8.14    70.62  2.8459E-001  5.9737E-001
 522   18.15   20.76    38.09  2.8459E-001  5.9737E-001
 523   17.89   15.10    37.55  2.8459E-001  5.9737E-001
 524   22.89   19.17    48.05  2.8459E-001  5.9737E-001
 525   26.86   22.68    56.39  2.8459E-001  5.9737E-001
 526   27.49   14.53    57.71  2.8459E-001  5.9737E-001
 527   30.12   19.13    63.22  2.8459E-001  5.9737E-001
 528   27.04   21.38    56.77  2.8459E-001  5.9737E-001
 529   26.37   12.12    55.35  2.8459E-001  5.9737E-001
 530   31.79   19.89    66.73  2.8459E-001  5.9737E-001
 531   39.86   35.93    83.67  2.8459E-001  5.9737E-001
 532   60.47   47.98   126.93  2.8459E-001  5.9737E-001
 533   31.33   15.34    65.77  2.8459E-001  5.9737E-001
 534   21.70   15.68    45.55  2.8459E-001  5.9737E-001
 535   22.06   26.27    46.30  2.8459E-001  5.9737E-001
 536   33.14   31.08    69.57  2.8459E-001  5.9737E-001
 537   36.11   18.87    75.80  2.8459E-001  5.9737E-001
 538   17.11   28.12    35.91  2.8459E-001  5.9737E-001
 539   18.77   18.64    39.39  2.8459E-001  5.9737E-001
 540   23.78   21.62    49.92  2.8459E-001  5.9737E-001
 541   29.78   21.88    62.51  2.8459E-001  5.9737E-001
 542   26.42   21.88    55.46  2.8459E-001  5.9737E-001
 543   26.85   26.60    56.35  2.8459E-001  5.9737E-001
 544   21.45   18.93    45.02  2.8459E-001  5.9737E-001
 545   24.33   20.41    51.06  2.8459E-001  5.9737E-001
 546   32.39   25.63    67.99  2.8459E-001  5.9737E-001
 547   39.22   28.85    82.32  2.8459E-001  5.9737E-001
 548   44.90   22.45    94.26  2.8459E-001  5.9737E-001
 549   43.94   47.56    92.23  2.8459E-001  5.9737E-001
 550   36.85   32.24    77.35  2.8459E-001  5.9737E-001
 551   38.16   27.39    80.11  2.8459E-001  5.9737E-001
 552   37.70   23.66    79.13  2.8459E-001  5.9737E-001
 553   82.12   39.15   172.38  2.8459E-001  5.9737E-001
 554   70.95   31.20   148.92  2.8459E-001  5.9737E-001
 555  142.64   49.61   299.40  2.8459E-001  5.9737E-001
 556   28.98   19.28    60.83  2.8459E-001  5.9737E-001
 557   29.58   16.75    62.09  2.8459E-001  5.9737E-001
 558   36.40   18.40    76.41  2.8459E-001  5.9737E-001
 559   41.25   27.04    86.58  2.8459E-001  5.9737E-001
 560   45.79   15.23    96.11  2.8459E-001  5.9737E-001
 561   34.85   22.75    73.15  2.8459E-001  5.9737E-001
 562   50.18   20.38   105.34  2.8459E-001  5.9737E-001
 563   39.98   23.56    83.93  2.8459E-001  5.9737E-001
 564   54.06   27.58   113.47  2.8459E-001  5.9737E-001
 565   26.15   21.94    54.88  2.8459E-001  5.9737E-001
 566   24.01   17.98    50.39  2.8459E-001  5.9737E-001
 567   30.70   19.64    64.44  2.8459E-001  5.9737E-001
 568   42.73   28.81    89.69  2.8459E-001  5.9737E-001
 569   31.04   23.42    65.16  2.8459E-001  5.9737E-001
 570   34.47   17.73    72.36  2.8459E-001  5.9737E-001
 571   36.42   20.82    76.46  2.8459E-001  5.9737E-001
 572   31.85   24.17    66.86  2.8459E-001  5.9737E-001
 573   29.27   20.93    61.45  2.8459E-001  5.9737E-001
 574   39.14   24.13    82.16  2.8459E-001  5.9737E-001
 575   45.63   39.85    95.78  2.8459E-001  5.9737E-001
 576   56.82   58.39   119.26  2.8459E-001  5.9737E-001
 577   32.62   19.01    68.47  2.8459E-001  5.9737E-001
 578   18.87   20.87    39.60  2.8459E-001  5.9737E-001
 579   24.05   20.36    50.47  2.8459E-001  5.9737E-001
 580   38.45   24.77    80.71  2.8459E-001  5.9737E-001
 581   22.54   16.16    47.31  2.8459E-001  5.9737E-001
 582   22.12   19.48    46.43  2.8459E-001  5.9737E-001
 583   22.41   22.66    47.05  2.8459E-001  5.9737E-001
 584   19.05   23.76    40.00  2.8459E-001  5.9737E-001
 585   19.33   22.93    40.58  2.8459E-001  5.9737E-001
 586   21.96   27.60    46.09  2.8459E-001  5.9737E-001
 587   30.19   29.51    63.38  2.8459E-001  5.9737E-001
 588   44.06   32.40    92.49  2.8459E-001  5.9737E-001
 589   23.70   17.46    49.75  2.8459E-001  5.9737E-001
 590   15.56   17.75    32.66  2.8459E-001  5.9737E-001
 591   19.91   17.91    41.79  2.8459E-001  5.9737E-001
 592   26.61   22.58    55.85  2.8459E-001  5.9737E-001
 593   22.19   25.29    46.57  2.8459E-001  5.9737E-001
 594   30.26   33.49    63.52  2.8459E-001  5.9737E-001
 595   20.62   20.63    43.29  2.8459E-001  5.9737E-001
 596   13.49   18.09    28.32  2.8459E-001  5.9737E-001
 597   18.49   19.17    38.81  2.8459E-001  5.9737E-001
 598   24.88   19.67    52.23  2.8459E-001  5.9737E-001
 599   17.36   16.64    36.44  2.8459E-001  5.9737E-001
 600   16.91   15.54    35.50  2.8459E-001  5.9737E-001
 601   20.64   23.09    43.33  2.8459E-001  5.9737E-001
 602   15.27   22.63    32.06  2.8459E-001  5.9737E-001
 603   19.87   19.82    41.70  2.8459E-001  5.9737E-001
 604   27.42   23.26    57.56  2.8459E-001  5.9737E-001
 605   19.97   21.04    41.91  2.8459E-001  5.9737E-001
 606   21.82   21.20    45.80  2.8459E-001  5.9737E-001
 607   21.48   25.04    45.09  2.8459E-001  5.9737E-001
 608   16.31   25.96    34.24  2.8459E-001  5.9737E-001
 609   21.81   19.21    45.78  2.8459E-001  5.9737E-001
 610   27.66   20.42    58.05  2.8459E-001  5.9737E-001
 611   26.43   23.15    55.47  2.8459E-001  5.9737E-001
 612   32.02   33.13    67.22  2.8459E-001  5.9737E-001
 613   22.79   18.44    47.83  2.8459E-001  5.9737E-001
 614   15.31   22.02    32.14  2.8459E-001  5.9737E-001
 615   20.06   18.29    42.11  2.8459E-001  5.9737E-001
 616   27.93   26.70    58.63  2.8459E-001  5.9737E-001
 617   20.71   23.30    43.48  2.8459E-001  5.9737E-001
 618   18.53   28.68    38.90  2.8459E-001  5.9737E-001
 619   18.41   24.29    38.65  2.8459E-001  5.9737E-001
 620   19.85   25.71    41.67  2.8459E-001  5.9737E-001
 621   21.96   23.65    46.10  2.8459E-001  5.9737E-001
 622   28.13   29.01    59.05  2.8459E-001  5.9737E-001
 623   31.39   33.25    65.89  2.8459E-001  5.9737E-001
 624   45.73   40.71    95.98  2.8459E-001  5.9737E-001
 625   26.38   23.54    55.38  2.8459E-001  5.9737E-001
 626   19.96   23.72    41.89  2.8459E-001  5.9737E-001
 627   26.24   34.24    55.08  2.8459E-001  5.9737E-001
 628   30.95   37.81    64.96  2.8459E-001  5.9737E-001
 629   21.70   21.05    45.55  2.8459E-001  5.9737E-001
 630   22.51   21.30    47.26  2.8459E-001  5.9737E-001
 631   32.43   36.62    68.06  2.8459E-001  5.9737E-001
 632   29.33   30.84    61.56  2.8459E-001  5.9737E-001
 633   27.47   22.56    57.67  2.8459E-001  5.9737E-001
 634   26.20   25.67    54.99  2.8459E-001  5.9737E-001
 635   55.06   38.02   115.57  2.8459E-001  5.9737E-001
 636   59.35   37.20   124.58  2.8459E-001  5.9737E-001
 637   33.11   23.34    69.51  2.8459E-001  5.9737E-001
 638   24.10   26.25    50.58  2.8459E-001  5.9737E-001
 639   24.06   27.19    50.50  2.8459E-001  5.9737E-001
 640   26.47   32.50    55.56  2.8459E-001  5.9737E-001
 641   30.78   36.64    64.60  2.8459E-001  5.9737E-001
 642   32.02   47.44    67.22  2.8459E-001  5.9737E-001
 643   26.74   31.23    56.12  2.8459E-001  5.9737E-001
 644   31.96   27.88    67.08  2.8459E-001  5.9737E-001
 645   29.18   23.57    61.25  2.8459E-001  5.9737E-001
 646   35.15   29.01    73.79  2.8459E-001  5.9737E-001
 647   74.07   38.23   155.48  2.8459E-001  5.9737E-001
 648  114.19   58.10   239.69  2.8459E-001  5.9737E-001
 649   29.98   23.60    62.94  2.8459E-001  5.9737E-001
 650   23.15   21.09    48.59  2.8459E-001  5.9737E-001
 651   22.15   28.76    46.49  2.8459E-001  5.9737E-001
 652   28.74   34.80    60.32  2.8459E-001  5.9737E-001
 653   32.27   22.57    67.73  2.8459E-001  5.9737E-001
 654   48.09   32.20   100.94  2.8459E-001  5.9737E-001
 655   17.97   32.33    37.71  2.8459E-001  5.9737E-001
 656   18.08   30.08    37.94  2.8459E-001  5.9737E-001
 657   18.42   29.92    38.67  2.8459E-001  5.9737E-001
 658   21.70   35.31    45.56  2.8459E-001  5.9737E-001
 659   28.11   27.21    59.00  2.8459E-001  5.9737E-001
 660   29.77   18.15    62.49  2.8459E-001  5.9737E-001
 661   17.28   28.75    36.27  2.8459E-001  5.9737E-001
 662   18.88   29.83    39.62  2.8459E-001  5.9737E-001
 663   22.00   30.54    46.19  2.8459E-001  5.9737E-001
 664   25.27   35.28    53.05  2.8459E-001  5.9737E-001
 665   29.23   25.58    61.35  2.8459E-001  5.9737E-001
 666   32.29   24.30    67.77  2.8459E-001  5.9737E-001
 667   21.10   39.93    44.30  2.8459E-001  5.9737E-001
 668   25.24   43.15    52.98  2.8459E-001  5.9737E-001
 669   24.88   45.06    52.23  2.8459E-001  5.9737E-001
 670   24.42   49.07    51.25  2.8459E-001  5.9737E-001
 671   37.61   52.80    78.94  2.8459E-001  5.9737E-001
 672   59.50   71.56   124.89  2.8459E-001  5.9737E-001
 673   21.07   46.71    44.22  2.8459E-001  5.9737E-001
 674   19.89   43.75    41.75  2.8459E-001  5.9737E-001
 675   20.54   43.35    43.12  2.8459E-001  5.9737E-001
 676   30.16   49.53    63.31  2.8459E-001  5.9737E-001
 677   34.39   40.12    72.18  2.8459E-001  5.9737E-001
 678   43.35   68.92    91.00  2.8459E-001  5.9737E-001
 679   16.65   41.72    34.94  2.8459E-001  5.9737E-001
 680   19.68   37.45    41.30  2.8459E-001  5.9737E-001
 681   21.71   44.66    45.56  2.8459E-001  5.9737E-001
 682   30.84   46.88    64.74  2.8459E-001  5.9737E-001
 683   27.39   35.36    57.49  2.8459E-001  5.9737E-001
 684   30.88   36.30    64.82  2.8459E-001  5.9737E-001
 685   23.23   47.48    48.77  2.8459E-001  5.9737E-001
 686   22.50   49.74    47.24  2.8459E-001  5.9737E-001
 687   26.73   54.55    56.10  2.8459E-001  5.9737E-001
 688   29.59   53.08    62.11  2.8459E-001  5.9737E-001
 689   34.69   41.99    72.82  2.8459E-001  5.9737E-001
 690   39.76   31.20    83.45  2.8459E-001  5.9737E-001
 691   34.04   51.76    71.44  2.8459E-001  5.9737E-001
 692   32.29   55.61    67.78  2.8459E-001  5.9737E-001
 693   27.26   56.92    57.21  2.8459E-001  5.9737E-001
 694   36.15   60.89    75.87  2.8459E-001  5.9737E-001
 695   23.55   58.19    49.44  2.8459E-001  5.9737E-001
 696   22.36   56.03    46.94  2.8459E-001  5.9737E-001
 697   31.67   55.56    66.49  2.8459E-001  5.9737E-001
 698   38.20   57.78    80.17  2.8459E-001  5.9737E-001
 699   30.53   51.91    64.09  2.8459E-001  5.9737E-001
 700   35.29   62.36    74.07  2.8459E-001  5.9737E-001
 701   32.24   56.11    67.67  2.8459E-001  5.9737E-001
 702   21.04   54.98    44.17  2.8459E-001  5.9737E-001
 703   24.40   54.77    51.21  2.8459E-001  5.9737E-001
 704   32.22   47.77    67.62  2.8459E-001  5.9737E-001
 705   29.72   52.49    62.39  2.8459E-001  5.9737E-001
 706   48.21   61.50   101.20  2.8459E-001  5.9737E-001
 707   24.98   53.94    52.44  2.8459E-001  5.9737E-001
 708   24.02   54.91    50.41  2.8459E-001  5.9737E-001
 709   25.90   53.81    54.36  2.8459E-001  5.9737E-001
 710   30.24   42.06    63.47  2.8459E-001  5.9737E-001
 711   31.20   56.88    65.49  2.8459E-001  5.9737E-001
 712   35.43   57.76    74.37  2.8459E-001  5.9737E-001
 713   28.59   61.63    60.00  2.8459E-001  5.9737E-001
 714   27.26   66.46    57.21  2.8459E-001  5.9737E-001
 715   34.49   68.50    72.39  2.8459E-001  5.9737E-001
 716   48.55   60.94   101.90  2.8459E-001  5.9737E-001
 717   31.71   70.75    66.56  2.8459E-001  5.9737E-001
 718   44.94   77.76    94.32  2.8459E-001  5.9737E-001
 719   39.34   76.05    82.57  2.8459E-001  5.9737E-001
 720   44.52   84.52    93.45  2.8459E-001  5.9737E-001
 721   50.33   89.57   105.64  2.8459E-001  5.9737E-001
 722   61.75   93.25   129.61  2.8459E-001  5.9737E-001
 723   65.19   81.88   136.84  2.8459E-001  5.9737E-001
 724   63.24   92.28   132.74  2.8459E-001  5.9737E-001
 725   68.43   91.87   143.63  2.8459E-001  5.9737E-001
 726   82.66   91.45   173.52  2.8459E-001  5.9737E-001
 727  149.48   90.80   313.76  2.8459E-001  5.9737E-001
 728  101.95   93.23   214.00  2.8459E-001  5.9737E-001
 729   84.05   91.04   176.43  2.8459E-001  5.9737E-001
 730   59.18   91.21   124.23  2.8459E-001  5.9737E-001
 731   60.42   89.20   126.83  2.8459E-001  5.9737E-001
 732   64.97   90.09   136.38  2.8459E-001  5.9737E-001
 733   90.42   85.30   189.79  2.8459E-001  5.9737E-001
 734   73.66   88.62   154.61  2.8459E-001  5.9737E-001
 735   67.16   79.96   140.97  2.8459E-001  5.9737E-001
 736   53.78   91.51   112.89  2.8459E-001  5.9737E-001
 737   55.74   94.90   117.01  2.8459E-001  5.9737E-001
 738   45.06   97.82    94.59  2.8459E-001  5.9737E-001
 739   68.55  102.80   143.90  2.8459E-001  5.9737E-001
 740   50.67   96.26   106.35  2.8459E-001  5.9737E-001
 741   39.96   91.83    83.89  2.8459E-001  5.9737E-001
 742   33.38   85.72    70.06  2.8459E-001  5.9737E-001
 743   38.58   86.15    80.98  2.8459E-001  5.9737E-001
 744   54.02   96.66   113.38  2.8459E-001  5.9737E-001
 745   91.45  104.58   191.95  2.8459E-001  5.9737E-001
 746   51.55   78.51   108.21  2.8459E-001  5.9737E-001
 747   30.98   73.90    65.03  2.8459E-001  5.9737E-001
 748   30.03   70.16    63.03  2.8459E-001  5.9737E-001
 749   39.06   72.77    81.98  2.8459E-001  5.9737E-001
 750   41.95   76.20    88.05  2.8459E-001  5.9737E-001
 751   52.78   76.78   110.79  2.8459E-001  5.9737E-001
 752   31.00   62.51    65.07  2.8459E-001  5.9737E-001
 753   25.46   54.04    53.45  2.8459E-001  5.9737E-001
 754   35.81   51.16    75.16  2.8459E-001  5.9737E-001
 755   38.70   45.47    81.22  2.8459E-001  5.9737E-001
 756   28.76   56.02    60.37  2.8459E-001  5.9737E-001
 757   31.88   58.32    66.92  2.8459E-001  5.9737E-001
 758   38.19   47.06    80.16  2.8459E-001  5.9737E-001
 759   27.90   47.83    58.57  2.8459E-001  5.9737E-001
 760   31.51   51.63    66.15  2.8459E-001  5.9737E-001
 761   48.25   53.61   101.29  2.8459E-001  5.9737E-001
 762   32.90   45.75    69.07  2.8459E-001  5.9737E-001
 763   31.63   41.31    66.39  2.8459E-001  5.9737E-001
 764   30.65   55.41    64.33  2.8459E-001  5.9737E-001
 765   34.80   57.09    73.05  2.8459E-001  5.9737E-001
 766   41.63   58.35    87.39  2.8459E-001  5.9737E-001
 767   65.01   57.47   136.47  2.8459E-001  5.9737E-001
 768   48.03   51.17   100.82  2.8459E-001  5.9737E-001
 769   61.31   43.34   128.70  2.8459E-001  5.9737E-001
 770   46.21   59.68    97.01  2.8459E-001  5.9737E-001
 771   52.29   62.89   109.76  2.8459E-001  5.9737E-001
 772   62.04   63.42   130.23  2.8459E-001  5.9737E-001
 773  114.95   65.69   241.29  2.8459E-001  5.9737E-001
 774   83.91   70.20   176.13  2.8459E-001  5.9737E-001
 775  114.39   86.57   240.10  2.8459E-001  5.9737E-001
 776   50.75   61.23   106.52  2.8459E-001  5.9737E-001
 777   57.42   62.34   120.52  2.8459E-001  5.9737E-001
 778   58.26   64.89   122.30  2.8459E-001  5.9737E-001
 779   79.57   70.95   167.03  2.8459E-001  5.9737E-001
 780   63.47   68.26   133.23  2.8459E-001  5.9737E-001
 781   90.96   84.96   190.93  2.8459E-001  5.9737E-001
 782   58.83   66.65   123.49  2.8459E-001  5.9737E-001
 783   49.34   70.15   103.57  2.8459E-001  5.9737E-001
 784   42.30   67.29    88.79  2.8459E-001  5.9737E-001
 785   44.31   70.07    93.01  2.8459E-001  5.9737E-001
 786   57.58   79.26   120.86  2.8459E-001  5.9737E-001
 787   71.85   87.33   150.81  2.8459E-001  5.9737E-001
 788   48.82   62.01   102.48  2.8459E-001  5.9737E-001
 789   41.25   61.94    86.58  2.8459E-001  5.9737E-001
 790   44.54   63.38    93.50  2.8459E-001  5.9737E-001
 791   60.46   61.88   126.90  2.8459E-001  5.9737E-001
 792   60.62   61.87   127.24  2.8459E-001  5.9737E-001
 793   83.81   61.71   175.93  2.8459E-001  5.9737E-001
 794   43.07   62.19    90.40  2.8459E-001  5.9737E-001
 795   37.21   63.09    78.11  2.8459E-001  5.9737E-001
 796   44.52   68.70    93.44  2.8459E-001  5.9737E-001
 797   56.96   69.17   119.57  2.8459E-001  5.9737E-001
 798   38.90   55.41    81.65  2.8459E-001  5.9737E-001
 799   48.14   58.80   101.04  2.8459E-001  5.9737E-001
 800   51.09   75.53   107.23  2.8459E-001  5.9737E-001
 801   61.31   83.10   128.69  2.8459E-001  5.9737E-001
 802   62.48   84.21   131.15  2.8459E-001  5.9737E-001
 803   95.81   82.93   201.10  2.8459E-001  5.9737E-001
 804   99.53   89.71   208.92  2.8459E-001  5.9737E-001
 805  320.44   95.47   672.63  2.8459E-001  5.9737E-001
 806   59.83   88.40   125.59  2.8459E-001  5.9737E-001
 807   53.80   92.48   112.92  2.8459E-001  5.9737E-001
 808   52.89   90.47   111.01  2.8459E-001  5.9737E-001
 809   51.24   89.39   107.56  2.8459E-001  5.9737E-001
 810   67.00   98.20   140.63  2.8459E-001  5.9737E-001
 811   79.77   97.25   167.43  2.8459E-001  5.9737E-001
 812   72.78   88.64   152.77  2.8459E-001  5.9737E-001
 813   61.53   85.75   129.16  2.8459E-001  5.9737E-001
 814   55.47   80.52   116.44  2.8459E-001  5.9737E-001
 815   79.78   78.32   167.45  2.8459E-001  5.9737E-001
 816  123.20   89.63   258.61  2.8459E-001  5.9737E-001
 817  180.79  102.35   379.48  2.8459E-001  5.9737E-001
 818   50.93   78.09   106.90  2.8459E-001  5.9737E-001
 819   50.19   68.95   105.36  2.8459E-001  5.9737E-001
 820   41.94   62.92    88.03  2.8459E-001  5.9737E-001
 821   46.64   62.03    97.89  2.8459E-001  5.9737E-001
 822   42.51   62.36    89.23  2.8459E-001  5.9737E-001
 823   36.93   58.58    77.52  2.8459E-001  5.9737E-001
 824   35.76   54.84    75.07  2.8459E-001  5.9737E-001
 825   41.52   50.93    87.15  2.8459E-001  5.9737E-001
 826   51.37   60.08   107.83  2.8459E-001  5.9737E-001
 827  105.21   58.97   220.84  2.8459E-001  5.9737E-001
 828   37.12   55.13    77.92  2.8459E-001  5.9737E-001
 829   33.61   58.10    70.54  2.8459E-001  5.9737E-001
 830   41.12   58.32    86.31  2.8459E-001  5.9737E-001
 831   54.18   60.62   113.72  2.8459E-001  5.9737E-001
 832   38.78   55.63    81.40  2.8459E-001  5.9737E-001
 833   45.85   54.21    96.24  2.8459E-001  5.9737E-001
 834   49.50   59.46   103.91  2.8459E-001  5.9737E-001
 835   55.81   59.79   117.15  2.8459E-001  5.9737E-001
 836   62.72   62.04   131.66  2.8459E-001  5.9737E-001
 837   87.87   61.87   184.45  2.8459E-001  5.9737E-001
 838   75.53   53.91   158.55  2.8459E-001  5.9737E-001
 839   62.48   50.08   131.16  2.8459E-001  5.9737E-001
 840   65.48   67.19   137.44  2.8459E-001  5.9737E-001
 841   76.35   71.10   160.27  2.8459E-001  5.9737E-001
 842   78.54   70.62   164.87  2.8459E-001  5.9737E-001
 843  108.35   75.90   227.43  2.8459E-001  5.9737E-001
 844  107.14   71.67   224.89  2.8459E-001  5.9737E-001
 845  143.57   71.75   301.35  2.8459E-001  5.9737E-001
 846   81.04   69.66   170.11  2.8459E-001  5.9737E-001
 847   70.71   73.02   148.42  2.8459E-001  5.9737E-001
 848   73.61   76.86   154.50  2.8459E-001  5.9737E-001
 849  124.55   74.63   261.43  2.8459E-001  5.9737E-001
 850   77.02   67.49   161.67  2.8459E-001  5.9737E-001
 851   82.44   62.55   173.05  2.8459E-001  5.9737E-001
 852   66.32   80.11   139.20  2.8459E-001  5.9737E-001
 853   65.70   84.85   137.90  2.8459E-001  5.9737E-001
 854   57.92   87.94   121.57  2.8459E-001  5.9737E-001
 855   64.04   92.68   134.43  2.8459E-001  5.9737E-001
 856   62.77   90.50   131.75  2.8459E-001  5.9737E-001
 857   51.74   91.56   108.61  2.8459E-001  5.9737E-001
 858   45.12   93.10    94.71  2.8459E-001  5.9737E-001
 859   42.24   92.89    88.67  2.8459E-001  5.9737E-001
 860   63.03   89.34   132.30  2.8459E-001  5.9737E-001
 861   79.59   90.80   167.07  2.8459E-001  5.9737E-001
 862   55.58   94.43   116.67  2.8459E-001  5.9737E-001
 863   44.09   93.14    92.54  2.8459E-001  5.9737E-001
 864   39.35   90.52    82.59  2.8459E-001  5.9737E-001
 865   49.35   90.17   103.59  2.8459E-001  5.9737E-001
 866   76.32   98.13   160.21  2.8459E-001  5.9737E-001
 867  115.21  114.13   241.83  2.8459E-001  5.9737E-001
 868   36.92   87.62    77.49  2.8459E-001  5.9737E-001
 869   29.36   84.68    61.63  2.8459E-001  5.9737E-001
 870   37.19   88.42    78.07  2.8459E-001  5.9737E-001
 871   54.45   88.22   114.30  2.8459E-001  5.9737E-001
 872   29.87   74.14    62.71  2.8459E-001  5.9737E-001
 873   25.33   64.91    53.17  2.8459E-001  5.9737E-001
 874   39.95   92.78    83.86  2.8459E-001  5.9737E-001
 875   35.84   90.46    75.22  2.8459E-001  5.9737E-001
 876   41.15   89.00    86.38  2.8459E-001  5.9737E-001
 877   40.61   88.20    85.23  2.8459E-001  5.9737E-001
 878   51.30   90.31   107.69  2.8459E-001  5.9737E-001
 879   57.94   92.81   121.62  2.8459E-001  5.9737E-001
 880   50.50   83.39   106.00  2.8459E-001  5.9737E-001
 881   33.07   78.00    69.41  2.8459E-001  5.9737E-001
 882   40.28   73.58    84.55  2.8459E-001  5.9737E-001
 883   67.48   73.09   141.64  2.8459E-001  5.9737E-001
 884   37.22   77.13    78.13  2.8459E-001  5.9737E-001
 885   42.92   80.79    90.09  2.8459E-001  5.9737E-001
 886   39.53   69.35    82.98  2.8459E-001  5.9737E-001
 887   37.41   64.70    78.53  2.8459E-001  5.9737E-001
 888   42.04   66.24    88.24  2.8459E-001  5.9737E-001
 889   38.45   62.29    80.71  2.8459E-001  5.9737E-001
 890   49.01   56.35   102.87  2.8459E-001  5.9737E-001
 891   65.20   78.40   136.86  2.8459E-001  5.9737E-001
 892   68.11   73.28   142.96  2.8459E-001  5.9737E-001
 893   50.36   76.27   105.70  2.8459E-001  5.9737E-001
 894   43.26   73.63    90.81  2.8459E-001  5.9737E-001
 895   52.79   71.12   110.82  2.8459E-001  5.9737E-001
 896   97.11   83.68   203.84  2.8459E-001  5.9737E-001
 897  150.25  102.74   315.39  2.8459E-001  5.9737E-001
 898   49.91   74.18   104.77  2.8459E-001  5.9737E-001
 899   34.05   72.06    71.47  2.8459E-001  5.9737E-001
 900   31.62   66.36    66.37  2.8459E-001  5.9737E-001
 901   34.46   67.51    72.32  2.8459E-001  5.9737E-001
 902   45.97   83.65    96.50  2.8459E-001  5.9737E-001
 903   64.81   98.13   136.05  2.8459E-001  5.9737E-001
 904   33.83   56.14    71.02  2.8459E-001  5.9737E-001
 905   23.81   48.30    49.97  2.8459E-001  5.9737E-001
 906   24.43   45.46    51.28  2.8459E-001  5.9737E-001
 907   32.89   49.01    69.03  2.8459E-001  5.9737E-001
 908   28.57   48.61    59.98  2.8459E-001  5.9737E-001
 909   32.73   52.86    68.71  2.8459E-001  5.9737E-001
 910   25.67   45.41    53.89  2.8459E-001  5.9737E-001
 911   26.59   49.98    55.81  2.8459E-001  5.9737E-001
 912   26.64   43.67    55.93  2.8459E-001  5.9737E-001
 913   29.59   51.86    62.10  2.8459E-001  5.9737E-001
 914   46.19   54.98    96.95  2.8459E-001  5.9737E-001
 915   88.86   76.29   186.53  2.8459E-001  5.9737E-001
 916   32.39   41.24    67.99  2.8459E-001  5.9737E-001
 917   25.92   41.98    54.41  2.8459E-001  5.9737E-001
 918   27.73   40.19    58.20  2.8459E-001  5.9737E-001
 919   28.83   45.73    60.52  2.8459E-001  5.9737E-001
 920   45.53   46.38    95.56  2.8459E-001  5.9737E-001
 921   87.21   47.87   183.05  2.8459E-001  5.9737E-001
 922   37.19   45.06    78.06  2.8459E-001  5.9737E-001
 923   36.31   51.63    76.22  2.8459E-001  5.9737E-001
 924   32.54   49.54    68.30  2.8459E-001  5.9737E-001
 925   40.46   51.31    84.92  2.8459E-001  5.9737E-001
 926   76.35   62.15   160.26  2.8459E-001  5.9737E-001
 927  130.81   85.47   274.59  2.8459E-001  5.9737E-001
 928   39.74   44.46    83.43  2.8459E-001  5.9737E-001
 929   28.75   38.98    60.35  2.8459E-001  5.9737E-001
 930   26.38   38.03    55.38  2.8459E-001  5.9737E-001
 931   33.74   37.72    70.81  2.8459E-001  5.9737E-001
 932   43.03   48.24    90.32  2.8459E-001  5.9737E-001
 933   38.03   52.90    79.82  2.8459E-001  5.9737E-001
 934   19.86   35.32    41.69  2.8459E-001  5.9737E-001
 935   19.54   25.16    41.01  2.8459E-001  5.9737E-001
 936   22.07   28.19    46.33  2.8459E-001  5.9737E-001
 937   25.61   36.62    53.75  2.8459E-001  5.9737E-001
 938   23.95   20.40    50.26  2.8459E-001  5.9737E-001
 939   23.79   12.37    49.93  2.8459E-001  5.9737E-001
 940   21.25   29.57    44.61  2.8459E-001  5.9737E-001
 941   23.58   25.74    49.50  2.8459E-001  5.9737E-001
 942   27.28   25.80    57.27  2.8459E-001  5.9737E-001
 943   31.65   35.56    66.44  2.8459E-001  5.9737E-001
 944   39.88   28.50    83.70  2.8459E-001  5.9737E-001
 945   59.65   36.20   125.21  2.8459E-001  5.9737E-001
 946   22.27   29.71    46.75  2.8459E-001  5.9737E-001
 947   30.23   34.69    63.46  2.8459E-001  5.9737E-001
 948   30.78   34.15    64.60  2.8459E-001  5.9737E-001
 949   42.93   41.71    90.12  2.8459E-001  5.9737E-001
 950   59.05   40.87   123.96  2.8459E-001  5.9737E-001
 951   88.44   71.60   185.64  2.8459E-001  5.9737E-001
 952   23.93   32.99    50.23  2.8459E-001  5.9737E-001
 953   24.41   31.89    51.23  2.8459E-001  5.9737E-001
 954   24.25   34.22    50.91  2.8459E-001  5.9737E-001
 955   32.23   35.85    67.66  2.8459E-001  5.9737E-001
 956   40.20   25.71    84.39  2.8459E-001  5.9737E-001
 957   43.42   29.92    91.13  2.8459E-001  5.9737E-001
 958   20.75   30.78    43.56  2.8459E-001  5.9737E-001
 959   20.78   27.26    43.61  2.8459E-001  5.9737E-001
 960   24.79   27.72    52.04  2.8459E-001  5.9737E-001
 961   30.25   32.62    63.50  2.8459E-001  5.9737E-001
 962   25.94   23.82    54.45  2.8459E-001  5.9737E-001
 963   26.25   26.52    55.10  2.8459E-001  5.9737E-001
 964   23.48   28.78    49.28  2.8459E-001  5.9737E-001
 965   29.45   32.04    61.81  2.8459E-001  5.9737E-001
 966   28.65   29.24    60.14  2.8459E-001  5.9737E-001
 967   43.65   35.28    91.62  2.8459E-001  5.9737E-001
 968   48.18   36.27   101.13  2.8459E-001  5.9737E-001
 969   69.55   40.44   145.99  2.8459E-001  5.9737E-001
 970   26.35   27.31    55.32  2.8459E-001  5.9737E-001
 971   28.77   30.02    60.39  2.8459E-001  5.9737E-001
 972   29.39   29.20    61.69  2.8459E-001  5.9737E-001
 973   40.14   34.79    84.26  2.8459E-001  5.9737E-001
 974   55.81   39.60   117.14  2.8459E-001  5.9737E-001
 975   65.40   73.24   137.28  2.8459E-001  5.9737E-001
 976   23.38   27.40    49.07  2.8459E-001  5.9737E-001
 977   22.32   22.24    46.85  2.8459E-001  5.9737E-001
 978   25.50   26.18    53.52  2.8459E-001  5.9737E-001
 979   33.45   30.38    70.20  2.8459E-001  5.9737E-001
 980   33.19   24.65    69.66  2.8459E-001  5.9737E-001
 981   30.56   19.97    64.15  2.8459E-001  5.9737E-001
 982   23.56   27.05    49.45  2.8459E-001  5.9737E-001
 983   28.30   29.56    59.41  2.8459E-001  5.9737E-001
 984   34.77   29.86    72.99  2.8459E-001  5.9737E-001
 985   38.93   36.73    81.71  2.8459E-001  5.9737E-001
 986   34.12   27.82    71.61  2.8459E-001  5.9737E-001
 987   38.97   29.96    81.79  2.8459E-001  5.9737E-001
 988   29.13   30.06    61.14  2.8459E-001  5.9737E-001
 989   33.00   36.78    69.26  2.8459E-001  5.9737E-001
 990   32.25   35.66    67.69  2.8459E-001  5.9737E-001
 991   57.81   36.00   121.35  2.8459E-001  5.9737E-001
 992   71.56   43.46   150.20  2.8459E-001  5.9737E-001
 993  142.54   73.62   299.21  2.8459E-001  5.9737E-001
 994   24.01   37.48    50.40  2.8459E-001  5.9737E-001
 995   26.65   35.24    55.94  2.8459E-001  5.9737E-001
 996   27.31   33.47    57.32  2.8459E-001  5.9737E-001
 997   40.36   38.42    84.71  2.8459E-001  5.9737E-001
 998   44.53   41.55    93.46  2.8459E-001  5.9737E-001
 999   60.58   50.66   127.17  2.8459E-001  5.9737E-001
1000   30.08   27.53    63.14  2.8459E-001  5.9737E-001
1001   19.66   25.10    41.28  2.8459E-001  5.9737E-001
1002   26.12   28.43    54.82  2.8459E-001  5.9737E-001
1003   28.20   30.30    59.19  2.8459E-001  5.9737E-001
1004   29.17   23.22    61.23  2.8459E-001  5.9737E-001
1005   28.27   27.40    59.33  2.8459E-001  5.9737E-001
1006   36.46   25.89    76.54  2.8459E-001  5.9737E-001
1007   33.18   20.81    69.64  2.8459E-001  5.9737E-001
1008   31.39   15.73    65.89  2.8459E-001  5.9737E-001
1009   40.17   20.68    84.33  2.8459E-001  5.9737E-001
1010   65.57   25.39   137.63  2.8459E-001  5.9737E-001
1011   34.80   14.03    73.04  2.8459E-001  5.9737E-001
1012   25.44   15.32    53.40  2.8459E-001  5.9737E-001
1013   26.15   20.84    54.90  2.8459E-001  5.9737E-001
1014   31.60   23.30    66.33  2.8459E-001  5.9737E-001
1015   39.63   12.31    83.19  2.8459E-001  5.9737E-001
1016   47.92   11.50   100.58  2.8459E-001  5.9737E-001
1017   21.83   23.29    45.82  2.8459E-001  5.9737E-001
1018   18.54   22.38    38.91  2.8459E-001  5.9737E-001
1019   21.01   19.71    44.11  2.8459E-001  5.9737E-001
1020   25.21   22.87    52.91  2.8459E-001  5.9737E-001
1021   24.62   24.08    51.68  2.8459E-001  5.9737E-001
1022   21.79   19.32    45.73  2.8459E-001  5.9737E-001
1023   21.65   24.37    45.45  2.8459E-001  5.9737E-001
1024   23.68   16.24    49.71  2.8459E-001  5.9737E-001
1025   26.79   17.05    56.24  2.8459E-001  5.9737E-001
1026   29.76   21.78    62.46  2.8459E-001  5.9737E-001
1027   42.91   22.39    90.06  2.8459E-001  5.9737E-001
1028   44.10   25.18    92.57  2.8459E-001  5.9737E-001
1029   24.96   15.27    52.40  2.8459E-001  5.9737E-001
1030   33.70    8.75    70.73  2.8459E-001  5.9737E-001
1031   28.12    8.75    59.04  2.8459E-001  5.9737E-001
1032   46.41   13.07    97.41  2.8459E-001  5.9737E-001
1033   23.34   16.58    48.99  2.8459E-001  5.9737E-001
1034   21.97   17.70    46.11  2.8459E-001  5.9737E-001
1035   23.65   19.92    49.65  2.8459E-001  5.9737E-001
1036   31.14   24.93    65.37  2.8459E-001  5.9737E-001
1037   36.35   14.78    76.31  2.8459E-001  5.9737E-001
1038   42.32   24.60    88.83  2.8459E-001  5.9737E-001
1039   20.01   19.08    42.01  2.8459E-001  5.9737E-001
1040   18.80   15.15    39.46  2.8459E-001  5.9737E-001
1041   22.19   18.36    46.57  2.8459E-001  5.9737E-001
1042   30.37   31.46    63.75  2.8459E-001  5.9737E-001
1043   19.31   12.85    40.52  2.8459E-001  5.9737E-001
1044   20.26   12.25    42.52  2.8459E-001  5.9737E-001
1045   23.87   20.91    50.11  2.8459E-001  5.9737E-001
1046   21.53   22.04    45.20  2.8459E-001  5.9737E-001
1047   24.65   18.20    51.74  2.8459E-001  5.9737E-001
1048   29.27   24.53    61.43  2.8459E-001  5.9737E-001
1049   31.02   21.39    65.11  2.8459E-001  5.9737E-001
1050   37.33   38.19    78.35  2.8459E-001  5.9737E-001
1051   24.66   17.98    51.77  2.8459E-001  5.9737E-001
1052   29.63   22.57    62.19  2.8459E-001  5.9737E-001
1053   29.37   20.33    61.65  2.8459E-001  5.9737E-001
1054   46.19   24.19    96.96  2.8459E-001  5.9737E-001
1055   60.47   31.27   126.93  2.8459E-001  5.9737E-001
1056  136.90   50.15   287.35  2.8459E-001  5.9737E-001
1057   21.55   18.89    45.24  2.8459E-001  5.9737E-001
1058   23.63   17.40    49.60  2.8459E-001  5.9737E-001
1059   24.06   18.81    50.50  2.8459E-001  5.9737E-001
1060   32.10   21.73    67.38  2.8459E-001  5.9737E-001
1061   31.74   12.07    66.63  2.8459E-001  5.9737E-001
1062   57.99   30.58   121.72  2.8459E-001  5.9737E-001
1063   20.36   18.16    42.73  2.8459E-001  5.9737E-001
1064   21.23   16.89    44.57  2.8459E-001  5.9737E-001
1065   29.40   24.93    61.71  2.8459E-001  5.9737E-001
1066   36.74   28.97    77.11  2.8459E-001  5.9737E-001
1067   32.74   18.94    68.72  2.8459E-001  5.9737E-001
1068   34.22   31.76    71.84  2.8459E-001  5.9737E-001
1069   41.05   32.72    86.16  2.8459E-001  5.9737E-001
1070   44.85   30.67    94.15  2.8459E-001  5.9737E-001
1071  112.76   36.59   236.68  2.8459E-001  5.9737E-001
1072   82.31   44.24   172.77  2.8459E-001  5.9737E-001
1073  135.80   72.23   285.06  2.8459E-001  5.9737E-001
1074   35.72   29.99    74.98  2.8459E-001  5.9737E-001
1075   45.94   27.62    96.42  2.8459E-001  5.9737E-001
1076   52.11   30.46   109.39  2.8459E-001  5.9737E-001
1077  114.55   37.39   240.44  2.8459E-001  5.9737E-001
1078   59.70   33.19   125.32  2.8459E-001  5.9737E-001
1079   35.20   35.86    73.90  2.8459E-001  5.9737E-001
1080   46.20   28.81    96.97  2.8459E-001  5.9737E-001
1081   40.27   29.18    84.53  2.8459E-001  5.9737E-001
1082   71.69   34.90   150.48  2.8459E-001  5.9737E-001
1083   34.56   31.05    72.55  2.8459E-001  5.9737E-001
1084   33.00   30.80    69.27  2.8459E-001  5.9737E-001
1085   35.63   30.51    74.79  2.8459E-001  5.9737E-001
1086   53.22   31.26   111.71  2.8459E-001  5.9737E-001
1087   41.75   35.28    87.63  2.8459E-001  5.9737E-001
1088   76.99   40.78   161.61  2.8459E-001  5.9737E-001
1089   32.62   28.17    68.47  2.8459E-001  5.9737E-001
1090   21.43   26.13    44.99  2.8459E-001  5.9737E-001
1091   26.09   26.64    54.77  2.8459E-001  5.9737E-001
1092   33.82   30.09    70.98  2.8459E-001  5.9737E-001
1093   24.40   24.83    51.23  2.8459E-001  5.9737E-001
1094   18.53   23.67    38.89  2.8459E-001  5.9737E-001
1095   20.04   26.92    42.07  2.8459E-001  5.9737E-001
1096   18.01   24.41    37.80  2.8459E-001  5.9737E-001
1097   19.81   18.31    41.59  2.8459E-001  5.9737E-001
1098   24.84   23.38    52.14  2.8459E-001  5.9737E-001
1099   34.50   26.07    72.43  2.8459E-001  5.9737E-001
1100   76.01   57.31   159.54  2.8459E-001  5.9737E-001
1101   22.99   25.04    48.25  2.8459E-001  5.9737E-001
1102   18.58   14.69    39.01  2.8459E-001  5.9737E-001
1103   23.61   21.73    49.55  2.8459E-001  5.9737E-001
1104   34.23   22.36    71.86  2.8459E-001  5.9737E-001
1105   28.18   14.99    59.15  2.8459E-001  5.9737E-001
1106   22.48   18.56    47.19  2.8459E-001  5.9737E-001
1107   23.75   22.44    49.85  2.8459E-001  5.9737E-001
1108   20.36   16.48    42.74  2.8459E-001  5.9737E-001
1109   31.84   18.64    66.84  2.8459E-001  5.9737E-001
1110   34.37   21.76    72.15  2.8459E-001  5.9737E-001
1111   30.27   22.94    63.55  2.8459E-001  5.9737E-001
1112   40.25   28.81    84.49  2.8459E-001  5.9737E-001
1113   24.61   30.51    51.66  2.8459E-001  5.9737E-001
1114   26.16   31.72    54.91  2.8459E-001  5.9737E-001
1115   39.24   37.20    82.36  2.8459E-001  5.9737E-001
1116   48.57   34.07   101.96  2.8459E-001  5.9737E-001
1117   76.46   53.22   160.50  2.8459E-001  5.9737E-001
1118   25.19   27.06    52.87  2.8459E-001  5.9737E-001
1119   21.04   21.88    44.17  2.8459E-001  5.9737E-001
1120   26.74   22.72    56.14  2.8459E-001  5.9737E-001
1121   33.62   27.11    70.57  2.8459E-001  5.9737E-001
1122   24.92   17.90    52.31  2.8459E-001  5.9737E-001
1123   29.17   20.35    61.23  2.8459E-001  5.9737E-001
1124   30.96   28.75    64.99  2.8459E-001  5.9737E-001
1125   23.93   25.29    50.23  2.8459E-001  5.9737E-001
1126   25.68   24.93    53.90  2.8459E-001  5.9737E-001
1127   43.17   27.95    90.62  2.8459E-001  5.9737E-001
1128   35.43   27.71    74.37  2.8459E-001  5.9737E-001
1129   40.68   31.83    85.38  2.8459E-001  5.9737E-001
1130   21.70   23.56    45.56  2.8459E-001  5.9737E-001
1131   23.36   23.39    49.04  2.8459E-001  5.9737E-001
1132   23.27   28.12    48.84  2.8459E-001  5.9737E-001
1133   30.42   33.42    63.85  2.8459E-001  5.9737E-001
1134   30.42   34.03    63.86  2.8459E-001  5.9737E-001
1135   34.90   34.89    73.27  2.8459E-001  5.9737E-001
1136   42.37   33.45    88.93  2.8459E-001  5.9737E-001
1137   66.95   43.30   140.53  2.8459E-001  5.9737E-001
1138   44.63   25.77    93.69  2.8459E-001  5.9737E-001
1139   44.12   27.03    92.61  2.8459E-001  5.9737E-001
1140   45.66   31.82    95.84  2.8459E-001  5.9737E-001
1141   36.26   28.10    76.10  2.8459E-001  5.9737E-001
1142   40.19   32.66    84.36  2.8459E-001  5.9737E-001
1143   46.36   32.43    97.32  2.8459E-001  5.9737E-001
1144   42.15   16.90    88.48  2.8459E-001  5.9737E-001
1145   53.36   23.57   112.00  2.8459E-001  5.9737E-001
1146   53.76   40.73   112.84  2.8459E-001  5.9737E-001
1147   50.84   41.23   106.72  2.8459E-001  5.9737E-001
1148   40.59   36.11    85.19  2.8459E-001  5.9737E-001
1149   41.31   33.86    86.72  2.8459E-001  5.9737E-001
1150   90.70   45.50   190.39  2.8459E-001  5.9737E-001
1151   89.03   39.83   186.88  2.8459E-001  5.9737E-001
1152   45.53   33.77    95.58  2.8459E-001  5.9737E-001
1153   35.31   34.49    74.12  2.8459E-001  5.9737E-001
1154   32.98   31.45    69.23  2.8459E-001  5.9737E-001
1155   34.83   39.11    73.11  2.8459E-001  5.9737E-001
1156   51.94   33.02   109.03  2.8459E-001  5.9737E-001
1157   56.55   39.34   118.70  2.8459E-001  5.9737E-001
1158   45.84   31.49    96.22  2.8459E-001  5.9737E-001
1159   45.23   23.62    94.95  2.8459E-001  5.9737E-001
1160   40.71   24.28    85.45  2.8459E-001  5.9737E-001
1161   55.14   23.82   115.74  2.8459E-001  5.9737E-001
1162   95.66   35.36   200.80  2.8459E-001  5.9737E-001
1163   40.91   28.04    85.87  2.8459E-001  5.9737E-001
1164   32.82   28.03    68.90  2.8459E-001  5.9737E-001
1165   28.23   29.07    59.26  2.8459E-001  5.9737E-001
1166   34.44   30.28    72.29  2.8459E-001  5.9737E-001
1167   52.67   31.68   110.55  2.8459E-001  5.9737E-001
1168   98.60   48.57   206.97  2.8459E-001  5.9737E-001
1169   23.88   28.11    50.14  2.8459E-001  5.9737E-001
1170   20.77   26.22    43.59  2.8459E-001  5.9737E-001
1171   23.22   23.94    48.74  2.8459E-001  5.9737E-001
1172   28.42   29.50    59.65  2.8459E-001  5.9737E-001
1173   25.31   33.28    53.13  2.8459E-001  5.9737E-001
1174   25.49   26.49    53.51  2.8459E-001  5.9737E-001
1175   27.91   21.18    58.59  2.8459E-001  5.9737E-001
1176   25.32   23.40    53.15  2.8459E-001  5.9737E-001
1177   28.40   27.50    59.61  2.8459E-001  5.9737E-001
1178   32.12   31.74    67.42  2.8459E-001  5.9737E-001
1179   40.44   14.01    84.89  2.8459E-001  5.9737E-001
1180   76.92   62.57   161.46  2.8459E-001  5.9737E-001
1181   27.55   29.51    57.83  2.8459E-001  5.9737E-001
1182   31.92   21.31    67.00  2.8459E-001  5.9737E-001
1183   32.07   30.49    67.31  2.8459E-001  5.9737E-001
1184   42.51   31.94    89.23  2.8459E-001  5.9737E-001
1185   61.94   27.53   130.01  2.8459E-001  5.9737E-001
1186   27.38   30.32    57.48  2.8459E-001  5.9737E-001
1187   25.83   29.85    54.23  2.8459E-001  5.9737E-001
1188   26.15   30.05    54.89  2.8459E-001  5.9737E-001
1189   37.77   27.04    79.28  2.8459E-001  5.9737E-001
1190   32.38   31.66    67.97  2.8459E-001  5.9737E-001
1191   38.72   40.05    81.28  2.8459E-001  5.9737E-001
1192   22.41   23.62    47.05  2.8459E-001  5.9737E-001
1193   21.28   18.00    44.67  2.8459E-001  5.9737E-001
1194   25.02   23.95    52.51  2.8459E-001  5.9737E-001
1195   32.44   29.62    68.09  2.8459E-001  5.9737E-001
1196   24.62   13.98    51.69  2.8459E-001  5.9737E-001
1197   23.34   18.62    48.99  2.8459E-001  5.9737E-001
1198   23.85   29.96    50.06  2.8459E-001  5.9737E-001
1199   27.95   34.24    58.67  2.8459E-001  5.9737E-001
1200   33.82   35.97    70.99  2.8459E-001  5.9737E-001
1201   51.81   39.44   108.76  2.8459E-001  5.9737E-001
1202   50.75   36.22   106.52  2.8459E-001  5.9737E-001
1203   58.75   57.77   123.31  2.8459E-001  5.9737E-001
1204   29.13   39.54    61.15  2.8459E-001  5.9737E-001
1205   35.41   45.82    74.34  2.8459E-001  5.9737E-001
1206   36.65   45.32    76.93  2.8459E-001  5.9737E-001
1207   70.64   41.65   148.28  2.8459E-001  5.9737E-001
1208   71.29   56.42   149.65  2.8459E-001  5.9737E-001
1209  151.35   71.11   317.68  2.8459E-001  5.9737E-001
1210   26.33   43.16    55.27  2.8459E-001  5.9737E-001
1211   29.55   42.82    62.04  2.8459E-001  5.9737E-001
1212   33.47   40.58    70.26  2.8459E-001  5.9737E-001
1213   47.78   40.69   100.28  2.8459E-001  5.9737E-001
1214   45.83   39.87    96.20  2.8459E-001  5.9737E-001
1215   51.33   37.33   107.74  2.8459E-001  5.9737E-001
1216   34.10   38.78    71.58  2.8459E-001  5.9737E-001
1217   28.34   39.78    59.49  2.8459E-001  5.9737E-001
1218   47.23   47.57    99.13  2.8459E-001  5.9737E-001
1219   67.74   55.44   142.20  2.8459E-001  5.9737E-001
1220   32.48   32.19    68.17  2.8459E-001  5.9737E-001
1221   28.93   26.51    60.72  2.8459E-001  5.9737E-001
1222   52.74   54.94   110.71  2.8459E-001  5.9737E-001
1223   64.01   61.27   134.37  2.8459E-001  5.9737E-001
1224   58.32   69.53   122.42  2.8459E-001  5.9737E-001
1225  108.02   78.47   226.75  2.8459E-001  5.9737E-001
1226   68.29   71.89   143.35  2.8459E-001  5.9737E-001
