    1  1.339015417E+002
    2  7.180914944E+001
    3  8.347126516E+001
    4  8.761799280E+001
    5  1.077905943E+002
    6  1.402803815E+002
    7  9.471834167E+001
    8  6.237185524E+001
    9  6.963138458E+001
   10  8.538465918E+001
   11  1.053361773E+002
   12  1.672089264E+002
   13  7.462910708E+001
   14  5.141977189E+001
   15  6.979368683E+001
   16  8.763320225E+001
   17  8.088911668E+001
   18  9.421520386E+001
   19  6.813180258E+001
   20  4.752411766E+001
   21  5.765552316E+001
   22  8.485515777E+001
   23  7.627806482E+001
   24  9.087548192E+001
   25  6.309794811E+001
   26  4.555716551E+001
   27  5.702136921E+001
   28  8.225644801E+001
   29  6.228153208E+001
   30  6.755032543E+001
   31  6.022684427E+001
   32  4.878079585E+001
   33  6.047774513E+001
   34  7.396051020E+001
   35  6.741604959E+001
   36  6.766812251E+001
   37  6.864123044E+001
   38  7.972124879E+001
   39  7.290698028E+001
   40  9.550507008E+001
   41  8.139427593E+001
   42  6.409209773E+001
   43  7.296872806E+001
   44  8.876335484E+001
   45  9.378399625E+001
   46  9.974850338E+001
   47  8.010957299E+001
   48  8.781755154E+001
   49  9.936139337E+001
   50  1.385403598E+002
   51  1.442469759E+002
   52  9.029012907E+001
   53  8.802933337E+001
   54  7.304183257E+001
   55  8.773781249E+001
   56  7.459161451E+001
   57  5.820635276E+001
   58  6.562345889E+001
   59  8.609056225E+001
   60  8.501902577E+001
   61  8.124730743E+001
   62  1.071324810E+002
   63  6.757387127E+001
   64  1.057818431E+002
   65  8.168143869E+001
   66  6.501437631E+001
   67  7.669555950E+001
   68  8.365507775E+001
   69  8.474658774E+001
   70  8.957868898E+001
   71  9.881162790E+001
   72  9.681144657E+001
   73  8.633930032E+001
   74  9.959215058E+001
   75  8.043283666E+001
   76  8.005340981E+001
   77  7.944198715E+001
   78  1.119500974E+002
   79  9.837411613E+001
   80  9.587907980E+001
   81  6.705980475E+001
   82  7.404720862E+001
   83  9.418549918E+001
   84  9.067296197E+001
   85  1.061203474E+002
   86  1.260441438E+002
   87  9.587530379E+001
   88  8.075284508E+001
   89  8.099328662E+001
   90  9.922944021E+001
   91  1.038093668E+002
   92  1.230205024E+002
   93  9.528166646E+001
   94  9.731659373E+001
   95  1.243636967E+002
   96  1.755881087E+002
   97  2.878015656E+002
   98  1.003663913E+002
   99  8.468040157E+001
  100  8.000879939E+001
  101  1.195508465E+002
  102  1.284730730E+002
  103  1.342477967E+002
  104  6.572346166E+001
  105  6.295806643E+001
  106  7.038115691E+001
  107  9.326575168E+001
  108  8.706454065E+001
  109  9.362479610E+001
  110  6.465888194E+001
  111  7.263964636E+001
  112  9.390627221E+001
  113  1.086762007E+002
  114  1.218187591E+002
  115  1.493689340E+002
  116  8.268888505E+001
  117  1.084056924E+002
  118  1.166753738E+002
  119  2.377549463E+002
  120  2.211263517E+002
  121  4.234257568E+002
  122  8.780469140E+001
  123  1.029745392E+002
  124  1.264017769E+002
  125  2.265890426E+002
  126  1.636030837E+002
  127  1.978777868E+002
  128  9.180162674E+001
  129  8.649022680E+001
  130  9.848993099E+001
  131  1.633818191E+002
  132  9.419440976E+001
  133  1.407642461E+002
  134  9.727228927E+001
  135  1.251235607E+002
  136  1.013834456E+002
  137  1.411543021E+002
  138  1.005148007E+002
  139  6.342122870E+001
  140  8.252900898E+001
  141  1.062808920E+002
  142  9.067234115E+001
  143  1.072739078E+002
  144  9.017964376E+001
  145  7.011647986E+001
  146  7.241103601E+001
  147  7.902295661E+001
  148  1.198363512E+002
  149  1.241196435E+002
  150  8.420405662E+001
  151  7.178460708E+001
  152  8.290138060E+001
  153  1.210438098E+002
  154  1.060836915E+002
  155  1.191298982E+002
  156  7.490822469E+001
  157  6.179236533E+001
  158  8.386648537E+001
  159  9.867062022E+001
  160  9.945228820E+001
  161  1.240912315E+002
  162  1.116103705E+002
  163  7.414877844E+001
  164  8.046092192E+001
  165  9.683285348E+001
  166  1.000320120E+002
  167  1.293966948E+002
  168  9.081492529E+001
  169  6.414905371E+001
  170  7.822335253E+001
  171  1.063866366E+002
  172  9.495561865E+001
  173  9.860407907E+001
  174  1.047566979E+002
  175  1.086412599E+002
  176  9.497386668E+001
  177  1.206385550E+002
  178  1.076974405E+002
  179  8.326227581E+001
  180  8.491883169E+001
  181  1.307670432E+002
  182  1.139137850E+002
  183  1.529992847E+002
  184  1.095947392E+002
  185  7.527479971E+001
  186  6.856145376E+001
  187  1.094374839E+002
  188  1.124529013E+002
  189  1.313021875E+002
  190  6.866869882E+001
  191  6.221250320E+001
  192  7.830913971E+001
  193  1.048401282E+002
  194  8.725798808E+001
  195  9.411436621E+001
  196  8.215412710E+001
  197  8.638837324E+001
  198  9.737207838E+001
  199  1.483106721E+002
  200  1.571715130E+002
  201  1.590919774E+002
  202  1.062932652E+002
  203  1.007736278E+002
  204  1.069635565E+002
  205  1.411628120E+002
  206  1.659094686E+002
  207  8.272280825E+001
  208  8.350678447E+001
  209  8.492080710E+001
  210  1.367751268E+002
  211  1.097938570E+002
  212  8.210507082E+001
  213  7.687077928E+001
  214  1.058227259E+002
  215  1.453565990E+002
  216  1.084802315E+002
  217  1.250493545E+002
  218  1.113447876E+002
  219  1.500111223E+002
  220  1.561724098E+002
  221  2.213968891E+002
  222  2.519472162E+002
  223  4.496156142E+002
  224  1.553020840E+002
  225  2.041924418E+002
  226  1.656862068E+002
  227  1.890188540E+002
  228  2.979986656E+002
  229  4.744782701E+002
  230  1.726740916E+002
  231  1.616951771E+002
  232  1.700780062E+002
  233  3.474193879E+002
  234  1.697667189E+002
  235  1.470340688E+002
  236  1.551981487E+002
  237  1.617524898E+002
  238  1.670362158E+002
  239  1.394378195E+002
  240  2.461640055E+002
  241  1.753865318E+002
  242  1.169848895E+002
  243  1.424710977E+002
  244  4.123973493E+002
  245  5.411632668E+002
  246  1.455478119E+002
  247  8.995959934E+001
  248  7.631869929E+001
  249  8.868000701E+001
  250  1.107134276E+002
  251  1.145038226E+002
  252  8.833245062E+001
  253  8.890627755E+001
  254  7.886637899E+001
  255  9.717768285E+001
  256  8.660337596E+001
  257  9.468744158E+001
  258  9.794585939E+001
  259  1.464485301E+002
  260  1.696030286E+002
  261  2.894184647E+002
  262  8.609044620E+001
  263  9.237822669E+001
  264  8.407908266E+001
  265  1.283058305E+002
  266  1.499395033E+002
  267  2.571750408E+002
  268  8.251423022E+001
  269  6.334748666E+001
  270  8.399462500E+001
  271  1.103521015E+002
  272  8.893708555E+001
  273  9.358036391E+001
  274  9.617940100E+001
  275  1.141110742E+002
  276  1.809502584E+002
  277  1.245476516E+002
  278  2.729237895E+002
  279  1.305608737E+002
  280  1.190052356E+002
  281  1.199545665E+002
  282  1.404404758E+002
  283  1.738530928E+002
  284  2.651336174E+002
  285  9.630310171E+001
  286  9.337565142E+001
  287  9.684455367E+001
  288  1.844954661E+002
  289  1.634744784E+002
  290  1.671336988E+002
  291  1.024244314E+002
  292  9.281338073E+001
  293  1.129998798E+002
  294  1.578687514E+002
  295  1.376242419E+002
  296  1.440488966E+002
  297  1.144264503E+002
  298  1.545306325E+002
  299  1.747660997E+002
  300  2.762016598E+002
  301  2.020867625E+002
  302  3.095318817E+002
  303  1.315068184E+002
  304  1.746818210E+002
  305  1.687480137E+002
  306  3.409110615E+002
  307  2.476161794E+002
  308  1.372084158E+002
  309  1.702523007E+002
  310  1.424808595E+002
  311  2.119108751E+002
  312  1.751160865E+002
  313  1.553700502E+002
  314  1.662713326E+002
  315  1.824880741E+002
  316  1.952735359E+002
  317  4.581813114E+002
  318  2.200837081E+002
  319  1.801447771E+002
  320  1.357459696E+002
  321  1.617352578E+002
  322  2.548816381E+002
  323  2.941431920E+002
  324  1.383224956E+002
  325  1.004922765E+002
  326  1.157220538E+002
  327  1.865758946E+002
  328  1.045643694E+002
  329  9.370056368E+001
  330  1.319839597E+002
  331  1.144774750E+002
  332  1.161423240E+002
  333  1.079383213E+002
  334  1.681743182E+002
  335  2.827185370E+002
  336  1.415906559E+002
  337  1.014323500E+002
  338  9.486101917E+001
  339  1.304949935E+002
  340  1.163238720E+002
  341  1.378344947E+002
  342  9.898189623E+001
  343  1.123367614E+002
  344  1.015875295E+002
  345  1.560154798E+002
  346  2.808338393E+002
  347  6.896326200E+002
  348  1.003445161E+002
  349  7.950513712E+001
  350  7.447643796E+001
  351  9.583284646E+001
  352  1.076000798E+002
  353  1.191537898E+002
  354  8.118339370E+001
  355  6.137521575E+001
  356  7.339755083E+001
  357  8.581781503E+001
  358  8.418136723E+001
  359  7.915724315E+001
  360  8.743069347E+001
  361  7.765499802E+001
  362  7.618514935E+001
  363  1.267134935E+002
  364  1.205593680E+002
  365  1.352314634E+002
  366  8.166187796E+001
  367  8.556957169E+001
  368  8.869560402E+001
  369  1.471567582E+002
  370  1.591552176E+002
  371  7.183362495E+001
  372  6.750936792E+001
  373  6.934157197E+001
  374  1.137866099E+002
  375  9.152335214E+001
  376  9.493971293E+001
  377  7.427665243E+001
  378  5.900542465E+001
  379  7.344556489E+001
  380  1.047324595E+002
  381  7.642847646E+001
  382  8.660840670E+001
  383  8.929003658E+001
  384  8.408839724E+001
  385  9.731907084E+001
  386  1.602538546E+002
  387  1.295625357E+002
  388  2.231618532E+002
  389  1.203052404E+002
  390  9.859492987E+001
  391  1.105915758E+002
  392  1.665608563E+002
  393  1.516966627E+002
  394  3.500012256E+002
  395  8.556962653E+001
  396  9.133284077E+001
  397  9.355986418E+001
  398  1.167077207E+002
  399  1.418227246E+002
  400  1.528639846E+002
  401  9.781643360E+001
  402  7.579215100E+001
  403  8.897918769E+001
  404  1.211540006E+002
  405  1.083789371E+002
  406  1.285048222E+002
  407  9.270496487E+001
  408  1.343769565E+002
  409  1.531169412E+002
  410  2.937265371E+002
  411  2.444573303E+002
  412  1.032311489E+002
  413  1.462965547E+002
  414  1.616151944E+002
  415  1.348497368E+002
  416  2.011942106E+002
  417  4.028365169E+002
  418  2.576310491E+002
  419  1.759383115E+002
  420  1.432428964E+002
  421  1.839337353E+002
  422  4.159543690E+002
  423  6.653347432E+002
  424  1.540112519E+002
  425  1.171579241E+002
  426  1.038585710E+002
  427  1.368258372E+002
  428  1.474740576E+002
  429  3.049125505E+002
  430  1.032116004E+002
  431  7.463820432E+001
  432  8.759043559E+001
  433  1.047288125E+002
  434  9.502329139E+001
  435  1.119185575E+002
  436  1.114721062E+002
  437  1.321798479E+002
  438  1.150928116E+002
  439  1.894119702E+002
  440  2.463376323E+002
  441  6.805638868E+002
  442  1.267975636E+002
  443  9.451445514E+001
  444  9.531803029E+001
  445  1.319487549E+002
  446  1.235743405E+002
  447  2.158317630E+002
  448  7.960768544E+001
  449  8.590304695E+001
  450  7.516304906E+001
  451  9.231257305E+001
  452  6.697365776E+001
  453  5.093298869E+001
  454  5.576183507E+001
  455  7.865461015E+001
  456  6.232287511E+001
  457  7.161215028E+001
  458  6.028544035E+001
  459  4.607585154E+001
  460  6.279156329E+001
  461  8.441296644E+001
  462  6.372870339E+001
  463  6.363217172E+001
  464  6.380393184E+001
  465  4.725876722E+001
  466  6.006678234E+001
  467  6.946597546E+001
  468  6.178461658E+001
  469  7.141239810E+001
  470  6.446532529E+001
  471  5.091514551E+001
  472  6.650876331E+001
  473  1.040704420E+002
  474  6.670659196E+001
  475  8.924447187E+001
  476  5.650804425E+001
  477  7.377352293E+001
  478  6.664677029E+001
  479  9.833292759E+001
  480  7.428650708E+001
  481  6.019037193E+001
  482  7.238211557E+001
  483  9.073499035E+001
  484  9.050622375E+001
  485  7.436264789E+001
  486  9.198075483E+001
  487  6.874469317E+001
  488  6.654612380E+001
  489  1.027891164E+002
  490  1.050108799E+002
  491  1.142674077E+002
  492  7.901653615E+001
  493  7.057280197E+001
  494  7.049436738E+001
  495  1.111757777E+002
  496  1.125337152E+002
  497  1.444781367E+002
  498  9.667997856E+001
  499  6.902577023E+001
  500  7.199349995E+001
  501  1.009274588E+002
  502  1.068789842E+002
  503  1.195240555E+002
  504  9.372087721E+001
  505  8.786963170E+001
  506  8.690709858E+001
  507  1.047402463E+002
  508  1.484361349E+002
  509  1.679538395E+002
  510  1.218043685E+002
  511  9.875239125E+001
  512  9.433126822E+001
  513  1.157890728E+002
  514  2.066016498E+002
  515  2.390554270E+002
  516  1.019592652E+002
  517  6.937216624E+001
  518  6.559970184E+001
  519  9.434937727E+001
  520  1.016191935E+002
  521  1.205337688E+002
  522  6.352218314E+001
  523  6.256096171E+001
  524  8.006873405E+001
  525  9.475652418E+001
  526  1.016357318E+002
  527  1.089873151E+002
  528  9.531729095E+001
  529  9.175730562E+001
  530  1.112304634E+002
  531  1.481641425E+002
  532  2.352154163E+002
  533  1.088305674E+002
  534  7.575294485E+001
  535  7.835126483E+001
  536  1.166943349E+002
  537  1.144808580E+002
  538  6.037526822E+001
  539  6.725825109E+001
  540  8.326658010E+001
  541  1.033633850E+002
  542  9.376441877E+001
  543  9.402646496E+001
  544  7.480155516E+001
  545  8.617075845E+001
  546  1.123056556E+002
  547  1.354739678E+002
  548  1.628305566E+002
  549  2.927220041E+002
  550  1.265042990E+002
  551  1.306049248E+002
  552  1.285087108E+002
  553  2.588530189E+002
  554  2.541783139E+002
  555  4.237628961E+002
  556  9.970586663E+001
  557  1.028143436E+002
  558  1.263388957E+002
  559  1.390909273E+002
  560  1.565754182E+002
  561  1.199550886E+002
  562  1.654120191E+002
  563  1.343342281E+002
  564  1.975277799E+002
  565  9.173352288E+001
  566  8.269968709E+001
  567  1.065163222E+002
  568  1.491573871E+002
  569  1.066495753E+002
  570  1.164930175E+002
  571  1.319842789E+002
  572  1.180388326E+002
  573  1.090383942E+002
  574  1.355937023E+002
  575  1.707655546E+002
  576  2.123041181E+002
  577  1.189939704E+002
  578  6.567439133E+001
  579  8.203840184E+001
  580  1.392527075E+002
  581  7.718144039E+001
  582  8.229850978E+001
  583  7.776429638E+001
  584  6.639062943E+001
  585  6.779339037E+001
  586  7.572279255E+001
  587  1.064152571E+002
  588  1.544778041E+002
  589  8.209285992E+001
  590  5.321488551E+001
  591  6.721614956E+001
  592  9.145772122E+001
  593  7.565393259E+001
  594  1.061467014E+002
  595  7.095140908E+001
  596  4.643586318E+001
  597  6.328969705E+001
  598  8.731085861E+001
  599  6.096907923E+001
  600  5.888629058E+001
  601  7.019787626E+001
  602  5.246308736E+001
  603  6.699000997E+001
  604  9.316892172E+001
  605  6.848518696E+001
  606  6.961993198E+001
  607  6.958993964E+001
  608  5.528353158E+001
  609  7.119236907E+001
  610  9.518750819E+001
  611  8.977085419E+001
  612  1.111129203E+002
  613  7.464461773E+001
  614  5.217012797E+001
  615  6.886902743E+001
  616  9.753594274E+001
  617  6.943433841E+001
  618  6.351322475E+001
  619  6.316284447E+001
  620  6.773237566E+001
  621  7.354143662E+001
  622  9.595729707E+001
  623  1.080348792E+002
  624  1.608019666E+002
  625  9.043214622E+001
  626  6.768815935E+001
  627  8.952106724E+001
  628  1.067410201E+002
  629  7.262389084E+001
  630  7.618343521E+001
  631  1.107544775E+002
  632  1.010270920E+002
  633  9.460488792E+001
  634  8.948016768E+001
  635  1.915948701E+002
  636  2.002980280E+002
  637  1.176339272E+002
  638  8.313831722E+001
  639  8.263913529E+001
  640  9.063057839E+001
  641  1.111161394E+002
  642  1.212379522E+002
  643  9.224979099E+001
  644  1.045844538E+002
  645  9.820182503E+001
  646  1.202380741E+002
  647  2.531376079E+002
  648  3.719510616E+002
  649  1.026198313E+002
  650  7.969304069E+001
  651  7.469957845E+001
  652  9.810412259E+001
  653  1.098543228E+002
  654  1.639817498E+002
  655  6.098253458E+001
  656  6.145399642E+001
  657  6.361799704E+001
  658  7.477114614E+001
  659  9.687834682E+001
  660  1.037549908E+002
  661  5.807240258E+001
  662  6.352800699E+001
  663  7.429421366E+001
  664  8.746645819E+001
  665  9.736408029E+001
  666  1.081684798E+002
  667  7.094583115E+001
  668  8.651314185E+001
  669  8.344226611E+001
  670  8.461491390E+001
  671  1.300202462E+002
  672  2.217269975E+002
  673  7.197943895E+001
  674  6.718640175E+001
  675  6.940513413E+001
  676  1.034316880E+002
  677  1.153975922E+002
  678  1.357483191E+002
  679  5.605112359E+001
  680  6.667946000E+001
  681  7.455659033E+001
  682  1.094593314E+002
  683  9.587094937E+001
  684  1.093183187E+002
  685  8.043865173E+001
  686  7.594371968E+001
  687  8.945743976E+001
  688  9.881773242E+001
  689  1.183558070E+002
  690  1.370139599E+002
  691  1.153708011E+002
  692  1.049524163E+002
  693  8.777017470E+001
  694  1.205579404E+002
  695  7.698788429E+001
  696  7.333952384E+001
  697  9.951955823E+001
  698  1.226518914E+002
  699  1.013217196E+002
  700  1.207339990E+002
  701  1.023242590E+002
  702  6.370854685E+001
  703  7.604506851E+001
  704  1.023129739E+002
  705  9.402062157E+001
  706  1.525177456E+002
  707  7.381472010E+001
  708  6.715148869E+001
  709  7.000466286E+001
  710  9.588993249E+001
  711  9.083618086E+001
  712  9.710122457E+001
  713  7.636645167E+001
  714  6.891280140E+001
  715  8.570325938E+001
  716  1.226830293E+002
  717  8.319153620E+001
  718  1.165714343E+002
  719  1.056410385E+002
  720  1.052851207E+002
  721  1.136182638E+002
  722  1.409813011E+002
  723  1.536490713E+002
  724  1.522330797E+002
  725  1.606509874E+002
  726  1.925193255E+002
  727  3.010891293E+002
  728  2.794147247E+002
  729  2.072698854E+002
  730  1.327286934E+002
  731  1.537404599E+002
  732  1.581584143E+002
  733  2.089244040E+002
  734  2.033930140E+002
  735  2.031243341E+002
  736  1.245714680E+002
  737  1.359536329E+002
  738  1.122202722E+002
  739  1.589310673E+002
  740  1.255323746E+002
  741  1.006043412E+002
  742  8.705767753E+001
  743  1.078732674E+002
  744  1.451340268E+002
  745  2.057952031E+002
  746  1.356740538E+002
  747  8.504458890E+001
  748  8.256501538E+001
  749  1.093254681E+002
  750  1.170227533E+002
  751  1.414680285E+002
  752  9.030780958E+001
  753  7.318505054E+001
  754  1.127924199E+002
  755  1.221750048E+002
  756  8.595901518E+001
  757  9.037719684E+001
  758  1.133210782E+002
  759  7.998013788E+001
  760  9.114879203E+001
  761  1.435730049E+002
  762  9.502821705E+001
  763  9.549166362E+001
  764  8.886576519E+001
  765  9.708629423E+001
  766  1.142459094E+002
  767  1.875213668E+002
  768  1.410142366E+002
  769  1.755482473E+002
  770  1.276690893E+002
  771  1.386810734E+002
  772  1.625509144E+002
  773  3.367590346E+002
  774  2.503752142E+002
  775  3.433780442E+002
  776  1.256344921E+002
  777  1.385334936E+002
  778  1.404687935E+002
  779  2.057805654E+002
  780  1.521157063E+002
  781  2.022062542E+002
  782  1.400439174E+002
  783  1.289809783E+002
  784  1.138536339E+002
  785  1.260505845E+002
  786  1.553814201E+002
  787  1.935538463E+002
  788  1.340643772E+002
  789  1.126666663E+002
  790  1.281112051E+002
  791  1.728442883E+002
  792  1.748431439E+002
  793  2.478520458E+002
  794  1.272903134E+002
  795  1.055002337E+002
  796  1.264170818E+002
  797  1.684709422E+002
  798  1.132797209E+002
  799  1.489947770E+002
  800  1.466959976E+002
  801  1.755655093E+002
  802  1.782578359E+002
  803  2.906837041E+002
  804  3.115701794E+002
  805  1.018906033E+003
  806  1.734914688E+002
  807  1.528877994E+002
  808  1.527368626E+002
  809  1.515268811E+002
  810  1.996058398E+002
  811  2.443655306E+002
  812  2.119411513E+002
  813  1.768055704E+002
  814  1.577628007E+002
  815  2.389004669E+002
  816  3.680273978E+002
  817  6.134642987E+002
  818  1.496511103E+002
  819  1.514385390E+002
  820  1.225557165E+002
  821  1.371548746E+002
  822  1.258178195E+002
  823  1.038068349E+002
  824  1.025621133E+002
  825  1.096488614E+002
  826  1.482642235E+002
  827  3.275946238E+002
  828  1.042410315E+002
  829  9.443124947E+001
  830  1.168459874E+002
  831  1.583149529E+002
  832  1.068291934E+002
  833  1.259056908E+002
  834  1.330480735E+002
  835  1.596518864E+002
  836  1.930684976E+002
  837  2.787657077E+002
  838  2.101232142E+002
  839  1.851396586E+002
  840  2.225522453E+002
  841  2.232775985E+002
  842  2.193051869E+002
  843  3.245180103E+002
  844  3.304447654E+002
  845  4.772702448E+002
  846  2.070430001E+002
  847  1.922793552E+002
  848  2.031821253E+002
  849  3.908371940E+002
  850  2.008147464E+002
  851  1.788280062E+002
  852  1.863771856E+002
  853  1.879143055E+002
  854  1.596666170E+002
  855  1.861329860E+002
  856  1.606261854E+002
  857  1.400408447E+002
  858  1.235143870E+002
  859  1.181445504E+002
  860  1.848226606E+002
  861  2.412292810E+002
  862  1.541456783E+002
  863  1.242213674E+002
  864  1.089520434E+002
  865  1.411241487E+002
  866  2.297051247E+002
  867  3.588614587E+002
  868  1.065496756E+002
  869  8.232411529E+001
  870  1.084667455E+002
  871  1.668125432E+002
  872  8.596532498E+001
  873  7.394380087E+001
  874  1.187427715E+002
  875  1.001545495E+002
  876  1.174694899E+002
  877  1.289653627E+002
  878  1.414823406E+002
  879  1.594050520E+002
  880  1.478785286E+002
  881  1.006038514E+002
  882  1.247023185E+002
  883  1.966595367E+002
  884  1.211198486E+002
  885  1.429463705E+002
  886  1.264291256E+002
  887  1.249186560E+002
  888  1.433426462E+002
  889  1.213600391E+002
  890  1.579864880E+002
  891  1.478827472E+002
  892  2.358638164E+002
  893  1.588941571E+002
  894  1.378754950E+002
  895  1.516784500E+002
  896  3.327690420E+002
  897  3.722486818E+002
  898  1.501416213E+002
  899  1.095790812E+002
  900  1.091157598E+002
  901  1.137769771E+002
  902  1.518638178E+002
  903  2.126054297E+002
  904  8.937946963E+001
  905  8.192425276E+001
  906  9.081197595E+001
  907  1.138173445E+002
  908  9.686840627E+001
  909  1.118626661E+002
  910  8.375935898E+001
  911  8.625375973E+001
  912  8.930291838E+001
  913  1.002672729E+002
  914  1.581684233E+002
  915  3.292230192E+002
  916  1.091053202E+002
  917  8.661402698E+001
  918  9.196319864E+001
  919  9.790690465E+001
  920  1.532367454E+002
  921  3.048111615E+002
  922  1.238995221E+002
  923  1.190035283E+002
  924  1.040164367E+002
  925  1.342803331E+002
  926  2.565932819E+002
  927  4.473187067E+002
  928  9.914919804E+001
  929  8.729571524E+001
  930  8.381383237E+001
  931  1.125840629E+002
  932  1.437716560E+002
  933  1.654533442E+002
  934  6.783596133E+001
  935  6.611745945E+001
  936  6.863080895E+001
  937  8.372712710E+001
  938  8.111978151E+001
  939  8.362170525E+001
  940  7.021074621E+001
  941  7.835512056E+001
  942  9.046428174E+001
  943  1.067590627E+002
  944  1.378214811E+002
  945  2.218185055E+002
  946  7.176664165E+001
  947  9.851292853E+001
  948  9.437999638E+001
  949  1.464566146E+002
  950  1.964519603E+002
  951  2.897821425E+002
  952  7.626806836E+001
  953  8.141065015E+001
  954  8.181963291E+001
  955  1.129471762E+002
  956  1.257725474E+002
  957  1.541709416E+002
  958  6.972693780E+001
  959  7.148834797E+001
  960  8.607549142E+001
  961  1.056117730E+002
  962  8.986630118E+001
  963  9.071723213E+001
  964  8.020061570E+001
  965  1.025068573E+002
  966  9.974957568E+001
  967  1.530016050E+002
  968  1.667491380E+002
  969  2.417483131E+002
  970  9.075920528E+001
  971  9.745906792E+001
  972  1.023057241E+002
  973  1.400189924E+002
  974  1.947644120E+002
  975  2.368274346E+002
  976  8.149216384E+001
  977  7.867977718E+001
  978  8.797787868E+001
  979  1.266012173E+002
  980  1.171542771E+002
  981  1.087922475E+002
  982  8.168475535E+001
  983  9.895618051E+001
  984  1.223124819E+002
  985  1.484901641E+002
  986  1.179386558E+002
  987  1.628337300E+002
  988  1.000619102E+002
  989  1.159203510E+002
  990  1.116442947E+002
  991  2.049877269E+002
  992  2.527094447E+002
  993  5.129579163E+002
  994  8.567981075E+001
  995  9.111049706E+001
  996  9.199687936E+001
  997  1.395620616E+002
  998  1.475460041E+002
  999  2.198382112E+002
 1000  7.419466158E+001
 1001  6.835027057E+001
 1002  9.174069948E+001
 1003  9.909993480E+001
 1004  9.521883659E+001
 1005  1.047916009E+002
 1006  1.283964975E+002
 1007  1.176503876E+002
 1008  1.097422005E+002
 1009  1.417710676E+002
 1010  2.313161499E+002
 1011  1.228408522E+002
 1012  8.982660526E+001
 1013  9.181032260E+001
 1014  1.119036667E+002
 1015  1.432267750E+002
 1016  1.686067901E+002
 1017  7.736399154E+001
 1018  6.618121426E+001
 1019  7.458108513E+001
 1020  8.992616200E+001
 1021  8.519773772E+001
 1022  7.552053413E+001
 1023  7.668212880E+001
 1024  8.364882527E+001
 1025  9.401405053E+001
 1026  1.041030465E+002
 1027  1.446895480E+002
 1028  1.551508466E+002
 1029  8.682887279E+001
 1030  1.180723240E+002
 1031  9.954932987E+001
 1032  1.637254588E+002
 1033  8.347143281E+001
 1034  8.069921175E+001
 1035  8.991848510E+001
 1036  1.149683170E+002
 1037  1.325667625E+002
 1038  1.505161186E+002
 1039  7.373449410E+001
 1040  6.834583381E+001
 1041  7.849988389E+001
 1042  1.058983837E+002
 1043  6.813379742E+001
 1044  7.155488789E+001
 1045  8.299350978E+001
 1046  7.518416199E+001
 1047  8.528559160E+001
 1048  1.024079910E+002
 1049  1.061448196E+002
 1050  1.270794330E+002
 1051  8.633224991E+001
 1052  1.028137637E+002
 1053  1.031159657E+002
 1054  1.610342475E+002
 1055  2.054488423E+002
 1056  4.788613053E+002
 1057  7.642277413E+001
 1058  8.401970530E+001
 1059  8.495065876E+001
 1060  1.139585265E+002
 1061  1.106246120E+002
 1062  2.096778105E+002
 1063  7.035817964E+001
 1064  7.250882708E+001
 1065  1.028402117E+002
 1066  1.287041871E+002
 1067  1.121306424E+002
 1068  1.182997300E+002
 1069  1.452701184E+002
 1070  1.561282266E+002
 1071  3.847148142E+002
 1072  2.919368896E+002
 1073  4.790632900E+002
 1074  1.244053577E+002
 1075  1.605140489E+002
 1076  1.833114491E+002
 1077  4.075672328E+002
 1078  2.103479901E+002
 1079  1.237620435E+002
 1080  1.599047527E+002
 1081  1.431159466E+002
 1082  2.516678680E+002
 1083  1.237366888E+002
 1084  1.212215254E+002
 1085  1.304197486E+002
 1086  2.024873422E+002
 1087  1.506922629E+002
 1088  2.886715858E+002
 1089  1.189339861E+002
 1090  7.500379137E+001
 1091  9.024129893E+001
 1092  1.187147394E+002
 1093  8.654772486E+001
 1094  6.401394816E+001
 1095  6.907830468E+001
 1096  6.269696590E+001
 1097  6.866905197E+001
 1098  8.704189246E+001
 1099  1.212557136E+002
 1100  2.602792004E+002
 1101  8.041772316E+001
 1102  6.357213773E+001
 1103  8.136792906E+001
 1104  1.214766048E+002
 1105  9.660384535E+001
 1106  7.659309129E+001
 1107  8.217659190E+001
 1108  6.961002196E+001
 1109  1.076263315E+002
 1110  1.184964981E+002
 1111  1.029560530E+002
 1112  1.439376667E+002
 1113  8.507573518E+001
 1114  8.798635007E+001
 1115  1.310391811E+002
 1116  1.755397415E+002
 1117  2.650566170E+002
 1118  8.410319218E+001
 1119  7.078684111E+001
 1120  8.692173767E+001
 1121  1.115441672E+002
 1122  8.428146800E+001
 1123  9.940186689E+001
 1124  1.056177831E+002
 1125  7.980134700E+001
 1126  8.284975619E+001
 1127  1.364975567E+002
 1128  1.200133133E+002
 1129  1.369624344E+002
 1130  7.165764594E+001
 1131  7.673457826E+001
 1132  7.443137667E+001
 1133  1.005424862E+002
 1134  9.718542630E+001
 1135  1.077712726E+002
 1136  1.342608658E+002
 1137  2.200889159E+002
 1138  1.473192392E+002
 1139  1.475723080E+002
 1140  1.484904564E+002
 1141  1.152361652E+002
 1142  1.252954651E+002
 1143  1.453416249E+002
 1144  1.379019049E+002
 1145  1.807228671E+002
 1146  1.609683744E+002
 1147  1.418675560E+002
 1148  1.238905804E+002
 1149  1.154941727E+002
 1150  2.620260987E+002
 1151  2.950745593E+002
 1152  1.357071944E+002
 1153  1.025371955E+002
 1154  1.014056873E+002
 1155  1.126770372E+002
 1156  1.371244313E+002
 1157  1.504998279E+002
 1158  1.169903301E+002
 1159  1.448556424E+002
 1160  1.311097531E+002
 1161  1.821266332E+002
 1162  3.199307922E+002
 1163  1.294201253E+002
 1164  1.046711658E+002
 1165  8.958588489E+001
 1166  1.102575995E+002
 1167  1.743296907E+002
 1168  3.435850135E+002
 1169  7.456508191E+001
 1170  6.661185405E+001
 1171  7.458720198E+001
 1172  9.093316155E+001
 1173  8.208374254E+001
 1174  8.342922322E+001
 1175  8.930032253E+001
 1176  8.060943114E+001
 1177  9.103349080E+001
 1178  1.074255622E+002
 1179  1.321318199E+002
 1180  2.384548484E+002
 1181  8.816141126E+001
 1182  1.030360328E+002
 1183  1.052311972E+002
 1184  1.434537805E+002
 1185  2.075363113E+002
 1186  8.758429427E+001
 1187  8.474005108E+001
 1188  8.649531006E+001
 1189  1.274077242E+002
 1190  1.060888810E+002
 1191  1.273939861E+002
 1192  7.342187989E+001
 1193  7.015603096E+001
 1194  8.403624925E+001
 1195  1.096334933E+002
 1196  8.213278630E+001
 1197  7.647508507E+001
 1198  7.802919644E+001
 1199  9.371299393E+001
 1200  1.139298877E+002
 1201  1.789232706E+002
 1202  1.727335701E+002
 1203  1.910912332E+002
 1204  9.750728354E+001
 1205  1.185717677E+002
 1206  1.238185328E+002
 1207  2.425852386E+002
 1208  2.444566064E+002
 1209  5.290793192E+002
 1210  8.845805289E+001
 1211  1.021763726E+002
 1212  1.154286030E+002
 1213  1.691029867E+002
 1214  1.632959722E+002
 1215  1.721225982E+002
 1216  1.181567723E+002
 1217  9.771956103E+001
 1218  1.661140598E+002
 1219  1.433055679E+002
 1220  1.110570937E+002
 1221  1.051984645E+002
 1222  1.846468779E+002
 1223  2.219284214E+002
 1224  2.042550294E+002
 1225  3.485536710E+002
 1226  2.401330307E+002
