    1  1.681437679E+002
    2  1.013201389E+002
    3  1.073198684E+002
    4  1.133554722E+002
    5  1.382577183E+002
    6  1.730635470E+002
    7  1.178698834E+002
    8  8.218159876E+001
    9  8.812952285E+001
   10  1.021396516E+002
   11  1.237504168E+002
   12  1.951070048E+002
   13  9.265588356E+001
   14  6.647566644E+001
   15  8.211522605E+001
   16  1.012494316E+002
   17  1.015521772E+002
   18  1.155667211E+002
   19  8.041845358E+001
   20  5.643681138E+001
   21  6.938028800E+001
   22  9.852830825E+001
   23  8.383835648E+001
   24  1.004833034E+002
   25  7.391363788E+001
   26  5.698392089E+001
   27  6.691428119E+001
   28  9.325457784E+001
   29  8.449172092E+001
   30  1.020138400E+002
   31  6.929025521E+001
   32  5.699547423E+001
   33  7.204451050E+001
   34  8.532263548E+001
   35  7.523144476E+001
   36  7.387152474E+001
   37  7.889511567E+001
   38  9.172716185E+001
   39  8.723616102E+001
   40  1.080430205E+002
   41  9.176824477E+001
   42  7.798260261E+001
   43  9.373031410E+001
   44  1.072189751E+002
   45  1.088759878E+002
   46  1.247773497E+002
   47  1.009869255E+002
   48  1.111729081E+002
   49  1.194868888E+002
   50  1.675329336E+002
   51  1.785983542E+002
   52  1.135542565E+002
   53  1.105680465E+002
   54  9.257402234E+001
   55  1.124826686E+002
   56  9.322847572E+001
   57  7.724265236E+001
   58  8.654556065E+001
   59  1.115301877E+002
   60  1.043633992E+002
   61  1.046752554E+002
   62  1.437524178E+002
   63  9.790249560E+001
   64  1.607939416E+002
   65  1.130650419E+002
   66  8.751438921E+001
   67  1.077808761E+002
   68  1.256916731E+002
   69  1.003089609E+002
   70  1.167301211E+002
   71  1.394356055E+002
   72  1.563678051E+002
   73  1.544840025E+002
   74  1.801614014E+002
   75  1.424793923E+002
   76  1.475923938E+002
   77  1.400751216E+002
   78  1.910750565E+002
   79  1.919197335E+002
   80  1.842721199E+002
   81  1.277038023E+002
   82  1.164990665E+002
   83  1.359011578E+002
   84  1.315955493E+002
   85  1.408575641E+002
   86  1.649390552E+002
   87  1.382492404E+002
   88  1.282871711E+002
   89  1.308906904E+002
   90  1.493571888E+002
   91  1.523769014E+002
   92  1.787689649E+002
   93  1.542002588E+002
   94  1.584137413E+002
   95  2.096035072E+002
   96  2.751600799E+002
   97  4.162383918E+002
   98  1.569185047E+002
   99  1.413229647E+002
  100  1.315534274E+002
  101  1.717164337E+002
  102  1.619242798E+002
  103  2.052004148E+002
  104  1.115978744E+002
  105  1.041623180E+002
  106  1.157828323E+002
  107  1.363476800E+002
  108  1.227378488E+002
  109  1.233457385E+002
  110  1.221706243E+002
  111  1.223450827E+002
  112  1.509187581E+002
  113  1.630209153E+002
  114  1.727575776E+002
  115  2.070936249E+002
  116  1.438488404E+002
  117  1.742631521E+002
  118  1.807800462E+002
  119  3.149101176E+002
  120  2.894362694E+002
  121  4.763888576E+002
  122  1.456129441E+002
  123  1.609412247E+002
  124  1.784348396E+002
  125  2.836045565E+002
  126  2.092505384E+002
  127  2.045326295E+002
  128  1.407382208E+002
  129  1.314122908E+002
  130  1.472379967E+002
  131  2.123537462E+002
  132  1.341511399E+002
  133  1.656883182E+002
  134  1.494693131E+002
  135  1.782545245E+002
  136  1.513860728E+002
  137  1.915727722E+002
  138  1.503690639E+002
  139  1.079584994E+002
  140  1.265187657E+002
  141  1.542894496E+002
  142  1.282102497E+002
  143  1.411370644E+002
  144  1.339979651E+002
  145  1.183449383E+002
  146  1.155322013E+002
  147  1.162047725E+002
  148  1.726593638E+002
  149  1.708450205E+002
  150  1.319935614E+002
  151  1.126459147E+002
  152  1.255245976E+002
  153  1.985559240E+002
  154  1.530064254E+002
  155  1.613498298E+002
  156  1.147064592E+002
  157  9.648485574E+001
  158  1.197953732E+002
  159  1.289796331E+002
  160  1.299925912E+002
  161  1.531042881E+002
  162  1.458725684E+002
  163  1.056436452E+002
  164  1.187363922E+002
  165  1.408326656E+002
  166  1.403345848E+002
  167  1.846695848E+002
  168  1.234307961E+002
  169  9.762539440E+001
  170  1.200447583E+002
  171  1.497702202E+002
  172  1.241553760E+002
  173  1.262285686E+002
  174  1.592044093E+002
  175  1.944677421E+002
  176  1.670893415E+002
  177  2.078422652E+002
  178  1.886995791E+002
  179  1.627065761E+002
  180  1.656039143E+002
  181  2.208865689E+002
  182  2.463600997E+002
  183  3.227071833E+002
  184  1.674623520E+002
  185  1.275630196E+002
  186  1.269700700E+002
  187  1.637475859E+002
  188  1.521112662E+002
  189  1.471081071E+002
  190  1.235478206E+002
  191  1.266234348E+002
  192  1.580874726E+002
  193  1.882718792E+002
  194  1.523269769E+002
  195  1.560816144E+002
  196  1.699317885E+002
  197  1.941772936E+002
  198  2.099797265E+002
  199  2.701504135E+002
  200  3.188670878E+002
  201  4.906154093E+002
  202  2.143821056E+002
  203  2.090729262E+002
  204  2.137501545E+002
  205  2.542769290E+002
  206  2.897760844E+002
  207  1.684684072E+002
  208  1.672246346E+002
  209  1.793215130E+002
  210  2.408439480E+002
  211  1.797339994E+002
  212  1.814505120E+002
  213  1.854421943E+002
  214  2.289998576E+002
  215  2.782962606E+002
  216  2.190354789E+002
  217  2.236794928E+002
  218  2.401122244E+002
  219  3.003634354E+002
  220  3.100096582E+002
  221  3.873677637E+002
  222  4.139929262E+002
  223  1.062318862E+003
  224  3.017523343E+002
  225  3.593003319E+002
  226  3.088259405E+002
  227  3.221337501E+002
  228  4.533783512E+002
  229  6.587416227E+002
  230  3.206055507E+002
  231  3.059676850E+002
  232  3.120414043E+002
  233  4.987772148E+002
  234  2.964542902E+002
  235  2.662395760E+002
  236  2.743284393E+002
  237  2.715497469E+002
  238  2.760845931E+002
  239  2.324644759E+002
  240  3.525306292E+002
  241  2.918302421E+002
  242  2.154639165E+002
  243  2.393238591E+002
  244  5.056700739E+002
  245  6.857051328E+002
  246  2.228426139E+002
  247  1.608342507E+002
  248  1.505526857E+002
  249  1.676879393E+002
  250  1.824311992E+002
  251  1.763989317E+002
  252  1.689754076E+002
  253  1.728340928E+002
  254  1.745868959E+002
  255  1.959029545E+002
  256  1.891102410E+002
  257  2.091297540E+002
  258  2.079113674E+002
  259  2.685517926E+002
  260  2.943295214E+002
  261  5.586767296E+002
  262  1.871236299E+002
  263  1.855831944E+002
  264  1.728980122E+002
  265  2.148242567E+002
  266  2.358262532E+002
  267  3.230511117E+002
  268  1.622113085E+002
  269  1.398590223E+002
  270  1.698356993E+002
  271  2.044709381E+002
  272  1.485454257E+002
  273  1.908042290E+002
  274  2.083708070E+002
  275  2.390793200E+002
  276  3.355130872E+002
  277  2.480828648E+002
  278  4.364143064E+002
  279  2.539461995E+002
  280  2.621081874E+002
  281  2.652230933E+002
  282  3.150098233E+002
  283  3.168414315E+002
  284  4.167296430E+002
  285  2.192653103E+002
  286  2.204342322E+002
  287  2.356147440E+002
  288  3.416833504E+002
  289  2.675872883E+002
  290  2.610351245E+002
  291  2.342555902E+002
  292  2.456320668E+002
  293  3.073979912E+002
  294  4.031529503E+002
  295  2.938821480E+002
  296  2.905931170E+002
  297  3.172283990E+002
  298  3.885749194E+002
  299  4.240557479E+002
  300  6.476119368E+002
  301  4.423711341E+002
  302  5.518058244E+002
  303  3.579188493E+002
  304  4.289908315E+002
  305  4.539664279E+002
  306  6.535207779E+002
  307  4.753802343E+002
  308  4.164275149E+002
  309  5.036345383E+002
  310  4.678958354E+002
  311  7.710861987E+002
  312  4.014713667E+002
  313  3.502695172E+002
  314  3.295126110E+002
  315  3.345706916E+002
  316  3.831649951E+002
  317  7.391760538E+002
  318  3.871247333E+002
  319  3.218081792E+002
  320  2.366608655E+002
  321  2.622880169E+002
  322  5.604870376E+002
  323  1.197061660E+003
  324  2.224078274E+002
  325  1.651825911E+002
  326  1.689519819E+002
  327  2.435769940E+002
  328  1.584794747E+002
  329  1.480522123E+002
  330  1.879008737E+002
  331  1.709641464E+002
  332  1.545812783E+002
  333  1.362757101E+002
  334  2.175541226E+002
  335  3.224034478E+002
  336  1.876026033E+002
  337  1.334734004E+002
  338  1.228170291E+002
  339  1.542539990E+002
  340  1.487359788E+002
  341  1.686999359E+002
  342  1.354678301E+002
  343  1.431519923E+002
  344  1.381068336E+002
  345  1.670241036E+002
  346  2.983186515E+002
  347  7.306525004E+002
  348  1.371019537E+002
  349  1.129472550E+002
  350  1.083708572E+002
  351  1.283307996E+002
  352  1.595544329E+002
  353  1.451092212E+002
  354  1.099523382E+002
  355  8.580587401E+001
  356  9.361129203E+001
  357  1.035437967E+002
  358  1.090980546E+002
  359  1.067238016E+002
  360  1.059661514E+002
  361  9.773237420E+001
  362  1.066924329E+002
  363  1.524364413E+002
  364  1.386881441E+002
  365  1.569772335E+002
  366  1.076789446E+002
  367  1.139638462E+002
  368  1.172076654E+002
  369  1.710210724E+002
  370  1.697291680E+002
  371  1.029439135E+002
  372  1.016119271E+002
  373  1.030318705E+002
  374  1.350982611E+002
  375  1.145640160E+002
  376  1.326133953E+002
  377  9.881146363E+001
  378  8.498451568E+001
  379  1.012290421E+002
  380  1.433704778E+002
  381  9.773485967E+001
  382  1.053062167E+002
  383  1.146480147E+002
  384  1.123128324E+002
  385  1.300270584E+002
  386  1.999256566E+002
  387  1.588171867E+002
  388  2.472536954E+002
  389  1.209175504E+002
  390  1.381529731E+002
  391  1.556038675E+002
  392  2.134641900E+002
  393  2.012670335E+002
  394  2.680766872E+002
  395  1.248325261E+002
  396  1.289791382E+002
  397  1.447684331E+002
  398  1.565233861E+002
  399  1.729379485E+002
  400  2.525734276E+002
  401  1.348830278E+002
  402  1.091504828E+002
  403  1.268349631E+002
  404  1.601702025E+002
  405  1.466378728E+002
  406  1.541063178E+002
  407  1.343177166E+002
  408  1.751482833E+002
  409  1.969417862E+002
  410  3.404042308E+002
  411  2.794079165E+002
  412  1.553954066E+002
  413  2.011276394E+002
  414  2.192621852E+002
  415  1.873330691E+002
  416  2.539797793E+002
  417  4.630359482E+002
  418  3.263230693E+002
  419  2.474380605E+002
  420  2.079947163E+002
  421  2.695675535E+002
  422  4.993040140E+002
  423  7.407182011E+002
  424  2.169170501E+002
  425  1.796389792E+002
  426  1.589482863E+002
  427  1.898223629E+002
  428  2.126872022E+002
  429  4.341000400E+002
  430  1.546851915E+002
  431  1.171763787E+002
  432  1.320653622E+002
  433  1.449715545E+002
  434  1.329733356E+002
  435  1.528250896E+002
  436  1.612022790E+002
  437  1.817730842E+002
  438  1.594239116E+002
  439  2.215218440E+002
  440  2.965736711E+002
  441  7.355759083E+002
  442  1.712542245E+002
  443  1.413350853E+002
  444  1.352274444E+002
  445  1.686131314E+002
  446  1.748577932E+002
  447  2.768869347E+002
  448  1.182219305E+002
  449  1.193049863E+002
  450  1.058225165E+002
  451  1.270345840E+002
  452  9.507789546E+001
  453  7.933647616E+001
  454  8.170644474E+001
  455  1.008510615E+002
  456  8.954360821E+001
  457  9.193279680E+001
  458  8.718927066E+001
  459  7.028551373E+001
  460  8.479646728E+001
  461  1.042176857E+002
  462  9.263813525E+001
  463  9.593397306E+001
  464  8.124334133E+001
  465  6.411859943E+001
  466  7.397594741E+001
  467  9.266948932E+001
  468  7.783797683E+001
  469  8.758468354E+001
  470  7.279982943E+001
  471  6.968516986E+001
  472  8.441646797E+001
  473  1.224089015E+002
  474  9.734721557E+001
  475  1.264030489E+002
  476  8.709147234E+001
  477  9.346775483E+001
  478  7.973850359E+001
  479  1.174030911E+002
  480  8.586040485E+001
  481  6.724473766E+001
  482  8.376357837E+001
  483  1.023844495E+002
  484  1.008461175E+002
  485  9.086016407E+001
  486  1.039172160E+002
  487  7.455792805E+001
  488  7.448050067E+001
  489  1.127769688E+002
  490  1.063474124E+002
  491  1.127444817E+002
  492  8.830898987E+001
  493  8.692774988E+001
  494  7.956190177E+001
  495  1.247717168E+002
  496  1.402831125E+002
  497  2.232953676E+002
  498  1.059710827E+002
  499  7.615184515E+001
  500  7.756811450E+001
  501  1.070238682E+002
  502  1.176705613E+002
  503  1.337836054E+002
  504  9.900300329E+001
  505  9.337094872E+001
  506  9.454062604E+001
  507  1.077556745E+002
  508  1.550539250E+002
  509  1.790661223E+002
  510  1.306155646E+002
  511  1.094388269E+002
  512  1.055264129E+002
  513  1.280188026E+002
  514  2.182442088E+002
  515  2.379446877E+002
  516  1.107295704E+002
  517  7.611399549E+001
  518  7.610887275E+001
  519  9.532301982E+001
  520  1.072460451E+002
  521  1.381900267E+002
  522  7.075968359E+001
  523  7.102190066E+001
  524  9.010183763E+001
  525  1.052801818E+002
  526  1.014871102E+002
  527  1.191277745E+002
  528  1.079518728E+002
  529  1.103769038E+002
  530  1.595275192E+002
  531  1.992362192E+002
  532  3.192757000E+002
  533  9.377610190E+001
  534  9.403660690E+001
  535  9.356824544E+001
  536  1.328457356E+002
  537  1.410533679E+002
  538  8.093378369E+001
  539  8.223682759E+001
  540  1.002508557E+002
  541  1.235118243E+002
  542  1.061544706E+002
  543  1.048357452E+002
  544  9.370175253E+001
  545  1.047226556E+002
  546  1.374952785E+002
  547  1.638461241E+002
  548  1.679077835E+002
  549  1.640031610E+002
  550  1.505292496E+002
  551  1.631067889E+002
  552  1.632356038E+002
  553  3.022800832E+002
  554  2.808772057E+002
  555  5.286364845E+002
  556  1.295122163E+002
  557  1.311851709E+002
  558  1.540675872E+002
  559  2.118195323E+002
  560  1.805894573E+002
  561  1.491246831E+002
  562  1.960889003E+002
  563  1.591618633E+002
  564  2.115209109E+002
  565  1.229824973E+002
  566  1.072717016E+002
  567  1.253938347E+002
  568  1.630361155E+002
  569  1.340119773E+002
  570  1.520679217E+002
  571  1.400411370E+002
  572  1.253772905E+002
  573  1.161022541E+002
  574  1.554236142E+002
  575  1.687819331E+002
  576  1.982372640E+002
  577  1.291424445E+002
  578  7.706478660E+001
  579  9.578625088E+001
  580  1.465220576E+002
  581  8.768298179E+001
  582  8.774012157E+001
  583  9.305327609E+001
  584  8.267786900E+001
  585  8.089022819E+001
  586  8.938418282E+001
  587  1.248742843E+002
  588  1.753931012E+002
  589  9.203321057E+001
  590  6.549746970E+001
  591  7.792199227E+001
  592  1.011795583E+002
  593  9.036397978E+001
  594  1.230160072E+002
  595  7.945682834E+001
  596  5.370928759E+001
  597  7.172667516E+001
  598  9.297558070E+001
  599  6.575473510E+001
  600  6.379997012E+001
  601  7.990573282E+001
  602  6.236289004E+001
  603  7.918098987E+001
  604  1.063877516E+002
  605  8.033048452E+001
  606  8.892909852E+001
  607  8.317696311E+001
  608  6.433157085E+001
  609  8.464194933E+001
  610  1.084514083E+002
  611  9.798965537E+001
  612  1.172626136E+002
  613  8.885229353E+001
  614  6.578382119E+001
  615  8.194584505E+001
  616  1.087421740E+002
  617  8.711744515E+001
  618  8.268032935E+001
  619  7.679796925E+001
  620  8.054582902E+001
  621  9.077480364E+001
  622  1.146726956E+002
  623  1.182802875E+002
  624  1.642120663E+002
  625  1.065172719E+002
  626  8.471361228E+001
  627  1.054940099E+002
  628  1.216111022E+002
  629  9.170430897E+001
  630  9.575391623E+001
  631  1.265764142E+002
  632  1.197062457E+002
  633  1.137101349E+002
  634  1.085733535E+002
  635  2.107130051E+002
  636  2.188425812E+002
  637  1.316014361E+002
  638  1.043194579E+002
  639  1.067293296E+002
  640  1.143524550E+002
  641  1.272070324E+002
  642  1.495555669E+002
  643  1.170422644E+002
  644  1.368789424E+002
  645  1.249319251E+002
  646  1.482252277E+002
  647  2.895458508E+002
  648  4.659332366E+002
  649  1.258470918E+002
  650  1.026040181E+002
  651  9.848970986E+001
  652  1.201685568E+002
  653  1.327187229E+002
  654  1.900155024E+002
  655  8.220081419E+001
  656  8.085535154E+001
  657  8.432260346E+001
  658  9.710195212E+001
  659  1.156416459E+002
  660  1.235364097E+002
  661  8.279199630E+001
  662  8.902957301E+001
  663  9.860532757E+001
  664  1.126499339E+002
  665  1.305929033E+002
  666  1.278161391E+002
  667  9.735034245E+001
  668  1.101412737E+002
  669  1.082688230E+002
  670  1.042771165E+002
  671  1.902416663E+002
  672  2.381579423E+002
  673  9.664671565E+001
  674  9.206549711E+001
  675  9.354219020E+001
  676  1.319372832E+002
  677  1.435553678E+002
  678  1.729260984E+002
  679  8.042256708E+001
  680  9.364192380E+001
  681  9.964790227E+001
  682  1.341007716E+002
  683  1.208037743E+002
  684  1.322285829E+002
  685  1.052633815E+002
  686  1.038330693E+002
  687  1.162143359E+002
  688  1.299060642E+002
  689  1.422947303E+002
  690  1.657106044E+002
  691  1.353569409E+002
  692  1.359708938E+002
  693  1.200009051E+002
  694  1.514868960E+002
  695  1.094070606E+002
  696  1.133233992E+002
  697  1.572808497E+002
  698  1.846337969E+002
  699  1.462283491E+002
  700  1.841308879E+002
  701  1.703666099E+002
  702  1.533664585E+002
  703  1.879987497E+002
  704  2.207271858E+002
  705  1.922223654E+002
  706  2.691736241E+002
  707  2.173701505E+002
  708  2.532199767E+002
  709  2.987684809E+002
  710  3.126358558E+002
  711  2.898861708E+002
  712  2.878359903E+002
  713  3.541865204E+002
  714  4.013802207E+002
  715  4.645190511E+002
  716  5.580961231E+002
  717  4.552051722E+002
  718  6.170740531E+002
  719  4.753962029E+002
  720  5.371120070E+002
  721  6.538146548E+002
  722  7.312622758E+002
  723  6.200585953E+002
  724  7.394954548E+002
  725  8.501571330E+002
  726  9.465467672E+002
  727  1.334261675E+003
  728  1.001017150E+003
  729  8.394107915E+002
  730  8.004631195E+002
  731  8.293917872E+002
  732  8.190783527E+002
  733  1.016036016E+003
  734  8.682990601E+002
  735  7.356390200E+002
  736  6.859716573E+002
  737  6.424934374E+002
  738  5.701924169E+002
  739  6.113713736E+002
  740  5.618324093E+002
  741  5.080227898E+002
  742  4.283982013E+002
  743  3.897542487E+002
  744  5.813713841E+002
  745  8.354728298E+002
  746  4.531730755E+002
  747  3.225719746E+002
  748  2.965767809E+002
  749  3.746382109E+002
  750  3.575983007E+002
  751  3.552257285E+002
  752  2.505674009E+002
  753  2.176846546E+002
  754  2.129330709E+002
  755  2.084188195E+002
  756  2.393726074E+002
  757  3.599274484E+002
  758  2.178863273E+002
  759  1.610705668E+002
  760  1.757822868E+002
  761  2.509005431E+002
  762  1.758645727E+002
  763  1.482208363E+002
  764  1.670737228E+002
  765  1.894498916E+002
  766  2.229718575E+002
  767  3.263481743E+002
  768  2.186533942E+002
  769  2.608921158E+002
  770  2.303037324E+002
  771  2.686775282E+002
  772  3.071455258E+002
  773  5.042695746E+002
  774  3.794016795E+002
  775  5.369965152E+002
  776  2.624798493E+002
  777  3.068394021E+002
  778  3.309381842E+002
  779  4.222647066E+002
  780  3.140647220E+002
  781  3.907278453E+002
  782  3.366838067E+002
  783  3.375584192E+002
  784  2.945750002E+002
  785  2.938479703E+002
  786  3.985081995E+002
  787  5.040761724E+002
  788  3.211254234E+002
  789  2.897937620E+002
  790  3.324210364E+002
  791  4.141502882E+002
  792  3.762958320E+002
  793  4.540128786E+002
  794  3.273693638E+002
  795  3.464245995E+002
  796  4.046941324E+002
  797  4.416677097E+002
  798  3.480618417E+002
  799  3.341765301E+002
  800  4.723289305E+002
  801  5.476136140E+002
  802  5.582825228E+002
  803  6.845740615E+002
  804  7.392300020E+002
  805  1.667286373E+003
  806  5.490689801E+002
  807  5.427845565E+002
  808  4.898154513E+002
  809  4.603293835E+002
  810  6.311965126E+002
  811  7.133301073E+002
  812  5.461367224E+002
  813  4.701531152E+002
  814  4.523030711E+002
  815  5.742994679E+002
  816  6.840826338E+002
  817  9.190759561E+002
  818  3.964551974E+002
  819  3.897071723E+002
  820  3.906282152E+002
  821  4.169079458E+002
  822  4.117014232E+002
  823  4.317124629E+002
  824  4.284192307E+002
  825  4.288711093E+002
  826  5.383996273E+002
  827  8.267651976E+002
  828  4.645644558E+002
  829  4.756437352E+002
  830  5.524424683E+002
  831  6.529708868E+002
  832  5.280094775E+002
  833  6.001983414E+002
  834  5.699299333E+002
  835  6.382199543E+002
  836  7.394459794E+002
  837  8.780507763E+002
  838  6.974969187E+002
  839  5.825752621E+002
  840  7.653240721E+002
  841  8.864660331E+002
  842  9.220389810E+002
  843  1.068923500E+003
  844  1.013564896E+003
  845  1.181669512E+003
  846  9.078389029E+002
  847  9.126282068E+002
  848  8.994810094E+002
  849  1.133958608E+003
  850  9.215198678E+002
  851  9.748854634E+002
  852  7.994168419E+002
  853  7.804580244E+002
  854  7.107656287E+002
  855  6.942307088E+002
  856  7.422360982E+002
  857  6.760008331E+002
  858  5.716957037E+002
  859  5.252894387E+002
  860  7.426868790E+002
  861  8.231381776E+002
  862  5.914692916E+002
  863  4.926103833E+002
  864  4.357857176E+002
  865  4.913714924E+002
  866  6.143289432E+002
  867  7.351780948E+002
  868  3.792762796E+002
  869  3.166286202E+002
  870  3.271902913E+002
  871  3.939442254E+002
  872  2.835575636E+002
  873  2.806655873E+002
  874  3.304235091E+002
  875  3.076784705E+002
  876  2.817622477E+002
  877  2.699940887E+002
  878  4.001498612E+002
  879  4.458298778E+002
  880  3.002707186E+002
  881  2.121080303E+002
  882  2.509298361E+002
  883  3.727467957E+002
  884  2.179431444E+002
  885  2.623954150E+002
  886  2.517041175E+002
  887  2.549501925E+002
  888  2.694101767E+002
  889  2.317922563E+002
  890  2.982428769E+002
  891  4.155873096E+002
  892  3.794550089E+002
  893  3.263516260E+002
  894  2.665546955E+002
  895  2.861834929E+002
  896  5.650139663E+002
  897  1.386967043E+003
  898  2.901781600E+002
  899  2.275267266E+002
  900  1.907219741E+002
  901  1.853667717E+002
  902  3.040792640E+002
  903  5.137237926E+002
  904  1.845546964E+002
  905  1.368664840E+002
  906  1.347935662E+002
  907  1.595714802E+002
  908  1.478729494E+002
  909  1.713332631E+002
  910  1.489457735E+002
  911  1.542523585E+002
  912  1.474007843E+002
  913  1.510058314E+002
  914  2.378715713E+002
  915  4.075309197E+002
  916  1.644757871E+002
  917  1.395494338E+002
  918  1.473769631E+002
  919  1.645143856E+002
  920  2.102124491E+002
  921  3.475024417E+002
  922  1.737109273E+002
  923  1.974096154E+002
  924  1.781609390E+002
  925  2.025230012E+002
  926  3.577667561E+002
  927  7.314250749E+002
  928  1.788891001E+002
  929  1.702149811E+002
  930  1.486613693E+002
  931  1.781339565E+002
  932  2.433003466E+002
  933  2.848229179E+002
  934  1.414574589E+002
  935  1.076250246E+002
  936  1.097674970E+002
  937  1.265221494E+002
  938  1.151963564E+002
  939  1.114196297E+002
  940  1.179726512E+002
  941  1.265264988E+002
  942  1.449822387E+002
  943  1.557909257E+002
  944  1.883955583E+002
  945  2.571226698E+002
  946  1.322754558E+002
  947  1.656802816E+002
  948  1.652227077E+002
  949  2.022184195E+002
  950  2.985133874E+002
  951  6.404413284E+002
  952  1.321580092E+002
  953  1.284851227E+002
  954  1.195644036E+002
  955  1.460688133E+002
  956  1.868137812E+002
  957  2.737968913E+002
  958  1.057765903E+002
  959  1.013314534E+002
  960  1.182198749E+002
  961  1.357902059E+002
  962  1.187104047E+002
  963  1.052249168E+002
  964  1.206830998E+002
  965  1.389368178E+002
  966  1.370887658E+002
  967  1.859444965E+002
  968  2.183348426E+002
  969  2.953038347E+002
  970  1.303084910E+002
  971  1.431277366E+002
  972  1.356834406E+002
  973  1.657124824E+002
  974  2.524823120E+002
  975  4.209814268E+002
  976  1.122291244E+002
  977  1.016856416E+002
  978  1.104324597E+002
  979  1.299621173E+002
  980  1.542069387E+002
  981  1.238507161E+002
  982  1.027876389E+002
  983  1.158080704E+002
  984  1.379139513E+002
  985  1.536270721E+002
  986  1.346827479E+002
  987  1.687620209E+002
  988  1.213539997E+002
  989  1.346709702E+002
  990  1.286837376E+002
  991  2.093761769E+002
  992  2.812989161E+002
  993  5.278346494E+002
  994  1.000087776E+002
  995  1.088924123E+002
  996  1.064319272E+002
  997  1.502460894E+002
  998  1.671278852E+002
  999  2.718803785E+002
 1000  1.160980919E+002
 1001  7.604994962E+001
 1002  9.733261851E+001
 1003  1.077316316E+002
 1004  1.121406745E+002
 1005  1.109403446E+002
 1006  1.336250832E+002
 1007  1.275140794E+002
 1008  1.198285326E+002
 1009  1.469373038E+002
 1010  2.462989242E+002
 1011  1.313395461E+002
 1012  9.716935853E+001
 1013  9.807838193E+001
 1014  1.174886458E+002
 1015  1.479824220E+002
 1016  1.781354626E+002
 1017  8.273853198E+001
 1018  6.899977987E+001
 1019  7.777405992E+001
 1020  9.298074142E+001
 1021  8.775966375E+001
 1022  8.011314670E+001
 1023  8.068809783E+001
 1024  8.754959729E+001
 1025  1.001180390E+002
 1026  1.114678689E+002
 1027  1.543305102E+002
 1028  1.617048824E+002
 1029  9.489215667E+001
 1030  1.293441382E+002
 1031  1.088769344E+002
 1032  1.769273473E+002
 1033  9.021726861E+001
 1034  8.627067854E+001
 1035  9.375256755E+001
 1036  1.177609819E+002
 1037  1.336463567E+002
 1038  1.470627980E+002
 1039  7.693587597E+001
 1040  7.106080105E+001
 1041  8.416464196E+001
 1042  1.112052458E+002
 1043  7.218425936E+001
 1044  7.464395448E+001
 1045  9.024816364E+001
 1046  8.618545673E+001
 1047  9.940429644E+001
 1048  1.197816406E+002
 1049  1.217739346E+002
 1050  1.404250955E+002
 1051  1.003874079E+002
 1052  1.198388553E+002
 1053  1.198023371E+002
 1054  1.847085099E+002
 1055  2.314847586E+002
 1056  5.052795445E+002
 1057  8.964246908E+001
 1058  9.790269333E+001
 1059  9.958625580E+001
 1060  1.328709152E+002
 1061  1.309246126E+002
 1062  1.294360981E+002
 1063  8.546817871E+001
 1064  9.031273161E+001
 1065  1.232503948E+002
 1066  1.503759837E+002
 1067  1.312119758E+002
 1068  1.423377072E+002
 1069  1.709523193E+002
 1070  1.861723407E+002
 1071  4.390826471E+002
 1072  3.239884431E+002
 1073  5.036550951E+002
 1074  1.522242044E+002
 1075  1.900126028E+002
 1076  2.147060902E+002
 1077  4.495445957E+002
 1078  2.336743569E+002
 1079  1.507172193E+002
 1080  1.918325378E+002
 1081  1.665807797E+002
 1082  2.769554025E+002
 1083  1.427588318E+002
 1084  1.365340757E+002
 1085  1.415434620E+002
 1086  1.909675626E+002
 1087  1.653791233E+002
 1088  3.039909089E+002
 1089  1.291463287E+002
 1090  8.711514187E+001
 1091  1.022909421E+002
 1092  1.335733653E+002
 1093  9.473542719E+001
 1094  7.598753888E+001
 1095  8.260044159E+001
 1096  7.549569022E+001
 1097  7.829965800E+001
 1098  9.518428324E+001
 1099  1.356252317E+002
 1100  2.728467670E+002
 1101  8.914689626E+001
 1102  7.315707822E+001
 1103  8.962040260E+001
 1104  1.260385071E+002
 1105  1.026144214E+002
 1106  8.328364211E+001
 1107  9.314524728E+001
 1108  7.953788585E+001
 1109  1.180029493E+002
 1110  1.289929486E+002
 1111  1.156708292E+002
 1112  1.453940920E+002
 1113  9.596336587E+001
 1114  1.021818824E+002
 1115  1.484050674E+002
 1116  1.737333660E+002
 1117  2.765032479E+002
 1118  1.000924825E+002
 1119  8.986549352E+001
 1120  1.065135756E+002
 1121  1.291506262E+002
 1122  1.056858043E+002
 1123  1.206283253E+002
 1124  1.240774657E+002
 1125  9.979564878E+001
 1126  1.076032733E+002
 1127  1.733621328E+002
 1128  1.432672947E+002
 1129  1.792964513E+002
 1130  1.079567375E+002
 1131  1.028546374E+002
 1132  1.032373921E+002
 1133  1.336254895E+002
 1134  1.304470202E+002
 1135  1.481192330E+002
 1136  1.798442563E+002
 1137  2.776865443E+002
 1138  1.838316989E+002
 1139  1.811692677E+002
 1140  1.917995829E+002
 1141  1.625061035E+002
 1142  1.815729263E+002
 1143  2.024994500E+002
 1144  1.803067437E+002
 1145  2.217234244E+002
 1146  2.305254556E+002
 1147  2.262209187E+002
 1148  1.909353328E+002
 1149  1.946004282E+002
 1150  3.713768973E+002
 1151  3.553886229E+002
 1152  2.109706978E+002
 1153  1.730807701E+002
 1154  1.665295635E+002
 1155  1.760866205E+002
 1156  2.281299123E+002
 1157  2.247317309E+002
 1158  2.153339842E+002
 1159  2.133945477E+002
 1160  1.949012128E+002
 1161  2.443564280E+002
 1162  3.833617999E+002
 1163  1.939542677E+002
 1164  1.639294345E+002
 1165  1.410028496E+002
 1166  1.605142101E+002
 1167  2.345821393E+002
 1168  4.093829356E+002
 1169  1.230781125E+002
 1170  1.084865185E+002
 1171  1.186390735E+002
 1172  1.318173154E+002
 1173  1.230639435E+002
 1174  1.195101489E+002
 1175  1.397589278E+002
 1176  1.296855832E+002
 1177  1.407718204E+002
 1178  1.517167580E+002
 1179  1.914991249E+002
 1180  2.870763081E+002
 1181  1.419975975E+002
 1182  1.578491446E+002
 1183  1.524282867E+002
 1184  1.884976875E+002
 1185  2.687369812E+002
 1186  1.333671352E+002
 1187  1.234695803E+002
 1188  1.218573483E+002
 1189  1.606596427E+002
 1190  1.425153069E+002
 1191  1.682763964E+002
 1192  1.088364990E+002
 1193  1.036516164E+002
 1194  1.193751667E+002
 1195  1.459639273E+002
 1196  1.165650967E+002
 1197  1.119797756E+002
 1198  1.188004103E+002
 1199  1.379665736E+002
 1200  1.570811928E+002
 1201  2.232292606E+002
 1202  2.217553854E+002
 1203  2.590321384E+002
 1204  1.395624247E+002
 1205  1.607110052E+002
 1206  1.627631795E+002
 1207  2.813986898E+002
 1208  2.858145625E+002
 1209  5.671995273E+002
 1210  1.223531746E+002
 1211  1.296551964E+002
 1212  1.408110816E+002
 1213  2.004002663E+002
 1214  1.823590926E+002
 1215  1.940310050E+002
 1216  1.459208942E+002
 1217  1.272188692E+002
 1218  1.878459157E+002
 1219  2.660392783E+002
 1220  1.424382402E+002
 1221  1.217617527E+002
 1222  2.185089731E+002
 1223  2.716692100E+002
 1224  2.536258982E+002
 1225  4.215484134E+002
 1226  2.899661589E+002
