 3.6027E+000
 2.2483E+000
 5.3797E-001
 4.4152E+000
 2.2046E+000
-5.1720E-002
 3.9731E+000
 2.5025E+000
-1.0339E+000
 3.6382E+000
 2.4223E+000
-1.2384E+000
 4.7855E+000
 2.0796E+000
-3.7487E-002
 4.2223E+000
 2.4516E+000
-1.3724E+000
 4.0283E+000
 2.4933E+000
-1.9530E+000
 4.1030E+000
 2.5306E+000
-2.3431E+000
 4.4660E+000
 2.6774E+000
-2.4316E+000
 4.3924E+000
 2.4954E+000
-2.2163E+000
 3.6197E+000
 2.3822E+000
-1.6443E+000
 3.8667E+000
 2.2844E+000
-2.6681E+000
 4.0648E+000
 2.1503E+000
-3.0913E+000
 4.3638E+000
 2.4385E+000
-3.1768E+000
 4.2902E+000
 2.5771E+000
-2.8453E+000
 3.8279E+000
 1.7134E+000
-3.1984E+000
 3.4506E+000
 1.9200E+000
-2.8189E+000
 4.6704E+000
 2.5222E+000
-3.5496E+000
 4.9085E+000
 2.7682E+000
-3.6160E+000
 4.7017E+000
 2.4535E+000
-3.6006E+000
 4.6536E+000
 2.5930E+000
-3.3973E+000
 5.2272E+000
 2.9091E+000
-4.0777E+000
 4.5487E+000
 2.0516E+000
-3.8599E+000
 4.3287E+000
 1.7080E+000
-3.8792E+000
 3.9592E+000
 1.3607E+000
-3.7733E+000
 4.0253E+000
 1.2461E+000
-3.9755E+000
 4.5522E+000
 1.4751E+000
-4.2728E+000
 4.6404E+000
 1.3966E+000
-4.3798E+000
 3.6315E+000
 1.2018E+000
-3.4693E+000
 3.2727E+000
 8.5539E-001
-3.3687E+000
 3.1792E+000
 4.4038E-001
-3.6642E+000
 3.1757E+000
 4.2341E-001
-3.6765E+000
 2.9955E+000
 1.0029E+000
-2.9893E+000
 2.9253E+000
 1.0550E+000
-2.7484E+000
 3.0854E+000
 1.4783E-001
-3.9126E+000
 2.9935E+000
-2.1200E-001
-4.1717E+000
 2.5882E+000
-4.9128E-001
-3.9111E+000
 2.4600E+000
-5.6473E-001
-3.7880E+000
 3.0976E+000
-3.2760E-001
-4.4208E+000
 7.7844E-001
 2.1369E-001
-5.2737E+000
 2.4083E+000
-6.6390E-001
-3.7753E+000
 2.0196E+000
-9.3070E-001
-3.5019E+000
 1.9274E+000
-1.3421E+000
-3.7519E+000
 2.0203E+000
-1.3639E+000
-3.9378E+000
 1.7729E+000
-7.4673E-001
-3.1566E+000
 1.6921E+000
-4.7593E-001
-2.9077E+000
 1.6938E+000
-1.6395E+000
-3.7660E+000
 1.5794E+000
-1.9977E+000
-4.0096E+000
 1.2024E+000
-2.2125E+000
-3.7161E+000
 1.0498E+000
-2.1921E+000
-3.3489E+000
 1.1693E+000
-2.3824E+000
-3.8361E+000
 8.1174E-001
-2.6502E+000
-3.5774E+000
 7.4450E-001
-2.9452E+000
-3.8599E+000
 9.8772E-001
-2.9943E+000
-4.1999E+000
 8.3323E-001
-2.4294E+000
-3.4069E+000
 8.5648E-001
-2.4892E+000
-3.4147E+000
 4.2042E-001
-3.2918E+000
-3.7141E+000
 3.8540E-001
-3.6295E+000
-3.8533E+000
 2.5301E-001
-3.6208E+000
-3.6317E+000
-1.2502E-003
-3.6886E+000
-3.2191E+000
 2.5529E-001
-3.8997E+000
-3.8131E+000
 2.8091E-001
-4.4477E+000
-3.8926E+000
 3.6522E-001
-3.6076E+000
-3.7839E+000
 2.6844E-001
-3.5410E+000
-3.5574E+000
 9.2137E-002
-3.8781E+000
-3.5629E+000
 1.2075E-001
-3.9473E+000
-3.6721E+000
 5.6327E-001
-3.3362E+000
-3.8008E+000
 7.5116E-001
-3.1993E+000
-3.9747E+000
-1.5398E-001
-4.2198E+000
-3.4732E+000
-1.9930E-001
-4.5985E+000
-3.2327E+000
-6.6363E-001
-4.5160E+000
-2.9052E+000
-7.9561E-001
-4.9597E+000
-2.8043E+000
 2.0856E-001
-4.9999E+000
-3.4011E+000
 4.7104E-001
-4.9090E+000
-3.5857E+000
-7.0817E-001
-4.3021E+000
-2.6963E+000
-8.3348E-001
-4.4307E+000
-2.2796E+000
-8.8096E-001
-4.0976E+000
-1.9141E+000
-8.7925E-001
-3.8078E+000
-1.6222E+000
-8.5124E-001
-4.5165E+000
-2.2570E+000
-3.5672E-001
-4.5270E-001
-2.8140E+000
-8.9966E-001
-4.1814E+000
-1.9704E+000
-8.4563E-001
-3.8070E+000
-1.5087E+000
-1.3028E+000
-3.9221E+000
-7.9182E-001
-1.3736E+000
-3.8418E+000
-7.9412E-001
-8.3653E-001
-3.9765E+000
-1.6970E+000
-1.4877E+000
-3.6709E+000
-5.6196E-001
-9.5383E-001
-3.3426E+000
-5.0178E-001
-9.0000E-001
-3.0605E+000
-7.9865E-001
-6.2103E-001
-2.7640E+000
-6.3483E-001
-1.0430E+000
-3.3084E+000
-8.3696E-002
-1.6329E+000
-3.7471E+000
 1.4202E-001
-8.8753E-001
-3.2113E+000
-9.6556E-001
-7.2038E-001
-2.8821E+000
-1.0349E+000
-4.0426E-001
-2.7218E+000
-1.4173E+000
-1.3866E-001
-2.3153E+000
-1.3656E+000
-8.0993E-001
-3.0279E+000
-1.0262E+000
-1.9563E+000
-3.0262E+000
-8.2684E-002
-3.4280E-001
-2.9715E+000
-1.7753E+000
-7.5612E-002
-2.8214E+000
-2.1374E+000
-6.3068E-002
-3.0916E+000
-2.4536E+000
-2.1474E-001
-3.4704E+000
-2.5546E+000
-7.2843E-002
-2.8504E+000
-2.2228E+000
 2.9733E-001
-2.6144E+000
-2.7329E+000
 1.3073E-001
-2.9213E+000
-2.6220E+000
 1.6670E-001
-3.2326E+000
-3.0690E+000
 5.6057E-001
-2.9236E+000
-3.3582E+000
 7.3914E-001
-2.5895E+000
-3.2321E+000
-1.4183E-001
-3.4511E+000
-2.9964E+000
 5.9574E-001
-3.6572E+000
-2.2939E+000
 6.7988E-001
-3.2482E+000
-3.8699E+000
 1.0875E+000
-2.9021E+000
-4.2298E+000
 1.0236E+000
-3.0974E+000
-4.3352E+000
 6.6267E-001
-3.4691E+000
-4.3375E+000
 1.1298E+000
-3.0194E+000
-4.8241E+000
 1.7894E+000
-2.3556E+000
-6.6987E+000
 1.3406E+000
-2.7026E+000
-4.3045E+000
 1.4467E+000
-2.7201E+000
-4.3566E+000
 1.7154E+000
-2.7963E+000
-5.0704E+000
 1.8120E+000
-2.8421E+000
-5.5159E+000
 1.8194E+000
-2.2170E+000
-3.9685E+000
 2.4072E+000
-1.4852E+000
-4.4135E+000
 1.9114E+000
-2.7325E+000
-5.1009E+000
 2.1491E+000
-2.7151E+000
-5.8745E+000
 2.6177E+000
-2.2739E+000
-6.2104E+000
 2.7161E+000
-2.3727E+000
-6.9991E+000
 2.2893E+000
-2.6157E+000
-5.9795E+000
 2.8026E+000
-1.8637E+000
-5.9016E+000
 3.3477E+000
-1.4135E+000
-6.2595E+000
 3.1379E+000
-1.5117E+000
-6.2971E+000
 3.4387E+000
-1.1548E+000
-6.7274E+000
 4.0004E+000
-8.7888E-001
-5.8136E+000
 4.1350E+000
 2.8739E-001
-4.5048E+000
 2.6663E+000
-1.9469E+000
-6.1248E+000
 2.4877E+000
-1.9641E+000
-5.9970E+000
 2.5267E+000
-1.6783E+000
-5.3808E+000
 2.4595E+000
-1.6837E+000
-5.3793E+000
 2.6964E+000
-1.4115E+000
-4.9503E+000
 2.6702E+000
-1.1356E+000
-4.4033E+000
 2.1193E+000
-1.5355E+000
-4.0029E+000
 1.8426E+000
-1.8924E+000
-4.0279E+000
 2.8742E+000
-6.7813E-001
-3.9227E+000
 3.2413E+000
-1.4209E+000
-3.9791E+000
 2.0762E+000
-1.3682E+000
-3.6846E+000
 1.6192E+000
-1.6174E+000
-3.2972E+000
 1.4803E+000
-1.4980E+000
-2.8235E+000
 1.6334E+000
-1.1432E+000
-2.6473E+000
 1.7552E+000
-1.3138E+000
-3.1729E+000
 2.1769E+000
-1.6822E+000
-4.2351E+000
 1.1138E+000
-1.8192E+000
-2.6040E+000
 9.9524E-001
-1.7395E+000
-2.2407E+000
 5.8599E-001
-1.9553E+000
-1.9145E+000
 3.9562E-001
-2.2279E+000
-2.0670E+000
 9.1586E-001
-1.8745E+000
-2.3663E+000
 8.6461E-001
-2.2315E+000
-2.6792E+000
 3.9629E-001
-1.7692E+000
-1.4615E+000
 1.2443E-001
-2.0004E+000
-1.2072E+000
 8.7247E-002
-1.7642E+000
-9.4490E-001
 3.4153E-001
-1.3850E+000
-9.5704E-001
-2.7568E-001
-1.9333E+000
-5.4522E-001
-3.1354E-001
-1.8146E+000
-2.5191E-001
-9.1052E-002
-1.6024E+000
-4.8519E-001
-3.3851E-003
-1.3091E+000
-3.5343E-001
-5.0990E-001
-2.0715E+000
 7.1617E-002
-8.5565E-001
-1.4620E+000
 3.2007E-001
-1.7745E-001
-1.8452E+000
-7.5805E-001
 9.3986E-003
-1.6862E+000
-9.4073E-001
 4.0024E-001
-1.3541E+000
-1.1448E+000
 5.0332E-001
-1.0443E+000
-1.1892E+000
-5.3311E-002
-2.0984E+000
-1.3296E+000
-1.9005E-001
-2.7663E+000
-1.0530E+000
 4.9207E-001
-1.3494E+000
-1.3252E+000
 8.4853E-001
-1.0156E+000
-1.5848E+000
 9.0171E-001
-6.9419E-001
-1.3030E+000
 1.1044E+000
-3.4928E-001
-1.3480E+000
 8.8842E-001
-1.1558E+000
-2.0032E+000
 8.7890E-001
-1.2201E+000
-2.1266E+000
 5.8200E-001
-7.3410E-001
-9.3616E-001
 6.9820E-001
-4.1499E-001
-6.0177E-001
 6.8956E-001
-2.0862E-001
-4.5880E-001
 8.8170E-001
 1.1886E-001
-4.1964E-001
 5.9550E-001
-5.0812E-001
-3.1258E-001
 6.2712E-001
-5.5890E-001
-5.2885E-001
 4.1301E-001
-4.3827E-001
-2.6881E-001
 3.8934E-001
-3.2389E-001
-1.6109E-001
 7.1584E-001
-1.0156E-001
-4.4881E-001
 8.3312E-001
 2.2835E-001
-3.3110E-001
 1.0682E-001
-7.1077E-001
-8.9371E-002
-1.3427E+000
 5.9594E-001
 2.9720E-001
 8.4428E-001
-2.8512E-001
-7.7856E-001
 1.0633E+000
-1.2373E-001
-1.1824E+000
 1.3819E+000
 2.4027E-001
-1.2396E+000
 1.5142E+000
 5.4250E-001
-1.2252E+000
 1.3775E+000
 2.5521E-001
-1.2227E+000
 1.7247E+000
 6.4681E-001
-1.3053E+000
 1.6886E+000
 9.8529E-001
-9.8107E-001
 1.9579E+000
 1.3323E+000
-1.0066E+000
 1.8191E+000
 5.6956E-001
-1.5257E+000
 1.8878E+000
 1.5804E-001
-2.2976E+000
 1.3641E+000
 9.2668E-001
-6.0203E-001
 1.3611E+000
 1.2233E+000
-1.9485E-001
 1.4315E+000
 1.4181E+000
-1.7906E-001
 1.6113E+000
 1.8018E+000
-1.3250E-001
 1.0304E+000
 1.0076E+000
 2.3225E-001
 2.9951E+000
 1.8645E+000
 2.0623E-001
 1.2988E+000
 1.1798E+000
-2.1176E-001
 1.3738E+000
 1.3282E+000
-2.4044E-001
 1.7354E+000
 1.5698E+000
-5.4760E-001
 1.8752E+000
 1.9577E+000
-4.2100E-001
 1.2929E+000
 8.9885E-001
-3.4978E-001
 1.9328E-001
 5.5529E-001
-5.6863E-003
 1.9195E+000
 1.4218E+000
-8.8427E-001
 2.2910E+000
 1.7152E+000
-1.2423E+000
 2.4731E+000
 2.0995E+000
-1.1137E+000
 2.7225E+000
 2.4367E+000
-1.1446E+000
 2.4437E+000
 1.4652E+000
-1.7717E+000
 2.2329E+000
 1.2605E+000
-1.8747E+000
 2.2864E+000
 2.0942E+000
-8.6602E-001
 2.4351E+000
 2.4838E+000
-6.9546E-001
 2.3873E+000
 2.8298E+000
-4.0922E-001
 2.6358E+000
 3.1933E+000
-4.1647E-001
 2.3273E+000
 2.3989E+000
-4.6861E-001
 4.8332E+000
 2.9493E+000
-2.7825E+000
 2.0807E+000
 2.7234E+000
-9.9481E-002
 2.0202E+000
 3.0237E+000
 2.2063E-001
 2.2311E+000
 3.1814E+000
 4.4922E-002
 2.3266E+000
 3.5975E+000
 1.6396E-001
 1.6531E+000
 2.7555E+000
 5.7599E-001
-7.4176E-001
 4.4096E+000
 3.1725E+000
 2.3129E+000
 2.9053E+000
-2.4844E-001
 2.5336E+000
 3.0120E+000
-4.6080E-001
 2.9233E+000
 3.2971E+000
-6.9720E-001
 3.1243E+000
 3.5270E+000
-7.2984E-001
 2.4841E+000
 2.5037E+000
-8.3591E-001
 2.4080E+000
 1.4793E+000
-1.0332E+000
 3.0074E+000
 3.3095E+000
-8.0282E-001
 3.4007E+000
 3.5319E+000
-1.0588E+000
 3.6669E+000
 3.3875E+000
-1.4730E+000
 4.0076E+000
 3.6657E+000
-1.6315E+000
 3.5683E+000
 4.1154E+000
-8.1560E-001
 3.3975E+000
 5.0522E+000
 3.9283E-002
 3.5319E+000
 2.9762E+000
-1.6865E+000
 3.8090E+000
 2.7819E+000
-2.0551E+000
 3.8114E+000
 2.4534E+000
-2.3640E+000
 3.5842E+000
 2.3135E+000
-2.2233E+000
 3.4983E+000
 2.5713E+000
-1.9774E+000
 3.3123E+000
 2.5551E+000
-1.7427E+000
 4.0259E+000
 2.3109E+000
-2.7929E+000
 4.0260E+000
 1.9876E+000
-3.1126E+000
 3.7441E+000
 1.5847E+000
-3.1946E+000
 3.7764E+000
 1.5608E+000
-3.2682E+000
 4.3800E+000
 1.9835E+000
-3.3446E+000
 3.4834E+000
 1.2325E+000
-3.1751E+000
 3.2301E+000
 8.4653E-001
-3.2595E+000
 3.3002E+000
 5.4140E-001
-3.6338E+000
 3.4093E+000
 6.3760E-001
-3.7036E+000
 2.7525E+000
 7.1154E-001
-2.9503E+000
 2.7620E+000
 7.8003E-001
-2.4708E+000
 3.2139E+000
 2.5439E-001
-3.8755E+000
 3.2723E+000
-5.0510E-003
-4.1975E+000
 2.8887E+000
-4.3048E-001
-4.1780E+000
 2.7907E+000
-4.7468E-001
-4.0923E+000
 3.6741E+000
 5.3897E-002
-4.5256E+000
 3.7708E+000
 5.7979E-002
-4.6140E+000
 2.7569E+000
-7.0048E-001
-4.2069E+000
 2.4641E+000
-1.0485E+000
-4.2343E+000
 2.5496E+000
-1.2785E+000
-4.6046E+000
 2.7397E+000
-1.2203E+000
-4.9067E+000
 2.2851E+000
-1.2034E+000
-4.2169E+000
 1.7107E+000
-9.1073E-001
-3.6179E+000
 2.3423E+000
-1.5210E+000
-4.6081E+000
 2.3886E+000
-1.7438E+000
-4.9244E+000
 2.0450E+000
-2.1411E+000
-4.9017E+000
 1.7879E+000
-2.2448E+000
-4.6331E+000
 2.5630E+000
-1.5820E+000
-4.8735E+000
 2.7938E+000
-1.5343E+000
-5.0468E+000
 2.0430E+000
-2.3237E+000
-5.0431E+000
 1.7959E+000
-2.7622E+000
-5.0230E+000
 1.7838E+000
-2.9823E+000
-5.2123E+000
 2.0187E+000
-2.9572E+000
-5.5155E+000
 1.7861E+000
-3.0075E+000
-5.1627E+000
 1.4164E+000
-3.2407E+000
-4.9665E+000
 1.3672E+000
-3.4210E+000
-5.0914E+000
 1.0990E+000
-3.7975E+000
-4.9267E+000
 8.5041E-001
-3.8071E+000
-4.6627E+000
 1.4501E+000
-3.1621E+000
-4.9853E+000
 1.4630E+000
-3.1285E+000
-4.9532E+000
 1.0614E+000
-4.0056E+000
-5.0974E+000
 8.1285E-001
-4.3463E+000
-4.9623E+000
 6.5670E-001
-4.1591E+000
-4.6489E+000
 7.9371E-001
-3.9502E+000
-4.6597E+000
 9.2260E-001
-4.7489E+000
-5.2886E+000
 1.0435E+000
-5.1627E+000
-5.6202E+000
 4.1479E-001
-4.2968E+000
-4.4097E+000
 2.1445E-001
-4.1099E+000
-4.0895E+000
 3.3420E-001
-4.1824E+000
-4.2751E+000
 3.3679E-001
-4.0612E+000
-4.1610E+000
-1.9500E-001
-4.4335E+000
-3.6827E+000
-6.6550E-001
-3.7334E+000
-3.5633E+000
 3.9098E-001
-4.3660E+000
-4.4172E+000
 5.2954E-001
-4.3411E+000
-4.5251E+000
 5.8956E-001
-4.1885E+000
-4.6803E+000
 5.4511E-001
-4.3060E+000
-4.7164E+000
 6.0978E-001
-4.4279E+000
-4.5002E+000
 3.3476E-001
-4.4287E+000
-4.6072E+000
 7.8853E-001
-4.0737E+000
-4.7767E+000
 1.0311E+000
-3.8281E+000
-4.9268E+000
 1.0179E+000
-3.6323E+000
-4.8054E+000
 1.2436E+000
-3.3698E+000
-4.8777E+000
 1.2201E+000
-3.7723E+000
-5.1476E+000
 8.7319E-001
-3.5803E+000
-4.4699E+000
 9.0605E-001
-3.2711E+000
-4.2554E+000
 9.0805E-001
-3.1928E+000
-4.2179E+000
 1.1257E+000
-2.8836E+000
-4.2651E+000
 7.2765E-001
-3.2731E+000
-3.9018E+000
 8.3994E-001
-3.1176E+000
-3.8525E+000
 7.2945E-001
-3.3601E+000
-4.0911E+000
 7.3547E-001
-3.2424E+000
-3.9589E+000
 9.3392E-001
-3.2151E+000
-4.2986E+000
 1.1033E+000
-2.9074E+000
-4.2665E+000
 4.2455E-001
-3.4268E+000
-3.7017E+000
 3.1054E-001
-3.3762E+000
-3.4600E+000
 9.6546E-001
-3.4950E+000
-4.6505E+000
 1.1837E+000
-3.4475E+000
-5.0768E+000
 1.4676E+000
-3.0479E+000
-5.1951E+000
 1.7095E+000
-2.7674E+000
-5.2430E+000
 1.1984E+000
-3.8094E+000
-5.3024E+000
 1.0780E+000
-4.1058E+000
-4.7546E+000
 1.4795E+000
-2.9318E+000
-5.1224E+000
 1.8762E+000
-2.6013E+000
-5.2211E+000
 1.9194E+000
-2.2563E+000
-4.9346E+000
 2.2117E+000
-1.9615E+000
-5.0169E+000
 1.9283E+000
-2.6545E+000
-5.3093E+000
 5.1991E-001
-4.7168E+000
-4.6656E+000
 1.6681E+000
-2.2570E+000
-4.5366E+000
 1.7094E+000
-1.9229E+000
-4.1901E+000
 1.8390E+000
-1.7914E+000
-4.2709E+000
 2.0924E+000
-1.4394E+000
-4.2448E+000
 1.4426E+000
-1.9752E+000
-3.7275E+000
 1.3344E+000
-1.4884E+000
-3.2228E+000
 1.6677E+000
-2.1063E+000
-4.3374E+000
 1.7406E+000
-2.0457E+000
-4.3982E+000
 2.0607E+000
-1.9114E+000
-4.7581E+000
 2.2471E+000
-1.6200E+000
-4.7542E+000
 1.4669E+000
-2.3543E+000
-4.4498E+000
 8.6134E-001
-3.1140E+000
-4.1938E+000
 2.1659E+000
-2.0309E+000
-5.0550E+000
 2.5223E+000
-1.9394E+000
-5.4825E+000
 2.8030E+000
-1.5472E+000
-5.4690E+000
 3.1279E+000
-1.4062E+000
-5.7704E+000
 2.5084E+000
-2.2622E+000
-5.8565E+000
 2.6928E+000
-1.3456E+000
-5.1268E+000
 2.9473E+000
-9.8247E-001
-5.0288E+000
 3.1214E+000
-9.9374E-001
-5.3097E+000
 3.4062E+000
-6.9506E-001
-5.3769E+000
 3.2435E+000
-6.3603E-001
-5.0600E+000
 3.2419E+000
 1.5546E-001
-4.5216E+000
 2.9709E+000
-1.3479E+000
-5.4557E+000
 3.0803E+000
-1.4364E+000
-5.6822E+000
 2.9866E+000
-1.2656E+000
-5.3729E+000
 3.1947E+000
-1.1140E+000
-5.4875E+000
 2.9242E+000
-1.8301E+000
-5.9194E+000
 2.8894E+000
-2.2970E+000
-6.6219E+000
 2.7179E+000
-1.2882E+000
-4.9739E+000
 2.6256E+000
-1.0865E+000
-4.6172E+000
 2.5571E+000
-8.6187E-001
-4.2537E+000
 2.5395E+000
-9.0657E-001
-4.2735E+000
 2.3867E+000
-1.3417E+000
-4.4102E+000
 2.0906E+000
-1.8086E+000
-4.3433E+000
 2.5382E+000
-5.9362E-001
-3.9424E+000
 2.4697E+000
-3.4101E-001
-3.5562E+000
 2.1384E+000
-4.6270E-001
-3.1941E+000
 2.0434E+000
-3.4552E-001
-2.8906E+000
 2.7052E+000
 8.9668E-002
-3.4636E+000
 2.7269E+000
 2.6998E-001
-3.8122E+000
 1.9557E+000
-7.3256E-001
-3.1822E+000
 1.5944E+000
-8.5388E-001
-2.8082E+000
 1.4177E+000
-1.2670E+000
-2.9677E+000
 1.5551E+000
-1.3514E+000
-3.2852E+000
 1.5204E+000
-4.6682E-001
-2.5132E+000
 1.1019E+000
-1.5136E+000
-2.7024E+000
 8.8523E-001
-1.9137E+000
-2.7890E+000
 6.6230E-001
-1.8472E+000
-2.3550E+000
 4.9175E-001
-1.7854E+000
-1.9966E+000
 6.6845E-001
-2.2013E+000
-2.8052E+000
 6.5348E-001
-2.3946E+000
-2.9928E+000
 6.7614E-001
-1.8751E+000
-2.4011E+000
 4.3737E-001
-1.8964E+000
-1.9944E+000
 3.1028E-001
-2.2827E+000
-2.1824E+000
 4.2119E-001
-2.2656E+000
-2.3634E+000
 4.8626E-001
-1.4207E+000
-1.8069E+000
 5.1452E-001
-8.8409E-001
-1.5919E+000
 6.2060E-002
-2.6200E+000
-2.0973E+000
-8.6254E-002
-2.9827E+000
-2.3028E+000
-4.6670E-001
-3.3331E+000
-1.9329E+000
-6.1728E-001
-3.6215E+000
-2.0810E+000
 6.9858E-002
-3.2035E+000
-2.8597E+000
-7.2382E-002
-3.6634E+000
-3.2386E+000
-6.2446E-001
-3.1788E+000
-1.4815E+000
-1.0634E+000
-3.3732E+000
-1.1662E+000
-1.0972E+000
-3.5795E+000
-1.2500E+000
-1.3621E+000
-3.8827E+000
-1.2437E+000
-1.3430E+000
-3.8895E+000
-1.1938E+000
-1.3656E+000
-3.8362E+000
-1.1252E+000
-9.1356E-001
-3.3292E+000
-1.3102E+000
-9.3711E-001
-3.4847E+000
-1.4057E+000
-1.2415E+000
-3.4085E+000
-9.5225E-001
-1.2033E+000
-3.1306E+000
-7.4887E-001
-6.0514E-001
-3.1592E+000
-1.8074E+000
-4.5612E-001
-3.3954E+000
-2.3530E+000
-1.5677E+000
-3.6723E+000
-8.6285E-001
-1.8952E+000
-3.4902E+000
-2.9870E-001
-1.8606E+000
-3.4371E+000
-3.2528E-001
-1.7419E+000
-3.5118E+000
-5.6977E-001
-2.4644E+000
-4.0476E+000
-5.5626E-002
-2.7414E+000
-4.6517E+000
-5.2354E-001
-1.8692E+000
-3.3205E+000
-2.4869E-002
-1.8447E+000
-3.2054E+000
 5.2029E-002
-2.1709E+000
-3.5104E+000
 1.5726E-001
-2.3067E+000
-3.5855E+000
 4.1830E-001
-1.8498E+000
-2.8426E+000
 3.8307E-001
-1.8456E+000
-2.3994E+000
 4.1327E-001
-2.1525E+000
-3.6130E+000
-4.9337E-003
-2.4431E+000
-3.8968E+000
 7.4092E-002
-2.3632E+000
-3.7881E+000
-2.4996E-002
-2.0224E+000
-3.5086E+000
-2.6924E-001
-2.5693E+000
-4.3220E+000
-3.3192E-001
-2.4381E+000
-4.4091E+000
-5.7901E-001
-2.5520E+000
-3.9599E+000
 1.1104E-001
-2.4790E+000
-3.8390E+000
 6.7889E-002
-2.2587E+000
-3.9213E+000
-3.9632E-001
-2.0271E+000
-3.6451E+000
-5.4169E-001
-2.8152E+000
-4.0299E+000
 3.1234E-001
-1.8533E+000
-5.4717E+000
 1.0137E+000
-2.3069E+000
-4.3121E+000
-6.8411E-001
-2.0799E+000
-4.4606E+000
-1.1687E+000
-1.7198E+000
-4.1183E+000
-1.4164E+000
-1.4600E+000
-4.0076E+000
-1.6963E+000
-2.2416E+000
-4.8862E+000
-1.3353E+000
-1.8839E+000
-9.0588E+000
-4.4256E+000
-1.6800E+000
-3.9586E+000
-1.3296E+000
-1.3044E+000
-3.6088E+000
-1.5892E+000
-1.1481E+000
-3.2026E+000
-1.3585E+000
-7.7120E-001
-2.9575E+000
-1.5871E+000
-1.1640E+000
-3.5043E+000
-1.6402E+000
-1.1679E+000
-3.8578E+000
-1.6685E+000
-1.3911E+000
-3.0386E+000
-9.1577E-001
-1.2830E+000
-2.6308E+000
-6.9789E-001
-1.0762E+000
-2.5775E+000
-9.1120E-001
-8.3204E-001
-2.2056E+000
-8.9276E-001
-1.6051E+000
-2.5442E+000
-2.3914E-001
-2.0112E+000
-2.4132E+000
-1.7590E-001
-1.2190E+000
-2.9633E+000
-1.0880E+000
-1.0104E+000
-2.9724E+000
-1.3244E+000
-6.1518E-001
-2.8278E+000
-1.6981E+000
-3.4688E-001
-2.5971E+000
-1.7785E+000
-1.2392E+000
-3.4161E+000
-1.4636E+000
-2.0289E+000
-2.5810E-001
-8.0395E-001
-5.0806E-001
-2.9229E+000
-1.9133E+000
-8.4474E-002
-2.8357E+000
-2.3095E+000
 2.0285E-001
-2.4212E+000
-2.2709E+000
 5.3431E-001
-2.2096E+000
-2.4793E+000
-8.3757E-002
-3.2609E+000
-2.6633E+000
-8.5150E-002
-4.4996E+000
-3.3987E+000
 4.9042E-003
-2.3135E+000
-1.9578E+000
 2.5739E-001
-2.0339E+000
-1.9338E+000
 6.8589E-002
-1.7813E+000
-1.4683E+000
-2.8255E-001
-1.9012E+000
-1.1840E+000
 2.7202E-001
-2.1370E+000
-2.2504E+000
 2.5343E-002
-2.4749E+000
-2.3639E+000
 2.8054E-001
-1.4544E+000
-1.3863E+000
 1.7596E-001
-1.1903E+000
-9.7063E-001
 7.7615E-002
-1.2838E+000
-9.3178E-001
 1.9301E-001
-1.4568E+000
-1.2463E+000
 4.1605E-001
-7.7011E-001
-9.5297E-001
-9.5039E-002
-1.1765E+000
-5.4288E-001
-1.8621E-001
-1.1918E+000
-3.9147E-001
-1.4933E-001
-8.6473E-001
-1.1951E-001
-1.7840E-001
-6.2161E-001
 1.5677E-001
-3.7248E-001
-1.4273E+000
-2.7813E-001
-8.2819E-001
-1.8244E+000
-9.1513E-001
-4.9742E-002
-7.8745E-001
-1.6896E-001
-5.1371E-002
-4.5665E-001
 1.5166E-001
-4.1328E-001
-6.1591E-001
 5.4597E-001
-6.4352E-001
-9.7878E-001
 5.3498E-001
 5.2881E-002
-2.5393E-001
 8.0053E-002
-1.3495E-001
-6.5142E-001
 1.8151E-001
-4.5712E-001
-3.7120E-001
 8.6259E-001
-7.7313E-001
-5.1153E-001
 1.2180E+000
-9.0708E-001
-8.9317E-001
 1.0361E+000
-7.3428E-001
-8.8383E-001
 7.2882E-001
-7.8870E-001
-1.9137E-001
 1.5220E+000
-7.2511E-001
 1.5645E-001
 1.7857E+000
-1.2003E+000
-1.1579E+000
 1.2574E+000
-1.4075E+000
-1.5639E+000
 1.1304E+000
-1.2731E+000
-1.3438E+000
 1.0995E+000
-1.2117E+000
-1.0446E+000
 1.3274E+000
-1.7551E+000
-1.8112E+000
 1.5547E+000
-1.6981E+000
-2.0724E+000
 1.1908E+000
-1.1943E+000
-1.6076E+000
 8.2070E-001
-1.0794E+000
-1.4661E+000
 7.5541E-001
-1.3585E+000
-1.6892E+000
 9.3525E-001
-1.3474E+000
-1.4500E+000
 1.1520E+000
-8.6793E-001
-1.5861E+000
 3.2333E-001
-3.7507E-001
-1.2770E+000
 2.5705E-002
-1.5727E+000
-2.0639E+000
 9.3816E-001
-1.8415E+000
-2.2787E+000
 1.0391E+000
-1.9780E+000
-2.7267E+000
 1.0028E+000
-1.9311E+000
-2.7734E+000
 8.5358E-001
-1.8442E+000
-2.4048E+000
 9.1327E-001
-1.5270E+000
-2.8491E+000
-5.3852E-001
-2.1493E+000
-2.9478E+000
 1.2293E+000
-2.3717E+000
-3.3499E+000
 1.2544E+000
-2.4610E+000
-3.6905E+000
 8.0499E-001
-2.4325E+000
-3.7166E+000
 7.6047E-001
-2.6630E+000
-3.4630E+000
 1.7314E+000
-2.5935E+000
-3.9463E+000
 7.1217E-001
-2.6336E+000
-4.0069E+000
 5.6762E-001
-2.6580E+000
-4.0636E+000
 5.6106E-001
-2.7061E+000
-3.9754E+000
 6.6124E-001
-2.5422E+000
-3.9885E+000
 5.0700E-001
-2.4751E+000
-4.0075E+000
 4.3172E-001
-2.1239E+000
-3.7153E+000
 3.9377E-001
-2.1362E+000
-3.2959E+000
 3.7164E-001
-2.2713E+000
-3.3729E+000
 5.3473E-001
-1.6722E+000
-3.7947E+000
 4.6696E-002
-1.8055E+000
-4.1346E+000
-8.7645E-001
-1.9119E+000
-2.8320E+000
 4.0136E-001
-1.8499E+000
-2.2412E+000
 5.5846E-001
-1.4346E+000
-1.9598E+000
 1.1000E-001
-1.2299E+000
-2.1554E+000
-2.9617E-001
-1.9901E+000
-1.7882E+000
 9.4336E-001
-2.3593E+000
-2.0188E+000
 1.3544E+000
-1.3243E+000
-1.4630E+000
 1.7158E-001
-8.7712E-001
-1.1680E+000
-2.7223E-001
-7.9611E-001
-5.3413E-001
 5.8576E-002
-1.0829E+000
-4.7121E-001
 5.6541E-001
-8.8911E-001
-1.6855E+000
-6.3940E-001
 7.5141E-001
-2.1354E+000
-2.2655E+000
-3.3890E-001
-3.5674E-002
-2.2946E-001
-1.7811E-001
 6.1123E-001
 9.7495E-002
-1.3681E-001
 6.0795E-001
 3.8358E-002
-1.3566E-002
 2.6798E-001
-4.0278E-001
 2.7860E-001
 1.1878E+000
-1.8140E-001
 2.6178E-001
 1.6360E+000
 8.9182E-002
-2.7963E-001
 9.6450E-001
 5.0561E-001
-2.7509E-001
 9.8609E-001
 5.2738E-001
 1.2114E-001
 1.8111E+000
 6.6635E-001
 9.1820E-002
 2.2343E+000
 1.0329E+000
-8.6504E-001
 5.7281E-001
 1.2224E+000
-6.5529E-001
 1.0435E+000
 1.1300E+000
 4.4347E-001
 1.9914E+000
 3.1698E-001
 7.5857E-001
 2.7324E+000
 3.8115E-001
 9.2131E-001
 2.8009E+000
 2.0528E-001
 7.3975E-001
 2.2199E+000
 5.5328E-002
 1.1985E+000
 3.0778E+000
-6.9606E-002
 1.1976E+000
 3.4613E+000
 2.5843E-001
 1.4203E+000
 3.6084E+000
 1.7573E-002
 1.7008E+000
 3.2487E+000
-7.7896E-001
 1.9285E+000
 3.2517E+000
-1.1565E+000
 1.7522E+000
 4.4593E+000
 2.0247E-001
 1.6718E+000
 2.8840E+000
-9.7364E-001
 2.0012E+000
 2.5859E+000
-1.7031E+000
 2.5953E+000
 3.1891E+000
-2.1356E+000
 2.7474E+000
 3.8806E+000
-1.9184E+000
 1.9036E+000
 2.4594E+000
-1.6373E+000
 2.2852E+000
-1.0365E+000
-3.4326E+000
 2.8358E+000
 2.8759E+000
-2.6882E+000
 3.3837E+000
 3.3790E+000
-3.1979E+000
 3.4099E+000
 3.8333E+000
-3.0021E+000
 3.8889E+000
 4.3697E+000
-3.4172E+000
 2.8755E+000
 3.6797E+000
-2.3452E+000
 2.9141E+000
 4.0640E+000
-2.1664E+000
 3.1482E+000
 3.8232E+000
-2.6883E+000
 3.0507E+000
 3.2013E+000
-2.9037E+000
 2.5222E+000
 3.8854E+000
-1.5617E+000
 2.2162E+000
 4.2505E+000
-1.2347E+000
 3.4776E+000
 4.3325E+000
-2.8917E+000
 3.6696E+000
 4.0808E+000
-3.3229E+000
 3.3233E+000
 3.8249E+000
-2.9261E+000
 3.4616E+000
 3.6381E+000
-3.2120E+000
 4.0062E+000
 4.8583E+000
-3.7100E+000
 3.8506E+000
 5.2327E+000
-2.9543E+000
 2.9045E+000
 3.7946E+000
-2.2641E+000
 2.6221E+000
 3.6619E+000
-1.9412E+000
 2.4608E+000
 2.9430E+000
-2.2670E+000
 2.3304E+000
 2.4250E+000
-2.4529E+000
 2.0703E+000
 3.7707E+000
-1.2276E+000
 2.2334E+000
 3.9294E+000
-6.0332E-001
 2.4511E+000
 2.9158E+000
-2.2869E+000
 2.3063E+000
 2.3205E+000
-2.5689E+000
 1.9419E+000
 2.2228E+000
-2.1578E+000
 2.0591E+000
 2.7361E+000
-1.8063E+000
 2.7794E+000
 2.1856E+000
-3.0953E+000
 2.9883E+000
 9.0888E-001
-6.0123E+000
 1.6463E+000
 1.6747E+000
-2.1364E+000
 1.2654E+000
 1.5646E+000
-1.6689E+000
 1.6391E+000
 1.7731E+000
-2.0343E+000
 1.4645E+000
 1.4666E+000
-2.0728E+000
 6.1078E-001
 5.6185E-001
-1.7705E+000
 9.5860E-001
 4.7252E-001
-2.6708E+000
 2.0671E+000
 2.3663E+000
-2.2177E+000
 2.3560E+000
 2.5330E+000
-2.5099E+000
 2.4620E+000
 3.1476E+000
-2.0875E+000
 2.4839E+000
 3.4977E+000
-1.7720E+000
 2.7680E+000
 2.5849E+000
-3.0049E+000
 2.8391E+000
 2.5456E+000
-3.1343E+000
 2.5793E+000
 3.2329E+000
-2.1654E+000
 2.6323E+000
 3.7786E+000
-1.7924E+000
 3.1376E+000
 4.3716E+000
-1.9484E+000
 3.1695E+000
 4.8737E+000
-1.5875E+000
 2.6932E+000
 3.7859E+000
-1.9733E+000
 2.8162E+000
 4.0605E+000
-1.7060E+000
 3.4481E+000
 4.2642E+000
-2.5100E+000
 3.9107E+000
 4.7248E+000
-2.7998E+000
 3.8605E+000
 4.9116E+000
-2.5384E+000
 4.0709E+000
 5.4679E+000
-2.3273E+000
 4.2268E+000
 4.4379E+000
-3.5659E+000
 4.5197E+000
 2.0789E+000
-5.5159E+000
 3.5245E+000
 4.4672E+000
-2.4970E+000
 3.4607E+000
 4.5934E+000
-2.2781E+000
 3.1749E+000
 4.8609E+000
-1.5883E+000
 3.2691E+000
 5.2748E+000
-1.3716E+000
 3.3935E+000
 3.9680E+000
-2.4045E+000
 3.4327E+000
 4.1930E+000
-2.3485E+000
 2.8207E+000
 4.6741E+000
-1.2342E+000
 2.5358E+000
 4.8504E+000
-6.1409E-001
 2.6858E+000
 5.4452E+000
-3.1966E-001
 2.5191E+000
 5.6821E+000
 1.8738E-001
 2.1433E+000
 4.4414E+000
-4.0707E-001
 1.4952E+000
 3.7464E+000
-3.7764E-001
 3.0518E+000
 5.7083E+000
-6.1600E-001
 3.2090E+000
 6.2786E+000
-2.9978E-001
 3.4143E+000
 6.7759E+000
-1.2666E-001
 3.7337E+000
 6.8866E+000
-4.9399E-001
 3.5641E+000
 6.4675E+000
-7.2184E-001
 3.1766E+000
 7.0172E+000
 4.4554E-001
 3.2946E+000
 7.5094E+000
 7.1846E-001
 2.9198E+000
 7.2710E+000
 1.0849E+000
 2.8376E+000
 7.6554E+000
 1.5153E+000
 2.6406E+000
 6.6462E+000
 9.2084E-001
 2.3086E+000
 6.3752E+000
 1.1978E+000
 1.8583E+000
 6.3008E+000
 1.7936E+000
 1.8163E+000
 6.4081E+000
 1.9398E+000
 2.2967E+000
 5.7917E+000
 8.3834E-001
 2.9152E+000
 5.4756E+000
 7.3193E-001
 1.5417E+000
 6.1081E+000
 2.1460E+000
 1.0876E+000
 6.0179E+000
 2.7554E+000
 7.6300E-001
 5.3206E+000
 2.6298E+000
 8.2914E-001
 5.2001E+000
 2.4618E+000
 9.9699E-001
 6.4459E+000
 3.0678E+000
 1.4439E+000
 8.1668E+000
 2.9659E+000
 4.3516E-001
 4.8712E+000
 2.6472E+000
 1.1667E-001
 4.1426E+000
 2.5052E+000
-4.3157E-001
 3.9984E+000
 3.1038E+000
-5.3145E-001
 4.1808E+000
 3.4155E+000
 2.7775E-001
 3.6341E+000
 2.0217E+000
 4.2388E-001
 3.4276E+000
 1.7428E+000
-7.3682E-001
 3.6683E+000
 3.2815E+000
-1.1968E+000
 3.5225E+000
 3.8550E+000
-1.5223E+000
 2.7943E+000
 3.6924E+000
-1.4746E+000
 2.3910E+000
 3.2435E+000
-1.8376E+000
 2.7229E+000
 4.0604E+000
-2.1987E+000
 2.0607E+000
 3.9655E+000
-2.6302E+000
 2.0024E+000
 4.5399E+000
-2.6876E+000
 2.4595E+000
 4.9940E+000
-2.0704E+000
 2.1195E+000
 3.8675E+000
-1.4542E+000
 1.5853E+000
 2.9736E+000
-3.0613E+000
 1.4231E+000
 4.5561E+000
-3.5349E+000
 1.3636E+000
 5.0312E+000
-3.7250E+000
 1.3533E+000
 5.2500E+000
-3.6414E+000
 1.0053E+000
 4.8953E+000
-3.7644E+000
 8.6277E-001
 5.0466E+000
-4.5338E+000
 9.4687E-001
 5.5986E+000
-3.9195E+000
 1.6600E+000
 5.7867E+000
-3.9446E+000
 1.6257E+000
 5.7530E+000
-4.5372E+000
 9.8462E-001
 5.4973E+000
-4.7762E+000
 4.5538E-001
 5.6548E+000
-4.1578E+000
 2.2130E+000
 6.3686E+000
-4.2944E+000
 2.8433E+000
 6.9813E+000
-4.4986E+000
 7.8308E-001
 5.3132E+000
-4.8585E+000
 2.5451E-001
 5.2302E+000
-4.7561E+000
-2.2970E-001
 4.9096E+000
-5.1901E+000
-6.3349E-001
 4.6510E+000
-4.4026E+000
-1.7760E-001
 4.6995E+000
-4.3389E+000
-7.2226E-001
 4.3400E+000
-4.0021E+000
-9.3025E-001
 3.8726E+000
-3.7735E+000
-5.6667E-001
 3.8178E+000
-4.2895E+000
-6.8545E-001
 4.2227E+000
-3.8974E+000
-1.0515E-001
 3.6066E+000
-3.9455E+000
-1.4916E+000
 3.4983E+000
-3.6182E+000
-1.5733E+000
 2.8155E+000
-3.1057E+000
-1.2284E+000
 2.5974E+000
-2.8226E+000
-1.1297E+000
 2.3515E+000
-3.9969E+000
-2.0951E+000
 2.3091E+000
-4.3340E+000
-2.4293E+000
 2.4072E+000
-3.0246E+000
-1.0180E+000
 2.6909E+000
-2.5773E+000
-5.7869E-001
 2.4353E+000
-2.4251E+000
 1.7159E-002
 2.6374E+000
-2.0292E+000
 2.5399E-001
 2.2706E+000
-2.5708E+000
-3.9221E-001
 2.5313E+000
-2.7615E+000
-1.1009E+000
 2.5149E+000
-2.7137E+000
 2.6069E-001
 3.1927E+000
-2.5614E+000
 8.2901E-001
 3.4276E+000
-2.5266E+000
 7.0040E-001
 3.2809E+000
-2.2057E+000
 1.2176E+000
 3.0801E+000
-2.7407E+000
 9.3335E-001
 4.1486E+000
-3.9910E+000
 7.7332E-001
 3.8241E+000
-2.8870E+000
 1.6528E-001
 3.1487E+000
-2.8367E+000
 4.4922E-002
 2.9730E+000
-2.3148E+000
 2.6352E-002
 2.3897E+000
-2.0525E+000
 3.8689E-001
 2.2417E+000
-3.2066E+000
-5.8895E-001
 3.0064E+000
-2.1141E+000
-2.8139E-001
 1.9413E+000
-1.7038E+000
-2.8259E-001
 1.3468E+000
-1.2984E+000
 4.7644E-001
 1.2946E+000
-9.7456E-001
 7.5460E-001
 9.6040E-001
-1.7088E+000
-6.8507E-001
 1.0136E+000
-8.8678E-001
-6.8044E-001
-1.3485E-001
-1.3542E+000
 8.7222E-001
 1.6558E+000
-9.5967E-001
 1.5372E+000
 1.6573E+000
-9.1340E-001
 2.0437E+000
 1.9496E+000
-4.8202E-001
 2.5657E+000
 1.6940E+000
-1.0972E+000
 1.6859E+000
 2.0975E+000
-1.3267E+000
 1.9582E+000
 2.3406E+000
-1.2454E+000
 2.4632E+000
 2.6876E+000
-9.9528E-001
 2.3734E+000
 2.2621E+000
-6.0512E-001
 2.9102E+000
 2.1123E+000
-1.7365E+000
 2.2698E+000
 3.3257E+000
-3.6803E+000
 3.1790E+000
 2.2758E+000
-1.1505E+000
 1.7610E+000
 1.9497E+000
-9.2238E-001
 1.6802E+000
 1.5001E+000
-4.0716E-001
 1.8124E+000
 8.8018E-001
-3.9872E-002
 2.1501E+000
 6.2528E-001
-1.1583E+000
 1.0499E+000
 1.3645E+000
-1.8254E+000
 8.8417E-001
 1.6203E+000
-3.3082E-001
 1.5860E+000
 5.9790E-001
 1.2658E-001
 1.6759E+000
 9.2164E-003
 5.0178E-001
 2.3934E+000
 4.1960E-002
 9.4067E-001
 2.6851E+000
-4.6308E-001
 5.0542E-002
 1.1466E+000
-3.3095E-001
-3.9400E-001
 2.3132E-001
-8.5666E-001
 3.5097E-001
 2.7053E+000
 5.2425E-001
 7.2287E-001
 3.3030E+000
 5.5624E-001
 7.0975E-001
 3.9131E+000
 1.0843E+000
 1.1222E+000
 4.4508E+000
 9.5713E-001
 5.8676E-001
 3.2208E+000
 5.9178E-001
 5.0100E-001
 1.8528E+000
-5.2533E-001
 2.9729E-001
 3.9031E+000
 1.6681E+000
 3.2669E-001
 4.4904E+000
 2.1922E+000
 5.0830E-001
 4.8045E+000
 2.1531E+000
 8.3434E-001
 5.4321E+000
 2.2564E+000
-1.3350E-001
 4.3629E+000
 2.7690E+000
 8.5968E-001
 3.8470E+000
 6.1692E+000
 3.9378E-001
 4.3866E+000
 1.9436E+000
 6.0127E-001
 4.6639E+000
 1.8475E+000
 1.1969E+000
 5.0299E+000
 1.3159E+000
 1.5016E+000
 5.5150E+000
 1.3065E+000
 2.9556E-001
 4.0485E+000
 1.5375E+000
-7.6170E-002
 3.5412E+000
 1.5230E+000
 1.4002E+000
 4.8725E+000
 8.8521E-001
 1.9457E+000
 5.1616E+000
 3.7372E-001
 2.1763E+000
 5.7338E+000
 5.5379E-001
 2.6068E+000
 5.9553E+000
 1.4969E-001
 2.0280E+000
 4.6180E+000
-2.4460E-001
 1.6125E+000
 3.4134E+000
-1.7266E+000
 1.9303E+000
 5.9864E+000
 1.1566E+000
 2.1654E+000
 6.5681E+000
 1.3538E+000
 2.0970E+000
 6.4057E+000
 1.3246E+000
 2.3485E+000
 6.8320E+000
 1.3970E+000
 1.7945E+000
 5.7999E+000
 1.2336E+000
 1.6659E+000
 5.6806E+000
 1.3221E+000
 1.3054E+000
 5.8533E+000
 2.0240E+000
 9.7407E-001
 5.7056E+000
 2.3470E+000
 1.4904E+000
 4.9248E+000
 9.6665E-001
 1.6249E+000
 4.7919E+000
 6.7524E-001
 1.3065E+000
 6.1303E+000
 2.3226E+000
 9.7933E-001
 6.2958E+000
 2.9747E+000
 5.2690E-001
 5.6608E+000
 3.1214E+000
 4.9946E-001
 5.5547E+000
 3.0639E+000
 1.1777E+000
 6.9026E+000
 3.1257E+000
 7.3447E-001
 7.1426E+000
 3.8515E+000
 1.3305E-001
 5.2879E+000
 3.3316E+000
-3.0889E-001
 4.6839E+000
 3.4328E+000
-6.6232E-001
 4.8726E+000
 4.0878E+000
-7.3454E-001
 5.1407E+000
 4.4050E+000
-4.9206E-001
 4.0384E+000
 3.2200E+000
-5.0922E-001
 3.6372E+000
 2.9164E+000
-8.5807E-001
 4.7048E+000
 4.2821E+000
-1.1271E+000
 4.8780E+000
 4.8639E+000
-1.5805E+000
 4.2324E+000
 5.0870E+000
-1.6404E+000
 3.8467E+000
 4.8381E+000
-9.4217E-001
 5.3775E+000
 4.8990E+000
-8.7636E-001
 5.8042E+000
 5.1205E+000
-1.9511E+000
 4.1744E+000
 5.4247E+000
-2.4232E+000
 3.5839E+000
 5.5992E+000
-2.7174E+000
 3.7412E+000
 6.0977E+000
-2.7082E+000
 4.2338E+000
 6.5060E+000
-2.7385E+000
 3.3095E+000
 5.7944E+000
-3.0005E+000
 3.2521E+000
 6.0741E+000
-3.2633E+000
 3.3995E+000
 6.4888E+000
-3.8552E+000
 2.9614E+000
 6.8028E+000
-4.0057E+000
 2.4507E+000
 6.5420E+000
-3.0376E+000
 3.2858E+000
 6.1396E+000
-2.2680E+000
 4.2837E+000
 5.5629E+000
-4.1438E+000
 3.1752E+000
 7.3519E+000
-4.7154E+000
 2.8347E+000
 7.6545E+000
-4.6933E+000
 2.3002E+000
 7.4494E+000
-5.1290E+000
 1.5724E+000
 7.5538E+000
-5.1395E+000
 3.3445E+000
 8.1173E+000
-4.4749E+000
 2.4080E+000
 7.3160E+000
-4.6801E+000
 2.0714E+000
 7.2818E+000
-4.2652E+000
 2.0368E+000
 6.6838E+000
-3.8526E+000
 2.4815E+000
 6.5321E+000
-4.9359E+000
 2.2390E+000
 8.0139E+000
-5.9033E+000
 2.6161E+000
 8.7447E+000
-4.4894E+000
 1.3994E+000
 6.2720E+000
-4.0806E+000
 1.2794E+000
 5.5711E+000
-3.9148E+000
 1.6951E+000
 5.9399E+000
-3.5134E+000
 1.8071E+000
 5.6533E+000
-4.5391E+000
 3.3783E-001
 5.0286E+000
-3.0862E+000
 2.1732E-001
 3.7700E+000
-4.1825E+000
 1.8093E+000
 6.4448E+000
-4.0356E+000
 2.1848E+000
 6.7315E+000
-3.6010E+000
 2.8519E+000
 6.6632E+000
-3.2918E+000
 3.0149E+000
 6.5100E+000
-4.5763E+000
 2.2867E+000
 7.4649E+000
-5.2562E+000
 1.5185E+000
 7.4642E+000
-3.6046E+000
 3.1372E+000
 6.8978E+000
-3.1545E+000
 3.7530E+000
 6.8956E+000
-2.7210E+000
 3.7297E+000
 6.3170E+000
-2.3033E+000
 4.2275E+000
 6.1961E+000
-3.2266E+000
 4.0497E+000
 7.2827E+000
-3.2724E+000
 5.4712E+000
 9.2351E+000
-2.7641E+000
 3.1700E+000
 5.8909E+000
-2.3413E+000
 3.1289E+000
 5.2842E+000
-2.0929E+000
 3.1864E+000
 5.0918E+000
-1.6860E+000
 3.5382E+000
 4.8360E+000
-2.4601E+000
 2.6335E+000
 4.8436E+000
-2.4216E+000
 2.4513E+000
 4.6811E+000
-2.3546E+000
 2.7181E+000
 5.1326E+000
-2.2112E+000
 2.6818E+000
 4.9418E+000
-1.9983E+000
 3.3306E+000
 5.1527E+000
-1.5690E+000
 3.5331E+000
 4.8111E+000
-2.5726E+000
 2.1642E+000
 5.0282E+000
-2.7449E+000
 1.0193E+000
 4.3906E+000
-2.2172E+000
 3.6644E+000
 5.7239E+000
-1.9910E+000
 4.2631E+000
 6.0299E+000
-1.5214E+000
 4.7757E+000
 5.8247E+000
-1.1583E+000
 5.1545E+000
 5.6724E+000
-2.3770E+000
 4.4380E+000
 6.7192E+000
-2.3576E+000
 4.4386E+000
 6.6949E+000
-1.5020E+000
 4.7562E+000
 5.7743E+000
-1.0402E+000
 5.2896E+000
 5.5293E+000
-6.2932E-001
 5.1956E+000
 4.8760E+000
-2.3016E-001
 5.6465E+000
 4.6797E+000
-1.1197E+000
 5.3097E+000
 5.6536E+000
-1.5559E+000
 5.8156E+000
 6.7776E+000
-6.9836E-001
 4.5498E+000
 4.4999E+000
-4.0616E-001
 4.3974E+000
 3.8309E+000
-2.2012E-001
 4.6505E+000
 3.8043E+000
 1.8371E-001
 5.0351E+000
 3.4905E+000
-7.3559E-001
 3.7758E+000
 3.4445E+000
-2.5624E-001
 3.2448E+000
 2.6060E+000
-5.5130E-001
 4.4443E+000
 4.1211E+000
-4.7349E-001
 4.6251E+000
 4.1965E+000
-1.8057E-001
 5.3606E+000
 4.3981E+000
 1.7024E-001
 5.6342E+000
 4.1403E+000
-7.8773E-001
 4.2121E+000
 4.6206E+000
-9.9158E-001
 3.9060E+000
 4.6617E+000
-2.8243E-001
 5.6901E+000
 4.8194E+000
-2.3593E-002
 6.4166E+000
 5.0814E+000
 4.4613E-001
 6.7800E+000
 4.6699E+000
 7.0602E-001
 7.4083E+000
 4.8269E+000
-3.1521E-001
 6.5710E+000
 5.7232E+000
 5.8024E-001
 6.4152E+000
 4.1687E+000
 1.0223E+000
 6.7417E+000
 3.7693E+000
 1.0019E+000
 7.0194E+000
 4.0187E+000
 1.3718E+000
 7.4060E+000
 3.7515E+000
 5.8697E-001
 6.8722E+000
 4.4793E+000
 4.8725E-001
 7.0694E+000
 4.7622E+000
 5.2961E-001
 6.6844E+000
 4.3526E+000
 6.4623E-001
 6.9408E+000
 4.3749E+000
 3.4850E-003
 6.9768E+000
 5.4433E+000
-4.2799E-002
 8.0287E+000
 8.7823E+000
 4.1314E-001
 6.0956E+000
 4.0050E+000
 4.3231E-001
 5.7072E+000
 3.5702E+000
 7.8329E-001
 5.5764E+000
 2.9405E+000
 8.2659E-001
 5.5167E+000
 2.8388E+000
-3.3360E-002
 5.2438E+000
 3.6185E+000
-2.0197E-001
 5.2529E+000
 4.0115E+000
 1.0340E+000
 5.5178E+000
 2.4714E+000
 1.3548E+000
 5.3111E+000
 1.8001E+000
 1.0777E+000
 4.5840E+000
 1.5221E+000
 1.1967E+000
 4.3368E+000
 1.0875E+000
 1.7908E+000
 5.5601E+000
 1.3904E+000
 2.1618E+000
 6.4305E+000
 1.6056E+000
 6.9412E-001
 4.1974E+000
 1.7762E+000
 4.5042E-001
 3.4431E+000
 1.5322E+000
-7.8575E-002
 3.1875E+000
 2.0136E+000
-1.3291E-001
 3.5538E+000
 2.4715E+000
 8.3516E-001
 3.0923E+000
 9.3389E-001
-3.9505E-001
 2.5274E+000
 1.9371E+000
-8.7972E-001
 2.2044E+000
 2.3270E+000
-9.5131E-001
 1.5609E+000
 1.9445E+000
-8.1125E-001
 1.2286E+000
 1.4625E+000
-1.2030E+000
 2.1507E+000
 2.6578E+000
-1.1396E+000
 1.3935E+000
 2.0581E+000
-1.2655E+000
 7.6244E-001
 1.7112E+000
-1.7651E+000
 3.0136E-001
 2.0830E+000
-2.0579E+000
 4.1674E-001
 2.5812E+000
-1.1525E+000
 7.0593E-001
 1.5363E+000
-1.1206E+000
 1.3245E-001
 1.0404E+000
-1.8347E+000
-2.2839E-001
 1.8127E+000
-2.2058E+000
-6.9200E-001
 2.1313E+000
-2.2781E+000
-1.3936E+000
 1.7482E+000
-2.0159E+000
-1.4815E+000
 1.2694E+000
-2.1831E+000
-5.7037E-001
 2.1751E+000
-1.6362E+000
-9.0337E-001
 3.5471E+000
-2.5604E+000
-1.8156E+000
 2.0434E+000
-2.6350E+000
-2.5514E+000
 1.7403E+000
-2.4688E+000
-2.6804E+000
 1.3440E+000
-2.4731E+000
-2.5871E+000
 1.4291E+000
-3.1874E+000
-2.9865E+000
 2.1582E+000
-3.4767E+000
-3.7374E+000
 1.6497E+000
-2.2891E+000
-3.0116E+000
 8.5299E-001
-2.1415E+000
-3.1093E+000
 4.3200E-001
-2.4008E+000
-3.4512E+000
 5.7928E-001
-2.3653E+000
-3.3876E+000
 5.5820E-001
-1.9563E+000
-3.3769E+000
-1.0189E-001
-1.3710E+000
-3.7544E+000
-1.1538E+000
-2.6457E+000
-3.8857E+000
 7.4699E-001
-2.9032E+000
-4.2082E+000
 8.7560E-001
-2.9838E+000
-4.0109E+000
 1.2442E+000
-3.0004E+000
-4.0504E+000
 1.2554E+000
-3.1551E+000
-4.6251E+000
 8.9374E-001
-3.3203E+000
-4.8361E+000
 6.6843E-001
-3.0208E+000
-3.7566E+000
 1.5396E+000
-3.1097E+000
-3.5349E+000
 1.8825E+000
-2.8427E+000
-3.1991E+000
 1.9290E+000
-2.8360E+000
-3.2529E+000
 1.9361E+000
-3.1277E+000
-3.3804E+000
 2.0877E+000
-2.6340E+000
-2.8290E+000
 1.6194E+000
-2.2441E+000
-2.4058E+000
 1.6591E+000
-2.3003E+000
-2.7537E+000
 1.2595E+000
-2.2277E+000
-2.5046E+000
 1.3927E+000
-1.5906E+000
-1.9075E+000
 1.1759E+000
-2.3989E+000
-3.1694E+000
 8.9276E-001
-2.4114E+000
-3.4513E+000
 5.9905E-001
-2.6661E+000
-3.6886E+000
 9.6564E-001
-2.6076E+000
-3.5598E+000
 1.0162E+000
-2.5106E+000
-3.8998E+000
 1.1828E-001
-2.1842E+000
-2.4069E+000
 1.6477E+000
-2.9773E+000
-3.9930E+000
 1.2326E+000
-3.1058E+000
-4.3559E+000
 1.5175E+000
-3.2033E+000
-3.8317E+000
 1.9054E+000
-3.3394E+000
-3.8001E+000
 2.1864E+000
-3.3326E+000
-4.9717E+000
 2.0008E+000
-3.0164E+000
-6.1048E+000
 1.0812E+000
-3.0976E+000
-3.5472E+000
 2.0704E+000
-3.2235E+000
-3.1024E+000
 2.7376E+000
-2.7898E+000
-2.4719E+000
 2.7938E+000
-2.9541E+000
-2.0490E+000
 3.3101E+000
-2.6894E+000
-2.3625E+000
 2.4258E+000
-2.3690E+000
-1.6502E+000
 2.5248E+000
-2.0611E+000
-1.6659E+000
 2.1009E+000
-1.9972E+000
-1.4450E+000
 2.2934E+000
-2.2697E+000
-1.0972E+000
 2.6952E+000
-1.4830E+000
 7.9565E-001
 2.8535E+000
-1.9063E+000
-1.8750E+000
 1.5533E+000
-1.5584E+000
-1.8223E+000
 1.0489E+000
-1.7377E+000
-2.2791E+000
 9.4641E-001
-1.4579E+000
-2.1824E+000
 6.2051E-001
-1.2946E+000
-2.0198E+000
 4.8577E-001
-7.2107E-001
-1.6577E+000
 2.1495E-001
-2.2074E+000
-2.7840E+000
 1.2322E+000
-2.4847E+000
-3.1669E+000
 1.2526E+000
-2.6288E+000
-2.9287E+000
 1.8272E+000
-2.7567E+000
-3.1075E+000
 1.8635E+000
-2.8571E+000
-3.7749E+000
 1.2141E+000
-2.4435E+000
-4.0944E+000
 7.3146E-001
-2.6354E+000
-2.4851E+000
 2.3463E+000
-2.8305E+000
-2.1905E+000
 3.0113E+000
-2.4185E+000
-1.6375E+000
 2.8640E+000
-1.9838E+000
-1.3136E+000
 2.3752E+000
-3.0900E+000
-1.9114E+000
 3.7247E+000
-3.2617E+000
-2.8342E+000
 3.9559E+000
-2.5332E+000
-1.3737E+000
 3.3084E+000
-2.1529E+000
-7.7729E-001
 3.2117E+000
-1.7916E+000
-8.6666E-002
 3.2258E+000
-1.3524E+000
 2.7413E-001
 2.8086E+000
-2.4455E+000
-6.6784E-001
 3.7832E+000
-2.9568E+000
-1.5268E+000
 3.9083E+000
-1.9857E+000
 7.0957E-002
 3.7224E+000
-1.7240E+000
 7.6622E-001
 3.8275E+000
-1.3123E+000
 7.6188E-001
 3.1544E+000
-9.3013E-001
 1.4053E+000
 3.0771E+000
-2.1038E+000
 7.9157E-001
 4.5203E+000
-1.3525E+000
 1.1135E-001
 2.6770E+000
-1.0285E+000
 1.8291E-001
 2.0768E+000
-6.6820E-001
 1.9212E-001
 1.3818E+000
-3.7160E-001
 2.3207E-001
 9.1988E-001
-6.4757E-001
 1.6484E-001
 1.3511E+000
-3.1926E-001
 1.1801E-001
 6.4303E-001
 1.9390E-001
 7.4388E-001
 2.1605E-001
 3.7631E-001
 5.9166E-001
-4.2181E-001
-3.7221E-001
 9.3281E-002
 7.3628E-001
 2.5048E-001
 1.4750E+000
 5.8049E-001
 7.1548E-001
 2.0805E+000
 1.7867E-001
 7.4356E-001
 2.1002E+000
 1.1347E-001
 1.0346E+000
 2.6966E+000
-3.2682E-002
 8.3939E-001
 2.8516E+000
 5.7366E-001
 4.0163E-001
 1.4303E+000
 1.7819E-001
 3.7623E-001
 1.4397E+000
 2.2049E-001
 3.5956E-001
 7.4228E-001
-3.3329E-001
 2.8432E-001
 2.2213E-001
-5.5162E-001
-3.6579E-002
 1.3781E+000
 9.8328E-001
 3.6991E-001
 3.3092E+000
 2.6422E+000
 4.3829E-001
 7.9690E-001
-4.7766E-001
 4.5764E-001
 2.1728E-001
-1.0595E+000
 4.2957E-001
 2.9049E-001
-9.5830E-001
 5.2878E-001
 8.2695E-001
-7.2075E-001
 9.2851E-001
 3.3984E-001
-1.7605E+000
 3.0350E-001
-2.8479E-001
-1.2517E+000
 3.0038E-001
-3.1992E-001
-1.2788E+000
 7.5085E-001
 1.2904E-001
-1.6920E+000
 1.0569E+000
 1.4063E-001
-2.2125E+000
 1.2533E-001
-9.7939E-001
-1.5472E+000
-4.8329E-001
-2.0129E+000
-5.9303E-001
 8.1674E-001
 5.3708E-001
-1.5020E+000
 1.2321E+000
 9.6068E-001
-1.9050E+000
 1.2588E+000
 6.4566E-001
-2.1757E+000
 1.0662E+000
 6.6417E-001
-1.8706E+000
 1.3305E+000
 1.6525E+000
-1.5066E+000
 1.4567E+000
 3.8358E-001
-2.7973E+000
 1.5151E+000
 1.3311E-001
-3.1432E+000
 1.1534E+000
-5.5766E-001
-3.0742E+000
 8.5864E-001
-8.8257E-001
-2.7939E+000
 1.1494E+000
-8.7357E-001
-3.3226E+000
 8.2936E-001
-1.6406E+000
-3.2803E+000
 3.9163E-001
-1.7162E+000
-2.5609E+000
 3.6951E-001
-1.2286E+000
-2.2201E+000
 9.9372E-001
-1.7813E+000
-3.8602E+000
 1.3030E+000
-1.0043E+000
-3.7501E+000
 1.0239E-001
-2.3361E+000
-2.3641E+000
-3.4158E-001
-2.4400E+000
-1.6604E+000
-3.8353E-001
-2.3677E+000
-1.5801E+000
-1.3449E-001
-2.4139E+000
-1.9826E+000
-6.5917E-001
-3.1555E+000
-1.5289E+000
-6.4512E-001
-3.4510E+000
-1.9218E+000
-7.0661E-001
-2.1774E+000
-1.0586E+000
-8.0369E-001
-2.1145E+000
-9.0674E-001
-1.1166E+000
-2.7996E+000
-6.4048E-001
-1.3740E+000
-2.9730E+000
-2.9537E-001
-1.0774E+000
-1.3977E+000
-4.6604E-001
-1.0270E+000
-2.0899E+000
-9.6015E-001
-1.0111E+000
-3.1493E+000
-7.0171E-001
-1.2740E+000
-3.7616E+000
-5.1135E-001
-1.4137E+000
-3.6639E+000
-3.2939E-001
-1.1522E+000
-3.4294E+000
-5.3622E-001
-9.3877E-001
-4.3126E+000
-8.4849E-001
-3.4026E+000
-3.5370E+000
-1.2236E+000
-1.7666E+000
-3.7669E+000
-6.1545E-002
-1.8201E+000
-3.7299E+000
 2.3323E-002
-2.2691E+000
-4.1328E+000
 3.1660E-001
-2.4836E+000
-3.9618E+000
 3.9699E-001
-1.7241E+000
-3.2386E+000
 2.8056E-001
-1.5380E+000
-2.5336E+000
 4.5501E-001
-2.1963E+000
-4.2865E+000
 5.1634E-001
-2.3975E+000
-4.3689E+000
 5.2882E-001
-2.6707E+000
-4.3621E+000
 4.9323E-001
-2.8338E+000
-4.3276E+000
 5.4984E-001
-2.3420E+000
-4.4524E+000
 5.9908E-001
-2.5357E+000
-4.3480E+000
 4.7442E-001
-2.8023E+000
-4.2832E+000
 5.2794E-001
-2.8547E+000
-4.1303E+000
 4.8949E-001
-2.9522E+000
-4.1160E+000
 4.1764E-001
-2.9325E+000
-4.3138E+000
 5.6095E-001
-2.6738E+000
-3.8421E+000
 5.4613E-001
-2.9499E+000
-3.3716E+000
 7.8812E-001
-2.8859E+000
-3.6237E+000
 7.2802E-001
-3.1639E+000
-3.4959E+000
 9.1689E-001
-2.8347E+000
-2.6076E+000
 5.7893E-001
-2.9077E+000
-1.6117E+000
 6.8089E-001
-2.7030E+000
-3.8121E+000
 5.4928E-001
-2.6875E+000
-3.7976E+000
 5.4425E-001
-2.7767E+000
-4.1533E+000
 5.5635E-001
-2.6731E+000
-4.1773E+000
 5.0420E-001
-2.3908E+000
-3.6163E+000
 4.0348E-001
-1.7614E+000
-3.0235E+000
 8.6240E-001
-2.7813E+000
-4.1841E+000
 5.2133E-001
-2.7433E+000
-4.0428E+000
 5.1075E-001
-2.6486E+000
-4.0021E+000
 6.4174E-001
-2.6055E+000
-4.0026E+000
 6.6299E-001
-2.4898E+000
-3.6489E+000
 6.3998E-001
-2.3259E+000
-3.4942E+000
 9.4775E-001
-2.3084E+000
-3.2219E+000
 9.6365E-001
-2.0879E+000
-2.9532E+000
 1.0690E+000
-2.3617E+000
-3.6796E+000
 1.0788E+000
-2.1129E+000
-3.4359E+000
 2.6299E+000
-2.3285E+000
-3.3534E+000
 9.1666E-001
-2.1860E+000
-3.1621E+000
 8.3471E-001
-2.0097E+000
-3.1352E+000
 5.2224E-001
-2.0676E+000
-3.2496E+000
 4.0786E-001
-1.7661E+000
-2.9327E+000
 3.6138E-001
-1.4990E+000
-2.8953E+000
-2.0062E-004
-1.2516E+000
-2.4491E+000
 3.9561E-002
-1.2934E+000
-2.2163E+000
 3.3446E-001
-1.4067E+000
-3.0052E+000
-2.9929E-001
-1.4925E+000
-3.0944E+000
-2.4802E-001
-9.8533E-001
-2.3457E+000
-2.1021E-001
-7.1427E-001
-1.8843E+000
-1.6466E-001
-3.9782E-001
-1.8091E+000
-6.2466E-001
-3.6263E-001
-2.0895E+000
-8.7547E-001
-9.9804E-002
-1.3936E+000
-6.4833E-001
 2.4180E-001
-1.2861E+000
-1.0909E+000
 2.5673E-001
-1.3864E+000
-1.2308E+000
 2.0931E-001
-1.2237E+000
-1.0166E+000
 6.5599E-001
-7.6837E-001
-1.0086E+000
 8.2990E-001
-6.0915E-001
-1.2099E+000
 3.2441E-001
-1.6422E+000
-1.5604E+000
 3.7572E-001
-1.7767E+000
-1.7727E+000
 7.5406E-001
-1.4153E+000
-1.9974E+000
 9.8353E-001
-1.2974E+000
-2.2470E+000
 7.9439E-001
-1.2614E+000
-1.9240E+000
 1.1327E+000
-8.9203E-001
-2.0519E+000
 1.1730E+000
-9.6851E-001
-2.1836E+000
 9.2444E-001
-1.2147E+000
-2.0635E+000
 1.2165E+000
-4.6068E-001
-1.5892E+000
 1.6000E+000
-8.2703E-002
-1.4213E+000
 1.4990E+000
-7.7378E-001
-2.4238E+000
 1.5747E+000
-7.7534E-001
-2.5344E+000
 1.4333E+000
-5.5565E-001
-2.1439E+000
 1.4843E+000
-2.2707E-001
-1.8927E+000
 2.0188E+000
-5.4340E-001
-2.8849E+000
 2.0652E+000
-5.6433E-001
-3.0635E+000
 1.2649E+000
-7.1145E-001
-2.0735E+000
 1.1120E+000
-4.9658E-001
-1.7082E+000
 1.3842E+000
-3.7083E-002
-1.5971E+000
 1.3055E+000
 2.3021E-001
-1.2171E+000
 1.0004E+000
-7.4591E-001
-1.7775E+000
-1.8366E-001
 2.7806E+000
-1.9102E-001
 1.7248E+000
 8.0815E-002
-1.9360E+000
 2.0373E+000
 5.1717E-001
-1.9278E+000
 2.1943E+000
 8.3375E-001
-1.8293E+000
 2.4291E+000
 1.2361E+000
-1.7006E+000
 2.3121E+000
 4.9596E-001
-2.2989E+000
-2.6546E-001
 5.7066E-001
-3.8594E+000
 2.1146E+000
 6.9707E-001
-1.8339E+000
 2.3027E+000
 9.8830E-001
-1.7870E+000
 2.1250E+000
 1.1546E+000
-1.3323E+000
 1.9969E+000
 1.0909E+000
-1.2203E+000
 2.3175E+000
 7.1819E-001
-2.0901E+000
 2.7376E+000
 5.9060E-001
-2.9441E+000
 2.1150E+000
 1.4462E+000
-1.0349E+000
 1.9154E+000
 1.6208E+000
-5.7995E-001
 2.1092E+000
 1.9524E+000
-4.8551E-001
 1.8959E+000
 1.9427E+000
-2.4896E-001
 1.8330E+000
 1.7488E+000
-2.1594E-001
 1.8350E+000
 1.7130E+000
-2.3242E-001
 2.4926E+000
 2.2273E+000
-6.9261E-001
 2.6180E+000
 2.4828E+000
-5.8699E-001
 2.5193E+000
 2.2105E+000
-7.2658E-001
 2.3796E+000
 2.2929E+000
-5.1851E-001
 2.9617E+000
 2.8092E+000
-7.9862E-001
 3.0856E+000
 2.6404E+000
 9.0479E-002
 2.5167E+000
 1.9011E+000
-1.0746E+000
 2.3886E+000
 1.5732E+000
-1.2089E+000
 1.9861E+000
 1.3663E+000
-9.2153E-001
 1.8705E+000
 1.3451E+000
-8.0810E-001
 2.5302E+000
 1.2252E+000
-1.6115E+000
 2.5977E+000
 6.8515E-001
-2.2105E+000
 1.7446E+000
 1.1974E+000
-7.7161E-001
 1.3527E+000
 1.0410E+000
-4.3880E-001
 1.3077E+000
 1.3517E+000
-3.7372E-002
 1.0669E+000
 1.2477E+000
 1.8103E-001
 1.1101E+000
 8.7402E-001
-2.9073E-001
 3.1427E-002
 9.7936E-001
-2.1765E-001
 1.4980E+000
 1.7681E+000
 6.4186E-002
 1.4518E+000
 2.0982E+000
 4.0764E-001
 1.5392E+000
 2.1731E+000
 3.7402E-001
 1.3634E+000
 2.2415E+000
 6.5865E-001
 1.6180E+000
 2.4026E+000
 4.4533E-001
 1.8353E+000
 2.1818E+000
-2.3546E-004
 1.9225E+000
 2.2537E+000
-4.6130E-002
 1.6898E+000
 1.9358E+000
-3.6189E-002
 1.5898E+000
 2.0831E+000
 2.1729E-001
 2.2576E+000
 2.2534E+000
-3.6121E-001
 1.5564E+000
 1.5255E+000
-2.1320E-001
 1.2719E+000
 1.1645E+000
-1.3150E-001
 9.4888E-001
 1.1826E+000
 3.1495E-001
 8.0341E-001
 1.1570E+000
 5.1665E-001
 1.1800E+000
 7.8306E-001
-3.4201E-001
 1.3369E+000
 8.1702E-001
-1.1650E+000
 8.3599E-001
 1.2609E+000
 5.1311E-001
 5.4679E-001
 1.2784E+000
 9.5933E-001
 5.9042E-001
 1.6135E+000
 1.2252E+000
 3.9191E-001
 1.5500E+000
 1.4960E+000
 4.1703E-001
 1.2367E+000
 1.1606E+000
 1.4464E-001
 7.5027E-001
 9.6454E-001
 8.6019E-001
 2.0195E+000
 1.1435E+000
 8.9889E-001
 2.3726E+000
 1.3722E+000
 8.8660E-001
 2.3167E+000
 1.3627E+000
 6.6356E-001
 2.3288E+000
 1.6484E+000
 1.1669E+000
 2.7098E+000
 1.2306E+000
 1.3029E+000
 3.8256E+000
 1.4427E+000
 1.0633E+000
 2.1771E+000
 1.0020E+000
 1.0739E+000
 2.1220E+000
 9.4329E-001
 7.4747E-001
 1.7788E+000
 1.1183E+000
 6.4122E-001
 1.8463E+000
 1.3420E+000
 1.3013E+000
 1.9940E+000
 5.1427E-001
 5.8367E-001
 1.3983E+000
 1.0969E+000
 2.7004E-001
 1.0707E+000
 1.2781E+000
 8.4569E-002
 1.2333E+000
 1.7766E+000
-5.9315E-002
 1.1770E+000
 2.0050E+000
 9.2632E-002
 6.4404E-001
 1.1522E+000
-2.6180E-001
 1.6165E-001
 1.2702E+000
 7.4395E-002
 1.4958E+000
 1.9620E+000
-9.8475E-002
 1.6487E+000
 2.4093E+000
-4.9790E-002
 1.9494E+000
 2.5568E+000
-2.3201E-001
 1.9236E+000
 2.8809E+000
-1.1043E-001
 1.8170E+000
 2.5310E+000
-2.6037E-001
 1.6779E+000
 2.7446E+000
 2.2676E-001
 2.2498E+000
 2.3169E+000
 2.7500E-001
 2.5729E+000
 2.4149E+000
 1.8575E-001
 2.3796E+000
 2.4524E+000
 6.2117E-002
 2.5059E+000
 2.7665E+000
 5.1618E-001
 2.8666E+000
 2.1028E+000
 2.7706E+000
 2.7180E+000
 3.0299E+000
 2.3874E-001
 2.0449E+000
 2.1301E+000
 1.7105E-001
 1.8804E+000
 2.1617E+000
-1.3802E-001
 1.5840E+000
 2.4786E+000
-2.4867E-001
 1.5279E+000
 2.6741E+000
 2.7515E-001
 1.6212E+000
 1.7056E+000
 3.4040E-001
 1.9011E+000
 4.0811E+000
-2.7726E-001
 1.4047E+000
 2.5968E+000
-5.6362E-001
 1.1583E+000
 2.9500E+000
-6.4276E-001
 1.4735E+000
 3.3716E+000
-8.0042E-001
 1.4108E+000
 3.6513E+000
-6.7250E-001
 9.2008E-001
 2.9235E+000
-2.9861E+000
 2.4906E+000
 3.0766E+000
-5.4428E-001
 1.8479E+000
 3.4188E+000
-6.2424E-001
 2.1697E+000
 3.8095E+000
-5.7647E-001
 2.4115E+000
 3.9036E+000
-7.4546E-001
 2.4802E+000
 4.2746E+000
-5.0582E-001
 2.5328E+000
 3.8170E+000
-4.3621E-001
 3.2501E+000
 4.1834E+000
-3.6802E-001
 2.5510E+000
 3.6098E+000
-3.3067E-001
 2.7977E+000
 3.7089E+000
-4.4252E-001
 2.4900E+000
 3.7343E+000
-3.8439E-001
 2.6580E+000
 3.7457E+000
-2.8695E-002
 3.0615E+000
 3.4043E+000
 1.1027E-001
 2.6882E+000
 2.6996E+000
-5.8129E-001
 2.0493E+000
 3.6985E+000
-7.0188E-001
 1.7408E+000
 3.7674E+000
-5.5314E-001
 1.5539E+000
 3.3630E+000
-6.3137E-001
 1.2814E+000
 3.3881E+000
-3.1610E-001
 1.7083E+000
 2.9792E+000
-1.6247E-001
 1.5320E+000
 2.5810E+000
-3.0885E-001
 1.0306E+000
 2.4596E+000
-3.2415E-001
 8.0716E-001
 2.3037E+000
 1.7535E-001
 1.7721E+000
 2.2869E+000
 4.7066E-001
 1.9785E+000
 2.0537E+000
-4.2378E-001
 8.3704E-001
 2.5428E+000
-5.9007E-001
 3.5311E-001
 2.4248E+000
-7.8978E-001
 8.1061E-002
 2.6613E+000
-8.1716E-001
-2.0291E-001
 2.4296E+000
-7.1739E-001
 2.5569E-001
 2.6053E+000
-1.0455E+000
-1.1773E+000
 2.3318E+000
-9.2006E-001
 2.2974E-001
 3.0931E+000
-1.0968E+000
 1.0958E-004
 3.3399E+000
-1.0077E+000
 5.4791E-002
 3.1933E+000
-1.1092E+000
-2.8353E-001
 3.1646E+000
-1.2929E+000
 1.7550E-001
 3.8391E+000
-1.3469E+000
-8.7528E-002
 3.9858E+000
-7.8285E-001
 4.4213E-001
 3.0901E+000
-6.4878E-001
 5.6740E-001
 2.8804E+000
-5.7089E-001
 2.3024E-001
 2.4123E+000
-6.2114E-001
 1.9547E-002
 2.2838E+000
-4.7572E-001
 1.0059E+000
 2.7834E+000
-4.8899E-001
 1.8315E-001
 2.1299E+000
-3.7081E-001
-1.1710E-001
 1.7279E+000
-6.5365E-001
-5.8182E-001
 1.7545E+000
-6.4955E-001
-8.3466E-001
 1.5185E+000
-1.5827E-001
 5.3653E-004
 1.5346E+000
 2.0676E+000
-6.8373E-001
 2.4179E+000
-8.6270E-001
-7.5393E-001
 2.0756E+000
-1.1649E+000
-1.1930E+000
 2.0753E+000
-1.3001E+000
-1.3444E+000
 2.2430E+000
-1.4220E+000
-1.6734E+000
 2.0130E+000
-1.3826E+000
-1.1940E+000
 2.4234E+000
-1.2200E+000
-1.0577E+000
 2.5279E+000
-1.3576E+000
-1.1629E+000
 2.6981E+000
-1.2761E+000
-1.3318E+000
 2.2415E+000
-1.4879E+000
-1.6299E+000
 2.2519E+000
-1.2631E+000
-6.8214E-001
 2.9903E+000
-5.5063E-001
-4.0442E-001
 4.9636E+000
-1.0128E+000
-1.2316E+000
 1.8216E+000
-9.1412E-001
-1.4108E+000
 1.4163E+000
-1.1183E+000
-1.9610E+000
 1.2489E+000
-1.1379E+000
-2.2255E+000
 9.7387E-001
-6.4894E-001
-1.2064E+000
 1.0719E+000
 1.4708E+000
-5.8906E-001
-5.1052E-001
-1.2991E+000
-2.0867E+000
 1.3689E+000
-1.4630E+000
-2.5172E+000
 1.1483E+000
-1.8405E+000
-2.7902E+000
 1.4935E+000
-2.0550E+000
-3.1798E+000
 1.3607E+000
-1.3006E+000
-2.5038E+000
 1.0003E+000
 1.1495E-001
-1.9068E+000
 8.7811E-002
-1.9585E+000
-2.5788E+000
 1.8183E+000
-2.3190E+000
-2.7652E+000
 2.0898E+000
-2.4722E+000
-2.5700E+000
 2.5706E+000
-2.2630E+000
-2.2259E+000
 2.7520E+000
-2.2271E+000
-2.5770E+000
 2.1291E+000
-1.7960E+000
-2.9962E+000
 1.0927E+000
-2.7463E+000
-2.8842E+000
 2.7610E+000
-2.9579E+000
-2.7945E+000
 3.1609E+000
-3.2919E+000
-2.8355E+000
 3.6254E+000
-3.4561E+000
-2.8957E+000
 3.7033E+000
-3.2108E+000
-3.1421E+000
 3.0996E+000
-3.8163E+000
-4.0825E+000
 2.8488E+000
-3.3165E+000
-2.9025E+000
 3.5467E+000
-3.5059E+000
-2.9618E+000
 3.8727E+000
-3.2405E+000
-2.5691E+000
 3.9018E+000
-2.9503E+000
-2.2529E+000
 3.4864E+000
-3.7663E+000
-3.4614E+000
 3.7887E+000
-3.3303E+000
-3.7862E+000
 3.0166E+000
-3.4368E+000
-2.4929E+000
 4.4186E+000
-3.2016E+000
-2.0415E+000
 4.1486E+000
-3.0544E+000
-2.4179E+000
 3.5672E+000
-2.9853E+000
-2.7825E+000
 3.5357E+000
-3.5137E+000
-1.7224E+000
 4.7161E+000
-3.1062E+000
-1.1909E+000
 4.8561E+000
-2.7312E+000
-2.3438E+000
 2.9699E+000
-2.5909E+000
-2.6337E+000
 2.4231E+000
-2.4722E+000
-2.4818E+000
 2.1687E+000
-2.4128E+000
-2.7141E+000
 1.9124E+000
-2.2648E+000
-2.5829E+000
 1.9696E+000
-3.1466E+000
-1.7960E+000
 1.6342E+000
-2.4905E+000
-2.0341E+000
 2.3472E+000
-2.4592E+000
-1.9441E+000
 2.2820E+000
-2.5614E+000
-2.2595E+000
 2.4110E+000
-2.4645E+000
-2.3249E+000
 2.1950E+000
-2.5322E+000
-1.5466E+000
 2.4375E+000
-2.6147E+000
-1.6947E+000
 2.1865E+000
-2.7098E+000
-2.4707E+000
 2.8170E+000
-2.5785E+000
-2.8848E+000
 2.9274E+000
-2.6884E+000
-2.5928E+000
 2.9809E+000
-2.9710E+000
-2.1470E+000
 3.1119E+000
-2.4229E+000
-2.7714E+000
 2.6822E+000
-2.4832E+000
-2.4180E+000
 2.0442E+000
-2.4847E+000
-2.3680E+000
 2.1184E+000
-2.2832E+000
-2.4676E+000
 1.8498E+000
-2.0532E+000
-1.8459E+000
 1.9300E+000
-4.9386E+000
-1.2774E+000
 2.0764E+000
