 beta=   0.0000000000000000     
  -2.7466464057771842E-015
  -1.1193143596803702E-015
  -8.6493640756102427E-016
  -6.6873589998905913E-016
  -5.5679502646610500E-016
   4.1333571046683379E-016
   3.9292874314419357E-002
   4.8758378793058235E-002
   6.5731611955194932E-002
   8.4320340247154402E-002
   8.8926416070600922E-002
   9.6317786008109460E-002
  0.10556862159417679     
  0.11044299067246285     
  0.11319553087039012     
  0.11680042198055203     
  0.12022111514491278     
  0.12234467904797090     
  0.12764724680830483     
  0.13131929355349314     
  0.13669207163822897     
  0.13683880249470526     
  0.13888380651187582     
  0.14279953131006512     
  0.14472297022196939     
  0.14476563383272423     
  0.14555493405150718     
  0.14731990596547445     
  0.14916335904439734     
  0.15006747277934132     
  0.15215863477248492     
  0.15356396282254961     
  0.15661325617425231     
  0.15901865909875046     
  0.15978339150455692     
  0.16130133488597470     
  0.16485638212892856     
  0.16899841676489102     
  0.17119946232604069     
  0.17268422317003818     
  0.17523613418433120     
  0.17768834660893465     
  0.17827003953984666     
  0.17891203141540227     
  0.18245689603665982     
  0.18378904967511259     
  0.18462862785077017     
  0.18633588389985864     
  0.18764020941645213     
  0.18912979477560382     
  0.19057544299183216     
  0.19158397243762465     
  0.19209120134900259     
  0.19413269604107194     
  0.19581438702692300     
  0.19637033916143642     
  0.19789824888096505     
  0.19968429498622403     
  0.20147217116660787     
  0.20415426847759188     
  0.20543298642962829     
  0.20607949753502836     
  0.20758001807365045     
  0.20870159172853117     
  0.21031784713509663     
  0.21342057209369078     
  0.21429244526523811     
  0.21485574134033222     
  0.21566290876852509     
  0.21696461726605606     
  0.21721456557503008     
  0.21768456263946259     
  0.22003935497214366     
  0.22140313360933220     
  0.22302549534182753     
  0.22445165845202036     
  0.22731026579065344     
  0.22919873846439079     
  0.23021070419056897     
  0.23132316771374181     
  0.23331955800432805     
  0.23353831353384949     
  0.23550653814145880     
  0.23614315361480487     
  0.23692768440795076     
  0.23843594231854026     
  0.23971683354351964     
  0.24283698456699007     
  0.24349517712715563     
  0.24575326499869032     
  0.24667578794028200     
  0.24889752265074458     
  0.25207568099318461     
  0.25286967204414873     
  0.25554252294574153     
  0.25630223651069062     
  0.25875226003715540     
  0.25926629040524141     
  0.26084571669713952     
  0.26305093423672238     
  0.26598127752099865     
  0.26714595199642305     
  0.26866288570723129     
  0.27105109043501557     
  0.27215806004157078     
  0.27329263188943503     
  0.27446761985107848     
  0.27459960684218232     
  0.27624065062717285     
  0.27706508612411396     
  0.27802379798432020     
  0.28035612162543438     
  0.28075936033756543     
  0.28186533662092678     
  0.28253861701207278     
  0.28386147041238385     
  0.28511952441904853     
  0.28579569621971201     
  0.28713618768917476     
  0.28846595691227500     
  0.28961509283194686     
  0.29040574333705876     
  0.29107201312232994     
  0.29212994619186011     
  0.29254403952386532     
  0.29457705772001153     
  0.29608442718004774     
  0.29684043668175819     
  0.29761761542606402     
  0.29805327849878349     
  0.30144925133092626     
  0.30280232301731402     
  0.30308793696630681     
  0.30380025773491781     
  0.30433685979359243     
  0.30507205479100047     
  0.30555970133030114     
  0.30676276049744838     
  0.30901330629643498     
  0.30979619033661149     
  0.31069068065254429     
  0.31185462634374533     
  0.31256295629140418     
  0.31339517598780359     
  0.31442727770532042     
  0.31562394082452155     
  0.31568692614260790     
  0.31703534838831859     
  0.31758659825993252     
  0.31862649562812273     
  0.32002976959992774     
  0.32029113208923210     
  0.32213953034673271     
  0.32332281632430138     
  0.32442999345944373     
  0.32596417463182298     
  0.32693068824329180     
  0.32806754197262561     
  0.32828439470575804     
  0.32918110537276851     
  0.33051213895502901     
  0.33084608046996550     
  0.33204461991930190     
  0.33267197633736295     
  0.33466642829000609     
  0.33649551882602347     
  0.33684053086371435     
  0.33730613133564286     
  0.33848669161161454     
  0.33947455735098003     
  0.33985887070161785     
  0.34141556438649118     
  0.34192934193924651     
  0.34341705816168000     
  0.34436318454598824     
  0.34518892267032841     
  0.34574933632372568     
  0.34741381740292021     
  0.34805096695810761     
  0.34881486418362095     
  0.35009510504798302     
  0.35088320659946948     
  0.35138673947830362     
  0.35166477877355995     
  0.35231401746446189     
  0.35367296236657109     
  0.35445490354072900     
  0.35497359677095985     
  0.35560663361327915     
  0.35622563714145089     
  0.35728571325283642     
  0.35795122207426561     
  0.35921172449556077     
  0.35991809090006327     
  0.36031419211364846     
  0.36081715579878465     
  0.36177014578800931     
  0.36313762935023136     
  0.36345026325364949     
  0.36519968060766816     
  0.36540913589365281     
  0.36591624925792976     
  0.36650195751381009     
  0.36715252792545006     
  0.36813092724163288     
  0.36925176618196032     
  0.36991765413218952     
  0.37063018044775653     
  0.37079452353713305     
  0.37163008735752739     
  0.37254627176171673     
  0.37301539229188635     
  0.37411586185178552     
  0.37510028960756159     
  0.37595760674765988     
  0.37753733797164402     
  0.37854557101189401     
  0.37998911215780456     
  0.38085362767081454     
  0.38152800986723273     
  0.38181013628438615     
  0.38282999741436574     
  0.38312515066451469     
  0.38378514195299107     
  0.38494298343509231     
  0.38662690566000912     
  0.38728218105926543     
  0.38833299289793888     
  0.38919690089997627     
  0.38991383580969396     
  0.39107704022120143     
  0.39168862779053693     
  0.39303996468725622     
  0.39345465511681976     
  0.39437490459842128     
  0.39470365074354546     
  0.39541049916391724     
  0.39661566557792954     
  0.39843048676294812     
  0.39887407958494031     
  0.39950980666080804     
  0.40083203617211777     
  0.40225087024411760     
  0.40313691821391434     
  0.40448166658151929     
  0.40489010701275269     
  0.40717028198899213     
  0.40755486251000295     
  0.40930599182867555     
  0.41018701652977035     
  0.41166701070850070     
  0.41257399958545415     
  0.41353331073287986     
  0.41510600553283306     
  0.41529474014827317     
  0.41753218074185106     
  0.41824834391055382     
  0.41888733003037271     
  0.42095818283362940     
  0.42270584560890279     
  0.42321493676576460     
  0.42444165334549139     
  0.42536454899631787     
  0.42608705963852744     
  0.42777907369115709     
  0.43050881557785758     
  0.43228800622332758     
  0.43317253192818583     
  0.43511745618017739     
  0.43596169521461126     
  0.43772671307673178     
  0.43958438458833671     
  0.44046615609205642     
  0.44262853980978123     
  0.44317829482341881     
  0.44506017680532622     
  0.44637182001403308     
  0.44817534981717083     
  0.44864274304670143     
  0.45086584249542982     
  0.45267050322336500     
  0.45341706576987373     
  0.45640847382682825     
  0.45815639418289145     
  0.45997925597431549     
  0.46194694750250481     
  0.46289806157640950     
  0.46622849856058124     
  0.46720331256329439     
  0.46869615095098116     
  0.47103748803232520     
  0.47145777728685695     
  0.47287969185435358     
  0.47374549221690609     
  0.47405467161553067     
  0.47437719736092948     
  0.47657919044924157     
  0.47944641004154148     
  0.48048357198727476     
  0.48236129886092594     
  0.48257931046089292     
  0.48830947811841252     
  0.48857126885886054     
  0.49037026439758785     
  0.49367123165025351     
  0.49671157529008386     
  0.50031660866675765     
  0.50268787848412599     
  0.50444856726102105     
  0.50651442693352977     
  0.50926433812502214     
  0.51273916230251104     
  0.51322787705193673     
  0.51479378933395215     
  0.51695911943334549     
  0.51816340211009670     
  0.52121122966279765     
  0.52411471102510532     
  0.52867558570584494     
  0.53015529107043791     
  0.53329955783118776     
  0.53419969297999059     
  0.54046595667397879     
  0.54335422690699875     
  0.54501076379567381     
  0.54584871935633017     
  0.54922107167290901     
  0.55124569126070599     
  0.55314850727412468     
  0.55491001789380101     
  0.55751028964282734     
  0.55901470085118232     
  0.56180461860598796     
  0.56655856201114962     
  0.56850713985588108     
  0.57209901236087468     
  0.57428519330880257     
  0.57445363254837734     
  0.57697580954358640     
  0.58187370378768999     
  0.58453306946453332     
  0.59242716148322960     
  0.59647573415912025     
  0.59953448828896272     
  0.60198375267922244     
  0.60740751037185048     
  0.60931755303704171     
  0.61104466497114185     
  0.61983616141431841     
  0.62478389902498255     
  0.63066782867880256     
  0.63824181710974959     
  0.64228893646872198     
  0.64556782226288878     
  0.64861741100564085     
  0.65234644781365270     
  0.65355714351628114     
  0.65776590885016473     
  0.65885127227967466     
  0.66283164481597390     
  0.66393922665541316     
  0.66783714503835001     
  0.67444631016005063     
  0.68625793380204259     
  0.69112120414800349     
  0.70945581658937351     
  0.71359892926489976     
  0.71986873520421679     
  0.72555185426101954     
  0.73103846221872504     
  0.73315833461285851     
  0.74302802683755587     
  0.74951244155224128     
  0.75749992607260441     
  0.76002144511683889     
  0.81466377691686143     
  0.82457825274965291     
  0.83831069000827041     
  0.84386739581990944     
   1.0679169201982690     
   1.0842482327527205     
   1.0859242918311653     
   1.1068507059867583     
   1.1243775206597078     
   1.1560583429678042     
   1.1714332740630840     
   1.1942409930779101     
   1.2154681595313928     
   1.2362252678784413     
   1.2481080656605503     
   1.2884536053915221     
   1.2972918603894779     
   1.3127820014773366     
   1.3302953835014355     
   1.3320412130887407     
   1.3405498612678988     
   1.3522236200172526     
   1.3556096675695664     
   1.3814943135718221     
   1.4210442306262050     
   1.4334977195310119     
   1.4473113873866750     
   1.4725218197818601     
   1.4953314637801542     
   1.5114376660373816     
   1.5695393738686665     
   1.5784973284209247     
   1.5826286567115797     
   1.5901270807218375     
   1.6192729667956820     
   1.6313619032479543     
   1.6380279875394399     
   1.6707534487937445     
   1.6913601839264836     
   1.7015374820932834     
   1.7042424742021758     
   1.7393551145511679     
   1.7604224388988412     
   1.8086085286870859     
   1.8455012837604170     
   1.8464549847671774     
   1.9041346807967783     
   1.9077356054094827     
   1.9132940280939776     
   1.9175066950663235     
   1.9251284257369476     
   1.9518623768982855     
   1.9719553334343447     
   1.9914854356463689     
   2.0279570148655335     
   2.0544433892872038     
   2.0954045881408563     
   2.1052597794925947     
   2.1147109769071322     
   2.1168820122920935     
   2.1232132279385176     
   2.1269329537107136     
   2.1360845642117257     
   2.1442937637442991     
   2.1499773917365599     
   2.1559999007577444     
   2.1600346379512989     
   2.1830964558393631     
   2.1865406854825928     
   2.1894206565508307     
   2.1943748901514848     
   2.1984921856543389     
   2.2005657239730652     
   2.2102904345712622     
   2.2107421887044532     
   2.2142060769763101     
   2.2164741689647154     
   2.2212506907782541     
   2.2339253675615498     
   2.2361209688839589     
   2.2420386824091052     
   2.2431112868515406     
   2.2468196053143399     
   2.2471936665962087     
   2.2514958328390033     
   2.2605339488976335     
   2.2611069812229325     
   2.2635573597419838     
   2.2720609007231380     
   2.2767083811245743     
   2.2772241856268387     
   2.2850272292606100     
   2.2884002423062300     
   2.2919241382593860     
   2.2968718857693311     
   2.2982101925465228     
   2.3007883507714983     
   2.3041841390533073     
   2.3095089594453628     
   2.3180817390599402     
   2.3197111371469843     
   2.3259024773516814     
   2.3387394425570402     
   2.3462084937712939     
   2.3483063392307657     
   2.3516257948213268     
   2.3650663943901602     
   2.3657151470552082     
   2.3735753446399404     
   2.3801933390794323     
   2.4025557163331785     
   2.4033340729980566     
   2.4041054760958858     
   2.4068134373756278     
   2.4152888614635106     
   2.4190454874278156     
   2.4293117530140758     
   2.4363472743422872     
   2.4366149013511693     
   2.4372037042921102     
   2.4596865184786010     
   2.4598100788375139     
   2.4665788321231532     
   2.4690519564391589     
   2.4798842511082695     
   2.4855193795906581     
   2.4904774867796569     
   2.5104459664553715     
   2.5128225378359330     
   2.5160745774850533     
   2.5196503952043678     
   2.5258670142710233     
   2.5280145963605678     
   2.5304480373886649     
   2.5394075487313188     
   2.5491619049309064     
   2.5524008508318543     
   2.5608352907036340     
   2.5771814166447435     
   2.5848247960000332     
   2.6316831004332499     
   2.6375540042116454     
   2.6428745759775589     
   2.6675602065938575     
   2.6733918137466262     
   2.7305011510446260     
   2.8460774837966469     
   2.8788675614350860     
   2.8927324947528130     
   2.9259619998297759     
   2.9301342584988164     
   2.9407242997122549     
   2.9628702537220630     
   2.9785479027568194     
   2.9823589148479401     
   2.9971861028906148     
   3.0000230360485753     
   3.0053646797397131     
   3.0102644095003557     
   3.0347607943035473     
   3.0566943203371100     
   3.1022310313261232     
   3.1292284759801019     
   3.1690494370707798     
   3.1764691827136016     
   3.1886054702669910     
   3.2007214677792262     
   3.2583441539854392     
   3.2617284169707181     
   3.2914240745050329     
   3.2951737979425451     
   3.3345293107287519     
   3.3436621639455071     
   3.3667492632257727     
   3.3955804430381491     
   3.4620862282505946     
   3.4849247513693724     
   3.4880326914791384     
   3.5032633887471447     
   3.5295328350480641     
   3.5735960815636005     
   3.6315338637142331     
   3.6361201488218704     
   3.6903676985864733     
   3.7055293684984214     
   3.7107948535125699     
   3.7175985206786435     
   3.7293575362299456     
   3.7910344736361319     
