 beta=   0.0000000000000000     
  -2.5229425630887774E-016
  -1.7583193869024227E-016
   9.3754345893556344E-017
   1.4579170661196711E-016
   3.6740275879993964E-016
   4.4771873824135919E-016
   2.9679671522397271E-005
   6.1198908799172899E-005
   7.2871611678739046E-005
   9.8745786729969424E-005
   1.3968601321980896E-004
   1.6903701932413171E-004
   1.9581517525841816E-004
   2.1031505445520760E-004
   2.3939942050026702E-004
   2.4775573313650062E-004
   2.6199559260393880E-004
   2.8977267775393857E-004
   3.1895306264709923E-004
   3.3612264529349085E-004
   3.5596372195563096E-004
   4.0962737589083861E-004
   4.6985761634197102E-004
   5.1255165992426083E-004
   5.9039529070784784E-004
   6.4311539209120595E-004
   6.4826467147144275E-004
   7.3724115257774061E-004
   8.1469021104713449E-004
   8.9282386359373596E-004
   9.2971450152611707E-004
   1.0336783572935503E-003
   1.0441680834636445E-003
   1.1409826110573445E-003
   1.2469081763122210E-003
   1.3240199665703349E-003
   1.4218645697496575E-003
   1.4601572077080078E-003
   1.4936150687692466E-003
   1.6324816283013036E-003
   1.7368741392468350E-003
   1.8186914494385364E-003
   1.9168998994911167E-003
   1.9835789007200803E-003
   2.1190323733126016E-003
   2.2039695416453077E-003
   2.2743839957414798E-003
   2.3545762951084938E-003
   2.4600104452503417E-003
   2.5519438533263181E-003
   2.6597832157895973E-003
   2.7644190933555396E-003
   2.8503648835014354E-003
   2.9941677604110378E-003
   3.0985766843845551E-003
   3.1079246760732327E-003
   3.2121058217927682E-003
   3.3291704969544236E-003
   3.4216543761531482E-003
   3.6402115993277064E-003
   3.7933038314020145E-003
   3.8269265677117852E-003
   3.9446872841395596E-003
   3.9957370110478832E-003
   4.1391158561903917E-003
   4.2791849226510876E-003
   4.4562270297772242E-003
   4.5021900442562398E-003
   4.5926058396251910E-003
   4.7583669535819903E-003
   4.8725243101643834E-003
   4.9506922215326469E-003
   5.0562205290531183E-003
   5.2796829753493655E-003
   5.4011651945606491E-003
   5.4251654511847883E-003
   5.5503725282086344E-003
   5.6347413698574610E-003
   5.9163466612882857E-003
   5.9701876630410978E-003
   6.0816334889112018E-003
   6.1389646554848654E-003
   6.2258692152226550E-003
   6.3506803621885049E-003
   6.3943079833229536E-003
   6.4804352326725267E-003
   6.6729223497206096E-003
   6.8626191219565962E-003
   7.1455933056711485E-003
   7.2058193591156899E-003
   7.3545257860406828E-003
   7.4940660755601195E-003
   7.5390687572560178E-003
   7.7859951099375629E-003
   7.9489835124622668E-003
   8.1516037716459419E-003
   8.3902912555426108E-003
   8.4008783264367028E-003
   8.5455630067305839E-003
   8.7157361676433835E-003
   8.9362562967222649E-003
   9.0486237342204921E-003
   9.2140047598798149E-003
   9.3234058215035630E-003
   9.4603979951944587E-003
   9.7611704841225524E-003
   9.9244085502514720E-003
   1.0054960322591726E-002
   1.0115419504209420E-002
   1.0217620161988940E-002
   1.0427333161917393E-002
   1.0611108442749722E-002
   1.0673862640489504E-002
   1.0993315835554811E-002
   1.1175551402836357E-002
   1.1197852034019138E-002
   1.1291380456542863E-002
   1.1559802666096493E-002
   1.1745376825285033E-002
   1.1767478600820135E-002
   1.2012014317777974E-002
   1.2041003124302179E-002
   1.2255257781833364E-002
   1.2382022501151032E-002
   1.2692098890783987E-002
   1.2868142457486190E-002
   1.2983326002320101E-002
   1.3010322493104361E-002
   1.3206131381022968E-002
   1.3264026175137228E-002
   1.3640133302306562E-002
   1.3732220940519017E-002
   1.3803247180638087E-002
   1.4162403724688839E-002
   1.4356431200743839E-002
   1.4505588003984705E-002
   1.4973261961739608E-002
   1.5091320853936019E-002
   1.5193185483659525E-002
   1.5606197770474037E-002
   1.6004199218664559E-002
   1.6200489139762811E-002
   1.6355577214093652E-002
   1.6414334563597088E-002
   1.6733165304259008E-002
   1.6854200669391042E-002
   1.6898432973906492E-002
   1.7013461498813189E-002
   1.7195760737823362E-002
   1.7682687494951173E-002
   1.7896926665829049E-002
   1.8126374175439174E-002
   1.8278648609103082E-002
   1.8334622419687814E-002
   1.8646929998263298E-002
   1.8738445237439269E-002
   1.8872886265561044E-002
   1.9334863330694490E-002
   1.9468227039641919E-002
   1.9927006884295471E-002
   2.0038188236161669E-002
   2.0204548780101743E-002
   2.0408658505063199E-002
   2.0495481442064412E-002
   2.0630478865853275E-002
   2.0691867149583966E-002
   2.1008330376074164E-002
   2.1220785012787145E-002
   2.1713601056991456E-002
   2.1812568824936259E-002
   2.2060937634084045E-002
   2.2277941171224645E-002
   2.2418734802882367E-002
   2.2823240643329256E-002
   2.2897274281633889E-002
   2.3029000983236514E-002
   2.3167700658000015E-002
   2.3474267328346198E-002
   2.3645249562521176E-002
   2.3800033307399018E-002
   2.3989177471154734E-002
   2.4208763711238000E-002
   2.4444310175364393E-002
   2.4526545018175850E-002
   2.4713280300144802E-002
   2.4904841267957653E-002
   2.5102130581177860E-002
   2.5812652744771899E-002
   2.6042022030896547E-002
   2.6227108254218669E-002
   2.6521536701686443E-002
   2.6743140800991994E-002
   2.6753910665618413E-002
   2.7028983010465295E-002
   2.7326694124696661E-002
   2.7535778886039940E-002
   2.7816980522918131E-002
   2.7880705808797604E-002
   2.7927735986140526E-002
   2.8096166039465190E-002
   2.8536165848383588E-002
   2.8932780621976784E-002
   2.9073831189287143E-002
   2.9177594599074441E-002
   2.9641515521265802E-002
   2.9746949461526728E-002
   3.0334125732946891E-002
   3.0616305934396595E-002
   3.0839028775733631E-002
   3.0958182126570095E-002
   3.1297016140484968E-002
   3.1673533984570047E-002
   3.1900548335573597E-002
   3.2005389006434112E-002
   3.2655021092776591E-002
   3.2893123784893112E-002
   3.3016174812221584E-002
   3.3348310154329423E-002
   3.3502531038831974E-002
   3.3677813384453838E-002
   3.3792861345802436E-002
   3.4092936495051671E-002
   3.4259187503390694E-002
   3.4438919458236988E-002
   3.4694495359449955E-002
   3.5331021607745247E-002
   3.5555487688682046E-002
   3.5662225458716348E-002
   3.6169244822628392E-002
   3.6405764495230385E-002
   3.6485417151396582E-002
   3.6953295333849723E-002
   3.7574305954081989E-002
   3.7987199350057774E-002
   3.8423443849718047E-002
   3.8608118574308174E-002
   3.8950328084902647E-002
   3.9269111703107915E-002
   4.0559686648403509E-002
   4.0810350927624320E-002
   4.1135791959865643E-002
   4.1518799843837335E-002
   4.1729942461079243E-002
   4.2520203168414990E-002
   4.2887420579727824E-002
   4.3235935912145938E-002
   4.3681384190997215E-002
   4.3965406638809289E-002
   4.4075811001633471E-002
   4.4585266267185432E-002
   4.4858065623101975E-002
   4.5347646014943649E-002
   4.5574683000838702E-002
   4.6196468388978035E-002
   4.6646580307558888E-002
   4.7251647358039453E-002
   4.7603769314167522E-002
   4.8230605613458828E-002
   4.9337982530856125E-002
   4.9623077859582317E-002
   4.9808309790392059E-002
   5.0298333125668358E-002
   5.0758128557191778E-002
   5.1157846894748740E-002
   5.2366160534015764E-002
   5.3107521663107934E-002
   5.3670546704280918E-002
   5.4970594817708933E-002
   5.5427182605168795E-002
   5.7440347774950995E-002
   5.8190639303069606E-002
   5.8250630646350735E-002
   6.0901032345754773E-002
   6.3481138352078706E-002
   6.7866851487941304E-002
   7.2093681206078120E-002
   7.6928763799275809E-002
   8.9180989215990020E-002
   9.1981830014538010E-002
   9.4103066226906854E-002
   9.4491442745068530E-002
   9.7415083910634734E-002
   9.7981379327542029E-002
  0.10039151473764125     
  0.10103591316586330     
  0.10415622529461309     
  0.11059869235881838     
  0.11143355912992173     
  0.11155744635624534     
  0.11372756335826691     
  0.11407541875483276     
  0.11649830744439095     
  0.11693853181107633     
  0.11934637768483619     
  0.12188499322954426     
  0.12551409648292178     
  0.12650952536555515     
  0.12719897654366052     
  0.13005647231681319     
  0.13070696375808882     
  0.13148942037713646     
  0.13430243591691432     
  0.14347955091945799     
  0.14359339780147770     
  0.15278583351460817     
  0.15504292215364485     
  0.16164043926217472     
  0.16511495318537064     
  0.16827472598703921     
  0.17803690362685182     
  0.18120506023293942     
  0.18128864179790116     
  0.18428579166058678     
  0.18546370058620873     
  0.18712593445196835     
  0.18735818165457349     
  0.18938904675949597     
  0.19302977762935392     
  0.19345931797484811     
  0.19538436980261570     
  0.19702181414231443     
  0.19733607023324071     
  0.19901654715638886     
  0.20022275874772708     
  0.20058314757408746     
  0.20582642418293631     
  0.20677570081104887     
  0.20698841321585232     
  0.20942690500387523     
  0.21561446861445410     
  0.21848929464445740     
  0.22202850463756310     
  0.22273751950455611     
  0.22385300596315863     
  0.22670761396936367     
  0.22770807546594993     
  0.22925210589914263     
  0.22997320083255104     
  0.23006710952999640     
  0.23088546924752359     
  0.23757441662012257     
  0.23835947891806802     
  0.24148901490239666     
  0.24508524763776088     
  0.25224754551358125     
  0.25278551757932838     
  0.25569679254130789     
  0.26613263354715166     
  0.26816746855807921     
  0.26932075129574756     
  0.27572813128489415     
  0.27894118735831769     
  0.28060762439674863     
  0.28371280469177718     
  0.28552906315027587     
  0.28826210521696571     
  0.29116683315559122     
  0.31503894295742224     
  0.31924024768377357     
  0.32115469936777408     
  0.32128527814340635     
  0.32169023282426934     
  0.32446247183246457     
  0.32851776683455963     
  0.34126474243338167     
  0.34995731985285305     
  0.37538903868809070     
  0.39812846191462387     
  0.41775281220615818     
  0.41872521375300864     
  0.43114812599297864     
  0.43977223844575325     
  0.45416955241099849     
  0.46412500225177672     
  0.49377775720614536     
  0.53113575307396521     
  0.53305483253609331     
  0.53710332629898305     
  0.56205943049294860     
  0.56957087257845906     
  0.68778576676566527     
  0.72406235891221660     
  0.73617607016084552     
  0.73805484826155676     
  0.74379088523141101     
  0.74612105350541902     
  0.75214531145865748     
  0.75773994960482671     
  0.77200513997789122     
  0.81020103137955612     
  0.90907066310760032     
  0.91857763555496852     
  0.93093593322887536     
  0.94620883564498248     
  0.99686651474422738     
   1.0175435953564238     
   1.0437514520186708     
   1.0461268283784801     
   1.0545843768956085     
   1.1023278602418896     
   1.1041109281990154     
   1.1230506227148653     
   1.1491505143160232     
   1.1588487172878714     
   1.1743706038106139     
   1.1825664637678477     
   1.2013195414850630     
   1.2045395238842080     
   1.2203718190928388     
   1.2682735705963790     
   1.3154198780735364     
   1.3864688911291256     
   1.3939887573610832     
   1.4060550638304736     
   1.4145309894171907     
   1.4194031729916265     
   1.4369604062698573     
   1.4499411352281408     
   1.5173154701608766     
   1.5186267828360041     
   1.5235778011187393     
   1.5286053935731569     
   1.5384608896271676     
   1.5645569899589418     
   1.6835707967312499     
   1.7105013320056102     
   1.7127956528082340     
   1.7130278965659993     
   1.7240415668042779     
   1.7447312560208912     
   1.7717027269087167     
   1.7976065686285287     
   1.8048324631215547     
   1.8134189393899462     
   1.8238592386328338     
   1.8380354024502108     
   1.8506406977140866     
   1.8689474021033254     
   1.8934954216933613     
   1.9029577196875123     
   1.9320885727744945     
   1.9394914993563013     
   1.9537913153440938     
   1.9559031865708334     
   1.9560408734675347     
   1.9605457797428425     
   1.9656237052763330     
   1.9693539491799374     
   1.9725954486059813     
   1.9753343293468635     
   1.9817831541000228     
   1.9855244091368367     
   1.9897632850452902     
   1.9922656668990235     
   1.9927717917530867     
   1.9972203898378800     
   2.0015402096390136     
   2.0035533810734600     
   2.0037828152886243     
   2.0084537809928986     
   2.0116729429662974     
   2.0137484092080751     
   2.0150732561313780     
   2.0206626483608758     
   2.0220928158960669     
   2.0251629680802399     
   2.0261495832311525     
   2.0291274130574486     
   2.0319928031804362     
   2.0350689642893633     
   2.0353912922076476     
   2.0435008212566297     
   2.0446848817250642     
   2.0459707078234830     
   2.0475130436700484     
   2.0475985157198044     
   2.0528885095660163     
   2.0574910300965019     
   2.0600406382446859     
   2.0744393945603838     
   2.0824221162991114     
   2.0863998348324686     
   2.0934327675127609     
   2.0944532548491197     
   2.1001529957281622     
   2.1053591614299418     
   2.1141674038857978     
   2.1155090873731210     
   2.1258005037378309     
   2.1437338572686913     
   2.1543308363800744     
   2.1567090001644478     
   2.1606063100563775     
   2.1661336983836721     
   2.1673881435061815     
   2.1775588368291920     
   2.1800750318334670     
   2.1803945590034854     
   2.1843954283881555     
   2.1930117228669483     
   2.2039447443530404     
   2.2085937957627499     
   2.2181324199147774     
   2.2205458880032340     
   2.2303621396018936     
   2.2341935352563276     
   2.2356887925010334     
   2.2376164824160298     
   2.2440582157802766     
   2.2520788638682339     
   2.2632430986727119     
   2.2902779453952613     
   2.3066664183641366     
   2.3111498659003971     
   2.3235130487087550     
   2.3447393875175089     
   2.3598312191431541     
   2.3638124182759452     
   2.3775757243979969     
   2.3877340196789807     
   2.4960981138791385     
   2.5182285983496535     
   2.5277875873969871     
   2.5305317667080609     
   2.5499270844304349     
   2.5608018326616531     
   2.6126776054836176     
   2.6269676213464392     
   2.6545173556804760     
   2.6692817928785022     
   2.6701344710271822     
   2.6756436484051851     
   2.6927783403789545     
   2.7451458302635992     
   2.7853688121637035     
   2.8065152636639610     
   2.8343246436718359     
   2.8583436122929764     
   2.8627738887245902     
   2.8916037954488276     
   2.8989823697888526     
   2.9049443621778086     
   2.9507921418996590     
   2.9637273529830588     
   2.9677440398660067     
   2.9929253916241394     
   3.0027317075239379     
   3.0196594793157070     
   3.0245648071784967     
   3.0490222807152163     
   3.1178694261732947     
   3.1474717336272553     
   3.1495025592842549     
   3.1656339665581630     
   3.2266422658342218     
   3.2879125226199184     
   3.3008721293034404     
   3.3029470793263846     
   3.3057978645750419     
   3.3151072420561936     
   3.3181112865967908     
   3.3223760068641930     
   3.3332662108977931     
   3.3828659648306703     
