   1   37.92   38.38    84.84  2.7539E-001  6.1623E-001
   2   20.51   26.14    45.90  2.7539E-001  6.1623E-001
   3   23.26   23.90    52.05  2.7539E-001  6.1623E-001
   4   25.02   20.27    55.99  2.7539E-001  6.1623E-001
   5   30.39   31.73    68.00  2.7539E-001  6.1623E-001
   6   39.43   38.15    88.24  2.7539E-001  6.1623E-001
   7   26.72   16.63    59.78  2.7539E-001  6.1623E-001
   8   17.72   16.71    39.65  2.7539E-001  6.1623E-001
   9   19.86   20.47    44.44  2.7539E-001  6.1623E-001
  10   23.80   21.86    53.25  2.7539E-001  6.1623E-001
  11   28.81   27.49    64.47  2.7539E-001  6.1623E-001
  12   47.80   39.02   106.97  2.7539E-001  6.1623E-001
  13   20.92   19.35    46.81  2.7539E-001  6.1623E-001
  14   14.63   15.54    32.75  2.7539E-001  6.1623E-001
  15   19.49   15.29    43.61  2.7539E-001  6.1623E-001
  16   24.10   18.83    53.92  2.7539E-001  6.1623E-001
  17   22.71   20.99    50.82  2.7539E-001  6.1623E-001
  18   26.73   18.44    59.81  2.7539E-001  6.1623E-001
  19   19.17   19.32    42.90  2.7539E-001  6.1623E-001
  20   13.39   20.37    29.96  2.7539E-001  6.1623E-001
  21   16.52   19.61    36.96  2.7539E-001  6.1623E-001
  22   24.58   19.76    55.00  2.7539E-001  6.1623E-001
  23   21.27   28.16    47.60  2.7539E-001  6.1623E-001
  24   25.71   19.14    57.53  2.7539E-001  6.1623E-001
  25   17.66   18.91    39.52  2.7539E-001  6.1623E-001
  26   12.64   17.08    28.29  2.7539E-001  6.1623E-001
  27   15.72   17.45    35.17  2.7539E-001  6.1623E-001
  28   22.18   23.44    49.62  2.7539E-001  6.1623E-001
  29   19.50   18.00    43.63  2.7539E-001  6.1623E-001
  30   23.18   23.99    51.88  2.7539E-001  6.1623E-001
  31   16.92   18.86    37.86  2.7539E-001  6.1623E-001
  32   13.66   19.01    30.57  2.7539E-001  6.1623E-001
  33   17.13   18.47    38.33  2.7539E-001  6.1623E-001
  34   20.48   27.19    45.82  2.7539E-001  6.1623E-001
  35   18.44   11.00    41.26  2.7539E-001  6.1623E-001
  36   18.75   16.85    41.97  2.7539E-001  6.1623E-001
  37   18.80   22.28    42.07  2.7539E-001  6.1623E-001
  38   21.83   16.74    48.86  2.7539E-001  6.1623E-001
  39   20.70   17.47    46.32  2.7539E-001  6.1623E-001
  40   25.66   20.37    57.43  2.7539E-001  6.1623E-001
  41   21.93   27.03    49.08  2.7539E-001  6.1623E-001
  42   17.70   20.81    39.60  2.7539E-001  6.1623E-001
  43   19.88   22.77    44.48  2.7539E-001  6.1623E-001
  44   24.63   27.45    55.11  2.7539E-001  6.1623E-001
  45   25.91   19.89    57.98  2.7539E-001  6.1623E-001
  46   25.92   28.81    58.00  2.7539E-001  6.1623E-001
  47   21.31   20.62    47.69  2.7539E-001  6.1623E-001
  48   23.69   27.01    53.01  2.7539E-001  6.1623E-001
  49   26.66   26.39    59.65  2.7539E-001  6.1623E-001
  50   35.61   23.29    79.68  2.7539E-001  6.1623E-001
  51   41.08   19.18    91.92  2.7539E-001  6.1623E-001
  52   24.13   29.20    54.00  2.7539E-001  6.1623E-001
  53   24.05   25.54    53.82  2.7539E-001  6.1623E-001
  54   20.19   28.56    45.18  2.7539E-001  6.1623E-001
  55   24.35   34.54    54.48  2.7539E-001  6.1623E-001
  56   20.38   27.46    45.60  2.7539E-001  6.1623E-001
  57   16.41   27.71    36.73  2.7539E-001  6.1623E-001
  58   18.23   30.55    40.79  2.7539E-001  6.1623E-001
  59   24.23   42.55    54.22  2.7539E-001  6.1623E-001
  60   23.83   21.94    53.33  2.7539E-001  6.1623E-001
  61   22.56   35.60    50.48  2.7539E-001  6.1623E-001
  62   31.20   30.26    69.81  2.7539E-001  6.1623E-001
  63   19.69   31.17    44.05  2.7539E-001  6.1623E-001
  64   33.20   31.14    74.30  2.7539E-001  6.1623E-001
  65   23.53   29.63    52.65  2.7539E-001  6.1623E-001
  66   18.65   29.44    41.73  2.7539E-001  6.1623E-001
  67   22.42   31.56    50.17  2.7539E-001  6.1623E-001
  68   24.41   32.16    54.62  2.7539E-001  6.1623E-001
  69   22.44   23.69    50.21  2.7539E-001  6.1623E-001
  70   27.82   28.30    62.26  2.7539E-001  6.1623E-001
  71   29.15   31.86    65.23  2.7539E-001  6.1623E-001
  72   28.32   32.28    63.38  2.7539E-001  6.1623E-001
  73   27.55   35.03    61.64  2.7539E-001  6.1623E-001
  74   28.21   46.12    63.14  2.7539E-001  6.1623E-001
  75   25.14   39.78    56.26  2.7539E-001  6.1623E-001
  76   24.95   37.59    55.84  2.7539E-001  6.1623E-001
  77   24.93   33.26    55.79  2.7539E-001  6.1623E-001
  78   35.57   45.76    79.60  2.7539E-001  6.1623E-001
  79   31.03   40.67    69.44  2.7539E-001  6.1623E-001
  80   32.14   40.89    71.93  2.7539E-001  6.1623E-001
  81   20.55   27.58    45.97  2.7539E-001  6.1623E-001
  82   21.65   26.78    48.44  2.7539E-001  6.1623E-001
  83   28.22   24.01    63.15  2.7539E-001  6.1623E-001
  84   27.25   24.42    60.98  2.7539E-001  6.1623E-001
  85   29.18   30.56    65.29  2.7539E-001  6.1623E-001
  86   37.15   37.27    83.12  2.7539E-001  6.1623E-001
  87   27.48   24.84    61.50  2.7539E-001  6.1623E-001
  88   24.80   27.10    55.49  2.7539E-001  6.1623E-001
  89   25.26   27.26    56.52  2.7539E-001  6.1623E-001
  90   29.13   33.13    65.18  2.7539E-001  6.1623E-001
  91   31.62   23.33    70.76  2.7539E-001  6.1623E-001
  92   38.10   27.99    85.25  2.7539E-001  6.1623E-001
  93   29.13   26.97    65.19  2.7539E-001  6.1623E-001
  94   29.58   24.78    66.19  2.7539E-001  6.1623E-001
  95   38.71   27.05    86.62  2.7539E-001  6.1623E-001
  96   61.33   36.42   137.23  2.7539E-001  6.1623E-001
  97   88.30   49.18   197.60  2.7539E-001  6.1623E-001
  98   30.23   24.96    67.64  2.7539E-001  6.1623E-001
  99   25.47   25.39    56.99  2.7539E-001  6.1623E-001
 100   23.68   26.16    52.98  2.7539E-001  6.1623E-001
 101   36.05   29.88    80.68  2.7539E-001  6.1623E-001
 102   38.46   29.34    86.07  2.7539E-001  6.1623E-001
 103   38.26   35.88    85.62  2.7539E-001  6.1623E-001
 104   19.90   25.42    44.53  2.7539E-001  6.1623E-001
 105   18.68   20.88    41.79  2.7539E-001  6.1623E-001
 106   21.17   18.82    47.38  2.7539E-001  6.1623E-001
 107   27.00   23.31    60.43  2.7539E-001  6.1623E-001
 108   25.33   20.41    56.68  2.7539E-001  6.1623E-001
 109   26.33   20.19    58.92  2.7539E-001  6.1623E-001
 110   19.44   20.84    43.50  2.7539E-001  6.1623E-001
 111   21.86   21.04    48.92  2.7539E-001  6.1623E-001
 112   27.99   24.85    62.63  2.7539E-001  6.1623E-001
 113   31.64   21.56    70.81  2.7539E-001  6.1623E-001
 114   35.01   21.42    78.33  2.7539E-001  6.1623E-001
 115   43.97   23.32    98.38  2.7539E-001  6.1623E-001
 116   34.14   23.59    76.41  2.7539E-001  6.1623E-001
 117   32.21   32.65    72.08  2.7539E-001  6.1623E-001
 118   34.09   31.66    76.27  2.7539E-001  6.1623E-001
 119   67.52   33.22   151.08  2.7539E-001  6.1623E-001
 120   65.00   39.43   145.45  2.7539E-001  6.1623E-001
 121  135.57   58.20   303.36  2.7539E-001  6.1623E-001
 122   26.17   32.63    58.55  2.7539E-001  6.1623E-001
 123   30.23   35.63    67.64  2.7539E-001  6.1623E-001
 124   36.05   36.20    80.66  2.7539E-001  6.1623E-001
 125   64.51   41.36   144.36  2.7539E-001  6.1623E-001
 126   46.65   43.91   104.38  2.7539E-001  6.1623E-001
 127   55.40   59.74   123.98  2.7539E-001  6.1623E-001
 128   26.20   37.20    58.63  2.7539E-001  6.1623E-001
 129   24.89   27.87    55.69  2.7539E-001  6.1623E-001
 130   28.88   25.86    64.62  2.7539E-001  6.1623E-001
 131   46.81   35.14   104.75  2.7539E-001  6.1623E-001
 132   26.97   27.44    60.36  2.7539E-001  6.1623E-001
 133   36.44   38.55    81.55  2.7539E-001  6.1623E-001
 134   28.26   23.04    63.24  2.7539E-001  6.1623E-001
 135   35.95   21.20    80.44  2.7539E-001  6.1623E-001
 136   29.59   25.31    66.22  2.7539E-001  6.1623E-001
 137   40.47   28.30    90.56  2.7539E-001  6.1623E-001
 138   29.41   22.09    65.81  2.7539E-001  6.1623E-001
 139   19.12   14.88    42.79  2.7539E-001  6.1623E-001
 140   24.26   15.21    54.29  2.7539E-001  6.1623E-001
 141   31.39   16.28    70.23  2.7539E-001  6.1623E-001
 142   26.26   13.60    58.76  2.7539E-001  6.1623E-001
 143   30.65   11.40    68.59  2.7539E-001  6.1623E-001
 144   26.60   13.64    59.53  2.7539E-001  6.1623E-001
 145   21.48   11.23    48.07  2.7539E-001  6.1623E-001
 146   22.14   18.17    49.53  2.7539E-001  6.1623E-001
 147   23.57   24.15    52.75  2.7539E-001  6.1623E-001
 148   35.01   10.30    78.35  2.7539E-001  6.1623E-001
 149   36.23    7.95    81.06  2.7539E-001  6.1623E-001
 150   25.44   21.44    56.93  2.7539E-001  6.1623E-001
 151   21.96   24.04    49.13  2.7539E-001  6.1623E-001
 152   25.21   23.79    56.41  2.7539E-001  6.1623E-001
 153   41.54   23.53    92.95  2.7539E-001  6.1623E-001
 154   31.61   28.91    70.73  2.7539E-001  6.1623E-001
 155   33.53   38.30    75.02  2.7539E-001  6.1623E-001
 156   22.64   29.44    50.65  2.7539E-001  6.1623E-001
 157   18.79   20.40    42.04  2.7539E-001  6.1623E-001
 158   24.73   18.98    55.33  2.7539E-001  6.1623E-001
 159   29.55   22.80    66.13  2.7539E-001  6.1623E-001
 160   29.17   30.75    65.26  2.7539E-001  6.1623E-001
 161   35.46   29.44    79.35  2.7539E-001  6.1623E-001
 162   32.98   24.77    73.80  2.7539E-001  6.1623E-001
 163   21.70   23.92    48.55  2.7539E-001  6.1623E-001
 164   24.81   26.47    55.52  2.7539E-001  6.1623E-001
 165   28.89   29.50    64.65  2.7539E-001  6.1623E-001
 166   29.78   23.08    66.63  2.7539E-001  6.1623E-001
 167   40.17   31.57    89.89  2.7539E-001  6.1623E-001
 168   27.02   28.16    60.46  2.7539E-001  6.1623E-001
 169   19.19   29.64    42.95  2.7539E-001  6.1623E-001
 170   23.66   32.16    52.95  2.7539E-001  6.1623E-001
 171   30.80   41.41    68.92  2.7539E-001  6.1623E-001
 172   27.84   31.83    62.31  2.7539E-001  6.1623E-001
 173   28.45   30.27    63.66  2.7539E-001  6.1623E-001
 174   32.43   24.68    72.57  2.7539E-001  6.1623E-001
 175   35.81   24.39    80.12  2.7539E-001  6.1623E-001
 176   30.42   30.73    68.08  2.7539E-001  6.1623E-001
 177   39.79   34.51    89.04  2.7539E-001  6.1623E-001
 178   36.22   35.80    81.05  2.7539E-001  6.1623E-001
 179   28.44   38.02    63.64  2.7539E-001  6.1623E-001
 180   31.25   35.80    69.93  2.7539E-001  6.1623E-001
 181   46.13   39.72   103.22  2.7539E-001  6.1623E-001
 182   40.83   37.07    91.37  2.7539E-001  6.1623E-001
 183   59.03   43.43   132.10  2.7539E-001  6.1623E-001
 184   32.04   41.46    71.70  2.7539E-001  6.1623E-001
 185   23.54   40.87    52.68  2.7539E-001  6.1623E-001
 186   23.02   38.85    51.50  2.7539E-001  6.1623E-001
 187   32.15   34.14    71.94  2.7539E-001  6.1623E-001
 188   32.73   39.20    73.24  2.7539E-001  6.1623E-001
 189   38.45   40.32    86.04  2.7539E-001  6.1623E-001
 190   21.36   42.33    47.79  2.7539E-001  6.1623E-001
 191   20.26   45.53    45.35  2.7539E-001  6.1623E-001
 192   26.32   45.85    58.90  2.7539E-001  6.1623E-001
 193   34.18   56.61    76.50  2.7539E-001  6.1623E-001
 194   27.31   49.35    61.11  2.7539E-001  6.1623E-001
 195   29.11   54.62    65.15  2.7539E-001  6.1623E-001
 196   27.66   45.36    61.89  2.7539E-001  6.1623E-001
 197   31.71   42.39    70.95  2.7539E-001  6.1623E-001
 198   36.10   41.63    80.79  2.7539E-001  6.1623E-001
 199   53.37   48.24   119.43  2.7539E-001  6.1623E-001
 200   57.50   41.71   128.67  2.7539E-001  6.1623E-001
 201   68.49   57.04   153.27  2.7539E-001  6.1623E-001
 202   38.19   35.52    85.46  2.7539E-001  6.1623E-001
 203   36.72   45.45    82.17  2.7539E-001  6.1623E-001
 204   37.05   52.61    82.92  2.7539E-001  6.1623E-001
 205   47.51   62.24   106.31  2.7539E-001  6.1623E-001
 206   62.15   51.54   139.07  2.7539E-001  6.1623E-001
 207   27.99   52.92    62.64  2.7539E-001  6.1623E-001
 208   27.89   51.67    62.41  2.7539E-001  6.1623E-001
 209   28.74   52.97    64.31  2.7539E-001  6.1623E-001
 210   44.02   50.30    98.51  2.7539E-001  6.1623E-001
 211   33.77   52.36    75.58  2.7539E-001  6.1623E-001
 212   28.44   56.23    63.65  2.7539E-001  6.1623E-001
 213   27.23   56.95    60.92  2.7539E-001  6.1623E-001
 214   36.75   63.03    82.23  2.7539E-001  6.1623E-001
 215   47.75   70.03   106.85  2.7539E-001  6.1623E-001
 216   36.70   53.04    82.11  2.7539E-001  6.1623E-001
 217   37.62   52.39    84.18  2.7539E-001  6.1623E-001
 218   39.09   69.30    87.48  2.7539E-001  6.1623E-001
 219   52.71   73.31   117.94  2.7539E-001  6.1623E-001
 220   54.20   72.81   121.28  2.7539E-001  6.1623E-001
 221   72.59   72.57   162.43  2.7539E-001  6.1623E-001
 222   84.91   78.94   190.01  2.7539E-001  6.1623E-001
 223  256.86   74.58   574.77  2.7539E-001  6.1623E-001
 224   53.53   75.64   119.78  2.7539E-001  6.1623E-001
 225   67.37   78.97   150.75  2.7539E-001  6.1623E-001
 226   55.43   75.30   124.03  2.7539E-001  6.1623E-001
 227   61.47   76.48   137.55  2.7539E-001  6.1623E-001
 228   97.49   85.04   218.14  2.7539E-001  6.1623E-001
 229  150.90   97.95   337.67  2.7539E-001  6.1623E-001
 230   57.59   70.12   128.87  2.7539E-001  6.1623E-001
 231   53.32   64.76   119.32  2.7539E-001  6.1623E-001
 232   55.65   63.86   124.52  2.7539E-001  6.1623E-001
 233  105.64   65.89   236.38  2.7539E-001  6.1623E-001
 234   54.53   61.41   122.02  2.7539E-001  6.1623E-001
 235   47.90   55.63   107.18  2.7539E-001  6.1623E-001
 236   49.25   55.12   110.20  2.7539E-001  6.1623E-001
 237   49.43   54.12   110.60  2.7539E-001  6.1623E-001
 238   52.45   57.25   117.38  2.7539E-001  6.1623E-001
 239   44.26   55.11    99.04  2.7539E-001  6.1623E-001
 240   74.30   56.78   166.27  2.7539E-001  6.1623E-001
 241   54.59   54.14   122.16  2.7539E-001  6.1623E-001
 242   37.36   49.30    83.60  2.7539E-001  6.1623E-001
 243   43.56   45.15    97.47  2.7539E-001  6.1623E-001
 244  116.41   60.09   260.48  2.7539E-001  6.1623E-001
 245  157.57   77.27   352.59  2.7539E-001  6.1623E-001
 246   43.65   46.63    97.67  2.7539E-001  6.1623E-001
 247   27.74   40.59    62.07  2.7539E-001  6.1623E-001
 248   24.27   41.55    54.31  2.7539E-001  6.1623E-001
 249   28.22   44.88    63.16  2.7539E-001  6.1623E-001
 250   34.02   38.48    76.12  2.7539E-001  6.1623E-001
 251   40.46   46.64    90.54  2.7539E-001  6.1623E-001
 252   28.45   39.11    63.66  2.7539E-001  6.1623E-001
 253   28.94   36.89    64.76  2.7539E-001  6.1623E-001
 254   26.73   40.06    59.82  2.7539E-001  6.1623E-001
 255   32.01   39.11    71.64  2.7539E-001  6.1623E-001
 256   28.87   45.15    64.59  2.7539E-001  6.1623E-001
 257   31.72   48.77    70.98  2.7539E-001  6.1623E-001
 258   32.36   45.79    72.40  2.7539E-001  6.1623E-001
 259   46.63   48.46   104.35  2.7539E-001  6.1623E-001
 260   51.99   61.79   116.34  2.7539E-001  6.1623E-001
 261  115.93   87.68   259.41  2.7539E-001  6.1623E-001
 262   28.72   38.94    64.27  2.7539E-001  6.1623E-001
 263   28.90   40.56    64.66  2.7539E-001  6.1623E-001
 264   26.71   39.82    59.76  2.7539E-001  6.1623E-001
 265   35.40   46.21    79.21  2.7539E-001  6.1623E-001
 266   44.15   41.55    98.79  2.7539E-001  6.1623E-001
 267   67.92   60.16   151.99  2.7539E-001  6.1623E-001
 268   25.68   35.46    57.46  2.7539E-001  6.1623E-001
 269   20.52   37.77    45.92  2.7539E-001  6.1623E-001
 270   26.75   33.54    59.85  2.7539E-001  6.1623E-001
 271   34.29   34.18    76.72  2.7539E-001  6.1623E-001
 272   24.79   36.19    55.47  2.7539E-001  6.1623E-001
 273   30.50   37.20    68.24  2.7539E-001  6.1623E-001
 274   31.26   39.67    69.95  2.7539E-001  6.1623E-001
 275   36.43   45.94    81.51  2.7539E-001  6.1623E-001
 276   61.25   52.82   137.06  2.7539E-001  6.1623E-001
 277   41.01   37.90    91.76  2.7539E-001  6.1623E-001
 278   90.69   53.34   202.94  2.7539E-001  6.1623E-001
 279   34.06   51.15    76.23  2.7539E-001  6.1623E-001
 280   39.91   53.21    89.30  2.7539E-001  6.1623E-001
 281   39.95   51.51    89.39  2.7539E-001  6.1623E-001
 282   47.88   59.71   107.14  2.7539E-001  6.1623E-001
 283   54.36   63.72   121.65  2.7539E-001  6.1623E-001
 284   80.23   70.20   179.52  2.7539E-001  6.1623E-001
 285   31.60   47.89    70.71  2.7539E-001  6.1623E-001
 286   31.99   40.57    71.59  2.7539E-001  6.1623E-001
 287   33.74   37.94    75.50  2.7539E-001  6.1623E-001
 288   54.31   35.40   121.52  2.7539E-001  6.1623E-001
 289   49.78   36.84   111.39  2.7539E-001  6.1623E-001
 290   50.75   40.51   113.57  2.7539E-001  6.1623E-001
 291   35.70   37.71    79.88  2.7539E-001  6.1623E-001
 292   35.70   39.53    79.89  2.7539E-001  6.1623E-001
 293   46.00   40.51   102.93  2.7539E-001  6.1623E-001
 294   63.84   44.01   142.86  2.7539E-001  6.1623E-001
 295   48.54   46.72   108.61  2.7539E-001  6.1623E-001
 296   51.46   47.16   115.15  2.7539E-001  6.1623E-001
 297   48.42   45.48   108.34  2.7539E-001  6.1623E-001
 298   60.09   45.81   134.45  2.7539E-001  6.1623E-001
 299   66.63   46.85   149.10  2.7539E-001  6.1623E-001
 300  139.07   56.39   311.20  2.7539E-001  6.1623E-001
 301   72.20   52.24   161.56  2.7539E-001  6.1623E-001
 302  101.32   61.23   226.72  2.7539E-001  6.1623E-001
 303   50.91   43.59   113.91  2.7539E-001  6.1623E-001
 304   64.93   36.05   145.30  2.7539E-001  6.1623E-001
 305   68.57   38.73   153.45  2.7539E-001  6.1623E-001
 306  120.03   43.28   268.59  2.7539E-001  6.1623E-001
 307   79.87   35.95   178.72  2.7539E-001  6.1623E-001
 308   56.00   39.60   125.31  2.7539E-001  6.1623E-001
 309   80.85   38.73   180.92  2.7539E-001  6.1623E-001
 310   72.79   40.86   162.88  2.7539E-001  6.1623E-001
 311  107.74   45.91   241.09  2.7539E-001  6.1623E-001
 312   65.28   41.31   146.07  2.7539E-001  6.1623E-001
 313   54.94   41.52   122.95  2.7539E-001  6.1623E-001
 314   55.83   44.61   124.94  2.7539E-001  6.1623E-001
 315   58.21   47.51   130.25  2.7539E-001  6.1623E-001
 316   64.16   44.58   143.57  2.7539E-001  6.1623E-001
 317  146.57   71.37   327.97  2.7539E-001  6.1623E-001
 318   70.07   42.50   156.81  2.7539E-001  6.1623E-001
 319   58.36   41.31   130.59  2.7539E-001  6.1623E-001
 320   42.70   37.94    95.55  2.7539E-001  6.1623E-001
 321   50.78   34.91   113.64  2.7539E-001  6.1623E-001
 322   78.20   49.79   174.98  2.7539E-001  6.1623E-001
 323   94.88   62.73   212.31  2.7539E-001  6.1623E-001
 324   41.54   34.61    92.95  2.7539E-001  6.1623E-001
 325   29.31   38.09    65.60  2.7539E-001  6.1623E-001
 326   33.40   40.55    74.73  2.7539E-001  6.1623E-001
 327   52.13   44.62   116.64  2.7539E-001  6.1623E-001
 328   30.94   37.16    69.24  2.7539E-001  6.1623E-001
 329   29.49   34.02    65.99  2.7539E-001  6.1623E-001
 330   38.97   36.37    87.21  2.7539E-001  6.1623E-001
 331   31.85   36.94    71.28  2.7539E-001  6.1623E-001
 332   33.63   33.91    75.26  2.7539E-001  6.1623E-001
 333   29.48   40.02    65.96  2.7539E-001  6.1623E-001
 334   46.49   33.40   104.02  2.7539E-001  6.1623E-001
 335   52.81   46.61   118.16  2.7539E-001  6.1623E-001
 336   40.67   34.59    91.00  2.7539E-001  6.1623E-001
 337   29.48   35.88    65.96  2.7539E-001  6.1623E-001
 338   27.10   35.79    60.63  2.7539E-001  6.1623E-001
 339   35.61   37.13    79.69  2.7539E-001  6.1623E-001
 340   32.64   38.64    73.05  2.7539E-001  6.1623E-001
 341   39.26   42.80    87.85  2.7539E-001  6.1623E-001
 342   28.76   40.63    64.36  2.7539E-001  6.1623E-001
 343   30.78   44.10    68.88  2.7539E-001  6.1623E-001
 344   29.31   43.04    65.58  2.7539E-001  6.1623E-001
 345   40.47   43.66    90.55  2.7539E-001  6.1623E-001
 346   74.06   53.46   165.71  2.7539E-001  6.1623E-001
 347  225.03   66.84   503.54  2.7539E-001  6.1623E-001
 348   28.60   39.81    63.99  2.7539E-001  6.1623E-001
 349   22.45   36.69    50.25  2.7539E-001  6.1623E-001
 350   21.83   32.24    48.85  2.7539E-001  6.1623E-001
 351   27.92   39.83    62.47  2.7539E-001  6.1623E-001
 352   34.00   37.51    76.09  2.7539E-001  6.1623E-001
 353   28.57   38.28    63.92  2.7539E-001  6.1623E-001
 354   23.18   31.53    51.87  2.7539E-001  6.1623E-001
 355   17.61   28.90    39.40  2.7539E-001  6.1623E-001
 356   20.41   26.39    45.67  2.7539E-001  6.1623E-001
 357   23.44   36.03    52.46  2.7539E-001  6.1623E-001
 358   23.71   25.85    53.05  2.7539E-001  6.1623E-001
 359   22.61   19.65    50.59  2.7539E-001  6.1623E-001
 360   24.40   27.67    54.60  2.7539E-001  6.1623E-001
 361   22.17   28.83    49.62  2.7539E-001  6.1623E-001
 362   24.08   34.16    53.89  2.7539E-001  6.1623E-001
 363   35.84   40.01    80.19  2.7539E-001  6.1623E-001
 364   33.79   25.22    75.61  2.7539E-001  6.1623E-001
 365   39.33   27.36    88.02  2.7539E-001  6.1623E-001
 366   23.02   34.42    51.51  2.7539E-001  6.1623E-001
 367   24.51   28.31    54.86  2.7539E-001  6.1623E-001
 368   25.25   30.69    56.51  2.7539E-001  6.1623E-001
 369   40.62   26.97    90.90  2.7539E-001  6.1623E-001
 370   44.34   35.50    99.22  2.7539E-001  6.1623E-001
 371   20.63   29.19    46.16  2.7539E-001  6.1623E-001
 372   20.01   23.30    44.78  2.7539E-001  6.1623E-001
 373   20.36   25.91    45.55  2.7539E-001  6.1623E-001
 374   32.24   33.61    72.14  2.7539E-001  6.1623E-001
 375   24.83   23.87    55.57  2.7539E-001  6.1623E-001
 376   28.74   29.21    64.31  2.7539E-001  6.1623E-001
 377   21.34   23.17    47.76  2.7539E-001  6.1623E-001
 378   17.41   20.83    38.97  2.7539E-001  6.1623E-001
 379   21.47   24.96    48.04  2.7539E-001  6.1623E-001
 380   30.82   32.02    68.98  2.7539E-001  6.1623E-001
 381   22.12   12.87    49.50  2.7539E-001  6.1623E-001
 382   24.48   10.97    54.78  2.7539E-001  6.1623E-001
 383   25.96   34.47    58.08  2.7539E-001  6.1623E-001
 384   24.38   35.09    54.56  2.7539E-001  6.1623E-001
 385   28.40   34.20    63.55  2.7539E-001  6.1623E-001
 386   44.78   37.93   100.21  2.7539E-001  6.1623E-001
 387   36.76   30.26    82.26  2.7539E-001  6.1623E-001
 388   58.21   62.66   130.25  2.7539E-001  6.1623E-001
 389   34.98   36.78    78.28  2.7539E-001  6.1623E-001
 390   28.58   39.16    63.96  2.7539E-001  6.1623E-001
 391   32.44   46.87    72.58  2.7539E-001  6.1623E-001
 392   48.38   46.47   108.25  2.7539E-001  6.1623E-001
 393   43.24   41.49    96.75  2.7539E-001  6.1623E-001
 394   58.07   69.62   129.94  2.7539E-001  6.1623E-001
 395   25.42   43.11    56.88  2.7539E-001  6.1623E-001
 396   26.76   38.85    59.89  2.7539E-001  6.1623E-001
 397   27.97   38.23    62.58  2.7539E-001  6.1623E-001
 398   33.76   40.20    75.55  2.7539E-001  6.1623E-001
 399   39.34   38.85    88.03  2.7539E-001  6.1623E-001
 400   43.45   42.94    97.22  2.7539E-001  6.1623E-001
 401   28.31   33.63    63.34  2.7539E-001  6.1623E-001
 402   22.30   31.19    49.91  2.7539E-001  6.1623E-001
 403   26.60   33.65    59.52  2.7539E-001  6.1623E-001
 404   35.29   36.92    78.97  2.7539E-001  6.1623E-001
 405   32.29   28.59    72.26  2.7539E-001  6.1623E-001
 406   35.95   22.15    80.44  2.7539E-001  6.1623E-001
 407   27.42   41.51    61.35  2.7539E-001  6.1623E-001
 408   38.91   53.03    87.07  2.7539E-001  6.1623E-001
 409   45.60   54.85   102.03  2.7539E-001  6.1623E-001
 410   85.86   56.75   192.14  2.7539E-001  6.1623E-001
 411   70.22   54.46   157.13  2.7539E-001  6.1623E-001
 412   31.28   49.53    69.99  2.7539E-001  6.1623E-001
 413   42.71   40.59    95.57  2.7539E-001  6.1623E-001
 414   47.01   41.99   105.21  2.7539E-001  6.1623E-001
 415   39.47   39.59    88.32  2.7539E-001  6.1623E-001
 416   58.52   32.24   130.95  2.7539E-001  6.1623E-001
 417  112.79   47.82   252.39  2.7539E-001  6.1623E-001
 418   73.83   47.26   165.22  2.7539E-001  6.1623E-001
 419   52.05   48.42   116.48  2.7539E-001  6.1623E-001
 420   42.54   45.42    95.19  2.7539E-001  6.1623E-001
 421   61.27   37.41   137.11  2.7539E-001  6.1623E-001
 422  117.79   60.78   263.57  2.7539E-001  6.1623E-001
 423  186.23   82.92   416.73  2.7539E-001  6.1623E-001
 424   45.23   43.26   101.22  2.7539E-001  6.1623E-001
 425   34.82   40.02    77.92  2.7539E-001  6.1623E-001
 426   30.77   43.91    68.86  2.7539E-001  6.1623E-001
 427   39.63   45.27    88.67  2.7539E-001  6.1623E-001
 428   43.38   31.81    97.06  2.7539E-001  6.1623E-001
 429   91.03   43.01   203.70  2.7539E-001  6.1623E-001
 430   30.52   37.15    68.30  2.7539E-001  6.1623E-001
 431   22.34   36.92    50.00  2.7539E-001  6.1623E-001
 432   26.47   41.32    59.23  2.7539E-001  6.1623E-001
 433   30.54   45.23    68.33  2.7539E-001  6.1623E-001
 434   27.69   23.54    61.96  2.7539E-001  6.1623E-001
 435   32.64   27.71    73.04  2.7539E-001  6.1623E-001
 436   34.18   51.22    76.48  2.7539E-001  6.1623E-001
 437   38.66   56.27    86.52  2.7539E-001  6.1623E-001
 438   33.32   53.19    74.56  2.7539E-001  6.1623E-001
 439   53.35   59.17   119.37  2.7539E-001  6.1623E-001
 440   70.03   68.07   156.70  2.7539E-001  6.1623E-001
 441  189.89  106.29   424.91  2.7539E-001  6.1623E-001
 442   36.70   46.04    82.11  2.7539E-001  6.1623E-001
 443   27.49   39.56    61.51  2.7539E-001  6.1623E-001
 444   27.50   29.25    61.54  2.7539E-001  6.1623E-001
 445   37.08   22.30    82.97  2.7539E-001  6.1623E-001
 446   35.96   47.27    80.47  2.7539E-001  6.1623E-001
 447   63.63   51.25   142.39  2.7539E-001  6.1623E-001
 448   23.16   26.08    51.83  2.7539E-001  6.1623E-001
 449   24.75   22.02    55.38  2.7539E-001  6.1623E-001
 450   21.74   14.66    48.65  2.7539E-001  6.1623E-001
 451   26.67   19.39    59.69  2.7539E-001  6.1623E-001
 452   19.53   20.47    43.70  2.7539E-001  6.1623E-001
 453   15.19   18.93    34.00  2.7539E-001  6.1623E-001
 454   16.36   20.64    36.60  2.7539E-001  6.1623E-001
 455   22.21   27.80    49.71  2.7539E-001  6.1623E-001
 456   18.32   18.72    40.99  2.7539E-001  6.1623E-001
 457   20.31   29.04    45.45  2.7539E-001  6.1623E-001
 458   17.68   16.38    39.57  2.7539E-001  6.1623E-001
 459   13.72   16.49    30.70  2.7539E-001  6.1623E-001
 460   17.97   13.99    40.22  2.7539E-001  6.1623E-001
 461   24.88   13.15    55.67  2.7539E-001  6.1623E-001
 462   19.23   16.35    43.03  2.7539E-001  6.1623E-001
 463   19.07   17.02    42.67  2.7539E-001  6.1623E-001
 464   18.28   17.48    40.90  2.7539E-001  6.1623E-001
 465   13.71   22.73    30.68  2.7539E-001  6.1623E-001
 466   16.82   22.98    37.64  2.7539E-001  6.1623E-001
 467   19.20   22.35    42.96  2.7539E-001  6.1623E-001
 468   17.70   19.21    39.61  2.7539E-001  6.1623E-001
 469   20.27   19.14    45.37  2.7539E-001  6.1623E-001
 470   18.76   27.25    41.98  2.7539E-001  6.1623E-001
 471   15.21   27.85    34.04  2.7539E-001  6.1623E-001
 472   18.76   26.30    41.98  2.7539E-001  6.1623E-001
 473   28.60   28.72    64.00  2.7539E-001  6.1623E-001
 474   21.05   32.44    47.11  2.7539E-001  6.1623E-001
 475   26.23   36.12    58.69  2.7539E-001  6.1623E-001
 476   16.10   27.55    36.02  2.7539E-001  6.1623E-001
 477   20.78   23.06    46.51  2.7539E-001  6.1623E-001
 478   18.84   26.83    42.16  2.7539E-001  6.1623E-001
 479   27.57   25.59    61.69  2.7539E-001  6.1623E-001
 480   20.90   25.87    46.78  2.7539E-001  6.1623E-001
 481   16.92   15.48    37.87  2.7539E-001  6.1623E-001
 482   20.69   17.56    46.29  2.7539E-001  6.1623E-001
 483   25.50   19.06    57.05  2.7539E-001  6.1623E-001
 484   26.06   18.43    58.31  2.7539E-001  6.1623E-001
 485   21.07   22.28    47.14  2.7539E-001  6.1623E-001
 486   25.41   17.11    56.85  2.7539E-001  6.1623E-001
 487   19.35   19.21    43.29  2.7539E-001  6.1623E-001
 488   18.89   17.63    42.27  2.7539E-001  6.1623E-001
 489   28.69   19.75    64.21  2.7539E-001  6.1623E-001
 490   28.79   13.07    64.43  2.7539E-001  6.1623E-001
 491   29.70   15.29    66.47  2.7539E-001  6.1623E-001
 492   22.36   14.15    50.04  2.7539E-001  6.1623E-001
 493   20.49   14.98    45.86  2.7539E-001  6.1623E-001
 494   19.92   23.25    44.57  2.7539E-001  6.1623E-001
 495   30.60   27.61    68.48  2.7539E-001  6.1623E-001
 496   32.96   16.92    73.75  2.7539E-001  6.1623E-001
 497   42.36   37.22    94.79  2.7539E-001  6.1623E-001
 498   27.14   23.36    60.74  2.7539E-001  6.1623E-001
 499   19.41   22.11    43.43  2.7539E-001  6.1623E-001
 500   20.12   18.51    45.02  2.7539E-001  6.1623E-001
 501   27.47   26.92    61.47  2.7539E-001  6.1623E-001
 502   30.03   16.65    67.20  2.7539E-001  6.1623E-001
 503   34.58   20.69    77.37  2.7539E-001  6.1623E-001
 504   26.23   22.76    58.68  2.7539E-001  6.1623E-001
 505   24.41   22.61    54.62  2.7539E-001  6.1623E-001
 506   24.13   20.46    54.00  2.7539E-001  6.1623E-001
 507   26.97   25.53    60.35  2.7539E-001  6.1623E-001
 508   39.62   21.30    88.65  2.7539E-001  6.1623E-001
 509   45.80   22.42   102.49  2.7539E-001  6.1623E-001
 510   33.60   20.46    75.19  2.7539E-001  6.1623E-001
 511   26.76   15.59    59.89  2.7539E-001  6.1623E-001
 512   26.16   15.46    58.55  2.7539E-001  6.1623E-001
 513   32.46   24.15    72.63  2.7539E-001  6.1623E-001
 514   56.52   21.86   126.48  2.7539E-001  6.1623E-001
 515   62.48   18.27   139.82  2.7539E-001  6.1623E-001
 516   27.82   18.16    62.25  2.7539E-001  6.1623E-001
 517   19.07   13.43    42.67  2.7539E-001  6.1623E-001
 518   18.90   19.74    42.29  2.7539E-001  6.1623E-001
 519   23.24   28.70    52.02  2.7539E-001  6.1623E-001
 520   27.69   10.13    61.95  2.7539E-001  6.1623E-001
 521   32.84    8.14    73.50  2.7539E-001  6.1623E-001
 522   17.60   20.76    39.38  2.7539E-001  6.1623E-001
 523   17.43   15.10    39.01  2.7539E-001  6.1623E-001
 524   22.47   19.17    50.28  2.7539E-001  6.1623E-001
 525   26.23   22.68    58.70  2.7539E-001  6.1623E-001
 526   26.65   14.53    59.64  2.7539E-001  6.1623E-001
 527   28.87   19.13    64.59  2.7539E-001  6.1623E-001
 528   26.31   21.38    58.88  2.7539E-001  6.1623E-001
 529   25.66   12.12    57.42  2.7539E-001  6.1623E-001
 530   31.22   19.89    69.86  2.7539E-001  6.1623E-001
 531   38.99   35.93    87.24  2.7539E-001  6.1623E-001
 532   58.65   47.98   131.24  2.7539E-001  6.1623E-001
 533   21.65   15.34    48.46  2.7539E-001  6.1623E-001
 534   21.19   15.68    47.41  2.7539E-001  6.1623E-001
 535   21.82   26.27    48.84  2.7539E-001  6.1623E-001
 536   32.22   31.08    72.10  2.7539E-001  6.1623E-001
 537   35.32   18.87    79.04  2.7539E-001  6.1623E-001
 538   16.83   28.12    37.66  2.7539E-001  6.1623E-001
 539   18.59   18.64    41.60  2.7539E-001  6.1623E-001
 540   23.48   21.62    52.55  2.7539E-001  6.1623E-001
 541   29.31   21.88    65.58  2.7539E-001  6.1623E-001
 542   26.09   21.88    58.39  2.7539E-001  6.1623E-001
 543   26.13   26.60    58.48  2.7539E-001  6.1623E-001
 544   21.17   18.93    47.38  2.7539E-001  6.1623E-001
 545   23.93   20.41    53.56  2.7539E-001  6.1623E-001
 546   31.75   25.63    71.04  2.7539E-001  6.1623E-001
 547   38.41   28.85    85.95  2.7539E-001  6.1623E-001
 548   43.94   22.45    98.33  2.7539E-001  6.1623E-001
 549   42.18   47.56    94.38  2.7539E-001  6.1623E-001
 550   35.00   32.24    78.32  2.7539E-001  6.1623E-001
 551   37.58   27.39    84.09  2.7539E-001  6.1623E-001
 552   37.16   23.66    83.15  2.7539E-001  6.1623E-001
 553   80.49   39.15   180.12  2.7539E-001  6.1623E-001
 554   69.33   31.20   155.14  2.7539E-001  6.1623E-001
 555  138.64   49.61   310.24  2.7539E-001  6.1623E-001
 556   28.65   19.28    64.12  2.7539E-001  6.1623E-001
 557   29.21   16.75    65.37  2.7539E-001  6.1623E-001
 558   35.82   18.40    80.15  2.7539E-001  6.1623E-001
 559   39.46   27.04    88.30  2.7539E-001  6.1623E-001
 560   44.15   15.23    98.80  2.7539E-001  6.1623E-001
 561   34.25   22.75    76.64  2.7539E-001  6.1623E-001
 562   49.28   20.38   110.28  2.7539E-001  6.1623E-001
 563   39.19   23.56    87.70  2.7539E-001  6.1623E-001
 564   52.89   27.58   118.35  2.7539E-001  6.1623E-001
 565   26.06   21.94    58.31  2.7539E-001  6.1623E-001
 566   23.69   17.98    53.02  2.7539E-001  6.1623E-001
 567   29.90   19.64    66.91  2.7539E-001  6.1623E-001
 568   41.53   28.81    92.94  2.7539E-001  6.1623E-001
 569   30.75   23.42    68.80  2.7539E-001  6.1623E-001
 570   34.03   17.73    76.15  2.7539E-001  6.1623E-001
 571   35.35   20.82    79.10  2.7539E-001  6.1623E-001
 572   30.95   24.17    69.26  2.7539E-001  6.1623E-001
 573   28.46   20.93    63.68  2.7539E-001  6.1623E-001
 574   38.08   24.13    85.21  2.7539E-001  6.1623E-001
 575   44.07   39.85    98.62  2.7539E-001  6.1623E-001
 576   53.63   58.39   120.02  2.7539E-001  6.1623E-001
 577   31.64   19.01    70.80  2.7539E-001  6.1623E-001
 578   18.25   20.87    40.84  2.7539E-001  6.1623E-001
 579   23.31   20.36    52.16  2.7539E-001  6.1623E-001
 580   37.28   24.77    83.42  2.7539E-001  6.1623E-001
 581   21.70   16.16    48.56  2.7539E-001  6.1623E-001
 582   21.46   19.48    48.01  2.7539E-001  6.1623E-001
 583   21.76   22.66    48.70  2.7539E-001  6.1623E-001
 584   18.50   23.76    41.39  2.7539E-001  6.1623E-001
 585   18.75   22.93    41.95  2.7539E-001  6.1623E-001
 586   21.30   27.60    47.65  2.7539E-001  6.1623E-001
 587   29.30   29.51    65.57  2.7539E-001  6.1623E-001
 588   42.75   32.40    95.66  2.7539E-001  6.1623E-001
 589   22.95   17.46    51.36  2.7539E-001  6.1623E-001
 590   15.04   17.75    33.65  2.7539E-001  6.1623E-001
 591   19.27   17.91    43.12  2.7539E-001  6.1623E-001
 592   25.86   22.58    57.86  2.7539E-001  6.1623E-001
 593   21.51   25.29    48.13  2.7539E-001  6.1623E-001
 594   29.23   33.49    65.41  2.7539E-001  6.1623E-001
 595   19.98   20.63    44.72  2.7539E-001  6.1623E-001
 596   13.10   18.09    29.31  2.7539E-001  6.1623E-001
 597   17.93   19.17    40.12  2.7539E-001  6.1623E-001
 598   23.54   19.67    52.67  2.7539E-001  6.1623E-001
 599   16.83   16.64    37.66  2.7539E-001  6.1623E-001
 600   16.40   15.54    36.70  2.7539E-001  6.1623E-001
 601   20.01   23.09    44.78  2.7539E-001  6.1623E-001
 602   14.83   22.63    33.18  2.7539E-001  6.1623E-001
 603   19.30   19.82    43.19  2.7539E-001  6.1623E-001
 604   26.66   23.26    59.66  2.7539E-001  6.1623E-001
 605   19.39   21.04    43.39  2.7539E-001  6.1623E-001
 606   21.16   21.20    47.35  2.7539E-001  6.1623E-001
 607   20.88   25.04    46.72  2.7539E-001  6.1623E-001
 608   15.81   25.96    35.39  2.7539E-001  6.1623E-001
 609   21.19   19.21    47.41  2.7539E-001  6.1623E-001
 610   26.89   20.42    60.18  2.7539E-001  6.1623E-001
 611   25.49   23.15    57.04  2.7539E-001  6.1623E-001
 612   31.15   33.13    69.69  2.7539E-001  6.1623E-001
 613   22.14   18.44    49.55  2.7539E-001  6.1623E-001
 614   14.87   22.02    33.28  2.7539E-001  6.1623E-001
 615   19.50   18.29    43.63  2.7539E-001  6.1623E-001
 616   27.06   26.70    60.55  2.7539E-001  6.1623E-001
 617   19.83   23.30    44.37  2.7539E-001  6.1623E-001
 618   17.70   28.68    39.60  2.7539E-001  6.1623E-001
 619   17.89   24.29    40.04  2.7539E-001  6.1623E-001
 620   19.26   25.71    43.09  2.7539E-001  6.1623E-001
 621   21.28   23.65    47.63  2.7539E-001  6.1623E-001
 622   27.33   29.01    61.15  2.7539E-001  6.1623E-001
 623   30.44   33.25    68.12  2.7539E-001  6.1623E-001
 624   44.28   40.71    99.08  2.7539E-001  6.1623E-001
 625   25.75   23.54    57.62  2.7539E-001  6.1623E-001
 626   19.41   23.72    43.43  2.7539E-001  6.1623E-001
 627   25.56   34.24    57.19  2.7539E-001  6.1623E-001
 628   30.03   37.81    67.20  2.7539E-001  6.1623E-001
 629   21.03   21.05    47.06  2.7539E-001  6.1623E-001
 630   21.79   21.30    48.76  2.7539E-001  6.1623E-001
 631   30.77   36.62    68.86  2.7539E-001  6.1623E-001
 632   28.61   30.84    64.03  2.7539E-001  6.1623E-001
 633   26.68   22.56    59.70  2.7539E-001  6.1623E-001
 634   25.40   25.67    56.84  2.7539E-001  6.1623E-001
 635   53.39   38.02   119.48  2.7539E-001  6.1623E-001
 636   58.59   37.20   131.11  2.7539E-001  6.1623E-001
 637   32.25   23.34    72.17  2.7539E-001  6.1623E-001
 638   23.40   26.25    52.37  2.7539E-001  6.1623E-001
 639   23.87   27.19    53.42  2.7539E-001  6.1623E-001
 640   24.99   32.50    55.92  2.7539E-001  6.1623E-001
 641   29.84   36.64    66.77  2.7539E-001  6.1623E-001
 642   31.30   47.44    70.05  2.7539E-001  6.1623E-001
 643   26.21   31.23    58.65  2.7539E-001  6.1623E-001
 644   31.15   27.88    69.70  2.7539E-001  6.1623E-001
 645   28.37   23.57    63.47  2.7539E-001  6.1623E-001
 646   34.21   29.01    76.56  2.7539E-001  6.1623E-001
 647   71.92   38.23   160.93  2.7539E-001  6.1623E-001
 648  111.06   58.10   248.52  2.7539E-001  6.1623E-001
 649   29.16   23.60    65.26  2.7539E-001  6.1623E-001
 650   22.34   21.09    50.00  2.7539E-001  6.1623E-001
 651   21.68   28.76    48.50  2.7539E-001  6.1623E-001
 652   27.73   34.80    62.05  2.7539E-001  6.1623E-001
 653   31.23   22.57    69.88  2.7539E-001  6.1623E-001
 654   46.52   32.20   104.10  2.7539E-001  6.1623E-001
 655   17.43   32.33    39.01  2.7539E-001  6.1623E-001
 656   17.57   30.08    39.32  2.7539E-001  6.1623E-001
 657   18.03   29.92    40.34  2.7539E-001  6.1623E-001
 658   21.14   35.31    47.30  2.7539E-001  6.1623E-001
 659   27.28   27.21    61.05  2.7539E-001  6.1623E-001
 660   28.84   18.15    64.54  2.7539E-001  6.1623E-001
 661   17.00   28.75    38.04  2.7539E-001  6.1623E-001
 662   18.66   29.83    41.76  2.7539E-001  6.1623E-001
 663   21.46   30.54    48.01  2.7539E-001  6.1623E-001
 664   24.73   35.28    55.34  2.7539E-001  6.1623E-001
 665   28.88   25.58    64.63  2.7539E-001  6.1623E-001
 666   31.76   24.30    71.07  2.7539E-001  6.1623E-001
 667   20.60   39.93    46.09  2.7539E-001  6.1623E-001
 668   24.39   43.15    54.58  2.7539E-001  6.1623E-001
 669   24.03   45.06    53.77  2.7539E-001  6.1623E-001
 670   23.27   49.07    52.07  2.7539E-001  6.1623E-001
 671   36.38   52.80    81.41  2.7539E-001  6.1623E-001
 672   57.57   71.56   128.82  2.7539E-001  6.1623E-001
 673   20.26   46.71    45.34  2.7539E-001  6.1623E-001
 674   18.96   43.75    42.43  2.7539E-001  6.1623E-001
 675   19.70   43.35    44.08  2.7539E-001  6.1623E-001
 676   28.96   49.53    64.81  2.7539E-001  6.1623E-001
 677   32.43   40.12    72.56  2.7539E-001  6.1623E-001
 678   39.90   68.92    89.28  2.7539E-001  6.1623E-001
 679   15.99   41.72    35.79  2.7539E-001  6.1623E-001
 680   18.78   37.45    42.02  2.7539E-001  6.1623E-001
 681   20.80   44.66    46.54  2.7539E-001  6.1623E-001
 682   29.70   46.88    66.47  2.7539E-001  6.1623E-001
 683   26.69   35.36    59.72  2.7539E-001  6.1623E-001
 684   30.87   36.30    69.08  2.7539E-001  6.1623E-001
 685   22.65   47.48    50.68  2.7539E-001  6.1623E-001
 686   22.30   49.74    49.89  2.7539E-001  6.1623E-001
 687   25.84   54.55    57.82  2.7539E-001  6.1623E-001
 688   28.82   53.08    64.50  2.7539E-001  6.1623E-001
 689   34.27   41.99    76.70  2.7539E-001  6.1623E-001
 690   38.42   31.20    85.98  2.7539E-001  6.1623E-001
 691   32.53   51.76    72.79  2.7539E-001  6.1623E-001
 692   31.10   55.61    69.59  2.7539E-001  6.1623E-001
 693   25.67   56.92    57.43  2.7539E-001  6.1623E-001
 694   34.23   60.89    76.61  2.7539E-001  6.1623E-001
 695   22.44   58.19    50.21  2.7539E-001  6.1623E-001
 696   21.28   56.03    47.62  2.7539E-001  6.1623E-001
 697   29.63   55.56    66.31  2.7539E-001  6.1623E-001
 698   36.85   57.78    82.47  2.7539E-001  6.1623E-001
 699   29.26   51.91    65.48  2.7539E-001  6.1623E-001
 700   35.61   62.36    79.69  2.7539E-001  6.1623E-001
 701   30.31   56.11    67.82  2.7539E-001  6.1623E-001
 702   20.75   54.98    46.43  2.7539E-001  6.1623E-001
 703   24.13   54.77    53.99  2.7539E-001  6.1623E-001
 704   31.51   47.77    70.51  2.7539E-001  6.1623E-001
 705   29.20   52.49    65.34  2.7539E-001  6.1623E-001
 706   46.59   61.50   104.26  2.7539E-001  6.1623E-001
 707   25.54   53.94    57.16  2.7539E-001  6.1623E-001
 708   25.35   54.91    56.73  2.7539E-001  6.1623E-001
 709   27.88   53.81    62.38  2.7539E-001  6.1623E-001
 710   32.07   42.06    71.77  2.7539E-001  6.1623E-001
 711   32.65   56.88    73.06  2.7539E-001  6.1623E-001
 712   36.83   57.76    82.41  2.7539E-001  6.1623E-001
 713   31.25   61.63    69.93  2.7539E-001  6.1623E-001
 714   31.49   66.46    70.45  2.7539E-001  6.1623E-001
 715   39.40   68.50    88.16  2.7539E-001  6.1623E-001
 716   54.06   60.94   120.98  2.7539E-001  6.1623E-001
 717   36.39   70.75    81.42  2.7539E-001  6.1623E-001
 718   51.66   77.76   115.59  2.7539E-001  6.1623E-001
 719   44.59   76.05    99.77  2.7539E-001  6.1623E-001
 720   51.60   84.52   115.46  2.7539E-001  6.1623E-001
 721   61.94   89.57   138.60  2.7539E-001  6.1623E-001
 722   76.26   93.25   170.65  2.7539E-001  6.1623E-001
 723   71.76   81.88   160.58  2.7539E-001  6.1623E-001
 724   73.51   92.28   164.50  2.7539E-001  6.1623E-001
 725   80.80   91.87   180.81  2.7539E-001  6.1623E-001
 726  100.02   91.45   223.81  2.7539E-001  6.1623E-001
 727  184.60   90.80   413.08  2.7539E-001  6.1623E-001
 728  113.57   93.23   254.13  2.7539E-001  6.1623E-001
 729   92.29   91.04   206.52  2.7539E-001  6.1623E-001
 730   73.23   91.21   163.87  2.7539E-001  6.1623E-001
 731   71.04   89.20   158.98  2.7539E-001  6.1623E-001
 732   76.29   90.09   170.72  2.7539E-001  6.1623E-001
 733  108.29   85.30   242.33  2.7539E-001  6.1623E-001
 734   82.21   88.62   183.95  2.7539E-001  6.1623E-001
 735   73.70   79.96   164.91  2.7539E-001  6.1623E-001
 736   62.09   91.51   138.95  2.7539E-001  6.1623E-001
 737   61.55   94.90   137.72  2.7539E-001  6.1623E-001
 738   48.25   97.82   107.97  2.7539E-001  6.1623E-001
 739   68.51  102.80   153.30  2.7539E-001  6.1623E-001
 740   53.53   96.26   119.78  2.7539E-001  6.1623E-001
 741   42.79   91.83    95.76  2.7539E-001  6.1623E-001
 742   34.95   85.72    78.21  2.7539E-001  6.1623E-001
 743   39.56   86.15    88.52  2.7539E-001  6.1623E-001
 744   57.27   96.66   128.15  2.7539E-001  6.1623E-001
 745   94.81  104.58   212.17  2.7539E-001  6.1623E-001
 746   50.02   78.51   111.94  2.7539E-001  6.1623E-001
 747   31.04   73.90    69.46  2.7539E-001  6.1623E-001
 748   30.25   70.16    67.70  2.7539E-001  6.1623E-001
 749   38.37   72.77    85.86  2.7539E-001  6.1623E-001
 750   40.25   76.20    90.07  2.7539E-001  6.1623E-001
 751   49.89   76.78   111.65  2.7539E-001  6.1623E-001
 752   30.91   62.51    69.17  2.7539E-001  6.1623E-001
 753   25.23   54.04    56.46  2.7539E-001  6.1623E-001
 754   34.82   51.16    77.91  2.7539E-001  6.1623E-001
 755   36.33   45.47    81.30  2.7539E-001  6.1623E-001
 756   28.83   56.02    64.50  2.7539E-001  6.1623E-001
 757   33.56   58.32    75.09  2.7539E-001  6.1623E-001
 758   36.70   47.06    82.13  2.7539E-001  6.1623E-001
 759   26.17   47.83    58.56  2.7539E-001  6.1623E-001
 760   29.30   51.63    65.56  2.7539E-001  6.1623E-001
 761   45.29   53.61   101.34  2.7539E-001  6.1623E-001
 762   30.41   45.75    68.04  2.7539E-001  6.1623E-001
 763   29.10   41.31    65.11  2.7539E-001  6.1623E-001
 764   28.14   55.41    62.96  2.7539E-001  6.1623E-001
 765   31.70   57.09    70.94  2.7539E-001  6.1623E-001
 766   38.24   58.35    85.56  2.7539E-001  6.1623E-001
 767   59.17   57.47   132.41  2.7539E-001  6.1623E-001
 768   44.79   51.17   100.23  2.7539E-001  6.1623E-001
 769   54.37   43.34   121.67  2.7539E-001  6.1623E-001
 770   42.04   59.68    94.06  2.7539E-001  6.1623E-001
 771   47.05   62.89   105.28  2.7539E-001  6.1623E-001
 772   56.06   63.42   125.45  2.7539E-001  6.1623E-001
 773  106.39   65.69   238.08  2.7539E-001  6.1623E-001
 774   77.86   70.20   174.24  2.7539E-001  6.1623E-001
 775  119.22   86.57   266.77  2.7539E-001  6.1623E-001
 776   45.24   61.23   101.24  2.7539E-001  6.1623E-001
 777   50.57   62.34   113.16  2.7539E-001  6.1623E-001
 778   52.93   64.89   118.45  2.7539E-001  6.1623E-001
 779   73.59   70.95   164.67  2.7539E-001  6.1623E-001
 780   54.47   68.26   121.89  2.7539E-001  6.1623E-001
 781   73.67   84.96   164.86  2.7539E-001  6.1623E-001
 782   51.69   66.65   115.67  2.7539E-001  6.1623E-001
 783   46.24   70.15   103.47  2.7539E-001  6.1623E-001
 784   40.04   67.29    89.60  2.7539E-001  6.1623E-001
 785   42.67   70.07    95.48  2.7539E-001  6.1623E-001
 786   54.33   79.26   121.57  2.7539E-001  6.1623E-001
 787   68.61   87.33   153.53  2.7539E-001  6.1623E-001
 788   46.41   62.01   103.85  2.7539E-001  6.1623E-001
 789   39.69   61.94    88.81  2.7539E-001  6.1623E-001
 790   43.44   63.38    97.20  2.7539E-001  6.1623E-001
 791   59.31   61.88   132.73  2.7539E-001  6.1623E-001
 792   60.04   61.87   134.35  2.7539E-001  6.1623E-001
 793   78.28   61.71   175.16  2.7539E-001  6.1623E-001
 794   42.83   62.19    95.83  2.7539E-001  6.1623E-001
 795   38.03   63.09    85.10  2.7539E-001  6.1623E-001
 796   45.80   68.70   102.49  2.7539E-001  6.1623E-001
 797   57.62   69.17   128.93  2.7539E-001  6.1623E-001
 798   40.01   55.41    89.52  2.7539E-001  6.1623E-001
 799   48.00   58.80   107.41  2.7539E-001  6.1623E-001
 800   53.10   75.53   118.82  2.7539E-001  6.1623E-001
 801   63.70   83.10   142.54  2.7539E-001  6.1623E-001
 802   65.01   84.21   145.47  2.7539E-001  6.1623E-001
 803   96.58   82.93   216.12  2.7539E-001  6.1623E-001
 804  101.87   89.71   227.96  2.7539E-001  6.1623E-001
 805  318.22   95.47   712.08  2.7539E-001  6.1623E-001
 806   62.68   88.40   140.25  2.7539E-001  6.1623E-001
 807   57.21   92.48   128.02  2.7539E-001  6.1623E-001
 808   55.23   90.47   123.58  2.7539E-001  6.1623E-001
 809   53.49   89.39   119.69  2.7539E-001  6.1623E-001
 810   70.93   98.20   158.72  2.7539E-001  6.1623E-001
 811   84.84   97.25   189.84  2.7539E-001  6.1623E-001
 812   72.28   88.64   161.74  2.7539E-001  6.1623E-001
 813   61.33   85.75   137.25  2.7539E-001  6.1623E-001
 814   56.53   80.52   126.50  2.7539E-001  6.1623E-001
 815   80.55   78.32   180.24  2.7539E-001  6.1623E-001
 816  112.99   89.63   252.83  2.7539E-001  6.1623E-001
 817  177.03  102.35   396.13  2.7539E-001  6.1623E-001
 818   51.70   78.09   115.69  2.7539E-001  6.1623E-001
 819   50.31   68.95   112.58  2.7539E-001  6.1623E-001
 820   43.59   62.92    97.53  2.7539E-001  6.1623E-001
 821   48.30   62.03   108.09  2.7539E-001  6.1623E-001
 822   44.70   62.36   100.02  2.7539E-001  6.1623E-001
 823   40.17   58.58    89.88  2.7539E-001  6.1623E-001
 824   39.15   54.84    87.62  2.7539E-001  6.1623E-001
 825   44.38   50.93    99.30  2.7539E-001  6.1623E-001
 826   55.03   60.08   123.14  2.7539E-001  6.1623E-001
 827  108.16   58.97   242.02  2.7539E-001  6.1623E-001
 828   41.04   55.13    91.84  2.7539E-001  6.1623E-001
 829   38.22   58.10    85.53  2.7539E-001  6.1623E-001
 830   46.24   58.32   103.46  2.7539E-001  6.1623E-001
 831   59.89   60.62   134.01  2.7539E-001  6.1623E-001
 832   43.89   55.63    98.22  2.7539E-001  6.1623E-001
 833   49.01   54.21   109.66  2.7539E-001  6.1623E-001
 834   54.01   59.46   120.85  2.7539E-001  6.1623E-001
 835   60.81   59.79   136.07  2.7539E-001  6.1623E-001
 836   68.50   62.04   153.29  2.7539E-001  6.1623E-001
 837   92.38   61.87   206.72  2.7539E-001  6.1623E-001
 838   79.38   53.91   177.62  2.7539E-001  6.1623E-001
 839   65.59   50.08   146.77  2.7539E-001  6.1623E-001
 840   71.25   67.19   159.44  2.7539E-001  6.1623E-001
 841   83.54   71.10   186.94  2.7539E-001  6.1623E-001
 842   84.60   70.62   189.32  2.7539E-001  6.1623E-001
 843  114.42   75.90   256.04  2.7539E-001  6.1623E-001
 844  113.34   71.67   253.61  2.7539E-001  6.1623E-001
 845  149.34   71.75   334.18  2.7539E-001  6.1623E-001
 846   80.77   69.66   180.74  2.7539E-001  6.1623E-001
 847   77.96   73.02   174.44  2.7539E-001  6.1623E-001
 848   81.73   76.86   182.88  2.7539E-001  6.1623E-001
 849  132.02   74.63   295.41  2.7539E-001  6.1623E-001
 850   86.06   67.49   192.58  2.7539E-001  6.1623E-001
 851   92.57   62.55   207.14  2.7539E-001  6.1623E-001
 852   73.64   80.11   164.78  2.7539E-001  6.1623E-001
 853   72.72   84.85   162.72  2.7539E-001  6.1623E-001
 854   64.41   87.94   144.13  2.7539E-001  6.1623E-001
 855   69.43   92.68   155.37  2.7539E-001  6.1623E-001
 856   69.43   90.50   155.36  2.7539E-001  6.1623E-001
 857   58.58   91.56   131.07  2.7539E-001  6.1623E-001
 858   50.79   93.10   113.65  2.7539E-001  6.1623E-001
 859   47.04   92.89   105.25  2.7539E-001  6.1623E-001
 860   70.14   89.34   156.96  2.7539E-001  6.1623E-001
 861   86.63   90.80   193.85  2.7539E-001  6.1623E-001
 862   59.85   94.43   133.92  2.7539E-001  6.1623E-001
 863   47.33   93.14   105.90  2.7539E-001  6.1623E-001
 864   42.72   90.52    95.59  2.7539E-001  6.1623E-001
 865   52.75   90.17   118.04  2.7539E-001  6.1623E-001
 866   78.27   98.13   175.14  2.7539E-001  6.1623E-001
 867  114.77  114.13   256.82  2.7539E-001  6.1623E-001
 868   39.54   87.62    88.48  2.7539E-001  6.1623E-001
 869   31.52   84.68    70.54  2.7539E-001  6.1623E-001
 870   38.65   88.42    86.50  2.7539E-001  6.1623E-001
 871   55.20   88.22   123.52  2.7539E-001  6.1623E-001
 872   31.29   74.14    70.02  2.7539E-001  6.1623E-001
 873   27.05   64.91    60.52  2.7539E-001  6.1623E-001
 874   40.85   92.78    91.40  2.7539E-001  6.1623E-001
 875   37.05   90.46    82.90  2.7539E-001  6.1623E-001
 876   41.05   89.00    91.85  2.7539E-001  6.1623E-001
 877   39.91   88.20    89.31  2.7539E-001  6.1623E-001
 878   52.90   90.31   118.38  2.7539E-001  6.1623E-001
 879   59.43   92.81   133.00  2.7539E-001  6.1623E-001
 880   50.84   83.39   113.76  2.7539E-001  6.1623E-001
 881   33.30   78.00    74.52  2.7539E-001  6.1623E-001
 882   40.29   73.58    90.16  2.7539E-001  6.1623E-001
 883   67.94   73.09   152.02  2.7539E-001  6.1623E-001
 884   37.03   77.13    82.86  2.7539E-001  6.1623E-001
 885   42.09   80.79    94.20  2.7539E-001  6.1623E-001
 886   41.44   69.35    92.74  2.7539E-001  6.1623E-001
 887   39.86   64.70    89.19  2.7539E-001  6.1623E-001
 888   43.77   66.24    97.95  2.7539E-001  6.1623E-001
 889   38.83   62.29    86.89  2.7539E-001  6.1623E-001
 890   50.10   56.35   112.11  2.7539E-001  6.1623E-001
 891   48.16   78.40   107.78  2.7539E-001  6.1623E-001
 892   69.31   73.28   155.09  2.7539E-001  6.1623E-001
 893   48.09   76.27   107.61  2.7539E-001  6.1623E-001
 894   41.65   73.63    93.20  2.7539E-001  6.1623E-001
 895   50.43   71.12   112.85  2.7539E-001  6.1623E-001
 896   91.66   83.68   205.10  2.7539E-001  6.1623E-001
 897  150.86  102.74   337.59  2.7539E-001  6.1623E-001
 898   48.30   74.18   108.07  2.7539E-001  6.1623E-001
 899   34.78   72.06    77.82  2.7539E-001  6.1623E-001
 900   30.02   66.36    67.17  2.7539E-001  6.1623E-001
 901   33.97   67.51    76.02  2.7539E-001  6.1623E-001
 902   48.13   83.65   107.70  2.7539E-001  6.1623E-001
 903   71.03   98.13   158.95  2.7539E-001  6.1623E-001
 904   33.36   56.14    74.66  2.7539E-001  6.1623E-001
 905   23.85   48.30    53.37  2.7539E-001  6.1623E-001
 906   24.65   45.46    55.17  2.7539E-001  6.1623E-001
 907   32.81   49.01    73.42  2.7539E-001  6.1623E-001
 908   28.23   48.61    63.17  2.7539E-001  6.1623E-001
 909   32.65   52.86    73.06  2.7539E-001  6.1623E-001
 910   25.71   45.41    57.53  2.7539E-001  6.1623E-001
 911   26.48   49.98    59.25  2.7539E-001  6.1623E-001
 912   27.03   43.67    60.48  2.7539E-001  6.1623E-001
 913   30.84   51.86    69.01  2.7539E-001  6.1623E-001
 914   45.64   54.98   102.14  2.7539E-001  6.1623E-001
 915   86.24   76.29   192.98  2.7539E-001  6.1623E-001
 916   32.45   41.24    72.62  2.7539E-001  6.1623E-001
 917   26.10   41.98    58.41  2.7539E-001  6.1623E-001
 918   28.45   40.19    63.67  2.7539E-001  6.1623E-001
 919   29.50   45.73    66.02  2.7539E-001  6.1623E-001
 920   45.23   46.38   101.22  2.7539E-001  6.1623E-001
 921   85.13   47.87   190.51  2.7539E-001  6.1623E-001
 922   37.23   45.06    83.31  2.7539E-001  6.1623E-001
 923   36.46   51.63    81.59  2.7539E-001  6.1623E-001
 924   32.81   49.54    73.41  2.7539E-001  6.1623E-001
 925   39.99   51.31    89.48  2.7539E-001  6.1623E-001
 926   75.25   62.15   168.39  2.7539E-001  6.1623E-001
 927  126.78   85.47   283.69  2.7539E-001  6.1623E-001
 928   32.11   44.46    71.85  2.7539E-001  6.1623E-001
 929   29.14   38.98    65.21  2.7539E-001  6.1623E-001
 930   26.45   38.03    59.19  2.7539E-001  6.1623E-001
 931   34.45   37.72    77.08  2.7539E-001  6.1623E-001
 932   47.14   48.24   105.48  2.7539E-001  6.1623E-001
 933   54.58   52.90   122.14  2.7539E-001  6.1623E-001
 934   21.25   35.32    47.54  2.7539E-001  6.1623E-001
 935   19.94   25.16    44.62  2.7539E-001  6.1623E-001
 936   20.65   28.19    46.20  2.7539E-001  6.1623E-001
 937   25.53   36.62    57.12  2.7539E-001  6.1623E-001
 938   23.55   20.40    52.70  2.7539E-001  6.1623E-001
 939   23.54   12.37    52.66  2.7539E-001  6.1623E-001
 940   21.34   29.57    47.76  2.7539E-001  6.1623E-001
 941   23.78   25.74    53.21  2.7539E-001  6.1623E-001
 942   27.44   25.80    61.40  2.7539E-001  6.1623E-001
 943   31.31   35.56    70.05  2.7539E-001  6.1623E-001
 944   39.85   28.50    89.16  2.7539E-001  6.1623E-001
 945   58.04   36.20   129.87  2.7539E-001  6.1623E-001
 946   22.68   29.71    50.76  2.7539E-001  6.1623E-001
 947   30.98   34.69    69.32  2.7539E-001  6.1623E-001
 948   31.16   34.15    69.73  2.7539E-001  6.1623E-001
 949   42.74   41.71    95.64  2.7539E-001  6.1623E-001
 950   61.65   40.87   137.95  2.7539E-001  6.1623E-001
 951  101.77   71.60   227.73  2.7539E-001  6.1623E-001
 952   24.27   32.99    54.31  2.7539E-001  6.1623E-001
 953   24.68   31.89    55.22  2.7539E-001  6.1623E-001
 954   23.99   34.22    53.67  2.7539E-001  6.1623E-001
 955   31.33   35.85    70.10  2.7539E-001  6.1623E-001
 956   39.58   25.71    88.58  2.7539E-001  6.1623E-001
 957   55.32   29.92   123.78  2.7539E-001  6.1623E-001
 958   20.52   30.78    45.92  2.7539E-001  6.1623E-001
 959   20.42   27.26    45.70  2.7539E-001  6.1623E-001
 960   24.53   27.72    54.90  2.7539E-001  6.1623E-001
 961   29.26   32.62    65.46  2.7539E-001  6.1623E-001
 962   25.70   23.82    57.50  2.7539E-001  6.1623E-001
 963   26.02   26.52    58.22  2.7539E-001  6.1623E-001
 964   23.37   28.78    52.30  2.7539E-001  6.1623E-001
 965   28.93   32.04    64.74  2.7539E-001  6.1623E-001
 966   28.00   29.24    62.67  2.7539E-001  6.1623E-001
 967   42.47   35.28    95.03  2.7539E-001  6.1623E-001
 968   47.48   36.27   106.25  2.7539E-001  6.1623E-001
 969   70.05   40.44   156.75  2.7539E-001  6.1623E-001
 970   26.01   27.31    58.20  2.7539E-001  6.1623E-001
 971   28.52   30.02    63.82  2.7539E-001  6.1623E-001
 972   28.82   29.20    64.48  2.7539E-001  6.1623E-001
 973   38.76   34.79    86.73  2.7539E-001  6.1623E-001
 974   56.90   39.60   127.32  2.7539E-001  6.1623E-001
 975   67.54   73.24   151.12  2.7539E-001  6.1623E-001
 976   22.82   27.40    51.07  2.7539E-001  6.1623E-001
 977   21.87   22.24    48.94  2.7539E-001  6.1623E-001
 978   24.75   26.18    55.38  2.7539E-001  6.1623E-001
 979   32.93   30.38    73.69  2.7539E-001  6.1623E-001
 980   34.13   24.65    76.37  2.7539E-001  6.1623E-001
 981   29.46   19.97    65.93  2.7539E-001  6.1623E-001
 982   22.91   27.05    51.26  2.7539E-001  6.1623E-001
 983   27.60   29.56    61.76  2.7539E-001  6.1623E-001
 984   33.82   29.86    75.67  2.7539E-001  6.1623E-001
 985   37.73   36.73    84.43  2.7539E-001  6.1623E-001
 986   33.22   27.82    74.33  2.7539E-001  6.1623E-001
 987   37.78   29.96    84.54  2.7539E-001  6.1623E-001
 988   27.87   30.06    62.37  2.7539E-001  6.1623E-001
 989   32.17   36.78    71.98  2.7539E-001  6.1623E-001
 990   31.21   35.66    69.83  2.7539E-001  6.1623E-001
 991   56.50   36.00   126.44  2.7539E-001  6.1623E-001
 992   69.24   43.46   154.94  2.7539E-001  6.1623E-001
 993  138.37   73.62   309.62  2.7539E-001  6.1623E-001
 994   23.20   37.48    51.91  2.7539E-001  6.1623E-001
 995   25.50   35.24    57.05  2.7539E-001  6.1623E-001
 996   26.44   33.47    59.16  2.7539E-001  6.1623E-001
 997   39.17   38.42    87.64  2.7539E-001  6.1623E-001
 998   40.30   41.55    90.18  2.7539E-001  6.1623E-001
 999   61.54   50.66   137.72  2.7539E-001  6.1623E-001
1000   29.09   27.53    65.10  2.7539E-001  6.1623E-001
1001   19.02   25.10    42.56  2.7539E-001  6.1623E-001
1002   25.46   28.43    56.97  2.7539E-001  6.1623E-001
1003   27.45   30.30    61.42  2.7539E-001  6.1623E-001
1004   28.23   23.22    63.16  2.7539E-001  6.1623E-001
1005   27.53   27.40    61.61  2.7539E-001  6.1623E-001
1006   35.62   25.89    79.71  2.7539E-001  6.1623E-001
1007   32.45   20.81    72.62  2.7539E-001  6.1623E-001
1008   30.62   15.73    68.53  2.7539E-001  6.1623E-001
1009   39.22   20.68    87.75  2.7539E-001  6.1623E-001
1010   63.82   25.39   142.80  2.7539E-001  6.1623E-001
1011   34.22   14.03    76.57  2.7539E-001  6.1623E-001
1012   24.97   15.32    55.87  2.7539E-001  6.1623E-001
1013   25.58   20.84    57.24  2.7539E-001  6.1623E-001
1014   30.79   23.30    68.89  2.7539E-001  6.1623E-001
1015   38.63   12.31    86.45  2.7539E-001  6.1623E-001
1016   46.77   11.50   104.65  2.7539E-001  6.1623E-001
1017   21.50   23.29    48.11  2.7539E-001  6.1623E-001
1018   18.15   22.38    40.60  2.7539E-001  6.1623E-001
1019   20.61   19.71    46.12  2.7539E-001  6.1623E-001
1020   24.50   22.87    54.83  2.7539E-001  6.1623E-001
1021   24.16   24.08    54.05  2.7539E-001  6.1623E-001
1022   21.23   19.32    47.50  2.7539E-001  6.1623E-001
1023   21.03   24.37    47.06  2.7539E-001  6.1623E-001
1024   22.71   16.24    50.83  2.7539E-001  6.1623E-001
1025   26.06   17.05    58.31  2.7539E-001  6.1623E-001
1026   28.90   21.78    64.67  2.7539E-001  6.1623E-001
1027   42.06   22.39    94.12  2.7539E-001  6.1623E-001
1028   42.56   25.18    95.23  2.7539E-001  6.1623E-001
1029   24.34   15.27    54.47  2.7539E-001  6.1623E-001
1030   32.89    8.75    73.60  2.7539E-001  6.1623E-001
1031   27.40    8.75    61.32  2.7539E-001  6.1623E-001
1032   45.18   13.07   101.10  2.7539E-001  6.1623E-001
1033   22.77   16.58    50.96  2.7539E-001  6.1623E-001
1034   21.40   17.70    47.89  2.7539E-001  6.1623E-001
1035   23.01   19.92    51.49  2.7539E-001  6.1623E-001
1036   30.34   24.93    67.90  2.7539E-001  6.1623E-001
1037   35.26   14.78    78.90  2.7539E-001  6.1623E-001
1038   40.20   24.60    89.95  2.7539E-001  6.1623E-001
1039   19.44   19.08    43.51  2.7539E-001  6.1623E-001
1040   18.12   15.15    40.54  2.7539E-001  6.1623E-001
1041   21.44   18.36    47.97  2.7539E-001  6.1623E-001
1042   29.50   31.46    66.02  2.7539E-001  6.1623E-001
1043   18.72   12.85    41.90  2.7539E-001  6.1623E-001
1044   19.68   12.25    44.04  2.7539E-001  6.1623E-001
1045   22.74   20.91    50.88  2.7539E-001  6.1623E-001
1046   20.94   22.04    46.85  2.7539E-001  6.1623E-001
1047   23.99   18.20    53.68  2.7539E-001  6.1623E-001
1048   28.48   24.53    63.72  2.7539E-001  6.1623E-001
1049   30.38   21.39    67.97  2.7539E-001  6.1623E-001
1050   36.62   38.19    81.94  2.7539E-001  6.1623E-001
1051   24.04   17.98    53.79  2.7539E-001  6.1623E-001
1052   28.88   22.57    64.61  2.7539E-001  6.1623E-001
1053   28.61   20.33    64.02  2.7539E-001  6.1623E-001
1054   44.97   24.19   100.62  2.7539E-001  6.1623E-001
1055   58.69   31.27   131.32  2.7539E-001  6.1623E-001
1056  133.07   50.15   297.76  2.7539E-001  6.1623E-001
1057   21.03   18.89    47.06  2.7539E-001  6.1623E-001
1058   23.00   17.40    51.46  2.7539E-001  6.1623E-001
1059   23.40   18.81    52.37  2.7539E-001  6.1623E-001
1060   31.24   21.73    69.90  2.7539E-001  6.1623E-001
1061   30.82   12.07    68.96  2.7539E-001  6.1623E-001
1062   56.40   30.58   126.20  2.7539E-001  6.1623E-001
1063   19.80   18.16    44.30  2.7539E-001  6.1623E-001
1064   20.65   16.89    46.22  2.7539E-001  6.1623E-001
1065   28.55   24.93    63.90  2.7539E-001  6.1623E-001
1066   35.64   28.97    79.75  2.7539E-001  6.1623E-001
1067   32.13   18.94    71.90  2.7539E-001  6.1623E-001
1068   33.33   31.76    74.59  2.7539E-001  6.1623E-001
1069   39.86   32.72    89.19  2.7539E-001  6.1623E-001
1070   43.65   30.67    97.67  2.7539E-001  6.1623E-001
1071  109.78   36.59   245.65  2.7539E-001  6.1623E-001
1072   79.82   44.24   178.62  2.7539E-001  6.1623E-001
1073  131.91   72.23   295.17  2.7539E-001  6.1623E-001
1074   34.84   29.99    77.96  2.7539E-001  6.1623E-001
1075   44.72   27.62   100.06  2.7539E-001  6.1623E-001
1076   50.63   30.46   113.30  2.7539E-001  6.1623E-001
1077  110.90   37.39   248.17  2.7539E-001  6.1623E-001
1078   57.98   33.19   129.74  2.7539E-001  6.1623E-001
1079   34.23   35.86    76.60  2.7539E-001  6.1623E-001
1080   44.63   28.81    99.88  2.7539E-001  6.1623E-001
1081   38.76   29.18    86.73  2.7539E-001  6.1623E-001
1082   69.52   34.90   155.57  2.7539E-001  6.1623E-001
1083   33.22   31.05    74.34  2.7539E-001  6.1623E-001
1084   31.89   30.80    71.37  2.7539E-001  6.1623E-001
1085   34.53   30.51    77.27  2.7539E-001  6.1623E-001
1086   51.56   31.26   115.38  2.7539E-001  6.1623E-001
1087   40.47   35.28    90.55  2.7539E-001  6.1623E-001
1088   74.66   40.78   167.06  2.7539E-001  6.1623E-001
1089   31.62   28.17    70.75  2.7539E-001  6.1623E-001
1090   20.72   26.13    46.37  2.7539E-001  6.1623E-001
1091   25.19   26.64    56.37  2.7539E-001  6.1623E-001
1092   32.71   30.09    73.20  2.7539E-001  6.1623E-001
1093   23.68   24.83    52.99  2.7539E-001  6.1623E-001
1094   18.06   23.67    40.42  2.7539E-001  6.1623E-001
1095   19.41   26.92    43.44  2.7539E-001  6.1623E-001
1096   17.43   24.41    39.01  2.7539E-001  6.1623E-001
1097   19.19   18.31    42.95  2.7539E-001  6.1623E-001
1098   24.06   23.38    53.84  2.7539E-001  6.1623E-001
1099   33.40   26.07    74.75  2.7539E-001  6.1623E-001
1100   73.63   57.31   164.75  2.7539E-001  6.1623E-001
1101   22.29   25.04    49.87  2.7539E-001  6.1623E-001
1102   18.26   14.69    40.85  2.7539E-001  6.1623E-001
1103   22.89   21.73    51.22  2.7539E-001  6.1623E-001
1104   33.16   22.36    74.20  2.7539E-001  6.1623E-001
1105   27.34   14.99    61.18  2.7539E-001  6.1623E-001
1106   21.78   18.56    48.73  2.7539E-001  6.1623E-001
1107   22.97   22.44    51.39  2.7539E-001  6.1623E-001
1108   19.55   16.48    43.74  2.7539E-001  6.1623E-001
1109   30.92   18.64    69.20  2.7539E-001  6.1623E-001
1110   33.32   21.76    74.57  2.7539E-001  6.1623E-001
1111   29.12   22.94    65.16  2.7539E-001  6.1623E-001
1112   39.03   28.81    87.34  2.7539E-001  6.1623E-001
1113   24.26   30.51    54.28  2.7539E-001  6.1623E-001
1114   25.40   31.72    56.83  2.7539E-001  6.1623E-001
1115   38.08   37.20    85.22  2.7539E-001  6.1623E-001
1116   47.12   34.07   105.44  2.7539E-001  6.1623E-001
1117   74.15   53.22   165.93  2.7539E-001  6.1623E-001
1118   24.43   27.06    54.67  2.7539E-001  6.1623E-001
1119   20.71   21.88    46.34  2.7539E-001  6.1623E-001
1120   25.96   22.72    58.08  2.7539E-001  6.1623E-001
1121   32.58   27.11    72.91  2.7539E-001  6.1623E-001
1122   24.29   17.90    54.36  2.7539E-001  6.1623E-001
1123   28.29   20.35    63.31  2.7539E-001  6.1623E-001
1124   30.38   28.75    67.99  2.7539E-001  6.1623E-001
1125   23.40   25.29    52.37  2.7539E-001  6.1623E-001
1126   24.93   24.93    55.79  2.7539E-001  6.1623E-001
1127   41.82   27.95    93.59  2.7539E-001  6.1623E-001
1128   34.75   27.71    77.75  2.7539E-001  6.1623E-001
1129   39.59   31.83    88.59  2.7539E-001  6.1623E-001
1130   21.03   23.56    47.06  2.7539E-001  6.1623E-001
1131   22.14   23.39    49.55  2.7539E-001  6.1623E-001
1132   21.78   28.12    48.74  2.7539E-001  6.1623E-001
1133   29.62   33.42    66.27  2.7539E-001  6.1623E-001
1134   28.78   34.03    64.40  2.7539E-001  6.1623E-001
1135   33.85   34.89    75.74  2.7539E-001  6.1623E-001
1136   41.12   33.45    92.01  2.7539E-001  6.1623E-001
1137   64.70   43.30   144.79  2.7539E-001  6.1623E-001
1138   44.32   25.77    99.18  2.7539E-001  6.1623E-001
1139   42.90   27.03    96.00  2.7539E-001  6.1623E-001
1140   44.43   31.82    99.42  2.7539E-001  6.1623E-001
1141   34.87   28.10    78.03  2.7539E-001  6.1623E-001
1142   38.53   32.66    86.21  2.7539E-001  6.1623E-001
1143   43.90   32.43    98.23  2.7539E-001  6.1623E-001
1144   40.73   16.90    91.14  2.7539E-001  6.1623E-001
1145   52.24   23.57   116.90  2.7539E-001  6.1623E-001
1146   51.58   40.73   115.42  2.7539E-001  6.1623E-001
1147   48.74   41.23   109.06  2.7539E-001  6.1623E-001
1148   38.35   36.11    85.81  2.7539E-001  6.1623E-001
1149   39.38   33.86    88.13  2.7539E-001  6.1623E-001
1150   87.38   45.50   195.52  2.7539E-001  6.1623E-001
1151   85.95   39.83   192.33  2.7539E-001  6.1623E-001
1152   42.68   33.77    95.51  2.7539E-001  6.1623E-001
1153   33.38   34.49    74.69  2.7539E-001  6.1623E-001
1154   31.47   31.45    70.43  2.7539E-001  6.1623E-001
1155   33.44   39.11    74.83  2.7539E-001  6.1623E-001
1156   45.92   33.02   102.77  2.7539E-001  6.1623E-001
1157   50.64   39.34   113.31  2.7539E-001  6.1623E-001
1158   43.51   31.49    97.37  2.7539E-001  6.1623E-001
1159   43.30   23.62    96.89  2.7539E-001  6.1623E-001
1160   39.08   24.28    87.44  2.7539E-001  6.1623E-001
1161   53.03   23.82   118.67  2.7539E-001  6.1623E-001
1162   91.99   35.36   205.84  2.7539E-001  6.1623E-001
1163   39.27   28.04    87.88  2.7539E-001  6.1623E-001
1164   31.59   28.03    70.69  2.7539E-001  6.1623E-001
1165   27.25   29.07    60.97  2.7539E-001  6.1623E-001
1166   33.41   30.28    74.77  2.7539E-001  6.1623E-001
1167   50.85   31.68   113.79  2.7539E-001  6.1623E-001
1168   95.31   48.57   213.27  2.7539E-001  6.1623E-001
1169   23.01   28.11    51.48  2.7539E-001  6.1623E-001
1170   20.07   26.22    44.91  2.7539E-001  6.1623E-001
1171   22.44   23.94    50.21  2.7539E-001  6.1623E-001
1172   27.49   29.50    61.51  2.7539E-001  6.1623E-001
1173   24.48   33.28    54.77  2.7539E-001  6.1623E-001
1174   24.69   26.49    55.24  2.7539E-001  6.1623E-001
1175   26.92   21.18    60.23  2.7539E-001  6.1623E-001
1176   24.46   23.40    54.73  2.7539E-001  6.1623E-001
1177   27.46   27.50    61.44  2.7539E-001  6.1623E-001
1178   31.09   31.74    69.56  2.7539E-001  6.1623E-001
1179   39.07   14.01    87.44  2.7539E-001  6.1623E-001
1180   74.20   62.57   166.03  2.7539E-001  6.1623E-001
1181   26.61   29.51    59.55  2.7539E-001  6.1623E-001
1182   30.80   21.31    68.92  2.7539E-001  6.1623E-001
1183   31.03   30.49    69.43  2.7539E-001  6.1623E-001
1184   41.75   31.94    93.41  2.7539E-001  6.1623E-001
1185   59.88   27.53   133.99  2.7539E-001  6.1623E-001
1186   26.47   30.32    59.22  2.7539E-001  6.1623E-001
1187   25.00   29.85    55.95  2.7539E-001  6.1623E-001
1188   25.30   30.05    56.62  2.7539E-001  6.1623E-001
1189   36.69   27.04    82.10  2.7539E-001  6.1623E-001
1190   30.84   31.66    69.02  2.7539E-001  6.1623E-001
1191   37.40   40.05    83.70  2.7539E-001  6.1623E-001
1192   21.70   23.62    48.55  2.7539E-001  6.1623E-001
1193   20.63   18.00    46.17  2.7539E-001  6.1623E-001
1194   24.24   23.95    54.25  2.7539E-001  6.1623E-001
1195   31.41   29.62    70.28  2.7539E-001  6.1623E-001
1196   23.90   13.98    53.49  2.7539E-001  6.1623E-001
1197   22.66   18.62    50.71  2.7539E-001  6.1623E-001
1198   23.14   29.96    51.78  2.7539E-001  6.1623E-001
1199   27.37   34.24    61.24  2.7539E-001  6.1623E-001
1200   32.93   35.97    73.68  2.7539E-001  6.1623E-001
1201   50.15   39.44   112.23  2.7539E-001  6.1623E-001
1202   49.20   36.22   110.08  2.7539E-001  6.1623E-001
1203   56.94   57.77   127.42  2.7539E-001  6.1623E-001
1204   28.39   39.54    63.53  2.7539E-001  6.1623E-001
1205   34.28   45.82    76.71  2.7539E-001  6.1623E-001
1206   35.48   45.32    79.39  2.7539E-001  6.1623E-001
1207   68.34   41.65   152.91  2.7539E-001  6.1623E-001
1208   69.02   56.42   154.45  2.7539E-001  6.1623E-001
1209  146.39   71.11   327.58  2.7539E-001  6.1623E-001
1210   25.46   43.16    56.97  2.7539E-001  6.1623E-001
1211   28.54   42.82    63.85  2.7539E-001  6.1623E-001
1212   32.32   40.58    72.32  2.7539E-001  6.1623E-001
1213   46.14   40.69   103.24  2.7539E-001  6.1623E-001
1214   44.31   39.87    99.15  2.7539E-001  6.1623E-001
1215   49.63   37.33   111.05  2.7539E-001  6.1623E-001
1216   32.94   38.78    73.70  2.7539E-001  6.1623E-001
1217   27.41   39.78    61.34  2.7539E-001  6.1623E-001
1218   45.57   47.57   101.97  2.7539E-001  6.1623E-001
1219   65.43   55.44   146.41  2.7539E-001  6.1623E-001
1220   31.52   32.19    70.52  2.7539E-001  6.1623E-001
1221   27.51   26.51    61.56  2.7539E-001  6.1623E-001
1222   50.99   54.94   114.10  2.7539E-001  6.1623E-001
1223   62.72   61.27   140.35  2.7539E-001  6.1623E-001
1224   57.80   69.53   129.33  2.7539E-001  6.1623E-001
1225  104.74   78.47   234.38  2.7539E-001  6.1623E-001
1226   66.22   71.89   148.17  2.7539E-001  6.1623E-001
