 beta=   0.0000000000000000     
  -4.3034577864039897E-015
  -1.9107915113114203E-015
  -1.2686073886408666E-015
  -7.9095939759445875E-017
   2.1065016415626347E-016
   5.2619124580568539E-016
   3.7588816968036953E-002
   4.8302599148177805E-002
   6.4410071615121106E-002
   8.1969179266591863E-002
   9.1974488854274700E-002
   9.6908315974663192E-002
  0.10070199856773504     
  0.10405242405825406     
  0.10980502300793815     
  0.11297733809944978     
  0.11790247983475166     
  0.12017624440824742     
  0.12399442216789214     
  0.12706282711823061     
  0.13611058672525697     
  0.13712878834259071     
  0.13814038157999348     
  0.14022678673750855     
  0.14265988344995020     
  0.14399512595214012     
  0.14599578943647121     
  0.14673214439913360     
  0.14932801477676033     
  0.15042007604687607     
  0.15230172760098507     
  0.15550725426293985     
  0.15877468748659457     
  0.16076516703989671     
  0.16178227283800112     
  0.16377909152264272     
  0.16501475982105146     
  0.16718544782916456     
  0.17070111412007916     
  0.17103109337250316     
  0.17221057231920675     
  0.17409943755696194     
  0.17587554452206117     
  0.17717254272321944     
  0.17860968607881003     
  0.18154685663126346     
  0.18240596048224850     
  0.18337239874432207     
  0.18580540881560859     
  0.18762306745023569     
  0.18874436290767185     
  0.19057521682451989     
  0.19142907646430479     
  0.19293197856788391     
  0.19513319261037124     
  0.19615416232677049     
  0.19760075515816672     
  0.19872174727801550     
  0.19926937035448702     
  0.20216222460708391     
  0.20354900356528180     
  0.20484273330419134     
  0.20553196375104851     
  0.20762265633883492     
  0.20874142878233376     
  0.21000829066660756     
  0.21060049863443167     
  0.21162655895594260     
  0.21317568541810403     
  0.21453188069486312     
  0.21719222815308081     
  0.21970131766577114     
  0.22119216637170275     
  0.22162543345698910     
  0.22293595089844268     
  0.22447017872344005     
  0.22529940245504729     
  0.22669987232042066     
  0.22816909460052739     
  0.22881253438912244     
  0.23025533372446277     
  0.23248096105453459     
  0.23459450447233443     
  0.23673185285924381     
  0.23725451839189526     
  0.23831732923358617     
  0.24068071296622245     
  0.24137239794183055     
  0.24562989144117975     
  0.24667066763878698     
  0.24715811713737554     
  0.24901582968003380     
  0.25121684437876629     
  0.25146039092815248     
  0.25386259722914251     
  0.25601065023836078     
  0.25742588285002299     
  0.25888622617720913     
  0.26236082800307342     
  0.26315938129993505     
  0.26384870496945162     
  0.26588185608164616     
  0.26809574787748536     
  0.26904263924043159     
  0.27089682013938488     
  0.27306731863406136     
  0.27373618355807361     
  0.27520225716710661     
  0.27657410246594122     
  0.27720375338742054     
  0.27837672756791321     
  0.27912608651960608     
  0.28159478067580779     
  0.28319961192560467     
  0.28384830415757117     
  0.28486344228500865     
  0.28510214469045991     
  0.28657224984188434     
  0.28731313457186619     
  0.28818658837078465     
  0.28942474247235372     
  0.28969687106733372     
  0.29115566562234402     
  0.29191363000658127     
  0.29233700667325785     
  0.29520182941704098     
  0.29587850450964459     
  0.29669669214553124     
  0.29755312878816625     
  0.29868264102795888     
  0.29966762492892635     
  0.29998191394136170     
  0.30113388320058682     
  0.30222000876797434     
  0.30258916768866428     
  0.30490322032413458     
  0.30502952023600621     
  0.30595714550976044     
  0.30794775832724830     
  0.30904524678867762     
  0.30973594194408771     
  0.31047545843708041     
  0.31185450293289141     
  0.31346321655854764     
  0.31352896485806364     
  0.31444110458578600     
  0.31531170383062435     
  0.31631869180238231     
  0.31647805866822643     
  0.31745848558348394     
  0.31881802322951158     
  0.31922476234127589     
  0.32043589294287556     
  0.32154861208019292     
  0.32241812679337284     
  0.32414957412360756     
  0.32456871048079949     
  0.32580693141901645     
  0.32776437258908797     
  0.32822027174614793     
  0.32918112202608046     
  0.33004268344964571     
  0.33194167745681569     
  0.33325239506821919     
  0.33377670053824887     
  0.33641232459993231     
  0.33721817373532098     
  0.33826846178761050     
  0.33878855381417783     
  0.33952512469152674     
  0.33969000839451369     
  0.34154422648311028     
  0.34244213657293854     
  0.34295799438268992     
  0.34435471832482345     
  0.34440043443278617     
  0.34535118298985823     
  0.34548920820140661     
  0.34578028931998123     
  0.34715047982184843     
  0.34804648652230191     
  0.34908105715987064     
  0.34954016133382110     
  0.34992989416196113     
  0.35002623504237601     
  0.35139402025877420     
  0.35164933987849933     
  0.35280688721710257     
  0.35328537206405453     
  0.35400746136562766     
  0.35442238003097493     
  0.35519305028346887     
  0.35766924768367075     
  0.35806321065611763     
  0.35969026386087105     
  0.36019372768638835     
  0.36026832888523697     
  0.36186256792047394     
  0.36311536174769199     
  0.36339816991221535     
  0.36372581603895016     
  0.36455109410095615     
  0.36522320479491915     
  0.36649297066038572     
  0.36701126515333266     
  0.36724635838998948     
  0.36751076139035815     
  0.36870509460253043     
  0.36975046283022506     
  0.37035837644268771     
  0.37083775784192530     
  0.37181337853099000     
  0.37288196414061475     
  0.37346269853276659     
  0.37408518553693626     
  0.37481730281327663     
  0.37537710840357547     
  0.37671613723823116     
  0.37704570021798955     
  0.37746714003754167     
  0.37818423423968495     
  0.37899637075955211     
  0.37986578720270758     
  0.38008502805890176     
  0.38109274203555366     
  0.38203247040685145     
  0.38280649247887866     
  0.38340655281887231     
  0.38515718025654944     
  0.38610436992022673     
  0.38673584421535695     
  0.38736678344797559     
  0.38938654538401485     
  0.39116543019773886     
  0.39179185522360188     
  0.39216756680023668     
  0.39336870581913314     
  0.39407115528898035     
  0.39457715085310491     
  0.39688062347551001     
  0.39728022351215370     
  0.39901814366535476     
  0.40022002214888325     
  0.40074349875249882     
  0.40168541374680156     
  0.40298760832271630     
  0.40408957807460510     
  0.40537472430505234     
  0.40654337002120200     
  0.40738533646660413     
  0.40802444116149500     
  0.40937233545882756     
  0.41002116346382950     
  0.41146576598324147     
  0.41218381498833007     
  0.41280095235099756     
  0.41323476240132201     
  0.41416066888046166     
  0.41510662305067442     
  0.41589850538954698     
  0.41921197118591641     
  0.41964514798968761     
  0.42073914796562140     
  0.42148119400856210     
  0.42280257052092163     
  0.42560097794943186     
  0.42818578346437008     
  0.42984515087291386     
  0.43180678672994804     
  0.43390095849176075     
  0.43648942132156782     
  0.43719490514304366     
  0.43732632632570978     
  0.43922089752333321     
  0.44044318980550645     
  0.44166500245484863     
  0.44283583587041286     
  0.44531636241270356     
  0.44569930006522307     
  0.44798452912054876     
  0.44996117182066730     
  0.45172504495024424     
  0.45247332301141990     
  0.45324326693817868     
  0.45479724297014429     
  0.45656567564408246     
  0.45892526595690658     
  0.45997976153920345     
  0.46044741870470873     
  0.46146919816389703     
  0.46524721261225699     
  0.46682565757836397     
  0.46758775230153876     
  0.46892981870290207     
  0.47078068588912891     
  0.47151782804349973     
  0.47379558972895680     
  0.47469577764019666     
  0.47697656858184256     
  0.47752498521418058     
  0.48080974321129794     
  0.48149919219333670     
  0.48426935271994176     
  0.48922473791520527     
  0.49042971497404986     
  0.49095234802962356     
  0.49540576215038351     
  0.49549918427116407     
  0.50112190298401216     
  0.50132980366992286     
  0.50398859220434078     
  0.50759630800905664     
  0.50910609857708522     
  0.51134750634369097     
  0.51213856955526516     
  0.51467884440902212     
  0.51797469694720566     
  0.51802090610984708     
  0.52189936558788985     
  0.52566568158844251     
  0.53011395115346960     
  0.53363004852585350     
  0.53569758194887662     
  0.53767723549869251     
  0.54093265643487187     
  0.54163447756996885     
  0.54446214892275058     
  0.54697426981918129     
  0.54932277778293215     
  0.55213283849098560     
  0.55369504394199387     
  0.55618551870682720     
  0.55973959710155474     
  0.56253925336065758     
  0.56321542436329131     
  0.56537380485764066     
  0.56780336189878589     
  0.56925013915758216     
  0.57095863835988170     
  0.57607753801163064     
  0.57735225812495039     
  0.57768016160049473     
  0.58341471670944767     
  0.59044466885663649     
  0.59318726501834018     
  0.59483509632945197     
  0.59858536666698192     
  0.60448833222507259     
  0.60471511413023904     
  0.61093101179168230     
  0.62051852073207803     
  0.62793758257961618     
  0.63159456682610282     
  0.63256219364211708     
  0.63803514705738895     
  0.64016314559744714     
  0.64724954612096774     
  0.65579835936350273     
  0.65895714605391709     
  0.66135537333263728     
  0.66306472605194833     
  0.66736139359835833     
  0.67010741529226225     
  0.67659270269045302     
  0.68532896870547499     
  0.70090632361559502     
  0.70777843440812183     
  0.71099859708480939     
  0.71262596571491010     
  0.72180452208715296     
  0.72583316509834350     
  0.73892017458504267     
  0.73983593213647147     
  0.74129256770305529     
  0.75728711506039037     
  0.75885088514501831     
  0.77559621214347740     
  0.81824111596823401     
  0.82764087941879561     
   1.0829127440819217     
   1.0973512334991282     
   1.1195717686949516     
   1.1384336196447511     
   1.1453531420254583     
   1.1694343870955048     
   1.2316526170366504     
   1.2442073269254066     
   1.2604305233369584     
   1.2793995117126002     
   1.2946512706812907     
   1.2997406745066411     
   1.3141868892183464     
   1.3157243905582945     
   1.3341228047799838     
   1.3404513878047029     
   1.3547918248269339     
   1.3572735800435609     
   1.3715720532241904     
   1.4238752482942287     
   1.4368633753247970     
   1.4575591005100932     
   1.4612778218282090     
   1.4784335032600702     
   1.4903848804113253     
   1.5214950359777406     
   1.5827155038547795     
   1.5870960706994621     
   1.6065659843773918     
   1.6374394990301939     
   1.6645056895442805     
   1.6670413075476558     
   1.7048467727337695     
   1.7075599537570212     
   1.7508084196546885     
   1.7609872372907325     
   1.7906799551539432     
   1.7983556574826154     
   1.8085359160895238     
   1.8216348277061833     
   1.8461095131669734     
   1.8700615653564450     
   1.8847824536097291     
   1.9130729097699231     
   1.9175677443566590     
   1.9209742124299094     
   1.9324106635976108     
   1.9401266645870323     
   1.9485110991175418     
   1.9904058665811424     
   2.0261220560049491     
   2.0522069219194004     
   2.0594045217557166     
   2.1075496000390381     
   2.1104348529388850     
   2.1131858547359479     
   2.1201044920160057     
   2.1216094132398298     
   2.1412151285985592     
   2.1516563947581964     
   2.1628924380430621     
   2.1666005222342686     
   2.1697422342203487     
   2.1722195376763795     
   2.1740489077791696     
   2.1855606941919818     
   2.1917022926483276     
   2.1949448448241302     
   2.2013036348071462     
   2.2062504955936908     
   2.2085801796376447     
   2.2103664265342124     
   2.2183770140767534     
   2.2258650837370957     
   2.2280918200429989     
   2.2381385988197642     
   2.2457961766728496     
   2.2475101697193640     
   2.2495140226089285     
   2.2548885035231865     
   2.2571718870936262     
   2.2580984542747924     
   2.2592212885358069     
   2.2657840686028381     
   2.2675465644265471     
   2.2740288158202611     
   2.2791336673666773     
   2.2821872140230148     
   2.2853106826140146     
   2.2943224996885649     
   2.2953928669361439     
   2.3029128081825809     
   2.3128138628405197     
   2.3131455539710690     
   2.3180851324006944     
   2.3189017416168518     
   2.3205156221384708     
   2.3333480669237576     
   2.3338298730346416     
   2.3350129658770435     
   2.3416862822656572     
   2.3507679929581315     
   2.3518029218236971     
   2.3628067881693879     
   2.3666458423434023     
   2.3749835833965807     
   2.3765113304486247     
   2.3959084156310593     
   2.3988762344324233     
   2.4058471613193690     
   2.4138384038331564     
   2.4239102855057739     
   2.4254606569296335     
   2.4293881159284085     
   2.4427993648010378     
   2.4431046123439066     
   2.4516669416531798     
   2.4529618270845495     
   2.4638146580200586     
   2.4708095996375210     
   2.4741211894644781     
   2.4762784152394115     
   2.5020585144341623     
   2.5021127442113147     
   2.5039494690056201     
   2.5077170733953493     
   2.5190858315358735     
   2.5213433154121101     
   2.5285176567984702     
   2.5336837117766819     
   2.5408955846388475     
   2.5422700978563921     
   2.5478146211110739     
   2.5507551063230611     
   2.5561763174836090     
   2.5903862297451208     
   2.5967856951688089     
   2.6027034590082150     
   2.6179252559551633     
   2.6528899733778837     
   2.6636986346124059     
   2.6866847281143653     
   2.7457210833598120     
   2.7559209053521112     
   2.8227828093937797     
   2.8529097051407404     
   2.8597193452946503     
   2.9171988306464458     
   2.9237866942696753     
   2.9301993202210235     
   2.9475149271605798     
   2.9810518164952016     
   2.9833159792066510     
   2.9896974597659325     
   2.9969977908838574     
   3.0088397456409202     
   3.0954114889170090     
   3.0964241897838067     
   3.1281170179961673     
   3.1552927721311819     
   3.1690271634407430     
   3.1706128829053308     
   3.2089684487427150     
   3.2395550312081562     
   3.2417450119196727     
   3.2724742874331132     
   3.2815494535063232     
   3.3138381457742541     
   3.3225697256915230     
   3.3340827651879881     
   3.3433579924495058     
   3.4384933334402401     
   3.4511075025522637     
   3.4596157400752450     
   3.4782272437361956     
   3.4789616256419476     
   3.5413029513510823     
   3.5626959580022679     
   3.5774640374412603     
   3.6673466868567997     
   3.6819176118007895     
   3.6922860004958817     
   3.7057667537882213     
   3.7711085588442432     
   3.7882493158047708     
