 beta=   0.0000000000000000     
  -5.2688343069138776E-015
  -3.2146625491330265E-015
  -4.7198841561683213E-016
  -3.3484969084068844E-016
   1.3699297929962515E-015
   1.8768314232489618E-015
   3.9630952891735793E-002
   5.0029165037769552E-002
   6.8062549648866821E-002
   8.6975303834897252E-002
   9.8320846376322657E-002
  0.10161464585051459     
  0.10437912282049931     
  0.10589780625875116     
  0.11208634598540833     
  0.11546839445164929     
  0.11993586281093546     
  0.12552113500683279     
  0.12939923444479301     
  0.13190713883192734     
  0.13683849374118018     
  0.13984645429250797     
  0.14109266430860343     
  0.14217784709006295     
  0.14403244025722428     
  0.14607585952811239     
  0.14651887516353640     
  0.14833607521129966     
  0.15052844804473714     
  0.15097905427441996     
  0.15171633841928986     
  0.15295607292835928     
  0.15532986864863521     
  0.15780644380606879     
  0.15957091385600775     
  0.16048756912838166     
  0.16181816053730286     
  0.16515085104350655     
  0.16787183425201316     
  0.16900256377377129     
  0.17191679782867120     
  0.17444279207666097     
  0.17761859635112756     
  0.17873407538327507     
  0.18064569441675457     
  0.18203703227246551     
  0.18598334282783244     
  0.18740385628444398     
  0.18906146431936863     
  0.18981191531476846     
  0.19039746766794563     
  0.19275486485150908     
  0.19307745693169345     
  0.19517936461306223     
  0.19621335959314418     
  0.19761450661758870     
  0.20148397323488257     
  0.20504957065430554     
  0.20536661870206280     
  0.20628105472827699     
  0.20807189340958701     
  0.20820175336504199     
  0.20912592585302586     
  0.21189344100969615     
  0.21277325158223379     
  0.21303882429261839     
  0.21606819469355498     
  0.21629063311396676     
  0.21748661838260006     
  0.21858465147948158     
  0.21954369563002371     
  0.22136347255406427     
  0.22182662442058915     
  0.22299047290558408     
  0.22360192932145856     
  0.22649341540168058     
  0.22733273896023590     
  0.23040238160157159     
  0.23197294695392048     
  0.23292778383428411     
  0.23401213807903085     
  0.23467494382323908     
  0.23601739147571976     
  0.23875544940334620     
  0.23975932376836337     
  0.24003738987293743     
  0.24200509023177419     
  0.24391889032366718     
  0.24604792312443161     
  0.24711947133312095     
  0.25030315844047291     
  0.25134545728465740     
  0.25285475369839316     
  0.25409899652709927     
  0.25456080113276924     
  0.25731127488167221     
  0.25758127392669000     
  0.25852955332028721     
  0.25975296677918075     
  0.26131938146770139     
  0.26218238625599732     
  0.26615956601949309     
  0.26677010523508204     
  0.26971037754626254     
  0.27017965910965924     
  0.27329238766951469     
  0.27371135378960143     
  0.27503609828417203     
  0.27595361075091185     
  0.27625106052377518     
  0.27766348050192363     
  0.27848026135670867     
  0.28114953881302995     
  0.28206325331860838     
  0.28331875827557279     
  0.28407553596993562     
  0.28598814601799150     
  0.28685872436755522     
  0.28771921823437951     
  0.28903999819070514     
  0.29027464528015395     
  0.29054188377044704     
  0.29212640207602381     
  0.29285678093036593     
  0.29495763604494241     
  0.29572363461169121     
  0.29669618367175726     
  0.29758619224219796     
  0.29826398376835017     
  0.29904503089870832     
  0.30129949146091589     
  0.30192315662052593     
  0.30266967077825058     
  0.30355878866315128     
  0.30405144500454134     
  0.30511103544188545     
  0.30613874948866882     
  0.30677277478074799     
  0.30789721302092038     
  0.30925434193051893     
  0.31063965988983999     
  0.31156274419775276     
  0.31272701318161444     
  0.31336734421135148     
  0.31470863721507480     
  0.31609502363996106     
  0.31640363865855259     
  0.31711090184887009     
  0.31869188269332427     
  0.31930440491308026     
  0.32060156423378883     
  0.32164263683323568     
  0.32281931198957464     
  0.32373614270062512     
  0.32451090649666431     
  0.32545711770990776     
  0.32576795884215110     
  0.32722957883621878     
  0.32880296004562554     
  0.32914347794011239     
  0.33030460282677193     
  0.33197665916317443     
  0.33344531825244023     
  0.33415579092729292     
  0.33547414534954956     
  0.33608628341377716     
  0.33682437311487273     
  0.33809136268974416     
  0.33822922626438195     
  0.34018048373778859     
  0.34060066170550296     
  0.34132593683448198     
  0.34245195937812950     
  0.34486619856664391     
  0.34569869662419467     
  0.34639064094042760     
  0.34723836366746119     
  0.34765664727502760     
  0.34862712185662559     
  0.34904597480101734     
  0.34970497819399504     
  0.35087338619624597     
  0.35126009008483872     
  0.35188539017529935     
  0.35332542286307417     
  0.35373920658766767     
  0.35459320920442805     
  0.35546045384827174     
  0.35573190531236420     
  0.35684010628542318     
  0.35777451597424298     
  0.35883643721142799     
  0.36017737150205892     
  0.36140454618833112     
  0.36252131011363004     
  0.36362903899475446     
  0.36372248067700796     
  0.36551261209101510     
  0.36619310799853727     
  0.36724280227987882     
  0.36789043472862631     
  0.36933327622992973     
  0.36991603067865481     
  0.37011035081925081     
  0.37169278160913516     
  0.37240176053604990     
  0.37288081942701234     
  0.37451736559783771     
  0.37515368855070569     
  0.37647335718285757     
  0.37757494581235124     
  0.37815467983291839     
  0.37866252142544454     
  0.37906958959713472     
  0.37972173202487142     
  0.38124848054638905     
  0.38139535771599076     
  0.38267898256903587     
  0.38312524146858529     
  0.38470928096969154     
  0.38514875891680062     
  0.38576120550341231     
  0.38598453131698807     
  0.38732296915757808     
  0.38858905909328717     
  0.39046248838570957     
  0.39125979737538791     
  0.39169362546355080     
  0.39323390919799900     
  0.39411032743680030     
  0.39449445670286615     
  0.39496243723466851     
  0.39637195643709544     
  0.39720008464369549     
  0.39894055515322496     
  0.39996245403530933     
  0.40015345496486276     
  0.40194390303453337     
  0.40225890294502964     
  0.40338413196237866     
  0.40566133326612075     
  0.40657142742448915     
  0.40712481683610813     
  0.40799388471417297     
  0.40893148236187604     
  0.41037556342126613     
  0.41197420384632927     
  0.41268421707732028     
  0.41377766537813582     
  0.41485046228543787     
  0.41549470307027014     
  0.41660180747659742     
  0.41779460631180532     
  0.41861093516696302     
  0.41902476294697727     
  0.42081561972484527     
  0.42267710881274589     
  0.42348866011698294     
  0.42588656182921120     
  0.42653903512835756     
  0.42871029366215557     
  0.42961876246976810     
  0.43036544766493207     
  0.43143433810594872     
  0.43380635192576694     
  0.43398377306270097     
  0.43597372214790248     
  0.43694124808657475     
  0.43710862365377789     
  0.43867233313238901     
  0.44013013157877312     
  0.44330369111338797     
  0.44635623898763760     
  0.44647914979366382     
  0.44878008803454389     
  0.44968497905699245     
  0.45177196810828618     
  0.45381219618447100     
  0.45548534115041134     
  0.45664336351151058     
  0.45737028299257343     
  0.45759929436860547     
  0.45878400147878473     
  0.46090393975159455     
  0.46384545963800988     
  0.46498383123440817     
  0.46649741776739734     
  0.46708392885417666     
  0.46902699035960171     
  0.46920627197571696     
  0.47161303593143566     
  0.47384653096631585     
  0.47397018380545386     
  0.47623288532333902     
  0.47779526378410159     
  0.47959585777401093     
  0.48101233352938982     
  0.48274013772068869     
  0.48547313063615793     
  0.48832386177698056     
  0.49024985683344324     
  0.49191366086297073     
  0.49242056744420915     
  0.49825606346445378     
  0.49997633862784768     
  0.50221410226443419     
  0.50500660364105332     
  0.50743536319210070     
  0.51014058680570296     
  0.51259290245552724     
  0.51459038254779432     
  0.51796976878180889     
  0.51945646595541151     
  0.52284659758073082     
  0.52549567686640131     
  0.52832524730979047     
  0.53126109865237925     
  0.53260317150339154     
  0.53496751589412950     
  0.53795184355686798     
  0.54056444232381884     
  0.54459202775842963     
  0.54777829824732527     
  0.54875847962791680     
  0.55157565410666065     
  0.55300880591966728     
  0.55597468738895706     
  0.55675714640827745     
  0.56035816640244507     
  0.56262849271599336     
  0.56465420217134643     
  0.56530905086067773     
  0.56744886246600990     
  0.56960948960588698     
  0.57293342824914328     
  0.57381526039595332     
  0.58051852434708029     
  0.58220534359409526     
  0.58393984276869648     
  0.58524630204182659     
  0.59073698498632077     
  0.59816059004764077     
  0.59894524280223338     
  0.60573988531431988     
  0.60625645454025279     
  0.60924394223321454     
  0.61166014776447986     
  0.61363435448343262     
  0.62049714660006927     
  0.62518416982608471     
  0.62757125905787536     
  0.63094486472869626     
  0.63576277134341896     
  0.64086705622345597     
  0.64407076259052354     
  0.64532410975836163     
  0.65288861999501957     
  0.65981767838169336     
  0.66515087831994224     
  0.66695978048323523     
  0.67366793946727088     
  0.67686689160991331     
  0.67917270812803321     
  0.68602458112429299     
  0.68756976549214111     
  0.70202530266090191     
  0.70918546417216621     
  0.71503032248236975     
  0.72178465410463855     
  0.72604574893362062     
  0.73139915427340896     
  0.74453933013836282     
  0.75018272615580783     
  0.76044574152455913     
  0.77824299654028883     
  0.79177004462912282     
  0.80700007875959134     
  0.82206949501307403     
  0.82610132744978815     
   1.0979666753462001     
   1.1004532371509295     
   1.1247158253915523     
   1.1386999239025981     
   1.1619408619418716     
   1.1862614925437893     
   1.1980632015187553     
   1.2244620181241115     
   1.2319156930618531     
   1.2477624197691601     
   1.2684169488098325     
   1.2866254839162432     
   1.3058175790971986     
   1.3086790414100726     
   1.3260230719242123     
   1.3272447418520792     
   1.3402352185955959     
   1.3723465633165330     
   1.3933537747082643     
   1.4135669182703574     
   1.4231908619402016     
   1.4333047840382844     
   1.4435844389270343     
   1.4505125521274029     
   1.5044352259462761     
   1.5231039259773054     
   1.5285593929193033     
   1.5860401237665371     
   1.6005456747685860     
   1.6098572774045663     
   1.6200711617025165     
   1.6627328369145253     
   1.6780923884034540     
   1.7144896935648584     
   1.7605058773590427     
   1.7768992723480805     
   1.7858606955826886     
   1.8006117806640887     
   1.8122339917594474     
   1.8154395231307112     
   1.8687784268857206     
   1.8770273009630292     
   1.8866065367448794     
   1.8970606323073489     
   1.9163926449926592     
   1.9222982046275636     
   1.9451900907757214     
   1.9583005053413478     
   2.0173706577143831     
   2.0462202074263516     
   2.0534066619487592     
   2.1016663132937401     
   2.1088479455457438     
   2.1105112884272144     
   2.1184944212197574     
   2.1255795373942936     
   2.1301691281030779     
   2.1428062785746609     
   2.1567893251250028     
   2.1609836857002978     
   2.1613999793751209     
   2.1866720893633733     
   2.1879230120087603     
   2.1916349625043994     
   2.1957830923952590     
   2.1969193206027389     
   2.2001771664030918     
   2.2014883162565444     
   2.2028410045425049     
   2.2130088237538503     
   2.2144460832623043     
   2.2175102572308005     
   2.2190373855839702     
   2.2231790049013376     
   2.2302219896865982     
   2.2304315191453021     
   2.2306705029232639     
   2.2351356673414458     
   2.2389817261347971     
   2.2563412347042067     
   2.2596717110212405     
   2.2634186601296449     
   2.2662939179884809     
   2.2698860558623828     
   2.2700288814471374     
   2.2740153572835609     
   2.2790363880660394     
   2.2855067541435035     
   2.2999843749153697     
   2.3026793729404451     
   2.3041074994112987     
   2.3121070958788663     
   2.3135158190780256     
   2.3173539898510263     
   2.3199061257451743     
   2.3226454673583046     
   2.3250302341319689     
   2.3263738516136008     
   2.3288056118456306     
   2.3495355464820773     
   2.3528500479582135     
   2.3549918079475467     
   2.3696039021107724     
   2.3784443367446686     
   2.3802655470799565     
   2.3895181674007002     
   2.3928373834499532     
   2.3968097567813773     
   2.4011548680764574     
   2.4034668199713916     
   2.4181492378561691     
   2.4198014585712464     
   2.4273181793133634     
   2.4348527575534940     
   2.4441432583584946     
   2.4486092847420227     
   2.4570354789605342     
   2.4608195289272548     
   2.4694508836798841     
   2.4793060757327692     
   2.4821102388825920     
   2.4893873746555273     
   2.4910154790976673     
   2.5057615931744768     
   2.5104501086352813     
   2.5164290492900232     
   2.5298995081442719     
   2.5345659152373106     
   2.5407943309176027     
   2.5440604811686724     
   2.5457468465334783     
   2.5491205620398594     
   2.5514813760210777     
   2.5533236872084646     
   2.5562036148278895     
   2.5718055313257202     
   2.5873414440279432     
   2.5894094054973427     
   2.6112868919837209     
   2.6224928531788074     
   2.6459163758716726     
   2.6554496774707732     
   2.7354655956177742     
   2.7869590199649767     
   2.8503657474685649     
   2.8514083166277557     
   2.8667808822180243     
   2.9321754920257668     
   2.9342546513837653     
   2.9423905659257801     
   2.9449532852187819     
   2.9500457934846511     
   2.9819316369124733     
   2.9945422421540657     
   3.0039073372218499     
   3.0141987349016168     
   3.0699204976205929     
   3.1352537169844790     
   3.1358368991927330     
   3.1805226049416522     
   3.1997210750196068     
   3.2409771679451929     
   3.2442116311004199     
   3.2555251854730720     
   3.2882414660362906     
   3.2885936135997533     
   3.2976028430946434     
   3.3261727598934794     
   3.3412837474816017     
   3.3503757225178470     
   3.3748577657217700     
   3.4412672076281110     
   3.4600643115525251     
   3.4636993749652478     
   3.4765677194178020     
   3.4851818780272130     
   3.4948023659835892     
   3.5921171440908282     
   3.6127748737985792     
   3.7044871491280280     
   3.7064283547391836     
   3.7174455301262870     
   3.7223992094450082     
   3.7324575424915616     
   3.7416261789197232     
