078	003
005	078
079	005
009	006
030	009
029	009
011	028
028	011
012	044
013	026
014	026
026	014
016	024
017	024
024	017
019	022
046	021
023	044
044	023
025	042
042	025
027	040
040	027
029	038
038	029
090	039
041	088
088	041
043	086
045	084
083	045
054	050
054	050
053	050
055	051
056	052
057	053
058	054
061	057
062	058
063	059
064	060
065	061
066	062
066	063
129	066
068	125
072	069
071	069
148	070
151	071
071	149
073	151
073	151
076	087
077	087
087	077
079	085
085	079
081	083
085	081
150	089
094	091
093	143
143	094
099	095
095	139
096	141
099	096
100	096
097	138
101	097
102	098
103	099
103	099
101	209
101	209
106	103
107	104
111	108
112	108
113	109
114	110
110	270
115	111
147	111
116	112
116	112
117	113
118	114
119	115
115	146
120	116
198	116
120	117
121	117
122	118
118	147
149	118
123	119
124	120
125	121
125	122
126	122
127	123
127	124
128	124
129	125
131	126
130	127
258	127
160	130
130	160
130	161
130	162
132	158
158	132
133	194
135	133
133	152
134	194
156	134
134	156
140	135
139	135
140	137
138	204
152	140
142	150
150	142
144	148
145	148
148	145
147	145
145	147
157	154
161	164
164	161
167	189
189	167
178	175
179	176
177	213
177	216
197	178
178	204
183	180
184	180
184	181
185	181
186	182
188	182
256	182
256	182
187	183
183	188
190	193
193	190
194	190
194	191
195	191
195	192
196	192
192	253
192	257
258	192
197	193
197	193
198	194
198	195
199	195
200	196
249	196
201	197
201	197
201	198
202	198
203	199
204	200
204	201
205	201
205	202
206	202
207	203
207	203
203	232
207	204
209	204
208	205
210	207
214	211
216	213
220	217
221	218
223	220
224	220
224	221
225	221
226	222
227	223
228	225
230	225
230	229
230	249
230	249
242	231
233	237
237	234
238	276
242	238
238	276
243	239
244	240
244	241
245	241
246	242
247	243
248	244
248	244
248	245
249	246
250	247
256	250
256	250
253	251
255	252
254	252
255	252
256	253
258	261
261	258
262	258
263	259
264	260
265	261
266	262
267	263
268	264
269	265
270	266
271	268
272	269
275	272
276	273
277	273
