 beta=   0.0000000000000000     
  -4.0505420381297681E-016
  -3.2704867837741133E-016
  -2.0909065871133883E-016
  -4.3151716629832737E-017
  -3.7607023228625282E-017
   2.4081285752335496E-016
   1.3578693981273215E-003
   1.8837568988326475E-003
   2.4179393129357420E-003
   2.7660568220730249E-003
   3.6677681854581307E-003
   4.4013241854500250E-003
   4.7036841587941155E-003
   5.2229121510903777E-003
   5.4650654150610843E-003
   5.8888672208239927E-003
   6.0727123334104400E-003
   6.6365776024506287E-003
   6.8273867218194752E-003
   7.2601178998702972E-003
   8.0767502560649563E-003
   8.9121114220586488E-003
   9.1194468486928103E-003
   9.4036245533077011E-003
   9.4942155913429402E-003
   9.9805796486412638E-003
   1.0586172754511500E-002
   1.0728010590058840E-002
   1.0906777742919645E-002
   1.1192773193449921E-002
   1.2035722491639757E-002
   1.2418513048958567E-002
   1.2874504888993799E-002
   1.3024094176740289E-002
   1.3438589197394242E-002
   1.3640753252024873E-002
   1.4348180018186945E-002
   1.4378525169742152E-002
   1.6381548491540124E-002
   1.6554068894092683E-002
   1.6827582106444638E-002
   1.7266155694510985E-002
   1.7303675527578419E-002
   1.7898547167721820E-002
   1.8064960787691521E-002
   1.8376487047079934E-002
   1.9093777697945263E-002
   1.9206705054269191E-002
   1.9494403937032508E-002
   1.9916709245578677E-002
   2.0407115177759109E-002
   2.0800152656740022E-002
   2.1249939368503674E-002
   2.1554622385295721E-002
   2.1914281115812746E-002
   2.2055837000105723E-002
   2.2184296405598773E-002
   2.2785346147474392E-002
   2.3019411547803161E-002
   2.3526085017788467E-002
   2.3905507018481424E-002
   2.4182327579939735E-002
   2.4842511928690199E-002
   2.4955940019387727E-002
   2.5290787171544683E-002
   2.5571498924343520E-002
   2.5598178353467907E-002
   2.6681866762273163E-002
   2.6841029966110309E-002
   2.6932303930036577E-002
   2.7348927471384732E-002
   2.7928549690857913E-002
   2.8103111045615668E-002
   2.8324715874526896E-002
   2.8898720732336146E-002
   2.9206615077996826E-002
   2.9536202205296756E-002
   3.0437475080047377E-002
   3.0774737255269840E-002
   3.0899151590582232E-002
   3.1252244464205332E-002
   3.1452912009676398E-002
   3.1653842413754109E-002
   3.1976482411531407E-002
   3.2399970307684559E-002
   3.2638122539206095E-002
   3.3052986020002249E-002
   3.3217937486809707E-002
   3.4089829225866695E-002
   3.4130890383986361E-002
   3.4643593533963804E-002
   3.4949782612283771E-002
   3.5201958719905162E-002
   3.5459569670001793E-002
   3.6018109997028452E-002
   3.6078362686871805E-002
   3.6569147164714010E-002
   3.6951921996490236E-002
   3.7280968048113400E-002
   3.7793096935585996E-002
   3.8038846109090474E-002
   3.8275511228480337E-002
   3.8998712897518231E-002
   3.9430495659653182E-002
   3.9477550388646004E-002
   3.9951724825619636E-002
   4.0554731997988432E-002
   4.0689221079794703E-002
   4.0972441693971108E-002
   4.1235217639916888E-002
   4.1620456782052215E-002
   4.1803268084063490E-002
   4.2081842521282810E-002
   4.2308422127024396E-002
   4.2734853838250257E-002
   4.2827883667816230E-002
   4.3139517618810276E-002
   4.3388116532980241E-002
   4.3652064828218054E-002
   4.3747246335646389E-002
   4.4337133597083758E-002
   4.4648999290213473E-002
   4.4934849897419429E-002
   4.4978926116125584E-002
   4.5240369594865451E-002
   4.5672613358605563E-002
   4.5960474438382012E-002
   4.6226141568826339E-002
   4.6721246864802356E-002
   4.6871908836108339E-002
   4.7049264137992299E-002
   4.7271418883207898E-002
   4.7597373611664349E-002
   4.7860834555080126E-002
   4.8069736018706961E-002
   4.8280626152499714E-002
   4.8610297323296504E-002
   4.8644840359833887E-002
   4.8791772281399727E-002
   4.9784656585855389E-002
   4.9966390603233803E-002
   5.0239493468875532E-002
   5.0495709035152950E-002
   5.0875390345882475E-002
   5.1116909314362961E-002
   5.1320232614821923E-002
   5.1704227929840550E-002
   5.2093527050526882E-002
   5.2394271440387143E-002
   5.2540868978206388E-002
   5.2871323159931309E-002
   5.3104827098892748E-002
   5.3693219225569133E-002
   5.4001023857237006E-002
   5.4316066762611651E-002
   5.4406505096971466E-002
   5.4500942358193853E-002
   5.4869532253062243E-002
   5.5200865139586539E-002
   5.5475787702128174E-002
   5.5947332016974570E-002
   5.6024023287193331E-002
   5.6265230739339124E-002
   5.6483370738074912E-002
   5.6785007358710365E-002
   5.6858334355578348E-002
   5.7555324564480773E-002
   5.7956540336912589E-002
   5.8261145847292015E-002
   5.8446336649310274E-002
   5.8986632891434368E-002
   5.9329609044096857E-002
   5.9729963805375784E-002
   5.9952015792105413E-002
   6.0077519694363625E-002
   6.0210813187473698E-002
   6.0615455940719626E-002
   6.0663163531281900E-002
   6.1101316715779966E-002
   6.1284868124613485E-002
   6.1874352108368752E-002
   6.2394823040443768E-002
   6.2611996709045228E-002
   6.3334271422696445E-002
   6.3493224568406351E-002
   6.3753471031983366E-002
   6.4245860256311016E-002
   6.4502351564942537E-002
   6.5201180942080550E-002
   6.5645414731722820E-002
   6.5758304800341977E-002
   6.6399745064046417E-002
   6.6443009073606368E-002
   6.6842014084179127E-002
   6.7060263236898288E-002
   6.7421053598648140E-002
   6.7983921591673824E-002
   6.8387232376301982E-002
   6.8836479236299611E-002
   6.9007718922243735E-002
   6.9262202565303119E-002
   7.0125810005928393E-002
   7.0280936845527095E-002
   7.0747023300124418E-002
   7.1144212254623349E-002
   7.1359779437855458E-002
   7.1687054959459304E-002
   7.1937701515366853E-002
   7.2601407326970693E-002
   7.3171565946381287E-002
   7.3456374809776973E-002
   7.3677661009376658E-002
   7.3782772896891627E-002
   7.4329162433741408E-002
   7.5163452640104975E-002
   7.5242151310338762E-002
   7.5952709691593304E-002
   7.6462336316343152E-002
   7.6674392354413909E-002
   7.7405786778750957E-002
   7.7585586574135931E-002
   7.7857004572497085E-002
   7.8993714894644310E-002
   7.9094621713928490E-002
   7.9606314379728066E-002
   8.0039520702557779E-002
   8.0182247900999218E-002
   8.0504713669791408E-002
   8.1954910867781339E-002
   8.2526139310060684E-002
   8.2801934875694164E-002
   8.3409102583430830E-002
   8.3604228167126843E-002
   8.3950308074417071E-002
   8.4545863586105052E-002
   8.4986036768809392E-002
   8.5635454173214692E-002
   8.6501328184506593E-002
   8.7907995860133148E-002
   8.7939331558621450E-002
   8.8860326733820674E-002
   8.9508931492037508E-002
   9.0441595047344545E-002
   9.0948568034081190E-002
   9.1892991562478765E-002
   9.2271420795812631E-002
   9.2662094967631989E-002
   9.3614068135121353E-002
   9.4435940098061208E-002
   9.4985534425544527E-002
   9.5507947958702696E-002
   9.6020583308427693E-002
   9.6872807453450005E-002
   9.7172348700912126E-002
   9.8313314331581594E-002
   9.9116187651601878E-002
   9.9273385256833560E-002
  0.10022232201509197     
  0.10123796633169131     
  0.10249753767262486     
  0.10262044627935986     
  0.10341843994098060     
  0.10370119769607537     
  0.10440230045772121     
  0.10611449892764938     
  0.10682143644608617     
  0.10782992245944399     
  0.10795805054265656     
  0.10937816383614522     
  0.11136597216974965     
  0.11172116337679885     
  0.11424788526311978     
  0.11635245405753417     
  0.11697756387530915     
  0.11883959363089232     
  0.12223790551197168     
  0.12497129378921563     
  0.12819875175147866     
  0.13042042335201795     
  0.13220888924977117     
  0.13266516449918400     
  0.13719644160739713     
  0.13953312481296978     
  0.14215046933004899     
  0.14370829050287667     
  0.14531317784487260     
  0.14551724353014042     
  0.14634889277614355     
  0.14803464782216480     
  0.14929288032620075     
  0.14968110312407662     
  0.15011123897533304     
  0.15144094308789402     
  0.15422935885918063     
  0.15467156833064427     
  0.15847356949770969     
  0.15902713923510994     
  0.16691333324012730     
  0.16987199705905365     
  0.17239042337011265     
  0.17447693055224567     
  0.17974426663367118     
  0.18515059192667849     
  0.18711446116453329     
  0.19279506039380240     
  0.19407997228539117     
  0.19607659274877925     
  0.19790277509369433     
  0.20164975336727617     
  0.20428778313690882     
  0.20626485927606350     
  0.21029655055292037     
  0.21077191189041605     
  0.21629483545788192     
  0.21876098572031646     
  0.22293764806747846     
  0.22357438025943643     
  0.22865651529140982     
  0.22913718015189269     
  0.23149180567746816     
  0.23317320742748138     
  0.23418178947325463     
  0.23627215911439131     
  0.23698171294701884     
  0.23807991071242324     
  0.24047143547564731     
  0.24197044817799690     
  0.24423286727531521     
  0.24571786370576243     
  0.24647912032714273     
  0.24697180803177840     
  0.25148182009603776     
  0.25221973172063866     
  0.25496842709709705     
  0.26019849413211793     
  0.26113004214535473     
  0.26299342216118887     
  0.26390754818793533     
  0.26827079442180657     
  0.27052797705178083     
  0.27172636514652254     
  0.27308376297244374     
  0.27444335868718644     
  0.27458291786964867     
  0.27497901464320068     
  0.28031628593304314     
  0.28310329191011491     
  0.28512500250392292     
  0.28652972846112834     
  0.28796197982572297     
  0.29053039073299408     
  0.29231162382907699     
  0.30124942037891794     
  0.31263496492403442     
  0.31743877654915054     
  0.31902179806808328     
  0.34125880786528678     
  0.34327430321767788     
  0.34994747735674164     
  0.35244931451278311     
  0.35565571533390933     
  0.35690586660808293     
  0.35921662157253215     
  0.36321239768098917     
  0.37138741457669361     
  0.37763915271047871     
  0.37783486445124720     
  0.40198479438013246     
  0.45753412273570121     
  0.46227738211127833     
  0.46673679948499508     
  0.48192351023653901     
  0.48785166847228278     
  0.49121234191677293     
  0.52795899076761055     
  0.53371445419283303     
  0.57315173143955656     
  0.57592757331699329     
  0.61210962257544166     
  0.61362438255545826     
  0.75936854453826019     
  0.78322757574421487     
  0.79038170767471616     
  0.79934787938401552     
  0.80831956948838779     
  0.81540580197827617     
  0.81954358562418550     
  0.82700989758867061     
  0.84545547889796502     
  0.93683111594871027     
  0.96142849189099533     
  0.99961173939939585     
   1.0226578772071733     
   1.0409143096400244     
   1.0472911899192507     
   1.0580800059752580     
   1.0868307322274067     
   1.0946670430955405     
   1.1064122934555831     
   1.1302082568375502     
   1.1373333321552743     
   1.1603185982304203     
   1.1959273961597563     
   1.2098783747825732     
   1.2348138326987788     
   1.2585440395266292     
   1.2706490996722779     
   1.2909321993984573     
   1.2926342543034448     
   1.3247696348695446     
   1.4087190759939681     
   1.4157801767050189     
   1.4555776932592874     
   1.4557675632242566     
   1.4680290488843808     
   1.4722714775658408     
   1.4769135692935254     
   1.5070231058430703     
   1.5649501960634311     
   1.5675985454930432     
   1.5761999821945860     
   1.5814767886402752     
   1.6129317240149221     
   1.6201815229540657     
   1.7020031073745150     
   1.7093369562889562     
   1.7138195879466012     
   1.7414025934141437     
   1.7463688282648744     
   1.7483739019366675     
   1.7671955307953946     
   1.8259497274862369     
   1.8338761487768240     
   1.8504608366207476     
   1.8588723457954026     
   1.9096196063462738     
   1.9163138554934200     
   1.9376491090532719     
   1.9433087941805534     
   1.9443492097857964     
   1.9489627103393448     
   1.9537130192670757     
   1.9555807931483205     
   1.9652908717114337     
   1.9699099551312895     
   1.9786972865549712     
   1.9810482742280100     
   1.9859628039629429     
   1.9893118260846800     
   1.9946987412244959     
   1.9957678810856527     
   1.9980159211011490     
   2.0166807363731869     
   2.0238314556760231     
   2.0249726372503827     
   2.0267921055465212     
   2.0296715219774444     
   2.0321637274948730     
   2.0349562497486469     
   2.0355602743336370     
   2.0407257433605834     
   2.0408640170192931     
   2.0509678713409079     
   2.0567060797965149     
   2.0575063916440590     
   2.0581182419304702     
   2.0605869347193888     
   2.0615900122369109     
   2.0664309778163541     
   2.0687360960651087     
   2.0702265787002272     
   2.0757089350916633     
   2.0805348301529807     
   2.0854149301163978     
   2.0854622167598915     
   2.0949788551650963     
   2.1045721112264224     
   2.1104677124154105     
   2.1108200489223092     
   2.1153115938081588     
   2.1309408934332903     
   2.1316623037446725     
   2.1366019692938711     
   2.1399425767318143     
   2.1430824966239244     
   2.1470449706245458     
   2.1495774969881376     
   2.1581398954176243     
   2.1758777495403692     
   2.1782078665507631     
   2.1862633061933767     
   2.1909269899493165     
   2.2014150703488427     
   2.2057540015929513     
   2.2129787045572713     
   2.2133185026126143     
   2.2183350531237398     
   2.2209938893457584     
   2.2247191596006797     
   2.2429094964402942     
   2.2458999497668044     
   2.2506312115439719     
   2.2540420239248227     
   2.2559911787572382     
   2.2627265206314853     
   2.2643607324396116     
   2.2684673905096919     
   2.2730134590234363     
   2.2783960057711341     
   2.2865733842484479     
   2.2942924133134883     
   2.3123580762915990     
   2.3202538065546525     
   2.3729715934665996     
   2.3826182468274659     
   2.3967905495995563     
   2.4019709800789628     
   2.4176470250219508     
   2.4194960630129918     
   2.4195603481261623     
   2.5451518482378646     
   2.5509477482920766     
   2.5680274302470627     
   2.5698647165864408     
   2.5752214540971012     
   2.6013163729529389     
   2.6271143370488086     
   2.6574281284987662     
   2.6678935329463758     
   2.6840099777910269     
   2.6856627144112077     
   2.6882325860896099     
   2.6929419180781289     
   2.7234257003168980     
   2.7724337460582973     
   2.8570091259122496     
   2.8576572576558932     
   2.8581839184242837     
   2.8879172398976634     
   2.9046449707538731     
   2.9288332999894107     
   2.9785205170246227     
   2.9937391544352709     
   3.0034253253976968     
   3.0095517966379042     
   3.0192950644225873     
   3.0452876052447695     
   3.0462694149699585     
   3.0542071088337281     
   3.0782064197903383     
   3.1225056659256167     
   3.1616816219581088     
   3.1868956551103755     
   3.2073550352257238     
   3.2132446114803637     
   3.2825292532416208     
   3.3274664991352556     
   3.3343950078596949     
   3.3400890750687720     
   3.3467079279192382     
   3.3482147086035488     
   3.3538980940709076     
   3.3629686483676982     
   3.3771290640863518     
