           7  0.36493313871103117        9.4350008047418244E-005
           8  0.14194860067740206        1.2712301710903794E-004
           9  0.30256792402139693        1.8726399541497556E-004
          10  0.25726310545233161        3.3837271624715081E-004
          11  0.32015572758136074        4.3315238821337401E-004
          12  0.27942215817461163        4.9248947568615456E-004
          13  0.29854607969011188        6.1016153674034511E-004
          14  0.31864892136174910        8.0635176492014455E-004
          15  0.55719685503159788        8.8114223124789368E-004
          16  0.21813766838696544        1.0013464018859039E-003
          17  0.19138113611470545        1.0329229777821048E-003
          18  0.30885919853660632        1.1068352448281686E-003
          19  0.32250851941211622        1.1182799256523033E-003
          20  0.29228417576332710        1.2963104505680583E-003
          21  0.28874155293136500        1.3945917183653617E-003
          22  0.17226009466869349        1.4577264255819854E-003
          23  0.38127864288757524        1.5143499100797762E-003
          24  0.50406129904647401        1.5749804238781131E-003
          25  0.26336842869013410        1.6602973497892551E-003
          26  0.32012961233083420        1.8165307561746474E-003
          27  0.39261929390775913        1.9152244955985792E-003
          28  0.26026261466095457        1.9551894192793096E-003
          29  0.13869629951811902        2.0714500535473925E-003
          30  0.34100386914695857        2.1840431972420214E-003
          31  0.39696152007614621        2.2719427882477842E-003
          32  0.25307168581185108        2.4423039746442267E-003
          33  0.18286319262673589        2.7166736406812604E-003
          34  0.60485833099131336        2.7619773639997128E-003
          35  0.25885366321361858        2.8742573432498884E-003
          36  0.61805446671900122        2.9070567720067332E-003
          37  0.42420299582566934        3.0782682956009837E-003
          38  0.40317038197298055        3.1932649293755122E-003
          39  0.54546508130063853        3.3341906778461220E-003
          40  0.41225910235051971        3.4764224486316430E-003
          41  0.49999595869440261        3.6106823437188442E-003
          42  0.61185286994202925        3.7825399579938948E-003
          43  0.57642303658893324        3.8596575754562350E-003
          44  0.42693561725143503        3.8813815541815610E-003
          45  0.52005245493245278        4.1308847813049249E-003
          46  0.60449896073531662        4.2997098516152927E-003
          47  0.36925087585565519        4.5371001672427289E-003
          48  0.29823533988272793        4.6801780156041587E-003
          49  0.49242349884407621        4.8689219714197502E-003
          50  0.44275354139473716        4.9426541196173077E-003
          51  0.53659591670472429        5.0007846558723645E-003
          52  0.29508106581542248        5.1192105758947155E-003
          53  0.35304256676425494        5.1534877145438043E-003
          54  0.63295476053575683        5.3742423174463873E-003
          55  0.54784104012113910        5.4276596876295562E-003
          56  0.61030897666151751        5.4700150430271998E-003
          57  0.54619315839584359        5.6937182943235269E-003
          58  0.59539888793444151        5.8428007135350023E-003
          59  0.46008555059639428        6.0560303331197276E-003
          60  0.41829649009934228        6.1068636131008753E-003
          61  0.57259601483662759        6.1382093682074710E-003
          62  0.54790462401009521        6.2501176256524026E-003
          63  0.43528125618851343        6.3446865388748887E-003
          64  0.56478668291930656        6.5790717235187065E-003
          65  0.48444498260216035        6.6484335421698538E-003
          66  0.38586322004126128        6.8100179331980846E-003
          67  0.25935104011372878        6.8701116885777841E-003
          68  0.52320103041307242        7.1357992662863020E-003
          69  0.53723269743419788        7.1882408716227759E-003
          70  0.50283376582754158        7.3481593606145156E-003
          71  0.49581603407287100        7.6984087913583889E-003
          72  0.50333431189930367        7.7951318700460190E-003
          73  0.57949546143637842        7.8957796999873948E-003
          74  0.49525260663220017        8.0728805464681651E-003
          75  0.45440443969251093        8.1644420626156722E-003
          76  0.62811205708206497        8.3310908058024467E-003
          77  0.56150458975217832        8.3774745124969002E-003
          78  0.48540292342781544        8.5411334084935699E-003
          79  0.50744224856842413        8.7749757208678766E-003
          80  0.50806773925604753        9.0463179782241387E-003
          81  0.18747698868870680        9.1956785185349395E-003
          82  0.34545725079123712        9.2845614775252418E-003
          83  0.33800917782709550        9.4005853605191626E-003
          84  0.48754198605219806        9.6167470946382765E-003
          85  0.38196199599423208        9.7691408891252326E-003
          86  0.62174812750649211        9.8666648045799225E-003
          87  0.39717324063049897        9.8834299544066327E-003
          88  0.39968600869915960        1.0152362481521411E-002
          89  0.53681443435835041        1.0386157412984725E-002
          90  0.47166094722934032        1.0544264886289791E-002
          91  0.53379182172491191        1.0634108981097800E-002
          92  0.56533518318011056        1.0748789211939875E-002
          93  0.49499578890516815        1.0974752367197856E-002
          94  0.31394455302423174        1.1127886141415454E-002
          95  0.50516435988297970        1.1277632476930382E-002
          96  0.34126019017529802        1.1420622884257346E-002
          97  0.35312057338146352        1.1530212838785634E-002
          98  0.42527374228215459        1.1575743464949741E-002
          99  0.55564712636248847        1.1836546222497924E-002
         100  0.63005989813088548        1.1910192102707041E-002
         101  0.35912071674966278        1.2044098674886851E-002
         102  0.52323712444503223        1.2368465210925951E-002
         103  0.52873154910001807        1.2382275739860480E-002
         104  0.51345885512036660        1.2561983676029080E-002
         105  0.40745215394581147        1.2626579358880202E-002
         106  0.36698050315064179        1.2757878435598228E-002
         107  0.24730004318187118        1.2812055599785403E-002
         108  0.52501244377918266        1.3021697708131951E-002
         109  0.41993561847288735        1.3217643559407846E-002
         110  0.48654662591867792        1.3327659053114364E-002
         111  0.54758546472845726        1.3571724307824452E-002
         112  0.55841566657086494        1.3794169113055008E-002
         113  0.38557816939212536        1.4035787801340413E-002
         114  0.47319163635540518        1.4165628955975109E-002
         115  0.41290399826306473        1.4237020733408202E-002
         116  0.47753485443718563        1.4442899120229943E-002
         117  0.57411292071670694        1.4515258888855848E-002
         118  0.60347182819371237        1.4801363895181616E-002
         119  0.46169552266746994        1.4825396578256305E-002
         120  0.36010683912385527        1.5171376022173012E-002
         121  0.41644937118779202        1.5306238364751673E-002
         122  0.51673805869128620        1.5464402346029728E-002
         123  0.23678123250537692        1.5498785656306194E-002
         124  0.49302134441156031        1.5684310447245275E-002
         125  0.41700405034735727        1.5890228114141997E-002
         126  0.45273369066443581        1.6055183563191057E-002
         127  0.52868218630561248        1.6357841864270854E-002
         128  0.41333140530770052        1.6454108374910525E-002
         129  0.33793620052612156        1.6511216246008972E-002
         130  0.50189745256723495        1.6683034616504371E-002
         131  0.49209733350056295        1.6718198989116809E-002
         132  0.48552466051919074        1.6958617163962058E-002
         133  0.43859532958288400        1.6984319288985077E-002
         134  0.42208970064283674        1.7072372711420310E-002
         135  0.47102872472004376        1.7150159775502088E-002
         136  0.44967792450269756        1.7414102896788672E-002
         137  0.38322671158458488        1.7422886674102418E-002
         138  0.42475724180011110        1.7572745787002578E-002
         139  0.43486677274840846        1.7742447076140384E-002
         140  0.49947612555238824        1.7771625218766733E-002
         141  0.28694925643082003        1.8024009380941165E-002
         142  0.45057828199984523        1.8100037252152978E-002
         143  0.46392413257934956        1.8372164593242275E-002
         144  0.39899693669089670        1.8516041885133259E-002
         145  0.38359502002569923        1.8552228779982142E-002
         146  0.41097317780670028        1.8766099841205509E-002
         147  0.50669189050692998        1.8786002180330733E-002
         148  0.47150411927120023        1.8968120170070074E-002
         149  0.45154124192454714        1.9039511768763052E-002
         150  0.30009502881389255        1.9097211673046247E-002
         151  0.42083534331432826        1.9302753711640381E-002
         152  0.46503497155350071        1.9480168463561001E-002
         153  0.31195037972276107        1.9518496589591434E-002
         154  0.30177622493921408        1.9634579538649659E-002
         155  0.47412628438463861        1.9828394872479112E-002
         156  0.46737081076779252        1.9927486122428322E-002
         157  0.54461381394478880        2.0089051499642057E-002
         158  0.47889595864222295        2.0128293690700943E-002
         159  0.25608012345182707        2.0228724751060349E-002
         160  0.43003138071748775        2.0449180912996325E-002
         161  0.56033619425220083        2.0552137453501772E-002
         162  0.47166430072055110        2.0603888296840064E-002
         163  0.50921352465179182        2.0800852720831320E-002
         164  0.54076067401174133        2.0922451746703628E-002
         165  0.48140759048331361        2.1224424449301841E-002
         166  0.52427671448126412        2.1325074494660128E-002
         167  0.53787981858484790        2.1394062200223652E-002
         168  0.50671815693641331        2.1517823649454631E-002
         169  0.57637194432349026        2.1767539035268981E-002
         170  0.47995287883578869        2.1960084596030292E-002
         171  0.48977554655422062        2.1975434133512904E-002
         172  0.63384687568580023        2.2124038874055979E-002
         173  0.46522761484487191        2.2208329178652838E-002
         174  0.33126080067440522        2.2538423816877505E-002
         175  0.59516291632887230        2.2626021238550970E-002
         176  0.65092163406452352        2.3047550792806206E-002
         177  0.52237883359140913        2.3184619916556123E-002
         178  0.36772749697629503        2.3377340855267832E-002
         179  0.62170841456715276        2.3459759148825154E-002
         180  0.51410538597050437        2.3514064328856030E-002
         181  0.58909485747946022        2.3595336388551810E-002
         182  0.46120649560740207        2.3825314770047786E-002
         183  0.47389914060908334        2.4007077587148071E-002
         184  0.58604481253717733        2.4261211699380430E-002
         185  0.44240227819856937        2.4490592684475267E-002
         186  0.54143972822569297        2.4655915083832709E-002
         187  0.48717745123982792        2.4861187652358532E-002
         188  0.58168460211168627        2.4902180526693799E-002
         189  0.51939738647305222        2.5015030530607545E-002
         190  0.27127035807054717        2.5166768098487075E-002
         191  0.44859710042544282        2.5400097513038084E-002
         192  0.52189214213064250        2.5521493770956988E-002
         193  0.31822797036430994        2.5667035157265004E-002
         194  0.38119708181716339        2.5706046562661705E-002
         195  0.57194429620147047        2.6082808455679778E-002
         196  0.53338274377473593        2.6299707895343395E-002
         197  0.50083518610356803        2.6333061055627702E-002
         198  0.52989323178815195        2.6669362077045036E-002
         199  0.45781711314657075        2.6820644485160697E-002
         200  0.44070042598113324        2.6884074057071560E-002
         201  0.37500942048664954        2.7045042545985970E-002
         202  0.55108305532454638        2.7220911297055842E-002
         203  0.46475963029181155        2.7435201148892786E-002
         204  0.47316109994368960        2.7544371978553032E-002
         205  0.55203130603566475        2.7608468498051427E-002
         206  0.51585531629578751        2.7690584581147773E-002
         207  0.40193620642244132        2.7897380242602222E-002
         208  0.40569243727983539        2.7986821368221230E-002
         209  0.48186632201318730        2.8049550347481973E-002
         210  0.52207058512075522        2.8257836380737568E-002
         211  0.58656117252180140        2.8402360903267074E-002
         212  0.27582825225713925        2.8614206589582539E-002
         213  0.49094948702298585        2.8837679773784385E-002
         214  0.54013246294568562        2.9000534887853081E-002
         215  0.44676827387143453        2.9046395305829080E-002
         216  0.57684669672049582        2.9064185500416891E-002
         217  0.57316292068736829        2.9406973587967525E-002
         218  0.52507715795491827        2.9593813548045574E-002
         219  0.56021665700300083        2.9846733829560167E-002
         220  0.46693063659118750        3.0026242956972985E-002
         221  0.43989742375844987        3.0135859944814738E-002
         222  0.24542566883687095        3.0205262328487706E-002
         223  0.48462682506518290        3.0308203256743861E-002
         224  0.51925220621708745        3.0623659405622661E-002
         225  0.50593035731409208        3.0777134174807711E-002
         226  0.54101929399097148        3.0863225452976876E-002
         227  0.49978582563916013        3.1044025918763807E-002
         228  0.44950252997720097        3.1305638383177466E-002
         229  0.51479373326356626        3.1543710107266969E-002
         230  0.50896367737547688        3.1631622290047914E-002
         231  0.50373706369622129        3.1849114103825543E-002
         232  0.54432789006950644        3.1915595691416637E-002
         233  0.53268500982969935        3.2023409392801835E-002
         234  0.23310108504213706        3.2296380740700140E-002
         235  0.52633061336620446        3.2356221163226548E-002
         236  0.51195972509586274        3.2588256716274654E-002
         237  0.60217772905306166        3.2737737520727429E-002
         238  0.30879421634807924        3.2978632718741657E-002
         239  0.56797359287789828        3.3110926920111791E-002
         240  0.47213946023335035        3.3321184643178028E-002
         241  0.56584953529863891        3.3414825573086934E-002
         242  0.61001693013311831        3.3727618390199311E-002
         243  0.42898730158299436        3.3818230327030449E-002
         244  0.56711019029492649        3.3903821773803376E-002
         245  0.51808592338039716        3.4042670954059516E-002
         246  0.34921662775013873        3.4372101701852641E-002
         247  0.50327120855703111        3.4433899586597622E-002
         248  0.45463648402823825        3.4487414063221387E-002
         249  0.51071604015016903        3.4777437528029850E-002
         250  0.50773392128436090        3.4937973874335483E-002
         251  0.59509999277580028        3.5115283517247554E-002
         252  0.49988039982400778        3.5162466218861307E-002
         253  0.55506642059166078        3.5382518002507683E-002
         254  0.43226725003975158        3.5468760940180123E-002
         255  0.31511614368642799        3.5568391767280799E-002
         256  0.53694667658605422        3.5797151531121833E-002
         257  0.44892888413965087        3.6074413665583470E-002
         258  0.49261436845668272        3.6163751108760682E-002
         259  0.39821120400068438        3.6317385804249591E-002
         260  0.35344074388524915        3.6352828545714658E-002
         261  0.19627295329379996        3.6486978435184780E-002
         262  0.39793522653277014        3.6801816047704432E-002
         263  0.47363783121042186        3.6943367180818566E-002
         264  0.61757932459227916        3.7073825999870080E-002
         265  0.53687719579793425        3.7210844583262945E-002
         266  0.44496578948658921        3.7294439355945973E-002
         267  0.55828035744948246        3.7572116809645041E-002
         268  0.50779116907499711        3.7752104983774896E-002
         269  0.55519167343630316        3.7851514810649606E-002
         270  0.55110895987717001        3.8191582856216794E-002
         271  0.48766226637444754        3.8283617676010281E-002
         272  0.40853999023758369        3.8425565965728492E-002
         273  0.56537403264130037        3.8561243476324863E-002
         274  0.55960302308583099        3.8968534912172170E-002
         275  0.50731845221958194        3.9098254942864584E-002
         276  0.51383722348630556        3.9258296416147545E-002
         277  0.56428359612768852        3.9454925715167927E-002
         278  0.59005806346528256        3.9516558376755280E-002
         279  0.44989660037591644        3.9788105495608878E-002
         280  0.51589075272115859        3.9988588387394289E-002
         281  0.39030184378695493        4.0111838122695379E-002
         282  0.50321792744247340        4.0389806584112495E-002
         283  0.52506669455622534        4.0581907891715438E-002
         284  0.52301288386800759        4.0810581414762265E-002
         285  0.47574834821372192        4.0894243269317045E-002
         286  0.50072827141304055        4.1125993231159487E-002
         287  0.51875427568583488        4.1290907643460779E-002
         288  0.46109470054432544        4.1343525242276906E-002
         289  0.54934562344850113        4.1619165910061214E-002
         290  0.52056151505184689        4.1901864238032133E-002
         291  0.46207282631741492        4.1971646868375991E-002
         292  0.50274293493336375        4.2164809857447187E-002
         293  0.47015395777570995        4.2531347959536503E-002
         294  0.40687322699276213        4.2896261743098116E-002
         295  0.53701329832014555        4.3013541711130525E-002
         296  0.31990649796423470        4.3277644106020405E-002
         297  0.35756150907179307        4.3446111868720570E-002
         298  0.45397429181288201        4.3576094856869564E-002
         299  0.42722221079816719        4.3896323508561708E-002
         300  0.48029030884366647        4.4195479442950922E-002
         301  0.53955060837842939        4.4450824697647585E-002
         302  0.48096208064526774        4.4517934452657115E-002
         303  0.48065656003078100        4.4716951683723707E-002
         304  0.40450113476212934        4.4834041274990480E-002
         305  0.55165252029009393        4.5076450598421580E-002
         306  0.35499572046135847        4.5250381441718737E-002
         307  0.29917883718547106        4.5636442831378868E-002
         308  0.45342506022919959        4.5996047905225504E-002
         309  0.39572265237211668        4.6243661012713114E-002
         310  0.36043933904427050        4.6465720498082064E-002
         311  0.35470113913594981        4.6897803348787945E-002
         312  0.35607594939760889        4.7129219460427071E-002
         313  0.55882706444607910        4.7342908451763227E-002
         314  0.50537875622760120        4.7397678301966395E-002
         315  0.49437240937340743        4.7712648007962231E-002
         316  0.31773741916477788        4.7958506291704305E-002
         317  0.41673346786971616        4.8024279250679341E-002
         318  0.46142987656539386        4.8274893585447627E-002
         319  0.50026557068579769        4.8390484497670361E-002
         320  0.54459312145285510        4.8482235784801549E-002
         321  0.35505001774809086        4.8938997393447883E-002
         322  0.50947688713685624        4.9043254872391473E-002
         323  0.38185313002333499        4.9419829473863128E-002
         324  0.45305942359587342        4.9743886413372101E-002
         325  0.34136735157056380        4.9987348190968880E-002
         326  0.47409337752882325        5.0190013551353080E-002
         327  0.47706147751587741        5.0361745572735449E-002
         328  0.31902507062966451        5.0796341965544292E-002
         329  0.51413446932996631        5.0922842340892123E-002
         330  0.45648593193931858        5.1351254771162515E-002
         331  0.48771490551858621        5.1417115225167828E-002
         332  0.33071393929486126        5.1674898796823722E-002
         333  0.34433911472448903        5.1798730731762888E-002
         334  0.35432296664828061        5.2361484736666720E-002
         335  0.45584327976082600        5.2792806372302985E-002
         336  0.45722677096757836        5.2846400860179214E-002
         337  0.46758469102239225        5.3512905144191159E-002
         338  0.37812803963645958        5.3861084041910028E-002
         339  0.45172043516802313        5.3978567986138308E-002
         340  0.31969845996755608        5.4317794812968966E-002
         341  0.35189070026541253        5.4541281538401411E-002
         342  0.42422007863598954        5.4931161624143743E-002
         343  0.41831526325525198        5.5399193960553171E-002
         344  0.37823439954089760        5.5652911205712703E-002
         345  0.38470599099619313        5.5879147298562797E-002
         346  0.36802088263784416        5.6279414544710908E-002
         347  0.43400662971192278        5.6845423498081415E-002
         348  0.29243734576999991        5.7653432567487943E-002
         349  0.40622351015586106        5.7813677212649933E-002
         350  0.31837752631092325        5.8544266442137789E-002
         351  0.37979476774108151        5.9021382842659544E-002
         352  0.23102029997746784        5.9184458660023233E-002
         353  0.15570348235419343        5.9699451788177843E-002
         354  0.24720939890922478        6.0002331833443209E-002
         355  0.21549788022186753        6.0210881624340531E-002
         356  0.41845285822871997        6.0922500178134220E-002
         357  0.27707814947269938        6.1846598262211484E-002
         358  0.34767694288631618        6.1935130952059755E-002
         359  0.43868055078542656        6.2217650598335630E-002
         360  0.38212076646384052        6.2707025556603721E-002
         361  0.32677206774258677        6.3013739673564675E-002
         362  0.38348699434867972        6.3481936573290779E-002
         363  0.22211345618500017        6.3594681424785471E-002
         364  0.33302796306878341        6.4123200787362111E-002
         365  0.28483279515271892        6.4377942896795798E-002
         366  0.32535258930375904        6.5299492250646157E-002
         367  0.25213756059500247        6.5568118268152328E-002
         368  0.34642919850484466        6.5771754661403795E-002
         369  0.34415699515385995        6.6404039374375473E-002
         370  0.30705531536036090        6.6612155267113726E-002
         371  0.27505418466744663        6.7048242894207896E-002
         372  0.33818533702158565        6.7225572861458860E-002
         373  0.34997771144167306        6.7794704250810453E-002
         374  0.36032937692764677        6.8398332207555687E-002
         375  0.21613653434352201        6.9082068723302387E-002
         376  0.27582232953315600        6.9548169187421391E-002
         377  0.19235470271449701        7.0737519697542023E-002
         378  0.31261499426191525        7.1375427778521641E-002
         379  0.27507318234287431        7.1566049644568905E-002
         380  0.30639997184333267        7.2655722584625576E-002
         381  0.18683002362497458        7.3145376182785604E-002
         382  0.34910030013955845        7.4374649563994324E-002
         383  0.25365398117416310        7.4794540374429910E-002
         384  0.16377298063403650        7.5376119092621749E-002
         385  0.29702040279957004        7.5909914607905415E-002
         386  0.32479369931059804        7.6586054784978125E-002
         387  0.15910706761161955        7.6914149079633620E-002
         388  0.28070161934487886        7.8670590499080290E-002
         389  0.25703438917133004        8.0194157557042650E-002
         390  0.21899023089350916        8.1852586609155703E-002
         391  0.22923745393487849        8.2579283218710497E-002
         392   4.8375019798472640E-002   8.3447199215696377E-002
         393   1.7767397037818388E-002   8.5551763564850905E-002
         394   2.9275613729308231E-002   8.7295740694149471E-002
         395  0.26752924935723682        8.7615877982284582E-002
         396  0.18375578506508322        8.8241402009784670E-002
         397  0.18163990313103215        8.8626034813084592E-002
         398  0.17766618133048068        8.9780215562444421E-002
         399  0.19520623761111533        9.0397645919359060E-002
         400  0.19770561956451116        9.1519564752663873E-002
         401  0.18966930286643155        9.3924592183646016E-002
         402  0.16415669211158040        9.5018051261552050E-002
         403  0.17418024659530104        9.6493661799706643E-002
         404  0.15567450921604709        9.9733560835358573E-002
         405   5.0011436947923524E-002  0.10205836510813218     
         406  0.19287584704038599       0.10321396393616654     
         407  0.26665494660243216       0.10437124151896779     
         408  0.29005121759182756       0.10473374245455280     
         409  0.18397422550519893       0.10547971000893203     
         410   9.8698273260213312E-002  0.10767994174512110     
         411   5.8395879054010544E-002  0.10777771058095090     
         412   9.1354376557155073E-002  0.11003951320610354     
         413   5.2399084957592684E-002  0.11091132252397543     
         414  0.15942997285270810       0.11299115006359765     
         415  0.22978589328605240       0.11418712758992514     
         416   2.5889969983595471E-002  0.11460007125134651     
         417  0.20497459769796680       0.11517264383720266     
         418  0.28816608477847933       0.11743171966300635     
         419   3.1493491002829797E-002  0.11962161311965569     
         420  0.14939123312270097       0.11969291773245387     
         421  0.16880325127290832       0.12107546247040557     
         422  0.32307317617843151       0.12194075043983374     
         423  0.30081154184660075       0.12289767320614325     
         424   2.5436319856355295E-002  0.12310986614582133     
         425   4.2335670161759077E-002  0.12387385209260211     
         426   2.7310494039033156E-002  0.12496703137693800     
         427   3.1517861328544450E-002  0.12893428985194713     
         428   7.7106584275473317E-002  0.12909959031733906     
         429   8.5995074519250161E-002  0.13036304202378682     
         430  0.25741109372262694       0.13114204974920876     
         431  0.10588838082552836       0.13257030707949685     
         432  0.25349927103381692       0.13435824127784821     
         433  0.22903041046070677       0.13532355990618303     
         434  0.13885121166798020       0.13687964571980396     
         435  0.31841026609400563       0.13837443458221074     
         436   7.2258976046839923E-002  0.13933579411022962     
         437  0.30643065108618944       0.14471923893456515     
         438   8.3043533607453854E-002  0.14625087306009199     
         439  0.28554439675918386       0.14706649451668949     
         440  0.26127807036359607       0.14838349295373468     
         441  0.26964617111913186       0.14860196937060755     
         442  0.26656074900927823       0.15240012799048505     
         443   2.5920899516602782E-002  0.15340148432306225     
         444  0.25195362795148957       0.15537224905376482     
         445  0.11035756790187536       0.15720659062944445     
         446  0.14744912472916841       0.15918429662007530     
         447  0.19334696122888284       0.15949361979830154     
         448   7.5235439080570538E-002  0.16158819316597334     
         449   7.8368905940001857E-002  0.16251221883392855     
         450  0.17906438684784892       0.16323008847037310     
         451  0.11768060047225470       0.16363985886220317     
         452  0.13778320961811238       0.16687998829673406     
         453  0.18484782526553653       0.16768132426927115     
         454   8.8280983658905743E-002  0.16981113850524351     
         455  0.13908209746587485       0.17001919504884913     
         456  0.22508108932574028       0.17289893232840789     
         457  0.24780403410527410       0.17369873896872828     
         458  0.20479336009473037       0.17422348435302734     
         459  0.29557876056570009       0.17464033941837789     
         460   7.5151983944893447E-002  0.17527603810710421     
         461   6.6232274704855584E-002  0.17920255553403647     
         462  0.16138022067979049       0.17935759082300576     
         463  0.17269326013962016       0.18092536628122718     
         464  0.17633071502628506       0.18095767038016267     
         465  0.24302772353013741       0.18156266490694248     
         466  0.16892069658514824       0.18407166441611378     
         467  0.14785259158480085       0.18514155889389042     
         468   2.5253631509867144E-002  0.18567806817835825     
         469  0.24498132564740244       0.18705484498078503     
         470  0.18823510822496620       0.18769990186223406     
         471  0.22244250473238530       0.18874052792355989     
         472  0.21137882816109857       0.19104272711232970     
         473  0.24967929031630837       0.19267256574988298     
         474   7.2766382074253427E-002  0.19415194406675657     
         475  0.19497850160689115       0.19627456993236386     
         476   8.9215677468146223E-002  0.19725657807230493     
         477  0.24274688974544345       0.20082381273077926     
         478   9.9435741153352769E-002  0.20301650950808453     
         479  0.11129517841519594       0.20539978757796240     
         480  0.21139226741567657       0.20706340076156562     
         481  0.14150617367036550       0.20924819165032676     
         482   2.6730163335321584E-002  0.21028833091513652     
         483   4.8486246317559357E-002  0.21099128505809389     
         484   7.8815336070773484E-002  0.21208799928953950     
         485  0.19634112503932921       0.21732091302747628     
         486   3.5034488108009791E-002  0.21839587586062204     
         487   4.6946857956279432E-002  0.21854393527245664     
         488  0.25753494651346270       0.21993791063178553     
         489   3.4345094837640595E-002  0.22117297214930656     
         490  0.21140609999261065       0.22133496299010430     
         491  0.19997081970861369       0.22337507038342436     
         492   4.9565818227937146E-002  0.22494443109849965     
         493  0.15143722559564765       0.22673528296075349     
         494  0.13321865658908172       0.22727509325991330     
         495  0.19996557063051004       0.22814960702082029     
         496  0.15048043139376382       0.23116690700664111     
         497   3.2622161497382042E-002  0.23233357258886833     
         498  0.12748113928808202       0.23316810429232890     
         499  0.24701032852257318       0.23476972282415323     
         500  0.18128567959967368       0.23553666100295920     
         501   2.7927793698622635E-002  0.23657544329640542     
         502   6.2073395767423371E-002  0.23898868845807189     
         503   6.0349270863040406E-002  0.23987726919015007     
         504  0.22500581242369433       0.24075406024988974     
         505   3.4348380481006580E-002  0.24364055172060162     
         506   4.5748869556304674E-002  0.24516438359145357     
         507   2.4611029936485597E-002  0.24800530458092665     
         508   8.1205935398882448E-002  0.24905167507328321     
         509   7.3162368157785276E-002  0.25283902677160769     
         510  0.11081374380130546       0.25682002642914631     
         511  0.17558606103140745       0.25796090692606732     
         512  0.13248701462033644       0.25897537524157338     
         513   2.8230310402290314E-002  0.26158161805245722     
         514  0.24436184375606790       0.26254240528063899     
         515   5.3853680301197339E-002  0.26274300582988391     
         516  0.19096533105664265       0.26502902040786058     
         517  0.11139550646297394       0.26591108676766401     
         518  0.16246302014796210       0.26833346405943670     
         519   9.7548425780594625E-002  0.26946670280156204     
         520   4.0426487877101062E-002  0.27423632151942567     
         521   2.5731110343023254E-002  0.27444985749883472     
         522  0.14987565722873564       0.27860532717317427     
         523  0.12193907229562448       0.28558732327780301     
         524   5.1209765254650493E-002  0.28668025983752682     
         525  0.14703552772099079       0.28774491404391883     
         526   5.2746208833325099E-002  0.29225298931655475     
         527   5.2200285170283738E-002  0.29305429522288984     
         528   7.7293115494811201E-002  0.29928295645520847     
         529   2.8469785352764485E-002  0.30111859177648864     
         530   3.2883076999983024E-002  0.30184479773377504     
         531   9.1843440187151223E-002  0.30558846471184781     
         532  0.14901010228086176       0.30794623289846790     
         533   3.3966500145983465E-002  0.31327125263323186     
         534  0.19095373459824472       0.31812240384564211     
         535   4.6770663183083212E-002  0.32026792760496542     
         536  0.10647462457089420       0.32173267687746510     
         537  0.13296535082731054       0.32847793159850786     
         538   3.0111028011315173E-002  0.33728968533821746     
         539   4.0023750530892389E-002  0.33803004854208213     
         540   5.2236417669128406E-002  0.33903780059350475     
         541   6.1666721094096530E-002  0.33933374153015694     
         542   4.5571204744332815E-002  0.34501575183440170     
         543  0.10827129141732114       0.35005957600697679     
         544   4.0299016802797169E-002  0.36074762044419739     
         545  0.11624951917422818       0.36332420300172935     
         546   2.0242228895590384E-002  0.36503942602756029     
         547  0.14161048998823078       0.37153983261345280     
         548   9.1307800264744388E-002  0.39023336779431295     
         549   1.9665542976807723E-002  0.39932653580991823     
         550   2.7795760138887828E-002  0.40804420472825070     
         551   6.2784082786999207E-002  0.41778216202747820     
         552   5.0401992160504124E-002  0.42989045563468786     
         553   7.6730574148335257E-002  0.43855312346424130     
         554   2.3716687114366041E-002  0.44546404947115520     
         555   3.9797229304301122E-002  0.49383172798127167     
         556   2.4147164713301923E-002  0.51265235237028772     
         557   3.7462727505986400E-002  0.56709348564179318     
         558   2.0520771058013504E-002   7.8665344100772643     
         559   2.2236521802523310E-002   8.3806559735534503     
         560   2.3352181282005158E-002   8.7471921709963230     
         561   1.6409306239507333E-002   8.8529297687166579     
         562   2.2972398157438189E-002   9.2505085914315206     
         563   2.2862582579605037E-002   9.6214833678423943     
         564   1.7502595120987716E-002   10.190439807890110     
         565   1.5685321772064612E-002   10.345648083249539     
         566   1.6646087693894827E-002   10.529250431973713     
         567   1.9279665776610101E-002   10.692571811276792     
         568   2.9903002922023816E-002   10.764430657265054     
         569   1.9984123692359173E-002   10.878990125008549     
         570   1.9093548828532678E-002   10.900486271706020     
         571   1.6464366755922784E-002   11.179481433784778     
         572   2.7293205388185995E-002   11.233871783234955     
         573   2.5714944431868864E-002   11.399599087063644     
         574   1.4505182331136983E-002   11.491448945124922     
         575   2.2905601930287067E-002   11.499800175974292     
         576   1.4471985439465243E-002   11.512543329098046     
         577   3.6216370619931909E-002   11.708446509455449     
         578   1.3793447677405141E-002   12.119521233997624     
         579   1.6721330969367326E-002   12.240987053829764     
         580   1.4137160710407964E-002   12.412724841104458     
         581   3.7791242070060141E-002   12.455479576633365     
         582   1.8615265734714941E-002   12.515760490133898     
         583   1.3888845561653844E-002   12.877974078585060     
         584   2.8108669178440574E-002   13.060126792072843     
         585   1.7817047762614970E-002   13.163985662401510     
         586   1.1524744466519325E-002   13.202809605443806     
         587   2.7117767564023863E-002   13.467121238498382     
         588   2.9990487326481591E-002   13.773985539786585     
         589   3.2059532431413934E-002   13.975956409498403     
         590   1.3663069278522261E-002   14.014222793426413     
         591   1.1514708819197812E-002   14.065300114956507     
         592   1.4724258589107865E-002   14.213218890045765     
         593   2.2831372166537946E-002   14.442693025287955     
         594   3.0781206154361702E-002   14.464079510522973     
         595   3.6995037407715162E-002   14.522179979940933     
         596   2.8576413554185963E-002   14.874119713473602     
         597   1.3159871452888449E-002   15.073736111082221     
         598   2.5918945401473752E-002   15.084293961578902     
         599   1.9457752715475393E-002   15.096336551269591     
         600   4.1310753534419084E-002   15.134361931757875     
         601   2.0928709234957116E-002   15.603826897045103     
         602   3.7035770259008324E-002   15.857992314262079     
         603   3.5158798292421301E-002   15.986505077013563     
         604   1.5640084126653794E-002   16.177245836112924     
         605   2.7019736965324871E-002   16.181389118118926     
         606   1.1098933480705351E-002   16.270756138982925     
         607   2.5302529946867131E-002   16.422689464351471     
         608   3.5197434915045102E-002   16.460633734191031     
         609   2.4693050980946894E-002   16.594080396448437     
         610   3.2295436822716100E-002   16.600612581912380     
         611   3.9209665032713635E-002   16.633578779474991     
         612   1.6375558328483052E-002   16.773540821917102     
         613   1.7848006633848616E-002   16.860370037633679     
         614   1.0781451725002470E-002   16.947444339979484     
         615   2.1283877599282023E-002   17.044835328897918     
         616   1.8410364837508155E-002   17.047003884096572     
         617   1.2161161851556575E-002   17.163807981028313     
         618   1.2871200795190036E-002   17.334037041341453     
         619   4.0304059587412545E-002   17.426601764804857     
         620   1.7932965367591341E-002   17.459634724799692     
         621   2.0507811363607346E-002   17.459816674305401     
         622   1.6193014100269125E-002   17.471273945117112     
         623   2.3638637760409524E-002   17.478786045312209     
         624   3.0401740255098668E-002   17.655013472205795     
         625   1.2437729955944575E-002   17.881665815934593     
         626   1.3261463398506125E-002   18.002242558102012     
         627   1.0746146417587801E-002   18.177461791613226     
         628   1.7729424523632676E-002   18.281792513241253     
         629   1.8336457104259844E-002   18.387432804813976     
         630   2.4183173282582744E-002   18.551238873393423     
         631   1.2559392767928638E-002   18.619782140850258     
         632   2.1203344352690494E-002   18.631286790018788     
         633   1.3795843926614431E-002   18.643013899761414     
         634   1.4501239248291527E-002   18.726781351593601     
         635   1.2905225201819354E-002   18.754046846066100     
         636   2.3144017520899798E-002   18.761987352297410     
         637   2.6188051017034034E-002   18.809011606261194     
         638   3.2752400670731867E-002   18.859668178648402     
         639   2.8301826904884839E-002   18.863266385164088     
         640   2.4380515600950205E-002   18.881832170880454     
         641   1.2962656983292733E-002   18.933197171588660     
         642   2.7644797669708496E-002   18.980821333998644     
         643   4.0794197886190105E-002   19.082424494286023     
         644   3.9603383506677463E-002   19.101300280101739     
         645   2.3660128867462240E-002   19.109990305524370     
         646   3.0682246359544463E-002   19.157946119972017     
         647   2.9902498660172212E-002   19.236853820701054     
         648   2.0137738243330039E-002   19.306089088957371     
         649   4.1528903586104775E-002   19.318584013357629     
         650   2.5250811360256718E-002   19.331966591209710     
         651   4.9402367572144473E-002   19.346210588848699     
         652   3.3446316059695960E-002   19.393457331271513     
         653   1.8354564964788198E-002   19.415234549968346     
         654   6.6807587151058043E-002   19.431684044426071     
         655   3.0615439761025577E-002   19.439687120692227     
         656   2.4084679875696079E-002   19.462243141414731     
         657   1.4565256641709576E-002   19.524780760699542     
         658   1.5001324706295895E-002   19.539974468221200     
         659   3.2401100890778065E-002   19.544899478989549     
         660   2.0688101182758500E-002   19.588667919266474     
         661   2.1691201005350526E-002   19.601314810922517     
         662   3.7038939929935739E-002   19.624764957894740     
         663   7.3456645111585062E-002   19.650371108673593     
         664   3.8428420983322949E-002   19.654045747715571     
         665   2.7420505302347398E-002   19.663053688452280     
         666   5.5056123692532960E-002   19.675079739120971     
         667   2.9906675073280691E-002   19.689068537539018     
         668   3.8772863028258095E-002   19.724534914351732     
         669   1.7369902130952044E-002   19.759265523142776     
         670   2.5206349511276135E-002   19.787322987652335     
         671   2.9834300527100326E-002   19.804128612606512     
         672   4.5598568780437818E-002   19.808942280894822     
         673   5.6295316036896845E-002   19.815763272053204     
         674   1.6370472347801722E-002   19.854691161239021     
         675   4.7014299334768132E-002   19.884287309247696     
         676   2.2249888832014720E-002   19.893603614269505     
         677   1.2746981427523587E-002   19.899551871057930     
         678   1.9914931728265535E-002   19.905308179121270     
         679   5.9609495808513886E-002   19.919245714550396     
         680   5.2793625787562318E-002   19.972300109362212     
         681   3.5917059266783839E-002   19.973291813508993     
         682   3.7238705652452651E-002   19.976874471443011     
         683   2.5973735125942893E-002   19.992404795766351     
         684   1.8087471822275106E-002   19.994290328097986     
         685   4.6808319121986894E-002   20.007952497724641     
         686   6.3565126022606624E-002   20.013216707325476     
         687   3.2889437436757638E-002   20.016042520263170     
         688   1.8427706426264713E-002   20.020420633961979     
         689   1.9425212984067859E-002   20.036431815089312     
         690   2.1275000444383223E-002   20.052847658976056     
         691   1.7768402460316191E-002   20.060497664516813     
         692   2.0178302898346476E-002   20.064514732831327     
         693   5.5147261280238155E-002   20.065776863005272     
         694   1.4986257380895247E-002   20.069641413009062     
         695   1.5063844476891314E-002   20.071426501761444     
         696   2.7806600372420127E-002   20.080277119836747     
         697   2.9015254264940567E-002   20.096632963736415     
         698   3.0206281594080876E-002   20.111110103874523     
         699   5.3622353776179285E-002   20.114370888633367     
         700   6.6361350861552537E-002   20.119855758209969     
         701   3.2018639931573001E-002   20.121395819770438     
         702   8.9028474279592970E-002   20.131657206110191     
         703  0.10189839369331542        20.134477683541284     
         704   3.7011067225791144E-002   20.154359291992677     
         705   1.2827467121571517E-002   20.156702987988766     
         706   4.8252505523338707E-002   20.164524095475517     
         707   1.7755019712641814E-002   20.173633693473132     
         708   1.0600356815243300E-002   20.193974520568954     
         709   3.3166453512244322E-002   20.223029550871168     
         710   5.3702914592806086E-002   20.227910674516060     
         711   2.1008887618754069E-002   20.266715547389342     
         712   7.6461037239047319E-002   20.269713799596627     
         713   6.3989629099662979E-002   20.273252881350668     
         714   6.1379765386700619E-002   20.279870740324252     
         715   3.1735821067313090E-002   20.291853344513395     
         716   2.1449638144476198E-002   20.304863064216409     
         717   1.6877173663733664E-002   20.373344816895774     
         718   3.3288691262043590E-002   20.373738175545451     
         719   4.1465884513086256E-002   20.388594325143686     
         720   4.4705500249310297E-002   20.395646756825741     
         721   2.8619877148919230E-002   20.410543006855107     
         722   3.8410369607042243E-002   20.440939714054377     
         723   6.1898082907284088E-002   20.441933545955763     
         724   4.1062789272610298E-002   20.454918421226509     
         725   6.8884077506015245E-002   20.459363855178339     
         726   4.2638221799743477E-002   20.470660439436188     
         727   1.8914973316080864E-002   20.530805371363734     
         728   2.4315070861504771E-002   20.533892227508741     
         729   2.6528592991044160E-002   20.534649942524990     
         730   1.9879350590153624E-002   20.568515398206671     
         731   2.7639762574990692E-002   20.602706019674223     
         732   1.5986554759584992E-002   20.634957003571213     
         733   2.3614566943242671E-002   20.663892709205452     
         734   6.0148414361665112E-002   20.690453279382506     
         735   1.5824383651875100E-002   20.691828033003201     
         736   3.6487295940097288E-002   20.695893207380443     
         737   1.7679543927773579E-002   20.759581018335417     
         738   1.9730494853396473E-002   20.798605016710958     
         739   4.0389726601950740E-002   20.803279253782538     
         740   2.2404389170681899E-002   20.810316774905036     
         741   2.8631985520865048E-002   20.971662497093202     
         742   1.7881935933916845E-002   20.991842161788099     
         743   1.6561972732718477E-002   21.010547196816901     
         744   3.3701312549411958E-002   21.029745596356438     
         745   3.2842206300995859E-002   21.052982722246060     
         746   3.2224781064981819E-002   21.067537055134636     
         747   1.2747226444433119E-002   21.235577205950506     
         748   2.2129864462137737E-002   21.238046741215427     
         749   3.0709520744921958E-002   21.258050315991007     
         750   2.3640152405519869E-002   21.260677675785384     
         751   3.4710279549861264E-002   21.262444711476945     
         752   1.0317111510946149E-002   21.319499522962229     
         753   1.4092433798982409E-002   21.344604593793743     
         754   2.2817944401606761E-002   21.397244049994331     
         755   1.2800022343885362E-002   21.401522339017017     
         756   2.1550266705391133E-002   21.489405370079385     
         757   1.3558687121802741E-002   21.520346216792959     
         758   1.1918429823741293E-002   21.537442684569715     
         759   2.3606250804751608E-002   21.557239730810831     
         760   1.6499650642694697E-002   21.797478209401390     
         761   1.7645252770419902E-002   21.797904683799675     
         762   1.0068495121420756E-002   21.946708907290070     
         763   1.2584637686075097E-002   22.120386902432692     
         764   1.1603449992637812E-002   22.163477230231091     
         765   2.1910848485669657E-002   22.399680269160097     
         766   1.4870894405664567E-002   22.603351331987326     
         767   1.6717984577150284E-002   22.624320029690050     
         768   2.1732626189678549E-002   22.653172685045583     
         769   1.7470392808480381E-002   22.677624088625173     
         770   3.7987146433323640E-002   22.680325175546241     
         771   1.1780795680971203E-002   22.784687405768519     
         772   1.0981326180418426E-002   22.892654085412758     
         773   1.9479561348778478E-002   23.078839479758262     
         774   1.6352231740597974E-002   23.106615949938398     
         775   9.7037437842496885E-003   23.134880781721236     
         776   1.5613928223137098E-002   23.245309253148108     
         777   1.5056745682586062E-002   23.394344149237302     
         778   3.5881324294194966E-002   23.434082866812478     
         779   2.2028435965893444E-002   23.518346479694333     
         780   2.9746968350363098E-002   23.549335186593783     
         781   3.2056662418203118E-002   23.624631991016450     
         782   2.4166299931335993E-002   23.632209670439501     
         783   9.8041780170582214E-003   23.872737895166743     
         784   1.4409176612264749E-002   23.895769470991333     
         785   2.3914064314520495E-002   23.959363356846719     
         786   3.2161881322988521E-002   24.109160301256551     
         787   3.4918690233139184E-002   24.240033761692537     
         788   1.8473460009109516E-002   24.481748987387874     
         789   3.7402156264173897E-002   24.965268964338097     
         790   1.7936121283986795E-002   24.969829393218504     
         791   2.2572527204038292E-002   25.024300453956272     
         792   1.1367814304670274E-002   25.057582935449368     
         793   2.4630165404844123E-002   25.301465850167531     
         794   3.0727069428131106E-002   25.555653371932685     
         795   3.0152261314356353E-002   25.609604553790433     
         796   2.0658231982720682E-002   25.630499292120152     
         797   1.2662504618780993E-002   25.848564566065260     
         798   9.7081890771558450E-003   26.032714393703369     
         799   1.1448417388686259E-002   26.087464228261812     
         800   2.8850291030595443E-002   26.096495463841034     
         801   2.7065096963875847E-002   26.263099281397476     
         802   2.4879364082218393E-002   26.566637714400187     
         803   9.8473698120166934E-003   26.941653686640308     
         804   1.5400244268862943E-002   26.961117572252022     
         805   2.2723624406606063E-002   27.030983895442912     
         806   1.1524868922266788E-002   27.258699203838418     
         807   1.6256831053128910E-002   27.592681822819916     
         808   3.2216300989103094E-002   27.628280025311231     
         809   1.1545955903348714E-002   27.736270036350092     
         810   1.4035426148838577E-002   27.937312612870272     
         811   1.1229132158486725E-002   28.044514943225199     
         812   3.1967966704056626E-002   28.362299173704141     
         813   1.9013398613692153E-002   28.546300087695716     
         814   1.2114152616975063E-002   28.614048086523134     
         815   1.1792099282007975E-002   28.634639946892698     
         816   2.1169696890857088E-002   28.720667091683129     
         817   2.2853917190191218E-002   28.855960353098261     
         818   1.3158127120068808E-002   28.945921885225140     
         819   1.7654564620665669E-002   29.151335415620153     
         820   1.6243845204913353E-002   29.241752132869632     
         821   2.6680861712420151E-002   29.339027856407590     
         822   1.6158587687987988E-002   29.376468630787745     
         823   1.3367899458472140E-002   29.582954529247878     
         824   1.2393749245041450E-002   29.777980991544744     
         825   1.4775838635856676E-002   29.908731734638710     
         826   2.0451195927576830E-002   30.464762566608879     
         827   1.9354817311564528E-002   30.860487347611535     
         828   1.2640045646777662E-002   31.289897985014402     
         829   2.0489912314651398E-002   31.375588050337178     
         830   1.9888956974735594E-002   31.708442136148072     
         831   1.5733922561398352E-002   32.183765163008111     
