    1  16.29   0.000
    2  17.91   0.000
    3  23.08   0.000
    4  28.06   0.000
    5  32.33   0.000
    6  39.92   0.000
    7  40.14   0.000
    8  47.63   0.000
    9  42.86   0.000
   10  37.80   0.000
   11  38.83   0.000
   12  33.62   0.000
   13  33.82   0.000
   14  28.17   0.000
   15  22.86   0.210
   16  17.16   0.000
   17  14.22   0.210
   18  16.24   0.320
   19  12.54   1.400
   20  13.38   1.880
   21  13.91   1.840
   22  17.47   1.220
   23  18.85   1.070
   24  17.37   0.870
   25  22.12   0.200
   26  23.57   0.000
   27  29.07   0.000
   28  33.50   0.000
   29  34.25   0.000
   30  42.14   0.000
   31  41.79   0.000
   32  49.48   0.000
   33  56.03   0.000
   34  49.28   0.000
   35  53.45   0.000
   36  44.35   0.000
   37  39.90   0.000
   38  31.53   0.000
   39  27.39   0.000
   40  23.15   0.000
   41  19.01   0.050
   42  21.42   0.040
   43  18.30   1.360
   44  22.06  17.680
   45  22.40  80.070
   46  26.12 143.820
   47  27.02 126.010
   48  31.32 243.280
   49  31.60  57.440
   50  28.89   3.590
   51  27.48   0.280
   52  21.52   0.380
   53  19.21   2.520
   54  21.31   1.760
   55  17.77   0.680
   56  13.22   0.800
   57  14.49   4.990
   58  15.06   0.580
   59  10.59   1.940
   60   9.02   2.390
   61  11.91   2.360
   62   9.94   1.980
   63   6.37   2.130
   64   8.07   1.990
   65  10.56   1.740
   66   7.24   1.230
   67   6.53   0.130
   68   8.93   0.000
   69   8.54   0.000
   70  11.10   0.000
   71   7.70   0.000
   72   6.22   0.010
   73   8.29   0.140
   74  10.65   0.000
   75  13.47   0.000
   76  18.78   0.000
   77  20.77   0.000
   78  22.56   0.060
   79  29.09   0.070
   80  31.81   0.120
   81  36.79   1.180
   82  38.78   1.130
   83  30.93   2.320
   84  25.76   0.930
   85  23.86   0.440
   86  18.65   0.200
   87  20.42   0.040
   88  16.63   0.000
   89  17.31   0.000
   90  18.10   0.000
   91  14.25   0.000
   92  16.97   0.000
   93  13.22   0.000
   94   9.87   0.000
   95   6.11   0.000
   96   5.20   0.000
   97   3.11   0.000
   98   4.92   0.000
   99   7.31   0.000
  100   5.84   0.000
  101   4.48   0.000
  102   7.48   0.000
  103   9.98   0.000
  104   8.39   0.000
  105  11.93   0.000
  106  15.00   0.000
  107  12.51   0.000
  108  15.59   0.000
  109  15.23   0.000
  110  17.14   0.000
  111  13.56   0.000
  112   9.72   0.000
  113  11.16   0.000
  114  12.08   0.000
  115   8.24   0.000
  116   6.53   0.000
  117   8.47   0.000
  118   7.88   0.000
  119   4.48   0.000
  120   4.30   0.000
  121   5.84   0.000
  122   4.32   0.000
  123   2.14   0.300
  124   2.91   0.000
  125   3.42   0.200
  126   1.72   0.260
  127   0.99   0.350
  128   1.80   0.000
  129   1.67   0.170
  130   0.48   0.360
  131   0.88   1.220
  132   0.42   1.390
  133   0.76   0.730
  134   0.80   1.560
  135   0.85   1.210
  136   0.56   0.260
  137   0.69   0.190
  138   1.80   0.000
  139   2.35   0.000
  140   2.73   0.020
  141   3.97   0.000
  142   7.08   0.000
  143  10.12   0.000
  144  14.38   0.000
  145  16.85   0.000
  146  14.86   0.000
  147  16.12   0.000
  148  13.43   0.000
  149   9.03   0.000
  150   7.15   0.000
  151   4.16   0.030
  152   4.59   0.120
  153   4.02   0.760
  154   2.82   0.600
  155   4.91  11.090
  156   3.45  79.060
  157   2.52 119.990
  158   5.02 253.770
  159   5.80 277.370
  160   9.49 279.960
  161  68.34 155.430
  162  91.68 241.950
  163 344.22 171.610
  164 249.14 216.660
  165  47.64 315.940
  166  20.94 267.340
  167  17.63 250.710
  168  20.57 100.870
  169  15.96 215.590
  170  14.06 261.610
  171   9.52  77.010
  172   7.36  29.990
  173   5.68 194.080
  174   3.68  29.810
  175   1.70   3.120
  176   2.29   0.770
  177   1.25   1.200
  178   0.54   0.410
  179   1.34   0.960
  180   2.34   0.000
  181   4.85   0.000
  182   5.07   0.000
  183   3.42   0.800
  184   5.03   0.280
  185   8.20   0.000
  186   7.89   0.000
  187   5.32   1.100
  188   3.78   0.420
  189   1.65   0.520
  190   0.95   0.570
  191   0.53   0.520
  192   1.64   0.000
  193   1.22   0.500
  194   0.41   0.480
  195   1.51   0.000
  196   1.63   0.000
  197   0.51   0.380
  198   1.29   0.000
  199   2.29   0.000
  200   1.19   0.000
  201   1.31   0.000
  202   3.19   0.000
  203   2.75   0.000
  204   1.75   0.000
  205   3.85   0.000
  206   5.26   0.000
  207   3.65   0.000
  208   4.07   0.000
  209   2.04   0.000
  210   1.03   0.000
  211   0.26   0.000
  212   0.70   0.000
  213   1.71   0.000
  214   0.97   0.000
  215   2.01   0.000
  216   3.54   0.000
  217   4.63   0.000
  218   4.49   0.980
  219   7.75   0.450
  220   7.95   0.000
  221   5.36   0.000
  222   7.42   0.000
  223  10.62   0.000
  224   8.36   0.000
  225   7.39   0.000
  226  11.09   0.000
  227  13.59   0.000
  228  11.50   0.000
  229   8.77   0.000
  230   5.92   0.000
  231   3.99   0.000
  232   5.68   0.000
  233   7.64   0.000
  234   6.50   0.000
  235   9.39   0.000
  236  10.92   0.000
  237  10.99   0.000
  238  15.28   0.000
  239  15.58   0.000
  240  15.63   0.000
  241  10.95   0.000
  242   9.43   0.000
  243  11.33   0.000
  244   8.42   0.000
  245   5.56   0.000
  246   7.35   0.000
  247   7.73   0.000
  248   4.33   0.000
  249   4.70   0.000
  250   7.12   0.000
  251   8.04   0.000
  252   8.25   0.000
  253   4.95   0.000
  254   6.21   0.000
  255   8.52   0.000
  256   5.80   0.000
  257   5.81   0.000
  258   4.18   0.000
  259   3.71   0.000
  260   6.05   0.000
  261   8.05   0.000
  262   6.87   0.000
  263   8.42   0.000
  264  12.12   0.000
  265  12.34   0.000
  266  11.39   0.000
  267  14.81   0.000
  268  18.72   0.000
  269  17.46   0.000
  270  17.68   0.000
  271  23.79   0.000
  272  25.34   0.000
  273  20.06   0.000
  274  22.57   0.000
  275  23.76   0.000
  276  17.59   0.000
  277  15.03   0.000
