 beta=   0.0000000000000000     
  -1.9370333279861971E-015
  -1.7622350307909414E-015
  -1.1987473456977702E-015
  -8.8081361507575416E-016
   5.7173918438268890E-017
   2.3288184497343976E-016
   7.5257526613975868E-004
   9.5808268704190847E-004
   1.1315521291962033E-003
   1.4827463840322316E-003
   2.3510555376346359E-003
   2.4523875228958155E-003
   2.5974546340985089E-003
   2.7063552523326428E-003
   2.8408680606197140E-003
   3.0085158720565136E-003
   3.0914931572630891E-003
   3.1975863652851646E-003
   3.3181465344004108E-003
   3.3907182484739923E-003
   3.5341866844281321E-003
   3.7472701834472127E-003
   3.9427626634076229E-003
   4.0213356415778560E-003
   4.1199956522911547E-003
   4.2073548903479871E-003
   4.2855023091364752E-003
   4.4296217103951679E-003
   4.5691053371638424E-003
   4.6463918083220947E-003
   4.6788798211755004E-003
   4.7740829680481996E-003
   4.8317474775371096E-003
   5.0465238497060614E-003
   5.0483735963410287E-003
   5.0787339206536794E-003
   5.1946380130772117E-003
   5.2070882074392527E-003
   5.3160769806634561E-003
   5.4658099855591641E-003
   5.5191835912737647E-003
   5.7069929373983752E-003
   5.8816740473898801E-003
   5.9836547056826995E-003
   6.0648263977311871E-003
   6.2221991831820957E-003
   6.4304734954765408E-003
   6.5181428150006548E-003
   6.6675792032395223E-003
   6.7374704938851539E-003
   6.8203808157181137E-003
   6.8428689918518188E-003
   7.0047830963351695E-003
   7.0865917126961527E-003
   7.1260041636668076E-003
   7.1974124015148659E-003
   7.2764706302854776E-003
   7.3507004491209079E-003
   7.4999951098455933E-003
   7.5805685107424641E-003
   7.6104177463211103E-003
   7.6507300837149357E-003
   7.7062368169634951E-003
   7.7838922934545572E-003
   7.8339556186275711E-003
   7.8519603666693371E-003
   8.0323208655003579E-003
   8.0828314001587642E-003
   8.1311354918438376E-003
   8.1651471496072148E-003
   8.2443223719231209E-003
   8.3697985764026039E-003
   8.4140702417117175E-003
   8.5326440996939881E-003
   8.6416000270705690E-003
   8.6699864638267732E-003
   8.6896654150932905E-003
   8.7403000637460270E-003
   8.7853202241747318E-003
   8.8145640426864780E-003
   8.8634717571602160E-003
   8.9343637807280767E-003
   8.9598659467850904E-003
   9.0253654849057480E-003
   9.1520251614467391E-003
   9.2141566140621287E-003
   9.2757183573010729E-003
   9.3938921954439796E-003
   9.4420425587150216E-003
   9.5706272716383697E-003
   9.6520792676345057E-003
   9.6954743705572801E-003
   9.7401258405711236E-003
   9.7671725750960916E-003
   9.8028903026519659E-003
   9.9078032578618965E-003
   9.9429938545397382E-003
   1.0062350300382571E-002
   1.0114111460792979E-002
   1.0196999855698628E-002
   1.0279498781394787E-002
   1.0346241978145532E-002
   1.0388901945815874E-002
   1.0412489390836667E-002
   1.0461705217627584E-002
   1.0564167172980152E-002
   1.0610744939771464E-002
   1.0646966588316105E-002
   1.0653180177028326E-002
   1.0769407273859957E-002
   1.0882961163465708E-002
   1.0949566000153515E-002
   1.1054469948115257E-002
   1.1064915459411217E-002
   1.1138223095604858E-002
   1.1201764656813686E-002
   1.1214995948700377E-002
   1.1324126221199361E-002
   1.1381702521645741E-002
   1.1478962481577155E-002
   1.1560929758431251E-002
   1.1599243739943935E-002
   1.1662438568327497E-002
   1.1800199945413897E-002
   1.1847716336575160E-002
   1.1863996469355681E-002
   1.1959400028747482E-002
   1.1990149826554202E-002
   1.2066758692224601E-002
   1.2109355741394883E-002
   1.2164162299791897E-002
   1.2218024907788252E-002
   1.2255743595582116E-002
   1.2359487686992923E-002
   1.2450241998683269E-002
   1.2510123074140530E-002
   1.2554315131435441E-002
   1.2605422778636658E-002
   1.2706647767173705E-002
   1.2743251523952564E-002
   1.2801201594985264E-002
   1.2900924461723981E-002
   1.2908813309068980E-002
   1.3039689074709747E-002
   1.3070043241375208E-002
   1.3135864713252059E-002
   1.3233808736858546E-002
   1.3311900840865703E-002
   1.3368148814707083E-002
   1.3420516487261374E-002
   1.3501170677905882E-002
   1.3517689735834915E-002
   1.3540755873781328E-002
   1.3609646235043356E-002
   1.3662974671996923E-002
   1.3681935522365209E-002
   1.3707124186156954E-002
   1.3763206491425414E-002
   1.3821186988266253E-002
   1.3857145233616424E-002
   1.3886601832554616E-002
   1.3929318004741431E-002
   1.4001495320707026E-002
   1.4033837661963615E-002
   1.4095741828484653E-002
   1.4129083958184007E-002
   1.4177596888940720E-002
   1.4264137807053538E-002
   1.4282317531830881E-002
   1.4371516737043713E-002
   1.4406879214724321E-002
   1.4432974011961398E-002
   1.4469279502492459E-002
   1.4511539115412555E-002
   1.4543455949832050E-002
   1.4578583971817308E-002
   1.4612795466026856E-002
   1.4782640652098736E-002
   1.4820561728323739E-002
   1.4940871784501035E-002
   1.5011986059728149E-002
   1.5034046673344872E-002
   1.5095078393162494E-002
   1.5172076082365564E-002
   1.5181733396729881E-002
   1.5228476480466211E-002
   1.5285045770548065E-002
   1.5305331729381288E-002
   1.5331432701799434E-002
   1.5414779018593554E-002
   1.5459195978667128E-002
   1.5497073431951476E-002
   1.5506206634925501E-002
   1.5541205285052321E-002
   1.5607290853752703E-002
   1.5639016170117377E-002
   1.5685504993698463E-002
   1.5721560090813557E-002
   1.5754414405956593E-002
   1.5799485466828505E-002
   1.5824792926668784E-002
   1.5849115091091291E-002
   1.5914256771484180E-002
   1.5936707696034471E-002
   1.5962634186062235E-002
   1.6037749662517899E-002
   1.6070236374525360E-002
   1.6083944688142150E-002
   1.6132687261441868E-002
   1.6161919562616301E-002
   1.6222370623775174E-002
   1.6301160330336226E-002
   1.6334362556330414E-002
   1.6398651553873621E-002
   1.6434550028829514E-002
   1.6476324087948649E-002
   1.6518433304311016E-002
   1.6521445437792638E-002
   1.6600661862236583E-002
   1.6631996166237423E-002
   1.6708509921112068E-002
   1.6716060070403941E-002
   1.6759605882418479E-002
   1.6772728748147274E-002
   1.6866086232835455E-002
   1.6876676454516945E-002
   1.6914697358274472E-002
   1.6965762478392654E-002
   1.6983616511618751E-002
   1.6995966768936298E-002
   1.7014179140369321E-002
   1.7051410283747816E-002
   1.7066179307761324E-002
   1.7106598596500773E-002
   1.7259967586009513E-002
   1.7268052767457284E-002
   1.7303038266735304E-002
   1.7323866895422983E-002
   1.7376867066723006E-002
   1.7406411678557672E-002
   1.7440208561469391E-002
   1.7473605504093916E-002
   1.7483085067120738E-002
   1.7547377665884083E-002
   1.7638595118928398E-002
   1.7651939297940528E-002
   1.7691172968968751E-002
   1.7770787533907671E-002
   1.7780640281489627E-002
   1.7801720307461213E-002
   1.7860378363849162E-002
   1.7900592454166635E-002
   1.7921165508250309E-002
   1.7940941587466060E-002
   1.8001515696949844E-002
   1.8011211400613673E-002
   1.8049669580267238E-002
   1.8104635284746377E-002
   1.8114233667954532E-002
   1.8139213551797480E-002
   1.8186395210012248E-002
   1.8209310006692250E-002
   1.8242329220946457E-002
   1.8284100639310109E-002
   1.8320258266617713E-002
   1.8346571500521981E-002
   1.8387995802440642E-002
   1.8414172641635106E-002
   1.8469563688286412E-002
   1.8473583612927624E-002
   1.8534976389063425E-002
   1.8566631289253063E-002
   1.8602995894775098E-002
   1.8623281923522628E-002
   1.8657249290634646E-002
   1.8715070011841931E-002
   1.8747840190525139E-002
   1.8781980160163202E-002
   1.8798172167014113E-002
   1.8815913128652769E-002
   1.8826740124981381E-002
   1.8874344743069177E-002
   1.8918407155573840E-002
   1.8954163165438954E-002
   1.8983893870221955E-002
   1.8997749330350543E-002
   1.9043120753809165E-002
   1.9061534353742717E-002
   1.9084366127618029E-002
   1.9138919321149309E-002
   1.9167484969314717E-002
   1.9203067766246643E-002
   1.9240374944112449E-002
   1.9279448200357853E-002
   1.9300432649913140E-002
   1.9338816014355872E-002
   1.9411853933821305E-002
   1.9463824654842737E-002
   1.9502979963319889E-002
   1.9529474629481181E-002
   1.9554413420504398E-002
   1.9590945579196429E-002
   1.9634208768086098E-002
   1.9672866634567049E-002
   1.9702198389923969E-002
   1.9716318054520298E-002
   1.9759532064018641E-002
   1.9783900147977720E-002
   1.9806651489523978E-002
   1.9817521877099703E-002
   1.9885507079099685E-002
   1.9908010444597411E-002
   1.9945865931468972E-002
   1.9993242967251499E-002
   2.0026587643046705E-002
   2.0065428503559645E-002
   2.0119564477976144E-002
   2.0137616515720901E-002
   2.0172457172203805E-002
   2.0186130718796425E-002
   2.0215791725166410E-002
   2.0237349053728544E-002
   2.0255173290520997E-002
   2.0320596925111740E-002
   2.0395013424526504E-002
   2.0397593289239711E-002
   2.0417643338140421E-002
   2.0478430644235213E-002
   2.0529264159899870E-002
   2.0551870968104298E-002
   2.0600580657437539E-002
   2.0620141926393970E-002
   2.0639408494892833E-002
   2.0660608552286623E-002
   2.0707369119285082E-002
   2.0749827754638867E-002
   2.0783940625539923E-002
   2.0827692265545920E-002
   2.0835291664031988E-002
   2.0860157784822267E-002
   2.0871925083301827E-002
   2.0917443418061198E-002
   2.0926062083878653E-002
   2.0952771730505415E-002
   2.0972579551549443E-002
   2.1003915176852753E-002
   2.1063078151044586E-002
   2.1071383229866653E-002
   2.1100757054144523E-002
   2.1140783484817356E-002
   2.1166669715667701E-002
   2.1194007795086438E-002
   2.1209846769257312E-002
   2.1226666202574566E-002
   2.1277795802180158E-002
   2.1320050593943637E-002
   2.1337850721278129E-002
   2.1355069096082820E-002
   2.1392948458900139E-002
   2.1435131698966662E-002
   2.1439879347542198E-002
   2.1520982972350045E-002
   2.1522804752541119E-002
   2.1575757820476275E-002
   2.1613339094427707E-002
   2.1659810939682674E-002
   2.1699762232503344E-002
   2.1703752855745721E-002
   2.1759650467860905E-002
   2.1774130010149339E-002
   2.1818194250700172E-002
   2.1873437700988332E-002
   2.1906074930870562E-002
   2.1933438753639053E-002
   2.1978875140083950E-002
   2.1997188144366367E-002
   2.2016394148055101E-002
   2.2038225476008817E-002
   2.2066553897264078E-002
   2.2116507093108109E-002
   2.2137854997982334E-002
   2.2155594378079301E-002
   2.2201912850408085E-002
   2.2224828076277393E-002
   2.2246731107101961E-002
   2.2265444835522803E-002
   2.2276143910485789E-002
   2.2336236903561683E-002
   2.2352723820487707E-002
   2.2361845675013963E-002
   2.2384845613406264E-002
   2.2419545846770601E-002
   2.2454520415185728E-002
   2.2471845597384514E-002
   2.2501657013458552E-002
   2.2517092637796998E-002
   2.2547250515325096E-002
   2.2564368374469242E-002
   2.2592200331139643E-002
   2.2614027494036078E-002
   2.2650304098055910E-002
   2.2703506090108322E-002
   2.2736631852409761E-002
   2.2749403704649212E-002
   2.2797935902226944E-002
   2.2812357214035330E-002
   2.2850384283871632E-002
   2.2865364534828871E-002
   2.2912147866365570E-002
   2.2925801923275226E-002
   2.2984114422713475E-002
   2.3035558346760639E-002
   2.3052939484471558E-002
   2.3116746783019837E-002
   2.3146078538979088E-002
   2.3178024627047534E-002
   2.3232346380881699E-002
   2.3235989252875757E-002
   2.3259239907547535E-002
   2.3343341475490852E-002
   2.3364811375523251E-002
   2.3383314656566453E-002
   2.3420553754582095E-002
   2.3446742926350236E-002
   2.3450169834471284E-002
   2.3467963207486755E-002
   2.3523103829313368E-002
   2.3528021834705967E-002
   2.3554946674468794E-002
   2.3561466792540682E-002
   2.3586174523946585E-002
   2.3629880065063096E-002
   2.3666433350842352E-002
   2.3682303397098418E-002
   2.3712497759520782E-002
   2.3760299633272947E-002
   2.3783483259021233E-002
   2.3806960700827776E-002
   2.3814015707477119E-002
   2.3848101050643965E-002
   2.3889785748574179E-002
   2.3912595756402807E-002
   2.3930051964819000E-002
   2.3962831336675497E-002
   2.3982216549321683E-002
   2.4002153247756879E-002
   2.4029835654126700E-002
   2.4048148912813032E-002
   2.4094342708232772E-002
   2.4103232395296017E-002
   2.4111896887171816E-002
   2.4139287612022015E-002
   2.4149871875236113E-002
   2.4188796415100761E-002
   2.4210881156007131E-002
   2.4238599498154680E-002
   2.4251720447775574E-002
   2.4289189704816489E-002
   2.4319554447308683E-002
   2.4331130687163763E-002
   2.4381137958010373E-002
   2.4395601758789923E-002
   2.4411047089409652E-002
   2.4433113957635356E-002
   2.4474000538380124E-002
   2.4518853263881521E-002
   2.4526149171809439E-002
   2.4544169505175448E-002
   2.4580768070563908E-002
   2.4593104929504315E-002
   2.4607203514550532E-002
   2.4637874153753139E-002
   2.4677014790275117E-002
   2.4688758156293397E-002
   2.4727384902772126E-002
   2.4761307491787218E-002
   2.4794822428806478E-002
   2.4801825696425594E-002
   2.4821069884341004E-002
   2.4859864819584323E-002
   2.4877054202535154E-002
   2.4901383667167289E-002
   2.4936628227125186E-002
   2.4953369744298216E-002
   2.4977304152950141E-002
   2.4983185898362518E-002
   2.5030701271041993E-002
   2.5046283414351379E-002
   2.5077173040568574E-002
   2.5118481085808567E-002
   2.5131842568187727E-002
   2.5142072602421094E-002
   2.5184214682725047E-002
   2.5191303458043775E-002
   2.5208978003099933E-002
   2.5228068276540703E-002
   2.5253960500113602E-002
   2.5263375419874608E-002
   2.5310166032727142E-002
   2.5317166223440612E-002
   2.5352087076548187E-002
   2.5352892184059408E-002
   2.5379963188182888E-002
   2.5414491325915074E-002
   2.5428858405626045E-002
   2.5447379023539132E-002
   2.5468075941522648E-002
   2.5488286985649464E-002
   2.5513019430012353E-002
   2.5528775269048003E-002
   2.5571841781093098E-002
   2.5585766446854750E-002
   2.5614428943203961E-002
   2.5622089126886644E-002
   2.5636059631731992E-002
   2.5689940445785386E-002
   2.5695317046156543E-002
   2.5713222253313808E-002
   2.5735779654301839E-002
   2.5781556430925470E-002
   2.5795614631024078E-002
   2.5803541707711097E-002
   2.5812879202535405E-002
   2.5851461654901334E-002
   2.5869384100515473E-002
   2.5884620454876207E-002
   2.5937585748927183E-002
   2.5941792647963806E-002
   2.5979801130804517E-002
   2.5994838936776305E-002
   2.6021431042804574E-002
   2.6033237206246947E-002
   2.6084032666679077E-002
   2.6096030162531560E-002
   2.6107271326613227E-002
   2.6129998001335676E-002
   2.6143948427525696E-002
   2.6175153623043151E-002
   2.6184384827415239E-002
   2.6210144456060822E-002
   2.6221922578193769E-002
   2.6242258262692327E-002
   2.6270781278706523E-002
   2.6283301427302445E-002
   2.6308571365032465E-002
   2.6325419628005827E-002
   2.6335949906640056E-002
   2.6365381016188655E-002
   2.6392641207301497E-002
   2.6410540733311533E-002
   2.6440222511017516E-002
   2.6460565684974593E-002
   2.6487419413715494E-002
   2.6506547977492564E-002
   2.6529918193983735E-002
   2.6556173327322997E-002
   2.6618959864211936E-002
   2.6640481582749096E-002
   2.6648909374087128E-002
   2.6666694771570722E-002
   2.6671733404759118E-002
   2.6696614335326878E-002
   2.6716560370077493E-002
   2.6738495739076419E-002
   2.6770760688742519E-002
   2.6786109742490211E-002
   2.6801531302883406E-002
   2.6820143200128370E-002
   2.6870073323150875E-002
   2.6882155854880026E-002
   2.6894525702343412E-002
   2.6928898318218941E-002
   2.6933879642875386E-002
   2.6954154002093559E-002
   2.6978840974881117E-002
   2.6991296906934841E-002
   2.7015095687201656E-002
   2.7026242657624260E-002
   2.7033666383173779E-002
   2.7055847273342155E-002
   2.7077892177271492E-002
   2.7088355114633575E-002
   2.7103162167265622E-002
   2.7119121622095756E-002
   2.7133026070913075E-002
   2.7142072303124678E-002
   2.7170000220352986E-002
   2.7186147425320772E-002
   2.7216465817097427E-002
   2.7248077144653691E-002
   2.7253318458088045E-002
   2.7271400913182930E-002
   2.7311077427769361E-002
   2.7325578929543348E-002
   2.7336373981224980E-002
   2.7359140735129066E-002
   2.7360597578256259E-002
   2.7393017327093747E-002
   2.7414911796309269E-002
   2.7427316530329135E-002
   2.7443694748870245E-002
   2.7471120485262381E-002
   2.7478999353393117E-002
   2.7505263752634439E-002
   2.7532294202817841E-002
   2.7546852324972476E-002
   2.7554060053571298E-002
   2.7578376203371648E-002
   2.7610838877866056E-002
   2.7627386889790943E-002
   2.7642540393846785E-002
   2.7658181831013057E-002
   2.7666571284611068E-002
   2.7692409222777173E-002
   2.7723706979727626E-002
   2.7746759303886318E-002
   2.7751165703991412E-002
   2.7770092359721617E-002
   2.7789624628733967E-002
   2.7802772076717681E-002
   2.7832149718597349E-002
   2.7846388950850877E-002
   2.7863523056721011E-002
   2.7885508102277256E-002
   2.7907558052231187E-002
   2.7918906595370684E-002
   2.7939669894723365E-002
   2.7948682689470757E-002
   2.7972254447144896E-002
   2.7981828865310514E-002
   2.8014760061229316E-002
   2.8019885163435884E-002
   2.8036944673533858E-002
   2.8059226848240342E-002
   2.8077704499255833E-002
   2.8093095957243200E-002
   2.8116230074232376E-002
   2.8127271028034927E-002
   2.8142460268561337E-002
   2.8163023657189097E-002
   2.8175844200444833E-002
   2.8192470110647939E-002
   2.8224613154923174E-002
   2.8251372294846856E-002
   2.8262554813149217E-002
   2.8275350391250904E-002
   2.8323176007217062E-002
   2.8335626178134999E-002
   2.8351840742090680E-002
   2.8380166522640235E-002
   2.8390024067800636E-002
   2.8421065564332208E-002
   2.8441445476495939E-002
   2.8447368483383272E-002
   2.8486707848163845E-002
   2.8505563524845186E-002
   2.8509271920726550E-002
   2.8525416761851538E-002
   2.8549141602924315E-002
   2.8575139295260718E-002
   2.8584465345442893E-002
   2.8602849064247263E-002
   2.8622137177178562E-002
   2.8646187745283685E-002
   2.8661750969720685E-002
   2.8685433472772477E-002
   2.8695327319276820E-002
   2.8714119754752861E-002
   2.8730923520174249E-002
   2.8755230585754587E-002
   2.8761779151176132E-002
   2.8769722519232880E-002
   2.8774168380541532E-002
   2.8795703684185884E-002
   2.8816070621267093E-002
   2.8828024266466669E-002
   2.8869300416459655E-002
   2.8889370288764517E-002
   2.8900178781560652E-002
   2.8919096475133937E-002
   2.8936295013050926E-002
   2.8957725923596359E-002
   2.8969863923837248E-002
   2.8983279822047629E-002
   2.9011205657236878E-002
   2.9036154255802308E-002
   2.9058864054164184E-002
   2.9071395634601982E-002
   2.9085184754558107E-002
   2.9098899880068581E-002
   2.9126373731411030E-002
   2.9128736956270055E-002
   2.9159082422569767E-002
   2.9165932768143360E-002
   2.9176517647937092E-002
   2.9197728475649842E-002
   2.9217904771229174E-002
   2.9224839066346122E-002
   2.9235215561547404E-002
   2.9269890997530676E-002
   2.9295330942445529E-002
   2.9313321068405757E-002
   2.9322741976219546E-002
   2.9351505158737311E-002
   2.9356751542816341E-002
   2.9383900706773526E-002
   2.9400337461868771E-002
   2.9405813823420484E-002
   2.9439668744636154E-002
   2.9441623626240868E-002
   2.9458182706276100E-002
   2.9464384232931465E-002
   2.9482946816861130E-002
   2.9497127842881617E-002
   2.9529514222546290E-002
   2.9557333778187596E-002
   2.9568282663498272E-002
   2.9589935241897337E-002
   2.9611479782149803E-002
   2.9623525335918957E-002
   2.9639573048063451E-002
   2.9645676701748964E-002
   2.9677171922619771E-002
   2.9700472149118626E-002
   2.9721568016362842E-002
   2.9731144118489469E-002
   2.9768480599241674E-002
   2.9782707797234010E-002
   2.9788982806224020E-002
   2.9812962118733709E-002
   2.9834779309771055E-002
   2.9839687468842621E-002
   2.9859150534409695E-002
   2.9866030493522825E-002
   2.9898201085247274E-002
   2.9911267251230368E-002
   2.9915168320424922E-002
   2.9931706633108859E-002
   2.9942266950042901E-002
   2.9954826524685459E-002
   2.9974541634179768E-002
   2.9992794751999577E-002
   3.0001786700554055E-002
   3.0017931055227293E-002
   3.0031556803442858E-002
   3.0039886918516411E-002
   3.0050243653576107E-002
   3.0058210955611460E-002
   3.0076270420261262E-002
   3.0094286273924683E-002
   3.0115227057163397E-002
   3.0130301388701725E-002
   3.0148405152418796E-002
   3.0164420024941626E-002
   3.0172179415702962E-002
   3.0199213592179568E-002
   3.0228249291064841E-002
   3.0246198976972196E-002
   3.0264640129015339E-002
   3.0293037184072537E-002
   3.0296797304993388E-002
   3.0311629495027574E-002
   3.0331560886715139E-002
   3.0343369207191793E-002
   3.0375578483744163E-002
   3.0392903693068511E-002
   3.0427536899876109E-002
   3.0443929388148678E-002
   3.0462381997809946E-002
   3.0469658015153455E-002
   3.0487703565456346E-002
   3.0509132411161967E-002
   3.0519123347626836E-002
   3.0544021092956924E-002
   3.0564069845103688E-002
   3.0570226896425055E-002
   3.0585062655673876E-002
   3.0594076518396421E-002
   3.0620545083099571E-002
   3.0636065714582328E-002
   3.0650689333728037E-002
   3.0662151879192318E-002
   3.0676082588955978E-002
   3.0691427488604258E-002
   3.0701939254842724E-002
   3.0721540372343308E-002
   3.0739581461262357E-002
   3.0749392185692649E-002
   3.0765425656230479E-002
   3.0791003088332540E-002
   3.0812485436677035E-002
   3.0822641230363171E-002
   3.0837908358547404E-002
   3.0859835232780134E-002
   3.0883507434928792E-002
   3.0899444242594724E-002
   3.0908995127800137E-002
   3.0926327952994607E-002
   3.0962518285661621E-002
   3.0975688638161934E-002
   3.0988370055620888E-002
   3.0991115121560397E-002
   3.1015323583684057E-002
   3.1030627805635886E-002
   3.1055324216315676E-002
   3.1085312808891687E-002
   3.1108850950376597E-002
   3.1122028387139438E-002
   3.1135652541683118E-002
   3.1142197318045468E-002
   3.1159064457108011E-002
   3.1170333224467568E-002
   3.1188076299245582E-002
   3.1208607230889397E-002
   3.1224471010099203E-002
   3.1245194031189073E-002
   3.1262102423331432E-002
   3.1277481853165492E-002
   3.1293566943673738E-002
   3.1307006618970352E-002
   3.1338992748362104E-002
   3.1341623471793881E-002
   3.1359881603063210E-002
   3.1373520120507925E-002
   3.1396606853101555E-002
   3.1415335992442478E-002
   3.1423843342764345E-002
   3.1436859904584558E-002
   3.1461081307369611E-002
   3.1466942056601652E-002
   3.1489155526026928E-002
   3.1521550572016312E-002
   3.1536776361768395E-002
   3.1558542468372065E-002
   3.1570225720906085E-002
   3.1591151873682950E-002
   3.1599517779174642E-002
   3.1605700596109169E-002
   3.1618141651302938E-002
   3.1639773931163594E-002
   3.1651788921530179E-002
   3.1668316478564620E-002
   3.1688338707571151E-002
   3.1718682108609404E-002
   3.1727845173337758E-002
   3.1729294728664821E-002
   3.1740745935788364E-002
   3.1779365343496548E-002
   3.1814571214697517E-002
   3.1823075367823278E-002
   3.1835361072226002E-002
   3.1851747843985721E-002
   3.1860882085908822E-002
   3.1883700010713549E-002
   3.1889394289031030E-002
   3.1901878873723345E-002
   3.1929486157808773E-002
   3.1941674086734838E-002
   3.1947053089332891E-002
   3.1965981777068643E-002
   3.1985330507959417E-002
   3.1989001906514956E-002
   3.2011758267874474E-002
   3.2029379595264140E-002
   3.2036301844035879E-002
   3.2075943403398845E-002
   3.2100156374665727E-002
   3.2114232722588523E-002
   3.2120074716837040E-002
   3.2131759547049339E-002
   3.2151308210923747E-002
   3.2166052649641522E-002
   3.2178926966771847E-002
   3.2195369217769783E-002
   3.2213614786743443E-002
   3.2230692729160966E-002
   3.2243407421236117E-002
   3.2272933852872089E-002
   3.2293829239054023E-002
   3.2315614231185064E-002
   3.2319141557878378E-002
   3.2344908997886099E-002
   3.2363439469660804E-002
   3.2384981258562089E-002
   3.2397690715265784E-002
   3.2409555748460404E-002
   3.2451693882730906E-002
   3.2463490333585948E-002
   3.2480117411183611E-002
   3.2494028618673114E-002
   3.2504799675314722E-002
   3.2525250722563875E-002
   3.2534103463492219E-002
   3.2567676443229637E-002
   3.2576138583469520E-002
   3.2620561653231642E-002
   3.2625392792587575E-002
   3.2638932866828417E-002
   3.2661655265381791E-002
   3.2667257121991665E-002
   3.2679363558323411E-002
   3.2702470872968487E-002
   3.2709744036431315E-002
   3.2745893384776695E-002
   3.2756576664472008E-002
   3.2770502308521986E-002
   3.2775373748365401E-002
   3.2793055828523106E-002
   3.2825850095734084E-002
   3.2843176352702577E-002
   3.2850384538113404E-002
   3.2877314025151691E-002
   3.2903793630569167E-002
   3.2921183021615910E-002
   3.2935570013082109E-002
   3.2952148292723242E-002
   3.2984818562902432E-002
   3.2993270170837564E-002
   3.3024544982625116E-002
   3.3035639857418045E-002
   3.3049636925300128E-002
   3.3064068673199977E-002
   3.3085718673406039E-002
   3.3108181244786754E-002
   3.3143284539476306E-002
   3.3147426801528157E-002
   3.3167196360980790E-002
   3.3179225394075300E-002
   3.3205841069071894E-002
   3.3218711076003549E-002
   3.3231964323665257E-002
   3.3245231063578976E-002
   3.3276809164531219E-002
   3.3300812795012590E-002
   3.3311587621521359E-002
   3.3342046092370528E-002
   3.3352996951983876E-002
   3.3397294506273517E-002
   3.3416563815538189E-002
   3.3416732881781985E-002
   3.3439975256755322E-002
   3.3454597795618775E-002
   3.3476512151012452E-002
   3.3483390784070075E-002
   3.3492221714030539E-002
   3.3512250748943789E-002
   3.3526737738269335E-002
   3.3555062654819286E-002
   3.3559075605442898E-002
   3.3574027329135996E-002
   3.3587575587313782E-002
   3.3600320141421704E-002
   3.3629857391537010E-002
   3.3650401445236539E-002
   3.3678192841487514E-002
   3.3701988910855005E-002
   3.3706525070003622E-002
   3.3749950954816810E-002
   3.3782955065815329E-002
   3.3784205186680079E-002
   3.3797621192506871E-002
   3.3811307689939958E-002
   3.3846856252855481E-002
   3.3862270329084308E-002
   3.3882833572916181E-002
   3.3896906269107782E-002
   3.3913871453546934E-002
   3.3935902801911846E-002
   3.3963339568446861E-002
   3.3983598257793686E-002
   3.4003370429009125E-002
   3.4008179263675213E-002
   3.4046613880019991E-002
   3.4062987847779051E-002
   3.4075706147848488E-002
   3.4090707027583537E-002
   3.4120514653373707E-002
   3.4129652479327532E-002
   3.4146744099979608E-002
   3.4173768470674076E-002
   3.4201422684062753E-002
   3.4215010608584742E-002
   3.4227784301112237E-002
   3.4237986567579821E-002
   3.4285487932695702E-002
   3.4297288650477951E-002
   3.4313023694996558E-002
   3.4331763474233577E-002
   3.4372096543667609E-002
   3.4382774463805998E-002
   3.4407418807820951E-002
   3.4425147773769531E-002
   3.4444592156505770E-002
   3.4451467164744884E-002
   3.4469727530942018E-002
   3.4504923532963583E-002
   3.4512820573702849E-002
   3.4529803381469069E-002
   3.4554798196394114E-002
   3.4558763218718085E-002
   3.4587331801087036E-002
   3.4600645168467364E-002
   3.4615464951124997E-002
   3.4651360695042134E-002
   3.4657416596240505E-002
   3.4659553952918601E-002
   3.4696515996087300E-002
   3.4710331960497456E-002
   3.4737702185892019E-002
   3.4747439616204537E-002
   3.4760765581169813E-002
   3.4780172214372386E-002
   3.4824638117679413E-002
   3.4845202893143391E-002
   3.4862704448347367E-002
   3.4876876739903584E-002
   3.4920718625459840E-002
   3.4939293224167667E-002
   3.4959280860468629E-002
   3.4960683935532005E-002
   3.4990745234420431E-002
   3.5007866980867705E-002
   3.5012827002690192E-002
   3.5060830144995156E-002
   3.5071252831601889E-002
   3.5089196929523891E-002
   3.5112780970417728E-002
   3.5122253280513306E-002
   3.5139039327212053E-002
   3.5144944155695079E-002
   3.5154707103384884E-002
   3.5197486013612909E-002
   3.5211399105032203E-002
   3.5229424969561100E-002
   3.5240170975643068E-002
   3.5260809685374324E-002
   3.5270195580871043E-002
   3.5323426397101579E-002
   3.5350704370847225E-002
   3.5368347175235466E-002
   3.5410161260312309E-002
   3.5418529294759998E-002
   3.5439186380319565E-002
   3.5474055898567419E-002
   3.5488767117815401E-002
   3.5505426874196069E-002
   3.5557634882407874E-002
   3.5581762683016646E-002
   3.5593319029631650E-002
   3.5626795551670559E-002
   3.5634963244429239E-002
   3.5648704536552563E-002
   3.5663741322462278E-002
   3.5673286568492078E-002
   3.5703329968723843E-002
   3.5720333585575165E-002
   3.5740595585686409E-002
   3.5759034260065339E-002
   3.5773570196973900E-002
   3.5814212451996889E-002
   3.5832306068332612E-002
   3.5848241454675876E-002
   3.5869409213555171E-002
   3.5886342340510434E-002
   3.5918281773310856E-002
   3.5928689387884925E-002
   3.5960095149590816E-002
   3.5970626705680728E-002
   3.5978279354297184E-002
   3.5998030687987737E-002
   3.6013226859268374E-002
   3.6048149928448271E-002
   3.6063995552296051E-002
   3.6084347157450347E-002
   3.6095783036014246E-002
   3.6136441888695650E-002
   3.6143315343099086E-002
   3.6195523250864829E-002
   3.6210031248362924E-002
   3.6223705814480846E-002
   3.6233452218564749E-002
   3.6257211313002524E-002
   3.6282165009186997E-002
   3.6301736604224914E-002
   3.6311436373032545E-002
   3.6325662312032055E-002
   3.6340638412548990E-002
   3.6341453582493126E-002
   3.6394922919600829E-002
   3.6399834864742055E-002
   3.6421869024921366E-002
   3.6429526096893053E-002
   3.6468831888641216E-002
   3.6469571830333759E-002
   3.6509168215703082E-002
   3.6513506517084911E-002
   3.6523010966913551E-002
   3.6529820773296820E-002
   3.6554733652787906E-002
   3.6579012346482427E-002
   3.6622203660546949E-002
   3.6627080998173182E-002
   3.6652764960557166E-002
   3.6672889041727462E-002
   3.6689393609419564E-002
   3.6697221471111020E-002
   3.6703709955329955E-002
   3.6731381868242409E-002
   3.6740192200400201E-002
   3.6762097864500867E-002
   3.6786427096357571E-002
   3.6795776178842179E-002
   3.6798422247054374E-002
   3.6821435203945853E-002
   3.6866793742466035E-002
   3.6897734002664294E-002
   3.6904892517728230E-002
   3.6916927727837820E-002
   3.6940753094571684E-002
   3.6965490196547622E-002
   3.6978282646810287E-002
   3.6985062778173643E-002
   3.7005135332831278E-002
   3.7027838751563971E-002
   3.7042002176570915E-002
   3.7044361082357140E-002
   3.7091565153184208E-002
   3.7118011832932417E-002
   3.7122924053753011E-002
   3.7175061429395390E-002
   3.7185193028548481E-002
   3.7224259649220513E-002
   3.7248535616907753E-002
   3.7256781419733452E-002
   3.7270056625661289E-002
   3.7288028992276089E-002
   3.7314954053439348E-002
   3.7333997238504939E-002
   3.7370343892224885E-002
   3.7379579048528080E-002
   3.7416848087596030E-002
   3.7423931044310903E-002
   3.7462180914712678E-002
   3.7481524605874644E-002
   3.7503302489674303E-002
   3.7524891142192582E-002
   3.7547943027257204E-002
   3.7562328029410418E-002
   3.7591932670249698E-002
   3.7596884097716290E-002
   3.7636899964937749E-002
   3.7650109506777274E-002
   3.7663498740198482E-002
   3.7687778652578129E-002
   3.7694761696462901E-002
   3.7714595794241128E-002
   3.7730420187032598E-002
   3.7746218148616090E-002
   3.7771539877946105E-002
   3.7787565696928344E-002
   3.7801474051562353E-002
   3.7817630627155610E-002
   3.7864610109287898E-002
   3.7880043826019227E-002
   3.7895334526237820E-002
   3.7925701454011668E-002
   3.7943210936893200E-002
   3.7968437360147010E-002
   3.7993013551656622E-002
   3.8006914930112254E-002
   3.8010802205445331E-002
   3.8020155414675870E-002
   3.8040764874532805E-002
   3.8067690028481309E-002
   3.8093328928553209E-002
   3.8114667725195270E-002
   3.8133079515104591E-002
   3.8150008014017647E-002
   3.8180277302245935E-002
   3.8207258723602616E-002
   3.8219930650455980E-002
   3.8237835157474385E-002
   3.8251395990564756E-002
   3.8266543910387682E-002
   3.8310723449108623E-002
   3.8321461931379773E-002
   3.8331910874400701E-002
   3.8352865359782544E-002
   3.8392532251190825E-002
   3.8429964985746370E-002
   3.8448862860145691E-002
   3.8452802334580136E-002
   3.8484294877957632E-002
   3.8510602078695742E-002
   3.8548099185336610E-002
   3.8559571165221733E-002
   3.8577449261911582E-002
   3.8608746590013975E-002
   3.8638481891082981E-002
   3.8674312562256355E-002
   3.8694386672492628E-002
   3.8712888300708480E-002
   3.8725395893818487E-002
   3.8759383607282719E-002
   3.8787627988451256E-002
   3.8798826757969293E-002
   3.8827201362438418E-002
   3.8845373241262283E-002
   3.8874063918179880E-002
   3.8920469825463412E-002
   3.8934366555981204E-002
   3.8956099263492409E-002
   3.8971311722588539E-002
   3.9012870288460240E-002
   3.9031241147936692E-002
   3.9059539366782685E-002
   3.9098141284463331E-002
   3.9106808783710964E-002
   3.9131753966071166E-002
   3.9154157415748993E-002
   3.9163097372551470E-002
   3.9183152937082841E-002
   3.9210116361692242E-002
   3.9235579998568165E-002
   3.9254010561091027E-002
   3.9289241470884938E-002
   3.9302319832216111E-002
   3.9331055633292429E-002
   3.9385032289309327E-002
   3.9396041028667818E-002
   3.9413862753127381E-002
   3.9434561379529082E-002
   3.9475645707614311E-002
   3.9497595353902737E-002
   3.9532366148899815E-002
   3.9546721621590057E-002
   3.9551566063489321E-002
   3.9579140603116542E-002
   3.9593124360633218E-002
   3.9619971635419395E-002
   3.9651738475715209E-002
   3.9659504947295546E-002
   3.9693791254163696E-002
   3.9728683669717678E-002
   3.9777497306627253E-002
   3.9789545061987217E-002
   3.9807589595988076E-002
   3.9821542194156526E-002
   3.9848731808515170E-002
   3.9860130196080285E-002
   3.9908599999509874E-002
   3.9921617723421648E-002
   3.9944449652100027E-002
   3.9974113487802922E-002
   3.9998840627217945E-002
   4.0014323584727174E-002
   4.0030362450308242E-002
   4.0041582569099531E-002
   4.0059216574682095E-002
   4.0105335328756972E-002
   4.0115528387443145E-002
   4.0164894149402726E-002
   4.0191764699627097E-002
   4.0213265523799210E-002
   4.0245141031782533E-002
   4.0267008970000240E-002
   4.0307274990774966E-002
   4.0331805250087276E-002
   4.0355704026512874E-002
   4.0385415271464269E-002
   4.0426429775070577E-002
   4.0458415621315406E-002
   4.0459551050321930E-002
   4.0466475992991607E-002
   4.0482746959828717E-002
   4.0515726056371597E-002
   4.0524897963782280E-002
   4.0533390935723577E-002
   4.0566480246279291E-002
   4.0577354478329553E-002
   4.0619581089936546E-002
   4.0627878852787382E-002
   4.0641739051788868E-002
   4.0670487722386239E-002
   4.0698956594825614E-002
   4.0708939431718973E-002
   4.0734764828495550E-002
   4.0783110619694696E-002
   4.0794923463273063E-002
   4.0814856194956839E-002
   4.0827755238226349E-002
   4.0853413007556176E-002
   4.0866654238439444E-002
   4.0895625702260643E-002
   4.0903603808346942E-002
   4.0936791956102919E-002
   4.0958595830429295E-002
   4.0989991302126938E-002
   4.1004993412448960E-002
   4.1032119528336131E-002
   4.1054113192380823E-002
   4.1065647284552233E-002
   4.1082918725756291E-002
   4.1100448765649764E-002
   4.1138799649526207E-002
   4.1161376006928735E-002
   4.1165449005158082E-002
   4.1193815048924422E-002
   4.1201682206917688E-002
   4.1222762469593006E-002
   4.1249831820814487E-002
   4.1266338374181671E-002
   4.1283472706479682E-002
   4.1304461727984840E-002
   4.1349053883285587E-002
   4.1368105806871461E-002
   4.1390674387938246E-002
   4.1408766798006688E-002
   4.1457977672651442E-002
   4.1474175778959489E-002
   4.1501614258931507E-002
   4.1508746408449752E-002
   4.1543676808265623E-002
   4.1570613544351299E-002
   4.1575031667495745E-002
   4.1610976642885537E-002
   4.1629488854273776E-002
   4.1643882904920368E-002
   4.1663668298546119E-002
   4.1668586380022243E-002
   4.1690591898787085E-002
   4.1725263925120458E-002
   4.1736022690276896E-002
   4.1753172760783816E-002
   4.1772296341217374E-002
   4.1793090225598073E-002
   4.1816273444033741E-002
   4.1833366750229799E-002
   4.1847198343187363E-002
   4.1897045083737733E-002
   4.1910679910232812E-002
   4.1938305870992558E-002
   4.1951852251961956E-002
   4.1981963239812695E-002
   4.2025074588815416E-002
   4.2041355899934289E-002
   4.2056025873436237E-002
   4.2088706401669777E-002
   4.2098819352562523E-002
   4.2139716486517521E-002
   4.2149411523381398E-002
   4.2184304574098892E-002
   4.2203514239776488E-002
   4.2237443172681563E-002
   4.2241720724270800E-002
   4.2268891417793157E-002
   4.2295516320441040E-002
   4.2334950804136857E-002
   4.2348514483678053E-002
   4.2373377249833144E-002
   4.2394344651697606E-002
   4.2427456562970381E-002
   4.2448965949276926E-002
   4.2469252337056625E-002
   4.2493443997021332E-002
   4.2507837129870329E-002
   4.2545836411552129E-002
   4.2554566720306622E-002
   4.2582040028488193E-002
   4.2587452819895823E-002
   4.2617713337855648E-002
   4.2656785252110113E-002
   4.2683315454768993E-002
   4.2685355232020772E-002
   4.2722960383626017E-002
   4.2741480343540486E-002
   4.2758547397081272E-002
   4.2801747827275728E-002
   4.2825952714884014E-002
   4.2838401037733967E-002
   4.2861883863237672E-002
   4.2877372390290248E-002
   4.2911059164767319E-002
   4.2929179312268910E-002
   4.2942267033838501E-002
   4.2979073678523237E-002
   4.2990772469772350E-002
   4.3041897067700778E-002
   4.3094428325616690E-002
   4.3123268507278469E-002
   4.3143633538869311E-002
   4.3182510695036876E-002
   4.3197930431413858E-002
   4.3213427370784721E-002
   4.3258534835575325E-002
   4.3324047605110556E-002
   4.3348081658217262E-002
   4.3366821517102694E-002
   4.3382999840679920E-002
   4.3401950987986056E-002
   4.3434930786099973E-002
   4.3440250604716214E-002
   4.3483994038795527E-002
   4.3493928536609064E-002
   4.3507398604885485E-002
   4.3569454282471685E-002
   4.3600216114284135E-002
   4.3628622414438149E-002
   4.3646720006004260E-002
   4.3676246090222054E-002
   4.3709842023823109E-002
   4.3724948041892933E-002
   4.3741320925974672E-002
   4.3806945977018924E-002
   4.3874623159341347E-002
   4.3898662088462742E-002
   4.3918894622383360E-002
   4.3965830750971588E-002
   4.3983722869166443E-002
   4.4008262484386308E-002
   4.4028119180475771E-002
   4.4040748162350610E-002
   4.4073680845284464E-002
   4.4088991084934241E-002
   4.4153720956511690E-002
   4.4209033222891887E-002
   4.4216196700920772E-002
   4.4241454663151498E-002
   4.4267112722208748E-002
   4.4318848261878201E-002
   4.4355830418572197E-002
   4.4382405163737614E-002
   4.4400729800886073E-002
   4.4445845839719646E-002
   4.4459651560138390E-002
   4.4488976399624923E-002
   4.4553953363428191E-002
   4.4562383468098481E-002
   4.4615027088290321E-002
   4.4643979360737267E-002
   4.4668874704278591E-002
   4.4702328528043171E-002
   4.4721484041194082E-002
   4.4780147210274734E-002
   4.4800217706493659E-002
   4.4833581215397017E-002
   4.4874963304083797E-002
   4.4902114177961937E-002
   4.4941903614577450E-002
   4.4948477304109828E-002
   4.4976923805324184E-002
   4.5014504936799628E-002
   4.5021866675168651E-002
   4.5071387717353299E-002
   4.5093413719542674E-002
   4.5124480852035465E-002
   4.5159728026225553E-002
   4.5188271546128346E-002
   4.5221984995791858E-002
   4.5239981734207617E-002
   4.5262514919233061E-002
   4.5314490326211807E-002
   4.5327114604267665E-002
   4.5345241347854663E-002
   4.5414608806130297E-002
   4.5449837754501746E-002
   4.5476519144543183E-002
   4.5513307007170475E-002
   4.5542171021083495E-002
   4.5578738256741753E-002
   4.5603028118826577E-002
   4.5615176480700986E-002
   4.5652095986067731E-002
   4.5676060802711048E-002
   4.5719828976505665E-002
   4.5726302270627482E-002
   4.5769439809316394E-002
   4.5785778419802886E-002
   4.5842349019307081E-002
   4.5896301880808517E-002
   4.5900312820067235E-002
   4.5940039133461084E-002
   4.5979607511710742E-002
   4.6026073161526924E-002
   4.6036260533108248E-002
   4.6075060837948496E-002
   4.6106231689645685E-002
   4.6127507701060062E-002
   4.6157474894404547E-002
   4.6176766581581472E-002
   4.6204334894132615E-002
   4.6226125656235767E-002
   4.6243934942738860E-002
   4.6285586588271498E-002
   4.6316375069050314E-002
   4.6322430485362505E-002
   4.6353433912486107E-002
   4.6388506318445648E-002
   4.6419743119748690E-002
   4.6434840356526348E-002
   4.6455854655432602E-002
   4.6480772154028967E-002
   4.6514722374452713E-002
   4.6527858815333910E-002
   4.6577907711152916E-002
   4.6598023580310788E-002
   4.6642840479416935E-002
   4.6682936042376458E-002
   4.6696924931999395E-002
   4.6725188519321739E-002
   4.6742114617710002E-002
   4.6762204482362478E-002
   4.6829893291454587E-002
   4.6843593425388810E-002
   4.6863131221075507E-002
   4.6879901901256467E-002
   4.6916138953903973E-002
   4.6958711114532765E-002
   4.6983940229317935E-002
   4.7018460226243827E-002
   4.7044122817409176E-002
   4.7071656960486166E-002
   4.7117945224837844E-002
   4.7137346514803169E-002
   4.7186214095469831E-002
   4.7224713364515489E-002
   4.7272513371707396E-002
   4.7288233917673263E-002
   4.7301794928318867E-002
   4.7351408899497280E-002
   4.7373524835245907E-002
   4.7387532043835924E-002
   4.7394061808583375E-002
   4.7444393985366623E-002
   4.7481846439936852E-002
   4.7522072238911320E-002
   4.7536716316462078E-002
   4.7582063385401316E-002
   4.7597635819299641E-002
   4.7618254090877374E-002
   4.7634892610774471E-002
   4.7674332902188969E-002
   4.7690797931657973E-002
   4.7694037719195309E-002
   4.7734923137763258E-002
   4.7740120750760465E-002
   4.7781656418080666E-002
   4.7801523934544281E-002
   4.7839126307616248E-002
   4.7860259697190363E-002
   4.7896163106269304E-002
   4.7927911180197638E-002
   4.7952543930664900E-002
   4.7955211084018110E-002
   4.8016698262454340E-002
   4.8035837943220312E-002
   4.8047413467263690E-002
   4.8095865496915850E-002
   4.8111573810635563E-002
   4.8154558315757275E-002
   4.8171612177543968E-002
   4.8216672126576175E-002
   4.8229361470322522E-002
   4.8246773767746602E-002
   4.8289740459687279E-002
   4.8303959541749486E-002
   4.8344524396061912E-002
   4.8366365084757744E-002
   4.8420566478078783E-002
   4.8437826290837593E-002
   4.8451681520582254E-002
   4.8462685252243086E-002
   4.8481718147529669E-002
   4.8523722290410923E-002
   4.8571659218716881E-002
   4.8594810787845909E-002
   4.8643650885824521E-002
   4.8651401384966632E-002
   4.8673615106478489E-002
   4.8705055837886924E-002
   4.8720916703949603E-002
   4.8763116523326148E-002
   4.8776042690623612E-002
   4.8814911283590411E-002
   4.8836293006436278E-002
   4.8863758739665045E-002
   4.8893874009806645E-002
   4.8923478907134832E-002
   4.8971830649596794E-002
   4.9028979723332727E-002
   4.9038753311396670E-002
   4.9070627824548040E-002
   4.9102074273519994E-002
   4.9138064020451344E-002
   4.9154544606270875E-002
   4.9203157530185372E-002
   4.9221808842638860E-002
   4.9238922733325752E-002
   4.9262221296977826E-002
   4.9293591553829202E-002
   4.9341574129171353E-002
   4.9373428349335877E-002
   4.9405463810533970E-002
   4.9422292204938253E-002
   4.9470986143829374E-002
   4.9505667128995394E-002
   4.9525535510658171E-002
   4.9574957673213210E-002
   4.9595411132190050E-002
   4.9597563819249804E-002
   4.9663883344511023E-002
   4.9700493980695745E-002
   4.9734908277370371E-002
   4.9769219683809290E-002
   4.9788858236328490E-002
   4.9817224679685544E-002
   4.9849139585531860E-002
   4.9879438183212436E-002
   4.9922730142628012E-002
   4.9942077685578221E-002
   5.0013837947606887E-002
   5.0018371063692522E-002
   5.0052534687716886E-002
   5.0141505210657668E-002
   5.0156881665217777E-002
   5.0190791338881373E-002
   5.0220800239704821E-002
   5.0247822729120428E-002
   5.0290776130540421E-002
   5.0320594417663796E-002
   5.0367218899897995E-002
   5.0384786233537239E-002
   5.0441123746487147E-002
   5.0451941956162476E-002
   5.0500388227604040E-002
   5.0541015209344745E-002
   5.0583252772209368E-002
   5.0591755609371993E-002
   5.0641059385636671E-002
   5.0660301871268534E-002
   5.0695263185326404E-002
   5.0734472245696882E-002
   5.0752504615247530E-002
   5.0785132383233317E-002
   5.0850271206453967E-002
   5.0886346452833721E-002
   5.0932674679040515E-002
   5.1015294494222693E-002
   5.1053662731254362E-002
   5.1060651579837142E-002
   5.1089208184966560E-002
   5.1106302456785206E-002
   5.1150559775230364E-002
   5.1196788895546456E-002
   5.1251263604837151E-002
   5.1286961983534426E-002
   5.1300191001048254E-002
   5.1355167985287206E-002
   5.1396061231871390E-002
   5.1437088629257763E-002
   5.1471158257104389E-002
   5.1525041070801657E-002
   5.1578775524671140E-002
   5.1621007600792329E-002
   5.1653665780890125E-002
   5.1690095638904379E-002
   5.1759952129925520E-002
   5.1810191196051451E-002
   5.1828488524801999E-002
   5.1881825582482985E-002
   5.1946122131050911E-002
   5.1984221350797659E-002
   5.2050308336463486E-002
   5.2089211489949730E-002
   5.2117258697090905E-002
   5.2153415282627597E-002
   5.2223403566683084E-002
   5.2273704640322660E-002
   5.2304988013979196E-002
   5.2312570681832538E-002
   5.2345719678691796E-002
   5.2382006006370552E-002
   5.2416348622513945E-002
   5.2501476556816556E-002
   5.2525104906116629E-002
   5.2561886574821505E-002
   5.2582366611145903E-002
   5.2612263538699432E-002
   5.2651966799868111E-002
   5.2671598362784802E-002
   5.2708338883287242E-002
   5.2774904116666688E-002
   5.2790173932001139E-002
   5.2845380126517183E-002
   5.2887327553540468E-002
   5.2959838925818778E-002
   5.2981380091558165E-002
   5.2998615446788327E-002
   5.3046644021676144E-002
   5.3079812385021220E-002
   5.3120227777877067E-002
   5.3151064228711929E-002
   5.3167319835615387E-002
   5.3205322347544888E-002
   5.3246777722876303E-002
   5.3274434437692551E-002
   5.3328971475612844E-002
   5.3371210987952250E-002
   5.3407952585479548E-002
   5.3438326887558903E-002
   5.3451457375372165E-002
   5.3516408119596841E-002
   5.3560838939719163E-002
   5.3592222852504527E-002
   5.3636147278452999E-002
   5.3667355492084068E-002
   5.3722178401968690E-002
   5.3741722086129387E-002
   5.3767994630451378E-002
   5.3818986049200837E-002
   5.3859851925354633E-002
   5.3878885501963431E-002
   5.3890392775567800E-002
   5.3930338712151055E-002
   5.3983206434217654E-002
   5.4029612333455157E-002
   5.4033171543109000E-002
   5.4107652267954325E-002
   5.4129948384169714E-002
   5.4167334671381823E-002
   5.4219342499775967E-002
   5.4246248437733145E-002
   5.4271960114534439E-002
   5.4320991338925907E-002
   5.4347780933162615E-002
   5.4388109052089656E-002
   5.4407667037669499E-002
   5.4437596907746855E-002
   5.4466933909241580E-002
   5.4475265290692375E-002
   5.4509322811370678E-002
   5.4512702944025285E-002
   5.4623994238124633E-002
   5.4668407775923231E-002
   5.4675224669461814E-002
   5.4730724884403274E-002
   5.4768067672746293E-002
   5.4805348853446262E-002
   5.4843527461039682E-002
   5.4881899563884784E-002
   5.4912779992378730E-002
   5.4924713879270587E-002
   5.4947968636855797E-002
   5.5016639421439528E-002
   5.5024048006183698E-002
   5.5047417386895621E-002
   5.5074020664731396E-002
   5.5148513866728595E-002
   5.5187138083916919E-002
   5.5254476612594507E-002
   5.5289124545634297E-002
   5.5319800967313745E-002
   5.5346231898374953E-002
   5.5389111801080623E-002
   5.5486441606997901E-002
   5.5511675181539252E-002
   5.5547105666231902E-002
   5.5576752268585425E-002
   5.5583556181241785E-002
   5.5645300939342474E-002
   5.5664768774539040E-002
   5.5692116989025563E-002
   5.5731221149026025E-002
   5.5806592537750777E-002
   5.5839338867193597E-002
   5.5912582034990901E-002
   5.5935506056493056E-002
   5.5986886469704802E-002
   5.6009849840443805E-002
   5.6015586819334842E-002
   5.6072740194723032E-002
   5.6107817822437525E-002
   5.6150509509454556E-002
   5.6189653238980342E-002
   5.6211181004511078E-002
   5.6245728979884904E-002
   5.6280639509136247E-002
   5.6362140592334437E-002
   5.6376810334525858E-002
   5.6404230184326491E-002
   5.6414953853790265E-002
   5.6481059054186412E-002
   5.6511242936997469E-002
   5.6565775525494279E-002
   5.6576991195626015E-002
   5.6659056756762409E-002
   5.6667933410130912E-002
   5.6722402652685938E-002
   5.6782705632444704E-002
   5.6822163279224701E-002
   5.6896394567099606E-002
   5.6927091264183369E-002
   5.6961495490433389E-002
   5.6982013013717865E-002
   5.7054698911673529E-002
   5.7074881830128210E-002
   5.7104939816319415E-002
   5.7156576637899345E-002
   5.7190275994156124E-002
   5.7239726113870897E-002
   5.7298510874187428E-002
   5.7349895116383956E-002
   5.7371156894082481E-002
   5.7392968066779716E-002
   5.7433829255962708E-002
   5.7506713506510258E-002
   5.7511791613486143E-002
   5.7523253599341677E-002
   5.7609439107683687E-002
   5.7636620187126258E-002
   5.7696431791064984E-002
   5.7730476884487680E-002
   5.7760450520178572E-002
   5.7818810072493516E-002
   5.7867290037677280E-002
   5.7926631381870763E-002
   5.7952232522819440E-002
   5.7988128415435859E-002
   5.8055541366153159E-002
   5.8123455386268251E-002
   5.8151694167000667E-002
   5.8184285911760808E-002
   5.8237778712858040E-002
   5.8266647116757574E-002
   5.8279420456006335E-002
   5.8336351277963244E-002
   5.8411398747339041E-002
   5.8477447297985534E-002
   5.8493974399023270E-002
   5.8524149288193036E-002
   5.8551468572742169E-002
   5.8591685992209243E-002
   5.8655068467212024E-002
   5.8692080746276735E-002
   5.8719578144767200E-002
   5.8756686894785734E-002
   5.8793651609265460E-002
   5.8863222278927735E-002
   5.8883436381153759E-002
   5.8904372443026876E-002
   5.8960183880076247E-002
   5.8978228590697110E-002
   5.9003288727556509E-002
   5.9053300953075642E-002
   5.9063694982190953E-002
   5.9123260320403763E-002
   5.9220511194015502E-002
   5.9249695300782640E-002
   5.9282053706458678E-002
   5.9345822273643614E-002
   5.9389129885825669E-002
   5.9426245314072756E-002
   5.9467736309238239E-002
   5.9475410997466831E-002
   5.9527663409257373E-002
   5.9570623337035014E-002
   5.9588801442269142E-002
   5.9675260304344391E-002
   5.9718948460113684E-002
   5.9739120336845822E-002
   5.9771731577421570E-002
   5.9830515932514074E-002
   5.9870760764954935E-002
   5.9895113672848457E-002
   5.9929233471451661E-002
   6.0036829370100790E-002
   6.0069581142861150E-002
   6.0080860217458842E-002
   6.0148361253748117E-002
   6.0209224078272928E-002
   6.0257781037871196E-002
   6.0316447089374621E-002
   6.0361175958137482E-002
   6.0403742969606773E-002
   6.0469043734979779E-002
   6.0486749502596693E-002
   6.0562549384857417E-002
   6.0588405370100622E-002
   6.0613951736163449E-002
   6.0654918864141649E-002
   6.0768943811745725E-002
   6.0827261653590189E-002
   6.0847551510807410E-002
   6.0873349637732603E-002
   6.0964940476361473E-002
   6.0989169845568403E-002
   6.1025873531135887E-002
   6.1097181839083303E-002
   6.1180145589841667E-002
   6.1230773491229976E-002
   6.1266047287718367E-002
   6.1398431915827133E-002
   6.1434150223983477E-002
   6.1522141645994025E-002
   6.1579004966288015E-002
   6.1613126217341961E-002
   6.1677327040329258E-002
   6.1719493910750559E-002
   6.1779830415634056E-002
   6.1827523209359928E-002
   6.1881326995130784E-002
   6.1959065159535365E-002
   6.2045175918998323E-002
   6.2121144134753378E-002
   6.2152123232406466E-002
   6.2232035214760936E-002
   6.2283398941110818E-002
   6.2394110847677889E-002
   6.2459659447576164E-002
   6.2509575946292639E-002
   6.2591213096833256E-002
   6.2645066703699723E-002
   6.2700158372133413E-002
   6.2801229065541683E-002
   6.2890861720988955E-002
   6.2975928645497906E-002
   6.3016809197709606E-002
   6.3126160123838773E-002
   6.3184390308679589E-002
   6.3310226805892808E-002
   6.3385288821816585E-002
   6.3442067782790199E-002
   6.3475076397730118E-002
   6.3596627346737530E-002
   6.3624896025131994E-002
   6.3655455650863599E-002
   6.3808496400090411E-002
   6.3886246830570564E-002
   6.3913123984912654E-002
   6.4021963651652969E-002
   6.4133164471226106E-002
   6.4227328479941975E-002
   6.4325151943579698E-002
   6.4499422211382010E-002
   6.4586512072128385E-002
   6.4644952570870315E-002
   6.4749535447960457E-002
   6.4770189916384821E-002
   6.4992381083024631E-002
   6.5082158098995008E-002
   6.5321074499885765E-002
   6.5353776631319194E-002
   6.5370278471597931E-002
   6.5496902208475663E-002
   6.5541779231364825E-002
   6.5623122316662647E-002
   6.5663919653779601E-002
   6.5733756646413968E-002
   6.5960899465369580E-002
   6.6020376844942552E-002
   6.6105603831620674E-002
   6.6141642251561689E-002
   6.6186231925024777E-002
   6.6281312419642857E-002
   6.6432892134230620E-002
   6.6603558058233425E-002
   6.6646185588074336E-002
   6.6807892396003016E-002
   6.6883705569001833E-002
   6.6922083972076801E-002
   6.7080516868444753E-002
   6.7118396662546528E-002
   6.7396743250592459E-002
   6.7444623672888782E-002
   6.7522942307893560E-002
   6.7569954020679515E-002
   6.7792057851591050E-002
   6.7926262232317833E-002
   6.7991842699512334E-002
   6.8192162351218347E-002
   6.8292848848267251E-002
   6.8386454010933864E-002
   6.8590579588950248E-002
   6.8721947742907075E-002
   6.8821947616426071E-002
   6.8962751181905979E-002
   6.9148671936713230E-002
   6.9497034775358971E-002
   6.9643071753175578E-002
   6.9991520020977069E-002
   7.0021427556266544E-002
   7.0183032333811637E-002
   7.0319391851274865E-002
   7.0418987806833283E-002
   7.0678247144332282E-002
   7.0853616487155394E-002
   7.1119022672651994E-002
   7.1341521339500863E-002
   7.1366595325800933E-002
   7.1409596687379992E-002
   7.1533188385139945E-002
   7.1746456980329956E-002
   7.2131702839316386E-002
   7.2178155406366351E-002
   7.2423171287583674E-002
   7.2532846587660182E-002
   7.2757474568606637E-002
   7.3062485441380373E-002
   7.3529408244219802E-002
   7.3941648423021422E-002
   7.4095950462081478E-002
   7.4365708705863953E-002
   7.4784728311507315E-002
   7.5038069183947106E-002
   7.5290039991079236E-002
   7.5387867464491984E-002
   7.5875780118824496E-002
   7.6149783747808994E-002
   7.6423115609622019E-002
   7.6759862002501844E-002
   7.6897469322502493E-002
   7.6965040536411053E-002
   7.7800627433541700E-002
   7.8143326345089109E-002
   7.8416960800001143E-002
   7.8532496326877491E-002
   7.8769293902906698E-002
   7.8887383880201209E-002
   7.9619659158861961E-002
   7.9672686182906821E-002
   8.0093922848866031E-002
   8.0123062651745083E-002
   8.0639459826512050E-002
   8.1283861635966473E-002
   8.1928169673512449E-002
   8.2435541619023875E-002
   8.2609677457975414E-002
   8.3350091850256589E-002
   8.4201937214407691E-002
   8.4305409641904014E-002
   8.5019591450381668E-002
   8.5163036312875307E-002
   8.6212333862860757E-002
   8.6308536209360159E-002
   8.7036310577152345E-002
   8.7976874012744830E-002
   8.8106147521201633E-002
   8.9147212774042098E-002
   8.9700548083424883E-002
   9.1290634067972998E-002
   9.1943813730752985E-002
   9.3620306037831169E-002
   9.4430088189833714E-002
   9.6537892298239864E-002
   9.6779056567459013E-002
   9.9274440723199034E-002
   9.9623711240534388E-002
  0.10162380066425047     
  0.10416167171098042     
  0.10582918130839872     
  0.10619116672991753     
  0.10737899181747274     
  0.10860378823069762     
  0.11065739221231932     
  0.11167699395103012     
  0.11196612988676288     
  0.11223300633690096     
  0.11314743069036300     
  0.11373310524639386     
  0.11508338502224666     
  0.11760062261618373     
  0.11792163846426598     
  0.11833763427979657     
  0.12063657149490596     
  0.12095426115689803     
  0.12186938208921845     
  0.12211611464968836     
  0.12251117961336892     
  0.12385697016802646     
  0.12596007681867241     
  0.12692716114972999     
  0.12741591520659348     
  0.12906077982554640     
  0.12919604055516398     
  0.12983887092497012     
  0.13019605674182860     
  0.13086970392983385     
  0.13110770905227534     
  0.13365870524003381     
  0.13383403869646027     
  0.13506140926237450     
  0.13613855814052281     
  0.13711733139722018     
  0.13752410044408936     
  0.13784871206540000     
  0.13824870537074771     
  0.14126723503098934     
  0.14148798516672434     
  0.14228592734726689     
  0.14275102848254825     
  0.14350772383499988     
  0.14351202338909186     
  0.14472123087305294     
  0.14486590197459795     
  0.14577925566742062     
  0.14670261010435270     
  0.14674785584818517     
  0.14793703122955743     
  0.14901357465434209     
  0.15064109153420868     
  0.15107393780257639     
  0.15175216642256401     
  0.15215424771391445     
  0.15282124582509490     
  0.15390431470614732     
  0.15403081303351290     
  0.15442601389871810     
  0.15642284661473299     
  0.15687383494717813     
  0.15977835172281235     
  0.16189092664546800     
  0.16355975221290797     
  0.16400144865248906     
  0.16434372825998947     
  0.16462546656351248     
  0.16514228921146568     
  0.16534892707106252     
  0.16559192495219585     
  0.16607985250089721     
  0.16647559872581980     
  0.16753019277954695     
  0.16805117140607637     
  0.16832882111456282     
  0.16938043302323233     
  0.17071911716287813     
  0.17134756668469892     
  0.17164182428912184     
  0.17423836535479284     
  0.17576570768906483     
  0.17769878312129833     
  0.17852942593227655     
  0.17963029311051013     
  0.18094732614827180     
  0.18118454303416784     
  0.18374148776098365     
  0.18379865256229269     
  0.18519364454152026     
  0.18793625694483237     
  0.18939313443966560     
  0.18963598021155983     
  0.19272765595485805     
  0.19567941094413643     
  0.19741717855948571     
  0.19779123337187968     
  0.19913925263752311     
  0.19950399148857009     
  0.20060442791428473     
  0.20158262611345476     
  0.20272201620436034     
  0.20594642804607652     
  0.20761979997826494     
  0.20816097679505619     
  0.20960645974637024     
  0.20999566131743472     
  0.21027287601889119     
  0.21041883976448994     
  0.21069373477824277     
  0.21093606932358241     
  0.21156706764665351     
  0.21189722517679008     
  0.21252043183731389     
  0.21350278645889062     
  0.21404529084105292     
  0.21544294931911651     
  0.21604527152330155     
  0.21626219423970189     
  0.21710587931606687     
  0.21775925779649419     
  0.21888603185320171     
  0.22140863089751184     
  0.22225455485717310     
  0.22276255682747403     
  0.22422486007394887     
  0.22587187463574593     
  0.22666418029553992     
  0.22671651169134774     
  0.22773242610702779     
  0.22981927823700590     
  0.23065700801628172     
  0.23469489835965057     
  0.23473848324551014     
  0.23567662643158427     
  0.23672236498191726     
  0.24037175135398892     
  0.24254618443307185     
  0.24356014077585089     
  0.24475690258874266     
  0.24548163830681971     
  0.24980335624469435     
  0.25078703911921213     
  0.25275773392944667     
  0.25303592246623058     
  0.25520147679538147     
  0.26233804729630616     
  0.26760245111075787     
  0.26908951721567931     
  0.27935617498182980     
  0.29138183736374024     
  0.70465264845114883     
  0.70535270430173025     
  0.70753612953265455     
  0.70789831215790278     
  0.71172060554458860     
  0.71351746079584299     
  0.71606000655600177     
  0.71655928577364336     
  0.71811921402273859     
  0.71998595797917331     
  0.72320794370905195     
  0.72530075660182147     
  0.72591383245851016     
  0.72915937712163237     
  0.72989333348684116     
  0.72993138894929166     
  0.73188107246533096     
  0.73272785672911300     
  0.73516176245398468     
  0.73711476999881176     
  0.73880565169714851     
  0.74132876037135687     
  0.74169581832018971     
  0.74350660597114993     
  0.74518030688899439     
  0.74627560380397584     
  0.74810805125984925     
  0.74867933619647342     
  0.75027235994201402     
  0.75135173671283428     
  0.75220989418633266     
  0.75366279730055086     
  0.75463401621907145     
  0.75502288471966894     
  0.75631554095346842     
  0.75696331634199399     
  0.75732140256518898     
  0.75920775344893732     
  0.75990703727628595     
  0.76146901379311993     
  0.76352456686309200     
  0.76409821363467589     
  0.76494358689188191     
  0.76529555730954657     
  0.76812985199485739     
  0.76978647791700228     
  0.77012372767960102     
  0.77125261772137188     
  0.77311191230616894     
  0.77315981575456449     
  0.77515704251801232     
  0.77718376107734100     
  0.77825001354614798     
  0.77943140461109039     
  0.78043321352713890     
  0.78270975847062307     
  0.78389799737715671     
  0.78413718542173128     
  0.78446827787934936     
  0.78823621993805648     
  0.79047362654289399     
  0.79332104039095419     
  0.79571222228446037     
  0.79657836395973103     
  0.79728223262473730     
  0.79771378929540637     
  0.79936205433794771     
  0.80130932972041602     
  0.80358234798870698     
  0.80490415443354679     
  0.80715409895959356     
  0.80809111656763521     
  0.80886481773891428     
  0.80934222919096610     
  0.80994097629267969     
  0.81098002589150830     
  0.81287649908776083     
  0.81567657386186754     
  0.81714982285399940     
  0.81813429579955255     
  0.82017902713194235     
  0.82134364981816776     
  0.82176320161015626     
  0.82257363542922757     
  0.82480114423585393     
  0.83025889599339509     
  0.83169790548986111     
  0.83173321262220845     
  0.83559643070803569     
  0.83709878109203306     
  0.83776099591029651     
  0.83867523693144075     
  0.84252693903504483     
  0.84409958259174644     
  0.84820191271850898     
  0.84871909599416295     
  0.85112938925722470     
  0.85336657045708342     
  0.85396480225637061     
  0.85661863865952181     
  0.86021491180143417     
  0.86165378186459218     
  0.86276010593816255     
  0.86351767683878078     
  0.86558762070653894     
  0.86627440383662380     
  0.86832669507078497     
  0.86958967765060668     
  0.87338549606501170     
  0.87625620771021429     
  0.87999463919138599     
  0.88321163662774538     
  0.88732427151957383     
  0.88872189358452669     
  0.89072614053252397     
  0.89400787218774591     
  0.89879984490706655     
  0.89958616487558762     
  0.90197247283734194     
  0.90349557369383782     
  0.90532794964996466     
  0.90771650113145941     
  0.90791732095108679     
  0.91023155777762643     
  0.91147225874157156     
  0.91509574780697112     
  0.91766637982708610     
  0.91942939717826033     
  0.92105642700951618     
  0.92173969094238706     
  0.92345731939011166     
  0.92578892683480429     
  0.92878256875053322     
  0.92994234500043660     
  0.93195878631186346     
  0.93379135531767410     
  0.93415046473972174     
  0.93647753746976492     
  0.93957216808662358     
  0.94296057187209170     
  0.94470515774451724     
  0.94511341882795485     
  0.94715487960537592     
  0.94868140723347827     
  0.95323755475189187     
  0.95358386885393598     
  0.95827482106857087     
  0.96021280456434865     
  0.96097509148733939     
  0.96588947590125496     
  0.96765193064222743     
  0.96866055094961256     
  0.97128634682205772     
  0.97194910754135699     
  0.97218077597953401     
  0.97352312585398060     
  0.97560501183469506     
  0.97613459833403060     
  0.98114697029877163     
  0.98192691537151999     
  0.98459706032550942     
  0.98602548817084457     
  0.98725314214495752     
  0.98771060038477565     
  0.98786867100338582     
  0.98871511299744930     
  0.98913789442086486     
  0.99430158551989389     
  0.99456032938630279     
  0.99662254560953234     
  0.99912131246243818     
  0.99944700585133794     
   1.0001619764111649     
   1.0017849936798540     
   1.0045103391059316     
   1.0052312871751592     
   1.0057536384529953     
   1.0090153805804425     
   1.0132279964412201     
   1.0152472230829621     
   1.0196157664044132     
   1.0202765289317628     
   1.0250439179337423     
   1.0337841392243496     
   1.0808236387980001     
   1.1068709289810994     
   1.1123972944715330     
   1.1253621210253921     
   1.1359528727711077     
   1.1498109337273714     
   1.1520297492267777     
   1.1553657205099117     
   1.1553707200897347     
   1.1610766002979251     
   1.1629534825753112     
   1.1631187589630450     
   1.1635493382592039     
   1.1649864538650951     
   1.1653339962529534     
   1.1669098238854727     
   1.1714325803677459     
   1.1717993213220383     
   1.1800510910532767     
   1.1873140865528222     
   1.1907275335819079     
   1.1909043216880815     
   1.1992255530097986     
   1.2021986075465552     
   1.2023203550956314     
   1.2112170328372525     
   1.2116561078730319     
   1.2126309099120756     
   1.2128459484901464     
   1.2132888581679417     
   1.2192659257012803     
   1.2220898304016454     
   1.2224127313799484     
   1.2224838581348116     
   1.2262978633165669     
   1.2263768295696600     
   1.2302038171879437     
   1.2337461399598957     
   1.2346246836964263     
   1.2348377849845704     
   1.2370591413554310     
   1.2405513021720223     
   1.2463166556155640     
   1.2490908542314740     
   1.2491122815414275     
   1.2560967179199001     
   1.2571243233484881     
   1.2571468753491259     
   1.2628776296305331     
   1.2633624773432117     
   1.2646767535766659     
   1.2659157084940424     
   1.2698440811870708     
   1.2720797435001661     
   1.2832290202533332     
   1.2883333888114001     
   1.2972699384529420     
   1.2980171216922574     
   1.3006895353599193     
   1.3031684387753386     
   1.3037892658654993     
   1.3073465306946552     
   1.3193753526551302     
   1.3289476834294927     
   1.3291684843404572     
   1.3304150129950427     
   1.3311370655552222     
   1.3316655571090183     
   1.3341298081717590     
   1.3347775081016942     
   1.3406348495672749     
   1.3433517471407790     
   1.3436035070534835     
   1.3563954760597314     
   1.3571792608233857     
   1.3607500801910273     
   1.3618631414164981     
   1.3645973974588592     
   1.3656172226061447     
   1.3699368051535374     
   1.3700663196338108     
   1.3724429836055514     
   1.3728708946346428     
   1.3758641539482521     
   1.3782618351223221     
   1.3796744087431096     
   1.3798001308323913     
   1.3810935972591585     
   1.3822707993436176     
   1.3876937221782570     
   1.3897837412769667     
   1.3976624659192596     
   1.4008513637320774     
   1.4028991550932057     
   1.4084381603790455     
   1.4116422835729650     
   1.4122443390135007     
   1.4131362605280045     
   1.4136405880910976     
   1.4156462836397332     
   1.4175846758363220     
   1.4201475291239078     
   1.4208059112564928     
   1.4239487224692695     
   1.4254557842311064     
   1.4258319805463731     
   1.4378503506962319     
   1.4412041934900344     
   1.4468006173290249     
   1.4519626679344682     
   1.4536952931351286     
   1.4539242610065017     
   1.4539916300801459     
   1.4540120203141540     
   1.4542986338361881     
   1.4593777402310453     
   1.4597405607446585     
   1.4649390560413083     
   1.4661967787543111     
   1.4696902713440416     
   1.4714512319490332     
   1.4751816405103857     
   1.4763234663551905     
   1.4799929267019782     
   1.4802219555476670     
   1.4853402105704316     
   1.4924731485513458     
   1.5012546624967087     
   1.5035961646145592     
   1.5095651431723027     
   1.5169577901789273     
   1.5175472839759070     
   1.5214147901782100     
   1.5215752591280991     
   1.5247795504608457     
   1.5276624833865320     
   1.5336547736738528     
   1.5364213747329509     
   1.5408257173465703     
   1.5408734890670346     
   1.5416678409290354     
   1.5453479766468425     
   1.5455517283920743     
   1.5462255607741044     
   1.5549265040758269     
   1.5735989291406403     
   1.5754296815972910     
   1.5756096747887665     
   1.5760030042698199     
   1.5766586738677666     
   1.5771158623983164     
   1.5772748175015590     
   1.5776950750431975     
   1.5786691218289324     
   1.5789493200577895     
   1.5820498154993714     
   1.5823459515029497     
   1.5824138665502203     
   1.5848303507606429     
   1.5961443569225597     
   1.5988357880207917     
   1.5991667483503129     
   1.6010472405498022     
   1.6033043266124285     
   1.6140256076563388     
   1.6342400656031797     
   1.6348443255024072     
   1.6421005473056320     
   1.6474978520386436     
   1.6499672786300836     
   1.6555459645983939     
   1.6577398562833283     
   1.6585527297544989     
   1.6586855783974579     
   1.6613155985706387     
   1.6640839482454153     
   1.6788299191911493     
   1.6796139088344122     
   1.7084426613648553     
   1.7138037425856387     
   1.7259913568540548     
   1.7310502963654335     
   1.7340547005187397     
   1.7382422927006604     
   1.7409166419029301     
   1.7417835310580889     
   1.7563064955724472     
   1.7609776448893801     
   1.7625254710671392     
   1.7663183401745295     
   1.7672761132080164     
   1.7704429864750779     
   1.7712912476825260     
   1.7807927605031488     
   1.7862026791505858     
   1.7895727288277168     
   1.7903701358620732     
   1.7950355427626457     
   1.7995288185321803     
   1.8011781815925327     
   1.8081282086745880     
   1.8085298269017651     
   1.8111381860214644     
   1.8173592582572142     
   1.8177784518095026     
   1.8187876395203799     
   1.8207550822906533     
   1.8232915353532237     
   1.8303872554978975     
   1.8307209350702127     
   1.8309091104297275     
   1.8315483818108214     
   1.8319974187547479     
   1.8323382452226353     
   1.8326085047340805     
   1.8340912061075494     
   1.8344594735303767     
   1.8353968445381024     
   1.8361291123542305     
   1.8404693403893899     
   1.8417209036857192     
   1.8427189134910111     
   1.8442262862472467     
   1.8446891540622945     
   1.8455399802186252     
   1.8472008953393855     
   1.8534267860060945     
   1.8568929927613820     
   1.8591379296836472     
   1.8608202276491899     
   1.8620302578086445     
   1.8661245271448337     
   1.8672087875255008     
   1.8682337614009736     
   1.8689011883522304     
   1.8705029833423974     
   1.8729657242496096     
   1.8802584141879874     
   1.8808702596977100     
   1.8810543212579727     
   1.8811992571812344     
   1.8822668823418733     
   1.8873716836785759     
   1.8883769819759713     
   1.8925924303769122     
   1.8927202456521326     
   1.8943479264526091     
   1.8954495448585591     
   1.8969017892918221     
   1.8980602038421439     
   1.8985101140562919     
   1.9031750670564329     
   1.9060270677755244     
   1.9061603313864930     
   1.9067391676477370     
   1.9078286729609271     
   1.9095963700014777     
   1.9117294953339499     
   1.9136995291806964     
   1.9144588423173545     
   1.9149558012707650     
   1.9156259395554265     
   1.9201992471564893     
   1.9207049205634841     
   1.9226573649966316     
   1.9226989937563945     
   1.9267920107763641     
   1.9280072751525517     
   1.9283398876239934     
   1.9313703628501140     
   1.9323430182772674     
   1.9396826426932570     
   1.9402327874119767     
   1.9412265346270492     
   1.9420444101089058     
   1.9441804403136709     
   1.9451285402472482     
   1.9459204464230679     
   1.9473966258017128     
   1.9528953456132865     
   1.9568514293396897     
   1.9572242786290475     
   1.9576523418552767     
   1.9585366142902145     
   1.9608777711023637     
   1.9629743238619350     
   1.9643164911277773     
   1.9651844331172810     
   1.9668576206919333     
   1.9699006645804913     
   1.9717641254641542     
   1.9745913104643120     
   1.9766795739723957     
   1.9791331998969595     
   1.9792414712648616     
   1.9794461512020312     
   1.9818867146034098     
   1.9821755043334308     
   1.9851443347167930     
   1.9863566638289774     
   1.9889713719044673     
   1.9906317373538445     
   1.9930141242410182     
   1.9943049046013863     
   1.9963692110355615     
   1.9972044370704767     
   1.9976256971610347     
   1.9977473778693540     
   1.9985512942697317     
   1.9986086926028730     
   2.0009032157478579     
   2.0066113858529002     
   2.0075517617318872     
   2.0079362353669321     
   2.0084749151634660     
   2.0090702822217996     
   2.0099166390878542     
   2.0103732515393617     
   2.0112718011966910     
   2.0125006490330000     
   2.0130875683397695     
   2.0137315748960325     
   2.0137883307898692     
   2.0143185267310937     
   2.0149306596396301     
   2.0190536979304903     
   2.0215755061617675     
   2.0215772249376234     
   2.0257516552433241     
   2.0270848113411062     
   2.0283495721627220     
   2.0291173046050681     
   2.0303946747734192     
   2.0304519187052006     
   2.0340061334413546     
   2.0345009383502020     
   2.0350405577087547     
   2.0367295815997557     
   2.0373244415412541     
   2.0373998097906965     
   2.0398259810129478     
   2.0406636272288292     
   2.0420669821931674     
   2.0459654311199422     
   2.0482946409661631     
   2.0504796733033843     
   2.1470954401272522     
   2.1494937366011788     
   2.2020769317182260     
   2.2061345107179333     
   2.2095984257623722     
   2.2115562136806930     
   2.2116357351026310     
   2.2119216703142266     
   2.2125593590834316     
   2.2133839255145658     
   2.2136507161572041     
   2.2170164315436915     
   2.2191388874737128     
   2.2232078118574847     
   2.2236702655071854     
   2.2246278683158920     
   2.2255604568475147     
   2.2257105197721656     
   2.2273735345975672     
   2.2403292240749519     
   2.2432045843173802     
   2.2432461167864326     
   2.2452864243610988     
   2.2459039272785675     
   2.2461427859965362     
   2.2511294961712487     
   2.2654017366011896     
   2.2726391161122161     
   2.2734366496733669     
   2.2740032560059271     
   2.3290856609234512     
   2.3461777809611779     
   2.3482948132756323     
   2.3491387277929983     
   2.3497578243331105     
   2.3515419886617321     
   2.3516058989187094     
   2.3525597276704739     
   2.3539148320494454     
   2.3541694555033992     
   2.3562571272856463     
   2.3568039173990871     
   2.3574925461634102     
   2.3587176501847726     
   2.3606676247487641     
   2.3612432265703114     
   2.3643268484583553     
   2.3715689451339457     
   2.3731397823337259     
   2.3731417083323860     
   2.3740536994497949     
   2.3742069083058217     
   2.3760662517212596     
   2.3762992077402632     
   2.3780468263991041     
   2.3794260543107293     
   2.3822061420243013     
   2.3849448919328449     
   2.3915475733489111     
   2.3916263903696939     
   2.3921325068304244     
   2.3930165209570671     
   2.3983208657563586     
   2.4001692934967616     
   2.4005316487326711     
   2.4022329321005387     
   2.4029618238137398     
   2.4044075263494729     
   2.4059475939679289     
   2.4065012200445217     
   2.4084601214239814     
   2.4118189258252221     
   2.4146874199411621     
   2.4147135187901512     
   2.4164115285474472     
   2.4219907165248977     
   2.4237276333732547     
   2.4252493756684914     
   2.4255859934028408     
   2.4257088527226607     
   2.4258601876628862     
   2.4265724820617507     
   2.4273298463625856     
   2.4274179286070177     
   2.4281797876463727     
   2.4282954468451554     
   2.4344217510531410     
   2.4352851257963462     
   2.4381090597858517     
   2.4389707448879827     
   2.4392049231059563     
   2.4403785490268670     
   2.4428947803396195     
   2.4440186259094823     
   2.4450052041316828     
   2.4451947331231807     
   2.4476692885052009     
   2.4498513501773536     
   2.4509205273219887     
   2.4522104998885506     
   2.4537790797172616     
   2.4541924336628198     
   2.4555357775426119     
   2.4558415791075121     
   2.4578856493249348     
   2.4599387339176637     
   2.4677837302903818     
   2.4687377766650838     
   2.4693871292824991     
   2.4696029398086905     
   2.4713278874660451     
   2.4723338511466708     
   2.4723691185429053     
   2.4737056506869801     
   2.4751668778904987     
   2.4760698904868499     
   2.4768157051343818     
   2.4769248056282316     
   2.4863083259036838     
   2.4893965782732206     
   2.4916439197860991     
   2.4918341060875671     
   2.4921084663078537     
   2.4944146070419024     
   2.4947982800358601     
   2.5000210459067054     
   2.5016019672867662     
   2.5023512518983209     
   2.5059618178805274     
   2.5060441764818200     
   2.5063145214598648     
   2.5110630176013826     
   2.5130187882068062     
   2.5133203855757751     
   2.5136894453042156     
   2.5152503960378989     
   2.5164865932687226     
   2.5169773255586150     
   2.5198723882882224     
   2.5202551052821347     
   2.5207323444652103     
   2.5211730311494680     
   2.5214348569490483     
   2.5231066733631438     
   2.5235705515241671     
   2.5262090054877460     
   2.5265224906478805     
   2.5272031437073785     
   2.5273255855437426     
   2.5376132488937748     
   2.5376949705272858     
   2.5380172502438234     
   2.5381657601653669     
   2.5401041609278763     
   2.5403590184964737     
   2.5411446417387222     
   2.5426960414389419     
   2.5433041643357917     
   2.5435411853035328     
   2.5477094835153391     
   2.5482243866920551     
   2.5519671687786984     
   2.5522235594137697     
   2.5526709460939085     
   2.5568989719806572     
   2.5583339555393154     
   2.5592738489087354     
   2.5599808667743931     
   2.5605687652584943     
   2.5606326140765523     
   2.5612275445329584     
   2.5615378748192899     
   2.5619975039488145     
   2.5620013598718754     
   2.5636846866208294     
   2.5649591596168069     
   2.5650192759161419     
   2.5670092643057734     
   2.5679267116370794     
   2.5688999715575433     
   2.5753495879793777     
   2.5759534308009129     
   2.5892347170457310     
   2.5909008912564815     
   2.5960515401427977     
   2.6015230623215539     
   2.6304109641557698     
   2.6311020756998622     
   2.6326471454352496     
   2.6333430135674325     
   2.6344320546858930     
   2.6349179598394348     
   2.6371612194863365     
   2.6378288871118545     
   2.6379869362547428     
   2.6380735367065626     
   2.6386346294571137     
   2.6398535354174406     
   2.6442604811393360     
   2.6465508119245116     
   2.6484086921432466     
   2.6491993718859579     
   2.6492354364349389     
   2.6500656633609476     
   2.6511438579679822     
   2.6531594559102705     
   2.6561710558129987     
   2.6563910597116456     
   2.6606353205377546     
   2.6630413369869927     
   2.6637667423934941     
   2.6638147126050837     
   2.6728681267742966     
   2.6747556583170184     
   2.6783362373350550     
   2.6785821484481773     
   2.6790509295945588     
   2.6796905175697709     
   2.6810431860844832     
   2.6824150045239250     
   2.6842036385159451     
   2.6842986092076164     
   2.6846984337891739     
   2.6848660832957920     
   2.6857360217039199     
   2.6863314574120056     
   2.6867949167416820     
   2.6869897656360608     
   2.6870244650289301     
   2.6875309373055867     
   2.6877550800287566     
   2.6886016342383807     
   2.6888629946036691     
   2.6898831589510901     
   2.6913752142018561     
   2.6933030897569838     
   2.6937086900983447     
   2.6937795622724248     
   2.6944768531393826     
   2.6947909509647556     
   2.6958910355477474     
   2.6966302220349272     
   2.6968125940640970     
   2.6971582166531092     
   2.6973137261123217     
   2.6974885128945330     
   2.6976124313411693     
   2.6982595400754841     
   2.6982986527124337     
   2.6994824163590416     
   2.6998686437421395     
   2.6999696369859851     
   2.6999797913480754     
   2.7007473952245578     
   2.7028699153156071     
   2.7068488703663784     
   2.7073023436516923     
   2.7073635137011056     
   2.7074900615366455     
   2.7095050310114703     
   2.7098267765287112     
   2.7109880347344029     
   2.7110162779607747     
   2.7112212324147271     
   2.7123873629490225     
   2.7168032302496021     
   2.7178117216142206     
   2.7188265365768096     
   2.7191376254162813     
   2.7212011942000793     
   2.7230456376406544     
   2.7236707383349876     
   2.7244474250876012     
   2.7261638878062491     
   2.7274245059319964     
   2.7277499280478574     
   2.7307255228971643     
   2.7314561305089291     
   2.7315713626314970     
   2.7321633427688741     
   2.7359066597457136     
   2.7435416305335192     
   2.7485713587279359     
   2.7502707093205361     
   2.7529975623689862     
   2.7534971452814037     
   2.7556689286078333     
   2.7617441293490641     
   2.7631185760724954     
   2.7690221659542869     
   2.7716519073390633     
   2.7761685543141552     
   2.7767706468510474     
   2.7772363829795381     
   2.7822155584431565     
   2.7863032296942531     
   2.7877448579345514     
   2.7899628099633351     
   2.7901264036086988     
   2.7905968436093254     
   2.7910408479629902     
   2.7917792747203110     
   2.7953112957576627     
   2.7981838414226745     
   2.7983780451556801     
   2.8000326952753585     
   2.8030471504297596     
   2.8046860249664842     
   2.8098970894050561     
   2.8114560377086297     
   2.8123221499400350     
   2.8132983329330723     
   2.8136083879786407     
   2.8175329354985461     
   2.8180504817251855     
   2.8195237962266151     
   2.8205214017905882     
   2.8217838799944235     
   2.8241222740952869     
   2.8242546004090263     
   2.8248413197601234     
   2.8271763758880248     
   2.8273969226311282     
   2.8302267940836443     
   2.8317814799605383     
   2.8338635368634564     
   2.8354453198430707     
   2.8363231328476743     
   2.8375384481927211     
   2.8376715321625170     
   2.8400741531557001     
   2.8426688591569458     
   2.8440510905894927     
   2.8453841894467082     
   2.8456790383177664     
   2.8463502436302175     
   2.8474446731691230     
   2.8477123944761780     
   2.8479794805222047     
   2.8491711245506166     
   2.8500587445102634     
   2.8520159105820770     
   2.8523786733958874     
   2.8527527873742065     
   2.8537472720567978     
   2.8541545586933545     
   2.8545741308653789     
   2.8546530402241528     
   2.8555028369438515     
   2.8555088335409184     
   2.8555671337907387     
   2.8570131862050796     
   2.8577981744442731     
   2.8583049043615429     
   2.8583916279600698     
   2.8587720227798772     
   2.8588282342156202     
   2.8595357910339421     
   2.8597625075066007     
   2.8601839695702376     
   2.8605797667367683     
   2.8612983820243487     
   2.8616856472176377     
   2.8623296053809697     
   2.8624042460179413     
   2.8635730569230589     
   2.8647137876940225     
   2.8653813471609322     
   2.8654974610526684     
   2.8671069301033656     
   2.8675303856221506     
   2.8683625581856957     
   2.8686285651911088     
   2.8688754038706006     
   2.8689493197910925     
   2.8702350977891471     
   2.8709372972055118     
   2.8710548077682243     
   2.8723793565471891     
   2.8725653838227840     
   2.8728559517020380     
   2.8731977340972183     
   2.8736747609128255     
   2.8748664248141163     
   2.8757981021977517     
   2.8788155415796117     
   2.8792369983222406     
   2.8807164470629107     
   2.8816272205946980     
   2.8816601138606663     
   2.8821223558561511     
   2.8846831865664835     
   2.8849043139243848     
   2.8852084318820093     
   2.8852339413255472     
   2.8876053457395745     
   2.8878156399535859     
   2.8879807145214418     
   2.8891196964755150     
   2.8895572177821016     
   2.8897761118753884     
   2.8899330136855261     
   2.8904733784462406     
   2.8909115747343685     
   2.8916409593724182     
   2.8923832720760516     
   2.8939622769965831     
   2.8940592099216556     
   2.8953608265769195     
   2.8958594772856077     
   2.8959698788852397     
   2.8963662343373158     
   2.8974696706045204     
   2.8978207018320004     
   2.8979075362980748     
   2.8984474361208830     
   2.8989489666261039     
   2.9001090601133561     
   2.9006467554017843     
   2.9024832888405743     
   2.9032781283574023     
   2.9056504834949695     
   2.9062823230469386     
   2.9077619261810113     
   2.9077761611026336     
   2.9082275859656526     
   2.9085604698497578     
   2.9086865282137793     
   2.9092030034652860     
   2.9098550667352892     
   2.9099924153412311     
   2.9106807690255652     
   2.9108690250843621     
   2.9134519693882956     
   2.9141458279533081     
   2.9146383023808244     
   2.9147394099497572     
   2.9156817585075747     
   2.9170205691788405     
   2.9175159030268110     
   2.9181716441192433     
   2.9184717546874670     
   2.9187233850134149     
   2.9188754659905438     
   2.9189259668088554     
   2.9190016893814090     
   2.9192815303658040     
   2.9195136376003719     
   2.9197811816385659     
   2.9203873765067696     
   2.9207233228222900     
   2.9212053196118886     
   2.9219463817565097     
   2.9219831154503169     
   2.9228751871474579     
   2.9232392773166929     
   2.9245321892276444     
   2.9248315029913572     
   2.9262811780417466     
   2.9265124422288329     
   2.9272256551673284     
   2.9276614788930577     
   2.9280134777565809     
   2.9285548607652316     
   2.9287821441497761     
   2.9292572877966658     
   2.9296642030872144     
   2.9300284604897668     
   2.9302744176675994     
   2.9313628982156961     
   2.9318755401710490     
   2.9320603252340187     
   2.9325213394105671     
   2.9329316903665763     
   2.9330599450946635     
   2.9334287191231363     
   2.9349016015224976     
   2.9356088784492078     
   2.9359102812275508     
   2.9364118619759618     
   2.9371708532323355     
   2.9376219171801918     
   2.9384748179242886     
   2.9394311075040296     
   2.9397851613510002     
   2.9402947393289196     
   2.9411565999102085     
   2.9416808329836148     
   2.9418725915995751     
   2.9419937462377748     
   2.9428191833854527     
   2.9448560928225112     
   2.9452011138251040     
   2.9461142939604508     
   2.9462101725320888     
   2.9471788979243252     
   2.9473175095883324     
   2.9481544961631001     
   2.9482605201607104     
   2.9490583349727051     
   2.9496993670870988     
   2.9525166378367773     
   2.9565772834662751     
   2.9571332525352325     
   2.9583022243136980     
   2.9715414783614218     
   2.9816971223768731     
   2.9835527829974979     
   2.9863556714375323     
   2.9865598175764227     
   2.9872671704772382     
   2.9886864604549421     
   2.9887736875153017     
   2.9893030014088815     
   2.9894206337683347     
   2.9913799401999643     
   2.9930080889732862     
   2.9934378548178882     
   2.9938331741864825     
   2.9941244456914609     
   2.9941726987813286     
   2.9952534781677405     
   2.9962832103601502     
   2.9966891317302262     
   2.9974379362456038     
   2.9977065453685237     
   2.9990807961256336     
   2.9994703588638996     
   2.9996275685658338     
   3.0001537281856905     
   3.0021885591843867     
   3.0031847239748695     
   3.0043068088816307     
   3.0051960713157713     
   3.0061747452494085     
   3.0067264475171585     
   3.0085186464165568     
   3.0115969593288643     
   3.0117165438948583     
   3.0138450451429555     
   3.0186122831700772     
   3.0256637815019642     
   3.0285693031814929     
   3.0303346586385755     
   3.0352487688804022     
   3.0354315797649281     
   3.0531122593247111     
   3.0656182796446068     
   3.1067972514752320     
   3.1246713626076121     
