 beta=   0.0000000000000000     
  -4.6788271179689578E-015
  -2.7624502475813806E-015
  -2.0814296812730224E-015
  -1.2680907313905732E-015
  -1.0337612771084262E-015
   1.1292534035454561E-016
   9.6247052616113310E-004
   1.1719488397999023E-003
   1.4945830292633054E-003
   2.2809782152089508E-003
   2.6156866102678145E-003
   2.7157438051449603E-003
   2.8376092628853850E-003
   2.8986240529081855E-003
   3.1561671685751275E-003
   3.2663204660025196E-003
   3.3148547032939269E-003
   3.5044352127912219E-003
   3.5959697465665426E-003
   3.7093600780089553E-003
   3.7670002632091038E-003
   4.0111331133650535E-003
   4.2093687195477736E-003
   4.3569185019569929E-003
   4.3807892084767397E-003
   4.5874565058860589E-003
   4.6716801603695571E-003
   4.8004308174904725E-003
   4.9409024217390886E-003
   4.9893230970609126E-003
   5.0992059040142913E-003
   5.1481457672451604E-003
   5.3735200208511243E-003
   5.4385209520078862E-003
   5.4813555276818915E-003
   5.5731780017051272E-003
   5.6017256083063143E-003
   5.7138663209425102E-003
   5.7721703995934079E-003
   5.8947938051774201E-003
   6.1034240310810089E-003
   6.2773995199002161E-003
   6.3690436982205140E-003
   6.4997112634234827E-003
   6.5860755875949842E-003
   6.7031359812443616E-003
   6.7817732211987647E-003
   6.7876167149133653E-003
   6.9081729108987841E-003
   6.9619917397712354E-003
   6.9919494636276865E-003
   7.0128222699346703E-003
   7.1635345224089417E-003
   7.2827837976378179E-003
   7.3312236696184410E-003
   7.4479907857360351E-003
   7.4766070054582343E-003
   7.5556693630223310E-003
   7.7444734805512741E-003
   7.8503932889172571E-003
   7.8881503048582480E-003
   7.9297512217679309E-003
   8.1664268732208473E-003
   8.2621982279267488E-003
   8.2828203057510215E-003
   8.3892129366257302E-003
   8.5016118540492888E-003
   8.5683255098641196E-003
   8.6428905294607204E-003
   8.6932538834205500E-003
   8.8759035479670061E-003
   8.9004571561182473E-003
   9.0025732894466401E-003
   9.0691441166212208E-003
   9.2046131247465954E-003
   9.2585371467889793E-003
   9.3438528071336791E-003
   9.4459383168250446E-003
   9.4650484630460809E-003
   9.5246149986251260E-003
   9.5649414024151520E-003
   9.6692244808667463E-003
   9.7164326619105755E-003
   9.8235155408365887E-003
   9.8956885714170974E-003
   9.9999191588898279E-003
   1.0074586418315616E-002
   1.0086401185894486E-002
   1.0152716079264185E-002
   1.0274678764126334E-002
   1.0343781352959113E-002
   1.0390937507332366E-002
   1.0398622065553663E-002
   1.0425276077060789E-002
   1.0503702666051504E-002
   1.0519270254519627E-002
   1.0582964121458502E-002
   1.0605025889079233E-002
   1.0726716654922169E-002
   1.0774214659940521E-002
   1.0811556859286267E-002
   1.0850518739610444E-002
   1.0996984177843724E-002
   1.1038043945346994E-002
   1.1057935660125143E-002
   1.1099926619300598E-002
   1.1168228450606391E-002
   1.1209931017632999E-002
   1.1261620298927062E-002
   1.1327168870032956E-002
   1.1340171249357751E-002
   1.1420848667614744E-002
   1.1456768547976035E-002
   1.1580138417738101E-002
   1.1617770978746386E-002
   1.1702646487295390E-002
   1.1729367099391831E-002
   1.1781906697312997E-002
   1.1891572897929246E-002
   1.1931051973294889E-002
   1.1967861710399973E-002
   1.2011010984260275E-002
   1.2095217707959665E-002
   1.2109853438054617E-002
   1.2207314578097352E-002
   1.2258901423889055E-002
   1.2336585291726841E-002
   1.2407065040670733E-002
   1.2498060209543150E-002
   1.2532009160456258E-002
   1.2556855439738907E-002
   1.2640016770225304E-002
   1.2706727407994698E-002
   1.2745515040766721E-002
   1.2804870431007526E-002
   1.2860562894835023E-002
   1.2926964893597036E-002
   1.3027012211491176E-002
   1.3075390709868847E-002
   1.3164047455629754E-002
   1.3210739962620221E-002
   1.3278775755247073E-002
   1.3299584395671438E-002
   1.3358151914426847E-002
   1.3389785877520622E-002
   1.3452449014857343E-002
   1.3521760772509033E-002
   1.3626761799420378E-002
   1.3687656799611076E-002
   1.3753274241041691E-002
   1.3814893035598604E-002
   1.3855977134059562E-002
   1.3881208818069084E-002
   1.3979373989487426E-002
   1.3994140945151032E-002
   1.4084139443116123E-002
   1.4134496819643395E-002
   1.4180588195000987E-002
   1.4214741742291400E-002
   1.4235402082287062E-002
   1.4288038718459696E-002
   1.4323885797357277E-002
   1.4385537322064658E-002
   1.4400763203584702E-002
   1.4440167964862584E-002
   1.4460866468742395E-002
   1.4479382350095717E-002
   1.4567812430797926E-002
   1.4660894426299483E-002
   1.4700643369063227E-002
   1.4800111446449868E-002
   1.4827871448137547E-002
   1.4876777472407328E-002
   1.4900169557180255E-002
   1.4932831431544011E-002
   1.4943100376345608E-002
   1.5060164520813248E-002
   1.5105761764246167E-002
   1.5164263507527418E-002
   1.5235401790133047E-002
   1.5313362192027597E-002
   1.5348474390414970E-002
   1.5409008429945697E-002
   1.5499830686321766E-002
   1.5540525071023773E-002
   1.5590422286881388E-002
   1.5649122594346299E-002
   1.5670747885689711E-002
   1.5712992489661678E-002
   1.5783031242386777E-002
   1.5820569415572364E-002
   1.5860398982545557E-002
   1.5899528443757350E-002
   1.5935726917567276E-002
   1.5997133113293371E-002
   1.6046502983539986E-002
   1.6072766650761922E-002
   1.6104050988229122E-002
   1.6138028191155750E-002
   1.6194346959002889E-002
   1.6239412807425552E-002
   1.6285852602418879E-002
   1.6306751917631243E-002
   1.6360835335275103E-002
   1.6398976742270217E-002
   1.6414852882503109E-002
   1.6490785594746218E-002
   1.6516397511234491E-002
   1.6577798899399452E-002
   1.6601640556306738E-002
   1.6652070779867516E-002
   1.6728400125332582E-002
   1.6801924120512696E-002
   1.6850284389407069E-002
   1.6854891873514525E-002
   1.6909138314631738E-002
   1.6954233659692182E-002
   1.6985645017701719E-002
   1.7000701028200720E-002
   1.7026595111984833E-002
   1.7077423315474523E-002
   1.7120288240720986E-002
   1.7157832553361965E-002
   1.7186777698964050E-002
   1.7254510383624518E-002
   1.7267651493171388E-002
   1.7323766032189422E-002
   1.7455178052353092E-002
   1.7471462061171610E-002
   1.7488912551723287E-002
   1.7519516406882443E-002
   1.7557271087618259E-002
   1.7594322947247509E-002
   1.7668855057593767E-002
   1.7700617483503371E-002
   1.7745758967089423E-002
   1.7775146435685351E-002
   1.7843049762902026E-002
   1.7867835350459826E-002
   1.7945292427369527E-002
   1.7961294275718322E-002
   1.7984540862166137E-002
   1.7998954599936029E-002
   1.8053784318660501E-002
   1.8107144953010003E-002
   1.8110434953841299E-002
   1.8167797594991576E-002
   1.8223297921734657E-002
   1.8259821733236929E-002
   1.8304963076728208E-002
   1.8353541529806488E-002
   1.8358770122052448E-002
   1.8400504463922537E-002
   1.8403911337299579E-002
   1.8465841782032186E-002
   1.8519876581407687E-002
   1.8533629901559837E-002
   1.8561641002049243E-002
   1.8594649675126074E-002
   1.8640856757336934E-002
   1.8699674305720611E-002
   1.8704812056551678E-002
   1.8762334518098715E-002
   1.8845833346412461E-002
   1.8879069731324132E-002
   1.8887593236567100E-002
   1.8957948806796649E-002
   1.9002128374115333E-002
   1.9023771754868062E-002
   1.9057060456442156E-002
   1.9109145782750792E-002
   1.9127815229780052E-002
   1.9163278743387056E-002
   1.9210702640498744E-002
   1.9257077818889284E-002
   1.9273446712375006E-002
   1.9292333497501899E-002
   1.9318725510544994E-002
   1.9366948191770459E-002
   1.9391392195297036E-002
   1.9423515975382163E-002
   1.9448864490097331E-002
   1.9504567205199840E-002
   1.9541524674412978E-002
   1.9548954052940125E-002
   1.9615489318123170E-002
   1.9666468255339315E-002
   1.9678829705002919E-002
   1.9723237342013113E-002
   1.9768636842979186E-002
   1.9787337317911984E-002
   1.9817675725550623E-002
   1.9838248655837894E-002
   1.9848285596146042E-002
   1.9894725705302017E-002
   1.9922204901221076E-002
   1.9938833786942216E-002
   1.9978341055614381E-002
   1.9995057648895410E-002
   2.0025582668062720E-002
   2.0048826761162861E-002
   2.0083189182003532E-002
   2.0117697974969605E-002
   2.0166917149744966E-002
   2.0173153879376071E-002
   2.0198749821076976E-002
   2.0237523230511277E-002
   2.0272095525738353E-002
   2.0278135392479513E-002
   2.0298761812303185E-002
   2.0308229558986542E-002
   2.0374690921590062E-002
   2.0399093600380072E-002
   2.0433620547777118E-002
   2.0444175195625837E-002
   2.0477875949877100E-002
   2.0531196045441281E-002
   2.0550887939050622E-002
   2.0569073685128687E-002
   2.0642035898263255E-002
   2.0679960383001128E-002
   2.0696190493177315E-002
   2.0764431445608317E-002
   2.0784359519081783E-002
   2.0808362629045781E-002
   2.0838507923470247E-002
   2.0844043578643820E-002
   2.0902654885184679E-002
   2.0933939650162013E-002
   2.0946938101717893E-002
   2.0965832842134362E-002
   2.1020897288940358E-002
   2.1066069258159601E-002
   2.1112599439061536E-002
   2.1136054709677943E-002
   2.1149325541885089E-002
   2.1170035688624730E-002
   2.1207197628115463E-002
   2.1271534846103786E-002
   2.1277212376785069E-002
   2.1291751491305053E-002
   2.1317989877092533E-002
   2.1338341757912712E-002
   2.1400912225197643E-002
   2.1420987438340242E-002
   2.1436710095544265E-002
   2.1474270366295945E-002
   2.1486612119651225E-002
   2.1498300922246590E-002
   2.1530091494630473E-002
   2.1563152975111119E-002
   2.1602425661219244E-002
   2.1606495711012867E-002
   2.1648583542792258E-002
   2.1694257856779746E-002
   2.1705241042206658E-002
   2.1718427665002787E-002
   2.1761127564405330E-002
   2.1780336058207936E-002
   2.1807655824871239E-002
   2.1824082241372229E-002
   2.1850441865182809E-002
   2.1880973906124566E-002
   2.1918252024724826E-002
   2.1936040080042300E-002
   2.1974876264192249E-002
   2.1981412621848540E-002
   2.1996107523845437E-002
   2.2066133479260092E-002
   2.2082039389884706E-002
   2.2099849325956687E-002
   2.2126276002500344E-002
   2.2153007560554182E-002
   2.2176115580348685E-002
   2.2196615776538319E-002
   2.2219134129133154E-002
   2.2247274500500853E-002
   2.2284235900397603E-002
   2.2303484750093968E-002
   2.2346514417095207E-002
   2.2362178088051236E-002
   2.2365645724753060E-002
   2.2382516882474498E-002
   2.2404035108726232E-002
   2.2442339064045136E-002
   2.2456628009161993E-002
   2.2514724952779522E-002
   2.2559725752384560E-002
   2.2580529236513495E-002
   2.2604867689508461E-002
   2.2609613418514904E-002
   2.2644519912739761E-002
   2.2673182814027942E-002
   2.2695261506592564E-002
   2.2726879221452622E-002
   2.2751421770595807E-002
   2.2814228471108963E-002
   2.2856308977282039E-002
   2.2876311620623584E-002
   2.2896201368210273E-002
   2.2910045425291542E-002
   2.2939334311141941E-002
   2.2981477122969513E-002
   2.2982984854200215E-002
   2.3032190214981700E-002
   2.3067699995524157E-002
   2.3085569596446465E-002
   2.3120658853152145E-002
   2.3136729687436297E-002
   2.3144591134653694E-002
   2.3184198156200132E-002
   2.3224261967275880E-002
   2.3245309794408801E-002
   2.3263622050676259E-002
   2.3330144838123828E-002
   2.3332968398331971E-002
   2.3355259281935783E-002
   2.3385447810452022E-002
   2.3423644159991493E-002
   2.3443926100901659E-002
   2.3468103188084587E-002
   2.3483825855951945E-002
   2.3510171578501420E-002
   2.3562057830472102E-002
   2.3574445906453453E-002
   2.3591811090473317E-002
   2.3608679406204151E-002
   2.3658915532765987E-002
   2.3683628156030256E-002
   2.3695716687259449E-002
   2.3711006159825011E-002
   2.3759749620271348E-002
   2.3786309888087952E-002
   2.3807622602255881E-002
   2.3851247978043846E-002
   2.3892454565050281E-002
   2.3918570271565753E-002
   2.3923647333498815E-002
   2.3950490202964317E-002
   2.3989479284972009E-002
   2.4031447347145057E-002
   2.4059661816138566E-002
   2.4099415842668167E-002
   2.4114884226276768E-002
   2.4137809430920292E-002
   2.4202122925578030E-002
   2.4214216728433324E-002
   2.4238059255256610E-002
   2.4260933200913257E-002
   2.4291614580219889E-002
   2.4306526086163526E-002
   2.4316620155632743E-002
   2.4345781600376488E-002
   2.4385602234216978E-002
   2.4411441383849632E-002
   2.4429927778023906E-002
   2.4446828937064267E-002
   2.4459995303792007E-002
   2.4492982336383383E-002
   2.4537966642092800E-002
   2.4554518754861719E-002
   2.4590042256920693E-002
   2.4626400148632710E-002
   2.4636943788681785E-002
   2.4650092854023184E-002
   2.4671354075049948E-002
   2.4681887972451633E-002
   2.4721329193851473E-002
   2.4755879008240583E-002
   2.4797197108195782E-002
   2.4810819148401601E-002
   2.4832040857257622E-002
   2.4850189877050715E-002
   2.4864448370799003E-002
   2.4894960447859032E-002
   2.4921731638287682E-002
   2.4937619829355936E-002
   2.4981306057119086E-002
   2.5006090740975220E-002
   2.5008708951732073E-002
   2.5055740164547726E-002
   2.5057826073977038E-002
   2.5092676993699128E-002
   2.5132331261220435E-002
   2.5162954767188408E-002
   2.5173856322400431E-002
   2.5196554808806098E-002
   2.5211422122383101E-002
   2.5236084112408533E-002
   2.5277523818223673E-002
   2.5286968054122227E-002
   2.5308029552719831E-002
   2.5324730333006123E-002
   2.5359020902506611E-002
   2.5397614343892577E-002
   2.5433116260008628E-002
   2.5442101190570679E-002
   2.5449048169708277E-002
   2.5475042126085121E-002
   2.5509857814124060E-002
   2.5544084830407432E-002
   2.5568620841744182E-002
   2.5573046916093078E-002
   2.5608261091125503E-002
   2.5645211909761281E-002
   2.5659653973666246E-002
   2.5685101604626396E-002
   2.5709571890440378E-002
   2.5723839048983888E-002
   2.5748282633568712E-002
   2.5759978437864581E-002
   2.5788919193757285E-002
   2.5812688313423308E-002
   2.5818622883526477E-002
   2.5865488352697589E-002
   2.5876069765608304E-002
   2.5896306624216350E-002
   2.5899364654882111E-002
   2.5938477286936844E-002
   2.5947221593732240E-002
   2.5997559307664980E-002
   2.6012189657165622E-002
   2.6076582511646976E-002
   2.6081960309393748E-002
   2.6105554780570084E-002
   2.6153256586810704E-002
   2.6171609572197933E-002
   2.6201880470765462E-002
   2.6225089544035296E-002
   2.6245308738025976E-002
   2.6265841558868654E-002
   2.6266801671001185E-002
   2.6309713016720339E-002
   2.6347528258699904E-002
   2.6374164614727313E-002
   2.6375622786493677E-002
   2.6400546768346245E-002
   2.6429356313399537E-002
   2.6461079777174764E-002
   2.6478322717179689E-002
   2.6495680504727361E-002
   2.6504615821700130E-002
   2.6517828135288093E-002
   2.6571084358143978E-002
   2.6589198600750361E-002
   2.6612743332374567E-002
   2.6621867907227016E-002
   2.6661760001165290E-002
   2.6682136426173828E-002
   2.6691100721619607E-002
   2.6742749000706081E-002
   2.6756540998469247E-002
   2.6772935017250522E-002
   2.6793869399396868E-002
   2.6841335025164954E-002
   2.6883998908927079E-002
   2.6918092314347209E-002
   2.6926681926976930E-002
   2.6968376687942955E-002
   2.6993776851765752E-002
   2.7002671090624486E-002
   2.7018341947242633E-002
   2.7041609979132814E-002
   2.7048504953204062E-002
   2.7073111280007542E-002
   2.7099680267303881E-002
   2.7118911909315438E-002
   2.7124090629529449E-002
   2.7177125378774748E-002
   2.7182915584885045E-002
   2.7205245613934066E-002
   2.7223187516178277E-002
   2.7252481027804577E-002
   2.7282574171913428E-002
   2.7286986942933154E-002
   2.7323526171250525E-002
   2.7335698961962585E-002
   2.7360749098877150E-002
   2.7364647502390132E-002
   2.7384877768273121E-002
   2.7403350388721603E-002
   2.7416157142292737E-002
   2.7436502015855936E-002
   2.7464237599642602E-002
   2.7483026797770073E-002
   2.7497460323052246E-002
   2.7560865192091728E-002
   2.7569377729567697E-002
   2.7574293851544283E-002
   2.7607154082536316E-002
   2.7643528433800791E-002
   2.7670897536564844E-002
   2.7690906405592304E-002
   2.7711656488186649E-002
   2.7740158674034541E-002
   2.7769576173241498E-002
   2.7779256044635648E-002
   2.7797385398371979E-002
   2.7829946571661462E-002
   2.7858150654313522E-002
   2.7874068189967821E-002
   2.7890293713424209E-002
   2.7907372304600466E-002
   2.7919887856684554E-002
   2.7937792353757172E-002
   2.7960379362570367E-002
   2.7987046133578556E-002
   2.8006938785700396E-002
   2.8029923509885299E-002
   2.8044123171085244E-002
   2.8069098976545751E-002
   2.8082394780993943E-002
   2.8091239751451020E-002
   2.8122401258802388E-002
   2.8142995899839991E-002
   2.8148261921779761E-002
   2.8163181308477944E-002
   2.8191297401461899E-002
   2.8205909876285035E-002
   2.8222539946789516E-002
   2.8233264159633984E-002
   2.8254842666839728E-002
   2.8290670646626933E-002
   2.8297971433265030E-002
   2.8314059651465582E-002
   2.8326184006713360E-002
   2.8336933219133852E-002
   2.8344579382291180E-002
   2.8352346625012792E-002
   2.8381460543676042E-002
   2.8401382625935685E-002
   2.8404732063587419E-002
   2.8418229953389312E-002
   2.8437379778462918E-002
   2.8452945265647171E-002
   2.8482120951820362E-002
   2.8494444314351573E-002
   2.8509614232142360E-002
   2.8521549483926455E-002
   2.8550290494717891E-002
   2.8562890745592089E-002
   2.8592032813615314E-002
   2.8605325055180514E-002
   2.8616541158040860E-002
   2.8637456591939222E-002
   2.8653247932814804E-002
   2.8654784946305297E-002
   2.8694345994112802E-002
   2.8737481208508872E-002
   2.8740950845614104E-002
   2.8764583045574735E-002
   2.8792422588599948E-002
   2.8814392541552228E-002
   2.8838072517927683E-002
   2.8854677792882952E-002
   2.8859255074639101E-002
   2.8869855548110342E-002
   2.8883171218931279E-002
   2.8911843334225907E-002
   2.8927580004573211E-002
   2.8950261379055150E-002
   2.8962000510490932E-002
   2.8976021213607626E-002
   2.8983292447687305E-002
   2.9013550545138871E-002
   2.9021265590940620E-002
   2.9045219802243932E-002
   2.9054514734999315E-002
   2.9070387966304210E-002
   2.9092256512407468E-002
   2.9112168372759900E-002
   2.9130321578068257E-002
   2.9153285463521739E-002
   2.9178979595613507E-002
   2.9184793488942002E-002
   2.9191250305162616E-002
   2.9206023759130104E-002
   2.9236792976949699E-002
   2.9254914630745501E-002
   2.9268111000297942E-002
   2.9306208763669975E-002
   2.9320334605099689E-002
   2.9335833979595077E-002
   2.9351780553449388E-002
   2.9404498254169159E-002
   2.9436728329575119E-002
   2.9451876712982661E-002
   2.9464654748951373E-002
   2.9494893599217448E-002
   2.9504020196001311E-002
   2.9514453306471782E-002
   2.9523008619528380E-002
   2.9560867113405734E-002
   2.9565352126940052E-002
   2.9581959465730029E-002
   2.9611349217683321E-002
   2.9619561872293171E-002
   2.9640070275263879E-002
   2.9658129763712366E-002
   2.9679478671270812E-002
   2.9690020150986311E-002
   2.9705877375852747E-002
   2.9740872024026425E-002
   2.9751394223834212E-002
   2.9762206782170252E-002
   2.9786444092665433E-002
   2.9795434351596563E-002
   2.9827181536827837E-002
   2.9852902689950004E-002
   2.9863817276814232E-002
   2.9871571620085153E-002
   2.9894992708089523E-002
   2.9936747218810934E-002
   2.9975848497246996E-002
   2.9988776172517204E-002
   3.0007152077611988E-002
   3.0020394585852199E-002
   3.0039663602068261E-002
   3.0048479777860213E-002
   3.0060966947536721E-002
   3.0071791208478221E-002
   3.0096692537701374E-002
   3.0116667949088811E-002
   3.0130100464823301E-002
   3.0145017669665201E-002
   3.0154352516690304E-002
   3.0177052312235744E-002
   3.0191545479336453E-002
   3.0222211940073206E-002
   3.0238046209987872E-002
   3.0251523182688773E-002
   3.0257883300643586E-002
   3.0299258944708717E-002
   3.0307851694324289E-002
   3.0323718954314138E-002
   3.0342798197722693E-002
   3.0352594223501925E-002
   3.0363588794860313E-002
   3.0396724788765588E-002
   3.0409510518721171E-002
   3.0425216418657884E-002
   3.0440787955959319E-002
   3.0461048988403676E-002
   3.0471248722900864E-002
   3.0492797904355995E-002
   3.0502163803961875E-002
   3.0508694923391144E-002
   3.0540740614402952E-002
   3.0547200121320665E-002
   3.0573594900339583E-002
   3.0591123825932969E-002
   3.0615806677369260E-002
   3.0631995853388858E-002
   3.0652370184226459E-002
   3.0662755490841388E-002
   3.0671690802427674E-002
   3.0705078515838577E-002
   3.0716004291321635E-002
   3.0734408477221080E-002
   3.0738951236364366E-002
   3.0768395072451542E-002
   3.0789195505059392E-002
   3.0794175187839373E-002
   3.0820254156306334E-002
   3.0842386790589035E-002
   3.0852114506812751E-002
   3.0861150891610414E-002
   3.0874241727898204E-002
   3.0889367932087623E-002
   3.0899757485167385E-002
   3.0922728598413548E-002
   3.0947869969748850E-002
   3.0957465566519897E-002
   3.0969525115322600E-002
   3.1010336935216858E-002
   3.1022410647293927E-002
   3.1026257187220640E-002
   3.1031187897538837E-002
   3.1051259273652685E-002
   3.1056133548062564E-002
   3.1072341975012827E-002
   3.1083314977675688E-002
   3.1105583083693978E-002
   3.1126787858468764E-002
   3.1147629409286334E-002
   3.1166932698468847E-002
   3.1182599373852499E-002
   3.1199427947124110E-002
   3.1222988482196391E-002
   3.1246461209559571E-002
   3.1260925901378939E-002
   3.1277921905804688E-002
   3.1285109371636081E-002
   3.1307250587664343E-002
   3.1321892398105886E-002
   3.1340375747570405E-002
   3.1356562375778364E-002
   3.1369643188320820E-002
   3.1391026876689425E-002
   3.1401946228755813E-002
   3.1407726835055917E-002
   3.1413463537932548E-002
   3.1432549604404128E-002
   3.1455256688641936E-002
   3.1469146618805441E-002
   3.1494103339244635E-002
   3.1511362316381207E-002
   3.1523470918073331E-002
   3.1531141141601979E-002
   3.1539138352334885E-002
   3.1574147785410789E-002
   3.1596077635926582E-002
   3.1601544062286810E-002
   3.1620964684554012E-002
   3.1629171194857898E-002
   3.1649301031840937E-002
   3.1660133190920259E-002
   3.1681895830591868E-002
   3.1693480536830576E-002
   3.1703341641366768E-002
   3.1728034710106968E-002
   3.1736611138471607E-002
   3.1744887495755839E-002
   3.1756822503927640E-002
   3.1772898335877355E-002
   3.1781656259608319E-002
   3.1797177185886975E-002
   3.1806397007119645E-002
   3.1822644171908984E-002
   3.1836549406503392E-002
   3.1848342716990649E-002
   3.1867282005684228E-002
   3.1873208706357729E-002
   3.1900433756068595E-002
   3.1914328524987184E-002
   3.1927875452255089E-002
   3.1934609742257487E-002
   3.1944342089967818E-002
   3.1953103421357813E-002
   3.1958487049716711E-002
   3.1970588255279257E-002
   3.2023039500177146E-002
   3.2040164457926748E-002
   3.2052081014703998E-002
   3.2062405231142690E-002
   3.2099509695208028E-002
   3.2108895506729719E-002
   3.2120445845509896E-002
   3.2124825280255516E-002
   3.2135380112791767E-002
   3.2146422140968155E-002
   3.2162653617498600E-002
   3.2173626913638308E-002
   3.2197085296641698E-002
   3.2211547825287311E-002
   3.2224527008490385E-002
   3.2242136867162180E-002
   3.2247961581208205E-002
   3.2272500368840884E-002
   3.2287361967607960E-002
   3.2302912752614751E-002
   3.2331760056378438E-002
   3.2341590804867294E-002
   3.2354529220523433E-002
   3.2380949809305351E-002
   3.2385601469945485E-002
   3.2405929941332581E-002
   3.2422794511318631E-002
   3.2427451851176139E-002
   3.2448434649365400E-002
   3.2468901270948917E-002
   3.2482109610072266E-002
   3.2504262159691107E-002
   3.2506321169688483E-002
   3.2519874857126860E-002
   3.2533225382800887E-002
   3.2548896328818952E-002
   3.2582948278575247E-002
   3.2586579605908425E-002
   3.2601656826351612E-002
   3.2617585790616521E-002
   3.2635005006791923E-002
   3.2639897640080177E-002
   3.2651067660793003E-002
   3.2663191945630124E-002
   3.2674108874940266E-002
   3.2701053083854223E-002
   3.2713774746651506E-002
   3.2727821258046269E-002
   3.2756388843101766E-002
   3.2760041004659991E-002
   3.2785997403054358E-002
   3.2795784819019423E-002
   3.2818064842079754E-002
   3.2821837845825777E-002
   3.2827903520942489E-002
   3.2859207266940700E-002
   3.2884621178357630E-002
   3.2892688845939703E-002
   3.2899196610229969E-002
   3.2921800523830251E-002
   3.2946097469153043E-002
   3.2959352355245462E-002
   3.2977357927686864E-002
   3.2987139645234642E-002
   3.2995587066090015E-002
   3.3007819167783663E-002
   3.3033214672701677E-002
   3.3066421179827964E-002
   3.3068687924429248E-002
   3.3083540876490014E-002
   3.3114550306093428E-002
   3.3137302121585374E-002
   3.3152643091618986E-002
   3.3173025656375546E-002
   3.3178896973881128E-002
   3.3190229873334608E-002
   3.3215063438500940E-002
   3.3221654670929648E-002
   3.3233026905619127E-002
   3.3243597613267041E-002
   3.3270107193486415E-002
   3.3292461013315226E-002
   3.3304284234761415E-002
   3.3319283326793646E-002
   3.3344120576281597E-002
   3.3346560863191724E-002
   3.3379278984144736E-002
   3.3410032553801969E-002
   3.3450347525528258E-002
   3.3478131399412699E-002
   3.3497137500386513E-002
   3.3515143728311492E-002
   3.3530926975733170E-002
   3.3539964637738937E-002
   3.3555500501389300E-002
   3.3572901047077476E-002
   3.3588425195164813E-002
   3.3611530857272809E-002
   3.3619825673428264E-002
   3.3634457654634513E-002
   3.3637498294750726E-002
   3.3649535551858623E-002
   3.3674150476947613E-002
   3.3716957961400590E-002
   3.3729630846567445E-002
   3.3747601826936854E-002
   3.3765959499548491E-002
   3.3769956299520010E-002
   3.3791895859650124E-002
   3.3813293072282834E-002
   3.3823773930101816E-002
   3.3831652380918460E-002
   3.3864141017557525E-002
   3.3872181186946591E-002
   3.3906647937334174E-002
   3.3914986686989675E-002
   3.3942176804190607E-002
   3.3950918881208790E-002
   3.3965338598276294E-002
   3.3980064157191840E-002
   3.3991777628769808E-002
   3.3998285133344811E-002
   3.4033966904695553E-002
   3.4047004869649372E-002
   3.4071557715195572E-002
   3.4079881456188843E-002
   3.4105567428649522E-002
   3.4111885660467675E-002
   3.4131142736853144E-002
   3.4140805664960756E-002
   3.4154395293332640E-002
   3.4173200545130011E-002
   3.4215954545836216E-002
   3.4224564040214546E-002
   3.4229173201262938E-002
   3.4255807700989037E-002
   3.4273762195492573E-002
   3.4286228391899438E-002
   3.4320523265814466E-002
   3.4327497816411888E-002
   3.4357168843898528E-002
   3.4379470424338261E-002
   3.4401283206047864E-002
   3.4418479566279761E-002
   3.4436467446443145E-002
   3.4438763635897929E-002
   3.4476071862948224E-002
   3.4484723806628495E-002
   3.4526428421730954E-002
   3.4545524659925948E-002
   3.4569438230873085E-002
   3.4579800716481868E-002
   3.4581100898992294E-002
   3.4600952388114205E-002
   3.4648279803200108E-002
   3.4653679045112989E-002
   3.4675492336005954E-002
   3.4697373383127596E-002
   3.4731793745377736E-002
   3.4738453069665824E-002
   3.4753972486407318E-002
   3.4787110106295413E-002
   3.4826473152562265E-002
   3.4834390356654137E-002
   3.4843386629818042E-002
   3.4872653906160796E-002
   3.4873605898072896E-002
   3.4910465848760751E-002
   3.4916222789270257E-002
   3.4927613001889415E-002
   3.4948658466069552E-002
   3.5006145083056189E-002
   3.5020977791935227E-002
   3.5026467704031602E-002
   3.5040776005186521E-002
   3.5080531160962880E-002
   3.5105490120883327E-002
   3.5127090866432960E-002
   3.5136618779719297E-002
   3.5150147952206383E-002
   3.5182577526363099E-002
   3.5209418917652599E-002
   3.5217608933356521E-002
   3.5222368438100088E-002
   3.5239617739685029E-002
   3.5257746631293524E-002
   3.5306096114574262E-002
   3.5336278964131690E-002
   3.5345818704716543E-002
   3.5347014319920080E-002
   3.5379507555090589E-002
   3.5403991381188743E-002
   3.5419901985015045E-002
   3.5425951473569681E-002
   3.5449994938804907E-002
   3.5470745605526724E-002
   3.5498454862288004E-002
   3.5512929349161317E-002
   3.5527858618325241E-002
   3.5546072503414745E-002
   3.5562763085117445E-002
   3.5569109595911072E-002
   3.5579233840560658E-002
   3.5609127290486924E-002
   3.5644765939883298E-002
   3.5665814348382285E-002
   3.5679166177914140E-002
   3.5706332368775393E-002
   3.5720803174495386E-002
   3.5739929159759105E-002
   3.5782703725254952E-002
   3.5804855163876166E-002
   3.5814838604070101E-002
   3.5850448542400978E-002
   3.5875489928155389E-002
   3.5899190965638324E-002
   3.5922332393817362E-002
   3.5934589971719569E-002
   3.5981733878507054E-002
   3.5997565153006797E-002
   3.6021262065582114E-002
   3.6033671954829545E-002
   3.6067938757378508E-002
   3.6069144524710779E-002
   3.6087130403300811E-002
   3.6106502262259602E-002
   3.6136247630513915E-002
   3.6137630483164034E-002
   3.6161008586609901E-002
   3.6182200611015632E-002
   3.6190111142925085E-002
   3.6226533299448610E-002
   3.6231913821177221E-002
   3.6255306871814948E-002
   3.6255510566160436E-002
   3.6291065652907746E-002
   3.6314088116156558E-002
   3.6346001754186757E-002
   3.6369132665688662E-002
   3.6405693540052360E-002
   3.6416404237281423E-002
   3.6440374892689670E-002
   3.6457226486574082E-002
   3.6462868841698901E-002
   3.6472975718024131E-002
   3.6532478047333658E-002
   3.6544183189310804E-002
   3.6557027681762388E-002
   3.6568844335627251E-002
   3.6594281088313994E-002
   3.6619161059537338E-002
   3.6655096205369352E-002
   3.6680943389770106E-002
   3.6708978817800011E-002
   3.6715686428425875E-002
   3.6725694959552843E-002
   3.6745493453062578E-002
   3.6757295323493186E-002
   3.6810132696781059E-002
   3.6824985799050483E-002
   3.6843547583591596E-002
   3.6860116324041341E-002
   3.6870298716933057E-002
   3.6893505175093912E-002
   3.6908336126456831E-002
   3.6938711193451122E-002
   3.6963603385042440E-002
   3.6979142415037733E-002
   3.6992903188513518E-002
   3.7014643881040199E-002
   3.7023913454326367E-002
   3.7054814556658586E-002
   3.7066107089219320E-002
   3.7079736392450657E-002
   3.7090957289785974E-002
   3.7102437150161108E-002
   3.7123913344797491E-002
   3.7155063186960692E-002
   3.7187949743938839E-002
   3.7203936500478964E-002
   3.7224508496735441E-002
   3.7236857093900143E-002
   3.7284522733634334E-002
   3.7287972438237803E-002
   3.7314941552998068E-002
   3.7319351533922365E-002
   3.7356441200524212E-002
   3.7363412190361295E-002
   3.7376058683844811E-002
   3.7401704021885696E-002
   3.7431286680854069E-002
   3.7452160425206597E-002
   3.7465716883176535E-002
   3.7488136343439234E-002
   3.7502948839711017E-002
   3.7513850456905300E-002
   3.7541111011874656E-002
   3.7554798802115326E-002
   3.7559858893257830E-002
   3.7583035640675437E-002
   3.7605058269604065E-002
   3.7620482117088391E-002
   3.7637560678824129E-002
   3.7640672535976659E-002
   3.7682015953782802E-002
   3.7696123449224218E-002
   3.7734961314580193E-002
   3.7764443544998465E-002
   3.7779230970246006E-002
   3.7791005184826185E-002
   3.7823437633992818E-002
   3.7829686152919824E-002
   3.7851974404215463E-002
   3.7890619496267687E-002
   3.7917065013617413E-002
   3.7943953772656941E-002
   3.7953915522045356E-002
   3.7970998846884436E-002
   3.7991639130288558E-002
   3.8011488520013202E-002
   3.8031030884669012E-002
   3.8047801285079695E-002
   3.8097045473645445E-002
   3.8118381233617674E-002
   3.8129761297370862E-002
   3.8148380084456660E-002
   3.8177314709710405E-002
   3.8193419442585086E-002
   3.8216017359372863E-002
   3.8246088287776051E-002
   3.8279783452688412E-002
   3.8289610349323572E-002
   3.8299567828184833E-002
   3.8327953072219249E-002
   3.8343228001785579E-002
   3.8360865268556150E-002
   3.8391946452142667E-002
   3.8406340453091097E-002
   3.8428754739024323E-002
   3.8452813643139051E-002
   3.8479844475348961E-002
   3.8494513341746903E-002
   3.8508295870260521E-002
   3.8547437069767411E-002
   3.8550839227969612E-002
   3.8580902658639303E-002
   3.8586835011120049E-002
   3.8597323387640207E-002
   3.8645989464515071E-002
   3.8658564785819624E-002
   3.8662641558039987E-002
   3.8677402451275912E-002
   3.8708844458474348E-002
   3.8738216808639279E-002
   3.8750524947142033E-002
   3.8763910227206516E-002
   3.8793987681715041E-002
   3.8797579161933188E-002
   3.8824188249943076E-002
   3.8851481479539401E-002
   3.8873067479626017E-002
   3.8899536745710762E-002
   3.8911245928836186E-002
   3.8953480535582355E-002
   3.8977527402084426E-002
   3.9000527222483893E-002
   3.9031934728585238E-002
   3.9042513719159788E-002
   3.9062374425758335E-002
   3.9084916686960618E-002
   3.9119316277717114E-002
   3.9131992549535602E-002
   3.9145204442356953E-002
   3.9183737644797184E-002
   3.9202077776923479E-002
   3.9211843134133666E-002
   3.9221353224833000E-002
   3.9252124683353672E-002
   3.9269026979109958E-002
   3.9292128105143716E-002
   3.9305264236706473E-002
   3.9318762976828459E-002
   3.9336303626544999E-002
   3.9363270746032721E-002
   3.9377056776366021E-002
   3.9406068492109390E-002
   3.9421970542826180E-002
   3.9445256336856978E-002
   3.9456102731182947E-002
   3.9489199170979990E-002
   3.9522880614777156E-002
   3.9537832124279332E-002
   3.9552982941700537E-002
   3.9571185887480140E-002
   3.9613744428941743E-002
   3.9639648208960022E-002
   3.9670839377773770E-002
   3.9689409819692524E-002
   3.9703112245131220E-002
   3.9730023394055396E-002
   3.9767674682967095E-002
   3.9778750075679215E-002
   3.9798147758710802E-002
   3.9814644736788862E-002
   3.9854904500960811E-002
   3.9891618881024396E-002
   3.9915842823841904E-002
   3.9937005596724404E-002
   3.9964091402309908E-002
   3.9966684570184381E-002
   3.9970794031080850E-002
   3.9987544683732834E-002
   4.0026555465871749E-002
   4.0039702644973460E-002
   4.0081130285528926E-002
   4.0086684696494901E-002
   4.0120387443647543E-002
   4.0122604298925640E-002
   4.0162159820286002E-002
   4.0179148753629781E-002
   4.0205859118052502E-002
   4.0219025229042984E-002
   4.0242577545999969E-002
   4.0258120536734741E-002
   4.0292949955121976E-002
   4.0309837469688074E-002
   4.0326808398761113E-002
   4.0378010861618366E-002
   4.0397435160505625E-002
   4.0409548795060209E-002
   4.0413378678907229E-002
   4.0432382949810219E-002
   4.0454854437743541E-002
   4.0464851055337543E-002
   4.0493810867694026E-002
   4.0526534437483934E-002
   4.0548807128430876E-002
   4.0552575697237525E-002
   4.0562834065096351E-002
   4.0599369502128314E-002
   4.0612963995918967E-002
   4.0628929508843573E-002
   4.0643048808022018E-002
   4.0675905379919060E-002
   4.0706164823576273E-002
   4.0710630420798470E-002
   4.0722787677785505E-002
   4.0745367911842766E-002
   4.0772712328892520E-002
   4.0808775511727152E-002
   4.0846375284304320E-002
   4.0854482161306258E-002
   4.0878852414426660E-002
   4.0901421702411914E-002
   4.0920351062255687E-002
   4.0947584889044236E-002
   4.0968377861851958E-002
   4.0985689888105865E-002
   4.0994547920982373E-002
   4.1023073253743603E-002
   4.1048716167089827E-002
   4.1079162442732527E-002
   4.1129982552221174E-002
   4.1138692581644591E-002
   4.1154246520677569E-002
   4.1168953081671032E-002
   4.1195647334169624E-002
   4.1213587707004992E-002
   4.1235304569286098E-002
   4.1265366463774322E-002
   4.1276451074200561E-002
   4.1295732702021089E-002
   4.1312900111831780E-002
   4.1336263095444879E-002
   4.1360962900252540E-002
   4.1362724349028997E-002
   4.1404698158998332E-002
   4.1420125968805725E-002
   4.1437733459698964E-002
   4.1457762317037294E-002
   4.1507453568108671E-002
   4.1524831071740043E-002
   4.1544123938817970E-002
   4.1571793784641674E-002
   4.1608226643454663E-002
   4.1636510202743303E-002
   4.1650830472851133E-002
   4.1690544364422828E-002
   4.1710900024841756E-002
   4.1727046805549811E-002
   4.1751528950283487E-002
   4.1763394060204538E-002
   4.1784256649548698E-002
   4.1816647998830579E-002
   4.1836880532322880E-002
   4.1860004288590873E-002
   4.1873471359456245E-002
   4.1921885172648402E-002
   4.1927799482706106E-002
   4.1940367159429608E-002
   4.1962705264834713E-002
   4.2018235453870997E-002
   4.2050478026920378E-002
   4.2062977036256138E-002
   4.2083102468359286E-002
   4.2091495552195567E-002
   4.2116287425324160E-002
   4.2123802667427407E-002
   4.2138278770150986E-002
   4.2218119933136566E-002
   4.2231450302868005E-002
   4.2241972632982759E-002
   4.2259348735675502E-002
   4.2289393033219720E-002
   4.2328541159818447E-002
   4.2349605110041690E-002
   4.2369717412117376E-002
   4.2398373702248845E-002
   4.2404202291294948E-002
   4.2419284061938532E-002
   4.2440660601181644E-002
   4.2477610379002106E-002
   4.2506684227669914E-002
   4.2521818322389583E-002
   4.2577409267044702E-002
   4.2606295683774754E-002
   4.2617007606280545E-002
   4.2619892333475108E-002
   4.2644210074043440E-002
   4.2648829498588108E-002
   4.2673886608110743E-002
   4.2686090569734575E-002
   4.2712416432102163E-002
   4.2763626612245739E-002
   4.2789475378036131E-002
   4.2803859278849381E-002
   4.2823333583199015E-002
   4.2846225827582372E-002
   4.2860442706127932E-002
   4.2891371473315225E-002
   4.2923432532834732E-002
   4.2948265437327937E-002
   4.2961325211550369E-002
   4.2979708783425712E-002
   4.3012112487067870E-002
   4.3014857791354708E-002
   4.3034567270040465E-002
   4.3098687722761098E-002
   4.3128068885977588E-002
   4.3147515084340275E-002
   4.3175678688601067E-002
   4.3193045997978248E-002
   4.3198533787891076E-002
   4.3217898635363419E-002
   4.3245386948997190E-002
   4.3287211396649240E-002
   4.3324106124974095E-002
   4.3331202212256822E-002
   4.3375034930922624E-002
   4.3392329347362139E-002
   4.3418515648888802E-002
   4.3450162477334089E-002
   4.3490545964988400E-002
   4.3507037479834913E-002
   4.3521342767110421E-002
   4.3553991917018697E-002
   4.3583285302109885E-002
   4.3595972832929070E-002
   4.3624026677449586E-002
   4.3665589704338259E-002
   4.3694182227901016E-002
   4.3718360845838897E-002
   4.3743832664202544E-002
   4.3773751198794113E-002
   4.3785078594784504E-002
   4.3809995838249620E-002
   4.3845961195675964E-002
   4.3883292025924933E-002
   4.3932415363390126E-002
   4.3953584611068401E-002
   4.3959635593465003E-002
   4.3998020382206030E-002
   4.4012073981650322E-002
   4.4049986823760004E-002
   4.4072054405353632E-002
   4.4098974711450356E-002
   4.4147734738667108E-002
   4.4155545750786479E-002
   4.4201510847841692E-002
   4.4224101521633606E-002
   4.4277876991688447E-002
   4.4327377470424499E-002
   4.4330473680190233E-002
   4.4374414410833021E-002
   4.4412279217081595E-002
   4.4465636477937075E-002
   4.4492380889141328E-002
   4.4515858636195109E-002
   4.4568089237582376E-002
   4.4593870060831486E-002
   4.4606078597907585E-002
   4.4639586175573280E-002
   4.4657145984399432E-002
   4.4671242164178636E-002
   4.4738569825262781E-002
   4.4757163044634993E-002
   4.4765999991641728E-002
   4.4784030308506299E-002
   4.4807047200523642E-002
   4.4860259122443437E-002
   4.4866582841978010E-002
   4.4889217377286336E-002
   4.4902296476489058E-002
   4.4941322128522053E-002
   4.4988306836854654E-002
   4.5027130215846450E-002
   4.5069048348231396E-002
   4.5082699625847211E-002
   4.5089925488861114E-002
   4.5121134438823596E-002
   4.5177557540619896E-002
   4.5204782733996307E-002
   4.5222624487343883E-002
   4.5267202580044935E-002
   4.5271146588684127E-002
   4.5332534087593225E-002
   4.5383066344833564E-002
   4.5410543716384366E-002
   4.5437861591506520E-002
   4.5464506636227482E-002
   4.5478962861494707E-002
   4.5517429091442352E-002
   4.5539980766887644E-002
   4.5573948134269925E-002
   4.5581785486501387E-002
   4.5618877938775677E-002
   4.5630360294843575E-002
   4.5688754839871566E-002
   4.5713448537687940E-002
   4.5755522172234893E-002
   4.5775838002761388E-002
   4.5818499474377314E-002
   4.5866047133433195E-002
   4.5882710440944316E-002
   4.5923659524918128E-002
   4.5947921915958999E-002
   4.5999956692505534E-002
   4.6017670146174902E-002
   4.6070079258831789E-002
   4.6086961765361971E-002
   4.6116721072537614E-002
   4.6128166611133482E-002
   4.6141052069297077E-002
   4.6206169265530631E-002
   4.6256299896859587E-002
   4.6276607087597399E-002
   4.6319758023051438E-002
   4.6356036751400494E-002
   4.6406024619251751E-002
   4.6416621006933591E-002
   4.6421692370639832E-002
   4.6450453207837597E-002
   4.6483951438957963E-002
   4.6509668597308935E-002
   4.6564967500137520E-002
   4.6619291086478526E-002
   4.6642531992815442E-002
   4.6673766947572429E-002
   4.6676299517124098E-002
   4.6710052579731869E-002
   4.6733011250922031E-002
   4.6756265544244335E-002
   4.6790319493613043E-002
   4.6802598673568112E-002
   4.6844710917743983E-002
   4.6877643481083801E-002
   4.6911309101200740E-002
   4.6933900493175341E-002
   4.6960713687479089E-002
   4.7011141588011542E-002
   4.7033480718110268E-002
   4.7051904252969859E-002
   4.7090261711830596E-002
   4.7116013820424886E-002
   4.7139715181797825E-002
   4.7184056890834269E-002
   4.7212160954942337E-002
   4.7234530890945918E-002
   4.7262140140125433E-002
   4.7275323914059558E-002
   4.7290212024761032E-002
   4.7330710791661762E-002
   4.7365531455508217E-002
   4.7383514503421355E-002
   4.7391557676273309E-002
   4.7438577958566923E-002
   4.7459365577758934E-002
   4.7508026780383961E-002
   4.7523951209672725E-002
   4.7584888563708613E-002
   4.7609988543802065E-002
   4.7665624814174898E-002
   4.7674236834996268E-002
   4.7715137615584338E-002
   4.7730116395072499E-002
   4.7764311418617367E-002
   4.7790806574716550E-002
   4.7805986761236159E-002
   4.7811811354978778E-002
   4.7860279593772106E-002
   4.7907770118180419E-002
   4.7942287394432001E-002
   4.7979614112468018E-002
   4.7998160794233399E-002
   4.8026995568652878E-002
   4.8074778315861245E-002
   4.8106531813792042E-002
   4.8154272041785635E-002
   4.8201520288508055E-002
   4.8213760000441371E-002
   4.8245590917067718E-002
   4.8284825309270710E-002
   4.8385939857993034E-002
   4.8412421897698683E-002
   4.8417438783676527E-002
   4.8460867990779588E-002
   4.8485595961117060E-002
   4.8504044173097165E-002
   4.8589257427842182E-002
   4.8621949395959908E-002
   4.8638945571338119E-002
   4.8656252824332655E-002
   4.8698101446361275E-002
   4.8715597187488351E-002
   4.8754487875343339E-002
   4.8789194250931513E-002
   4.8819359270419450E-002
   4.8849902755783402E-002
   4.8893109582443993E-002
   4.8937235322207957E-002
   4.8951741412911844E-002
   4.8973083567603617E-002
   4.9030576403362829E-002
   4.9068626365684723E-002
   4.9126388599082804E-002
   4.9142159922114813E-002
   4.9207762896239522E-002
   4.9213472244694717E-002
   4.9248162786694361E-002
   4.9298946889641662E-002
   4.9304618093447758E-002
   4.9347440190962398E-002
   4.9370570027281471E-002
   4.9379645749237262E-002
   4.9401922855770351E-002
   4.9435862626037094E-002
   4.9450693242639621E-002
   4.9497960074853478E-002
   4.9547266085562133E-002
   4.9571494403320163E-002
   4.9603452457112236E-002
   4.9635024825497642E-002
   4.9656290604631788E-002
   4.9713273241631724E-002
   4.9740389244370770E-002
   4.9778757809529256E-002
   4.9789550782395185E-002
   4.9819918666601126E-002
   4.9867861173268239E-002
   4.9903288162100642E-002
   4.9947871485454841E-002
   4.9964760508019269E-002
   5.0006500920419347E-002
   5.0068855266742110E-002
   5.0075826260407061E-002
   5.0132708507217884E-002
   5.0164103823117555E-002
   5.0187643652475938E-002
   5.0251862857749602E-002
   5.0293709663970260E-002
   5.0328212526406936E-002
   5.0367516264782371E-002
   5.0418578115033912E-002
   5.0422752186572030E-002
   5.0453324626477190E-002
   5.0489518797658998E-002
   5.0538373096164012E-002
   5.0549461966735092E-002
   5.0590272794955746E-002
   5.0645743515789730E-002
   5.0709095472226060E-002
   5.0729760067363870E-002
   5.0748508261261753E-002
   5.0775168700973608E-002
   5.0801235107798277E-002
   5.0855994409968498E-002
   5.0903343081855637E-002
   5.0926024136104212E-002
   5.0944911728954878E-002
   5.0994559297374224E-002
   5.1022554132140900E-002
   5.1033026412380757E-002
   5.1057315715841829E-002
   5.1102993289640158E-002
   5.1143367943868839E-002
   5.1179956254120224E-002
   5.1196874314502816E-002
   5.1217412717677387E-002
   5.1247928772076484E-002
   5.1313778888447500E-002
   5.1330989212649551E-002
   5.1372433261118691E-002
   5.1398523607492128E-002
   5.1427919778507553E-002
   5.1487576363540774E-002
   5.1535114871106846E-002
   5.1585238214546650E-002
   5.1600376254615991E-002
   5.1613399760270476E-002
   5.1657328068400149E-002
   5.1668911610230253E-002
   5.1718900266844857E-002
   5.1776553169438633E-002
   5.1800293016863938E-002
   5.1829566419457233E-002
   5.1916764263265414E-002
   5.1937865714382810E-002
   5.1974385979711095E-002
   5.2037699340380467E-002
   5.2050061044950136E-002
   5.2130677543077687E-002
   5.2132577973044221E-002
   5.2175948675253679E-002
   5.2247259158919292E-002
   5.2259436285607801E-002
   5.2312510542587745E-002
   5.2316229392520334E-002
   5.2389449975810090E-002
   5.2422829934403302E-002
   5.2472142334491927E-002
   5.2492305864428386E-002
   5.2554032416637489E-002
   5.2568457422350508E-002
   5.2598505002664581E-002
   5.2657126456557041E-002
   5.2714362683771838E-002
   5.2759385979111936E-002
   5.2783824090951975E-002
   5.2825045030767653E-002
   5.2844317847716114E-002
   5.2897224000772694E-002
   5.2923722362319126E-002
   5.2934232139280293E-002
   5.2980679053322530E-002
   5.3036033663788895E-002
   5.3054514584888260E-002
   5.3089222369179838E-002
   5.3127850640651265E-002
   5.3186328582948118E-002
   5.3215447383273107E-002
   5.3240279193006682E-002
   5.3261288179055920E-002
   5.3307881985030878E-002
   5.3354968079461405E-002
   5.3370311266967965E-002
   5.3400070838721565E-002
   5.3428715338494782E-002
   5.3536788218780537E-002
   5.3554493367569539E-002
   5.3588665517249036E-002
   5.3638689351867740E-002
   5.3696580141479433E-002
   5.3713610281402091E-002
   5.3755407873538628E-002
   5.3782941612996897E-002
   5.3814392809265317E-002
   5.3896624063369397E-002
   5.3904743483503173E-002
   5.3943428841647600E-002
   5.3966757014597876E-002
   5.4010669826264540E-002
   5.4028771076785838E-002
   5.4063941395794901E-002
   5.4079776969319190E-002
   5.4098772203721411E-002
   5.4160894283992622E-002
   5.4228435551812990E-002
   5.4256019934909416E-002
   5.4310916637142478E-002
   5.4345613678616587E-002
   5.4361660106308760E-002
   5.4393398264222459E-002
   5.4453901500061921E-002
   5.4487188837063903E-002
   5.4509146180825072E-002
   5.4567101991224366E-002
   5.4622469369377695E-002
   5.4642623646091591E-002
   5.4693823359020954E-002
   5.4728487673966618E-002
   5.4771907578171290E-002
   5.4788482405460720E-002
   5.4834531753704827E-002
   5.4851045399739666E-002
   5.4903042401640671E-002
   5.4943730857823080E-002
   5.4999608948373767E-002
   5.5025331391995884E-002
   5.5040740536056232E-002
   5.5118900534083401E-002
   5.5143267333841624E-002
   5.5186037844045341E-002
   5.5270826839610217E-002
   5.5291890690549385E-002
   5.5341980047071339E-002
   5.5370633884946459E-002
   5.5450025989995717E-002
   5.5457616564650987E-002
   5.5489255728735441E-002
   5.5497150598943758E-002
   5.5518189853912436E-002
   5.5583789988891123E-002
   5.5603915740830324E-002
   5.5699547108052867E-002
   5.5714450713892964E-002
   5.5719282526433864E-002
   5.5793201497450796E-002
   5.5814900726232568E-002
   5.5836287222591534E-002
   5.5857676152565844E-002
   5.5905498288598310E-002
   5.5963440525676852E-002
   5.5992798533329606E-002
   5.6023989560213018E-002
   5.6078157265345402E-002
   5.6150383992174271E-002
   5.6192998858928658E-002
   5.6217691769250504E-002
   5.6239574468296416E-002
   5.6272237981450791E-002
   5.6310048600184043E-002
   5.6362542211939030E-002
   5.6394732682216425E-002
   5.6461208090199985E-002
   5.6505376453114105E-002
   5.6531148174309841E-002
   5.6594207913402819E-002
   5.6618907744935359E-002
   5.6655893121615439E-002
   5.6703631244440104E-002
   5.6725098399411644E-002
   5.6777485741444506E-002
   5.6805909600984701E-002
   5.6876350671769223E-002
   5.6892461265554604E-002
   5.6953066042004459E-002
   5.6975280804938425E-002
   5.7000771315432387E-002
   5.7045827147457907E-002
   5.7092277932588240E-002
   5.7131363551075939E-002
   5.7196667602331941E-002
   5.7229181944402914E-002
   5.7257124590689247E-002
   5.7289666282192835E-002
   5.7330589568556398E-002
   5.7394201241650400E-002
   5.7418568308724320E-002
   5.7457981579534967E-002
   5.7483475331854453E-002
   5.7546039379991920E-002
   5.7608016639955364E-002
   5.7658826042128693E-002
   5.7683663545612607E-002
   5.7759226480262840E-002
   5.7818330857905484E-002
   5.7849461633551397E-002
   5.7877686845249750E-002
   5.7900746656059973E-002
   5.7988592746115952E-002
   5.8019917072755688E-002
   5.8059991620669625E-002
   5.8104272486546441E-002
   5.8184368243875725E-002
   5.8211106285167472E-002
   5.8245544008496825E-002
   5.8283502843775009E-002
   5.8302060337904596E-002
   5.8332159289814389E-002
   5.8399260892721586E-002
   5.8413689367580880E-002
   5.8504267030258253E-002
   5.8563083178125683E-002
   5.8587893091386005E-002
   5.8612578579324982E-002
   5.8706697948005454E-002
   5.8726378631234186E-002
   5.8757378972871907E-002
   5.8798505219085265E-002
   5.8845673262289892E-002
   5.8941654568691923E-002
   5.8966147014895033E-002
   5.9003703981473386E-002
   5.9053185526172412E-002
   5.9126656736947662E-002
   5.9157271929334891E-002
   5.9168914658149795E-002
   5.9243840962489663E-002
   5.9277406364986254E-002
   5.9332732108403743E-002
   5.9368847593590790E-002
   5.9443918261161237E-002
   5.9566120024803590E-002
   5.9619189431271515E-002
   5.9673654710127692E-002
   5.9709690579977798E-002
   5.9781436216255437E-002
   5.9841416505391265E-002
   5.9891387608152873E-002
   5.9901680634267186E-002
   5.9939060417111244E-002
   6.0000140999352337E-002
   6.0038951205274950E-002
   6.0145544436538773E-002
   6.0167048629730574E-002
   6.0224944021822331E-002
   6.0257319688054083E-002
   6.0304858769733696E-002
   6.0333414814475919E-002
   6.0409305874266739E-002
   6.0429277385977719E-002
   6.0500261492809036E-002
   6.0548507015186617E-002
   6.0585913465008669E-002
   6.0598229241090408E-002
   6.0619694404190870E-002
   6.0737690398851372E-002
   6.0807678868696820E-002
   6.0840023134626817E-002
   6.0867322377233656E-002
   6.0945014604660959E-002
   6.1003425405966226E-002
   6.1012874769619113E-002
   6.1049063244510218E-002
   6.1108449988496474E-002
   6.1117980757224563E-002
   6.1151153098143791E-002
   6.1175618127770712E-002
   6.1308370133653103E-002
   6.1354305058281440E-002
   6.1367102905581998E-002
   6.1391765439252732E-002
   6.1456079206590138E-002
   6.1533134497845698E-002
   6.1611700014324276E-002
   6.1646084547758259E-002
   6.1669140426573538E-002
   6.1696261413039008E-002
   6.1704491369665930E-002
   6.1860928897789984E-002
   6.1887412384916740E-002
   6.1931679727410170E-002
   6.1967105380741121E-002
   6.2054066121448863E-002
   6.2122272556537954E-002
   6.2161561290237734E-002
   6.2219073166433207E-002
   6.2268930611154842E-002
   6.2307448786669377E-002
   6.2383662098837070E-002
   6.2445061224082513E-002
   6.2530614879807711E-002
   6.2585479539948655E-002
   6.2661987455944188E-002
   6.2767282047683878E-002
   6.2789682096498822E-002
   6.2839022623533899E-002
   6.2958127395658731E-002
   6.2990874679971012E-002
   6.3071221617454196E-002
   6.3092855138892068E-002
   6.3135649333440111E-002
   6.3181922266867072E-002
   6.3291503654064094E-002
   6.3310304581279661E-002
   6.3334249447869112E-002
   6.3406041014452449E-002
   6.3419324965354212E-002
   6.3495875319596495E-002
   6.3520005418097797E-002
   6.3596193000952622E-002
   6.3673829434717819E-002
   6.3712081150573835E-002
   6.3773007451514804E-002
   6.3825613933332803E-002
   6.3874612462269623E-002
   6.3996255752120521E-002
   6.4031576967329654E-002
   6.4120399457706076E-002
   6.4164368145135611E-002
   6.4213325690757384E-002
   6.4280002821383048E-002
   6.4338979159473619E-002
   6.4548988431519988E-002
   6.4584264375946637E-002
   6.4608421080247239E-002
   6.4660039036575870E-002
   6.4719069678179586E-002
   6.4790859920021579E-002
   6.4969634844424778E-002
   6.5046705130985191E-002
   6.5073024519012562E-002
   6.5214600374467246E-002
   6.5249424748261009E-002
   6.5309731389540687E-002
   6.5372834001095920E-002
   6.5410701003290161E-002
   6.5550059978196143E-002
   6.5668994447334650E-002
   6.5702917446278833E-002
   6.6009217300148096E-002
   6.6116035185855695E-002
   6.6189518909386749E-002
   6.6224555813568162E-002
   6.6428377463006311E-002
   6.6500195376903604E-002
   6.6582222812553951E-002
   6.6645522050970102E-002
   6.6702390536475961E-002
   6.6749708927686724E-002
   6.6788489831695108E-002
   6.7067024205744008E-002
   6.7201741231192769E-002
   6.7252722210102658E-002
   6.7363721991198694E-002
   6.7495509531028092E-002
   6.7586765869871598E-002
   6.7740027643514722E-002
   6.7817692685800124E-002
   6.8018442932290063E-002
   6.8139719504827390E-002
   6.8464260724837994E-002
   6.8476950879219359E-002
   6.8610889085241614E-002
   6.8688913883506661E-002
   6.8850233696582372E-002
   6.8986822763094660E-002
   6.9128985556460340E-002
   6.9306271823883284E-002
   6.9398862711572709E-002
   6.9457608737924906E-002
   6.9561018944440389E-002
   6.9785983830077739E-002
   6.9917168988810299E-002
   7.0055362493537304E-002
   7.0129474132939518E-002
   7.0223955453723841E-002
   7.0667851404645377E-002
   7.0803113529478670E-002
   7.0947150422397229E-002
   7.1123682766395066E-002
   7.1375568407674603E-002
   7.1491451841905015E-002
   7.1593899082049342E-002
   7.1684248015031996E-002
   7.1990686153627567E-002
   7.2184348058507986E-002
   7.2342022469963588E-002
   7.2403251551308348E-002
   7.2494618073603911E-002
   7.2879260352540526E-002
   7.2926332395151991E-002
   7.3132665130360125E-002
   7.3481836000213852E-002
   7.3712590134827144E-002
   7.4076447785257876E-002
   7.4422429890948702E-002
   7.4639986828849786E-002
   7.4796849328719231E-002
   7.5077495719185441E-002
   7.5238671372177837E-002
   7.5404926801949060E-002
   7.5604821427976227E-002
   7.5876562159836847E-002
   7.6547507069737133E-002
   7.6754003407792551E-002
   7.7287369597009464E-002
   7.7554704677628927E-002
   7.7723216328809561E-002
   7.8069474768611410E-002
   7.8193524212143706E-002
   7.8408853109523100E-002
   7.8447270281411519E-002
   7.9259621038604858E-002
   7.9473412652525374E-002
   7.9708331001928492E-002
   8.0109372567183798E-002
   8.0450516546811943E-002
   8.0519854944702984E-002
   8.1138750481157956E-002
   8.1453005312592350E-002
   8.1579620038339018E-002
   8.1931350727888264E-002
   8.2074696832765220E-002
   8.2462510799042057E-002
   8.3459509130536444E-002
   8.3836527203366346E-002
   8.4345384229199641E-002
   8.4787271416662868E-002
   8.4854611648545353E-002
   8.5097449208505177E-002
   8.6141880132372617E-002
   8.6234910994135647E-002
   8.7714406730118183E-002
   8.8138045408514359E-002
   8.8539705145681394E-002
   8.9233331311162969E-002
   8.9945521815776558E-002
   9.0557582520542662E-002
   9.0798074732282713E-002
   9.5111688020564689E-002
   9.5616315729006349E-002
   9.7180208734244294E-002
   9.8040101432628993E-002
   9.8467392490183200E-002
  0.10017403635332929     
  0.10082694305359917     
  0.10111760744531779     
  0.10454084032493569     
  0.10480467012434366     
  0.10857933082100749     
  0.10899293816474223     
  0.11024854945890999     
  0.11100620363119924     
  0.11232591961920983     
  0.11318752892264332     
  0.11339422528178210     
  0.11498390152069460     
  0.11630373681073784     
  0.11691141720463484     
  0.12117906493231240     
  0.12121115519736246     
  0.12170333169263538     
  0.12495821717273756     
  0.12509364428874992     
  0.12660876829595491     
  0.12725603468729821     
  0.12759681899393516     
  0.12911378878702973     
  0.12989393365927326     
  0.13101878815244761     
  0.13136662140176061     
  0.13229765342617983     
  0.13249474577745043     
  0.13624195339571818     
  0.13646331517932009     
  0.13736360816281357     
  0.13761546045303277     
  0.13872834681304988     
  0.13981021345585495     
  0.14113658470972223     
  0.14151499325031949     
  0.14262939274266198     
  0.14289908755748518     
  0.14368119277122596     
  0.14431822999879268     
  0.14614996642132058     
  0.14731902087005688     
  0.14761960232427448     
  0.14816341615103756     
  0.14850302129059686     
  0.14940778266399637     
  0.14959369886168850     
  0.14998303878627156     
  0.15006764134265960     
  0.15090782980685372     
  0.15212804045559070     
  0.15268632412747143     
  0.15319533937414218     
  0.15493495076438904     
  0.15519523973753757     
  0.15583314407297358     
  0.15777777739107909     
  0.15844193149187227     
  0.16171997274114869     
  0.16173986253351483     
  0.16462852109810291     
  0.16472868523132841     
  0.16494404976595617     
  0.16567604133686481     
  0.16617368389151058     
  0.16625759074969607     
  0.16632469317134568     
  0.16682120726551608     
  0.16700764828985337     
  0.16709652364474692     
  0.16714385127397463     
  0.16915361154635097     
  0.17088615317352379     
  0.17174222366719599     
  0.17369227660275025     
  0.17408308876252887     
  0.17509967010593841     
  0.17589969302199773     
  0.17695485660935725     
  0.17813224657037149     
  0.18032600910683014     
  0.18229287139921468     
  0.18278500755208693     
  0.18279973590927240     
  0.18406490888014496     
  0.18417197318652109     
  0.18720861935542338     
  0.18741619890144254     
  0.19080891247560783     
  0.19113545286644060     
  0.19240682932620498     
  0.19249624656021821     
  0.19752930723996912     
  0.19786078615970662     
  0.19968889436742215     
  0.20061846538772771     
  0.20593370742606409     
  0.20608351577970535     
  0.20648212752469422     
  0.20665191761414595     
  0.20687840998264509     
  0.21154427169453907     
  0.21156304956771102     
  0.21198166314603770     
  0.21344336446356590     
  0.21425648159743169     
  0.21470382839719229     
  0.21542104601657411     
  0.21722398956570610     
  0.21810073940233232     
  0.21839348686365495     
  0.21949034187757244     
  0.22025806020782712     
  0.22039391128917199     
  0.22080116748605247     
  0.22182524449417657     
  0.22188532302823108     
  0.22623786114744790     
  0.22646924415747996     
  0.22898729561185693     
  0.22928876841012705     
  0.22958657256241391     
  0.23018982229762616     
  0.23048917836498606     
  0.23135388754655933     
  0.23226832174212178     
  0.23626765379479525     
  0.23751951047155578     
  0.23966313326853547     
  0.23999388792128934     
  0.24027087346695727     
  0.24456533247401854     
  0.24800989326415221     
  0.24843308755189333     
  0.24902919045008692     
  0.25110718926208730     
  0.25300609750585473     
  0.25430444702705657     
  0.25518959208623265     
  0.26583983962943858     
  0.26696414115627465     
  0.69907648923241006     
  0.71234165370076197     
  0.71241881983404165     
  0.71344005357091034     
  0.72060644812937691     
  0.72261410378587165     
  0.72445960709268353     
  0.72487786737905424     
  0.72581161288967244     
  0.72798974777741365     
  0.72960494885358207     
  0.72967596806013590     
  0.72987541584434357     
  0.73086354899814132     
  0.73434497767035967     
  0.73587941170362514     
  0.73740015049966390     
  0.73883115441963676     
  0.74123107577030989     
  0.74214579182539864     
  0.74521209259326548     
  0.74600149387136772     
  0.74669432087245757     
  0.74838991909467290     
  0.74906250336672253     
  0.74993668789851198     
  0.75056231918896221     
  0.75086408561989659     
  0.75363179925033341     
  0.75404785561953636     
  0.75520140662271340     
  0.75610866997805759     
  0.75679824192052636     
  0.75730147800404934     
  0.75921295564200697     
  0.76019215059829859     
  0.76031803225103445     
  0.76244447719988850     
  0.76379441355115241     
  0.76411638640764679     
  0.76585910729067230     
  0.76689015644796477     
  0.76799119217743306     
  0.77008533802671353     
  0.77130348304693297     
  0.77142881254628470     
  0.77295644859717216     
  0.77519052160288393     
  0.77523068467845146     
  0.77777592539412788     
  0.77815276067396522     
  0.78046795875522712     
  0.78118944593094775     
  0.78158110075917764     
  0.78332003273229023     
  0.78447624216655665     
  0.78620126711219873     
  0.78982803375898447     
  0.79069974477646965     
  0.79172612918730789     
  0.79505827204311019     
  0.79627684973185242     
  0.79748176517947256     
  0.79856944551625186     
  0.80042403575527465     
  0.80099740128246211     
  0.80145902245047429     
  0.80254044143177250     
  0.80668006856424590     
  0.80810453380429481     
  0.81081471261123972     
  0.81276892139345791     
  0.81357736283796467     
  0.81400008006240521     
  0.81420784421211556     
  0.81476597429292297     
  0.81576929539030385     
  0.81860140062025000     
  0.81995672454627744     
  0.82269769818513416     
  0.82384149636741366     
  0.82669235686855791     
  0.82720105520767540     
  0.82832188458458689     
  0.83041369673069809     
  0.83086275966080503     
  0.83136348878586286     
  0.83188923906299339     
  0.83230235555653698     
  0.83273922172133374     
  0.83815989267533142     
  0.84000982511063327     
  0.84075559069112893     
  0.84216585852986492     
  0.84767198927887699     
  0.84875650188174345     
  0.85227378765404405     
  0.85394418119616933     
  0.85586253939250678     
  0.85625620845588390     
  0.86137327795508467     
  0.86225959748104508     
  0.86461592139651222     
  0.86726883512042285     
  0.86757088887234479     
  0.87212635489327128     
  0.87360215565810262     
  0.87616546651196603     
  0.87645070142241377     
  0.87997776405287098     
  0.88323737593250462     
  0.88543483733668549     
  0.89249854618155711     
  0.89543023472860095     
  0.89666595525912995     
  0.89876596823786936     
  0.90181493247850897     
  0.90282652461462909     
  0.90340493877944128     
  0.90722635553932041     
  0.90901630115980303     
  0.90994128306958666     
  0.91357202359762746     
  0.91533823793140334     
  0.91643005892619589     
  0.91762492808766760     
  0.91824941720547071     
  0.92078229717177018     
  0.92430843278475106     
  0.92609469293871316     
  0.92718555140647851     
  0.92961684716048265     
  0.93367424570007762     
  0.93795926110855565     
  0.93879183271472755     
  0.94051089478342842     
  0.94179796370381064     
  0.94378222507813581     
  0.94426693119556093     
  0.94605017597004459     
  0.95050313532590425     
  0.95138421422163688     
  0.95649984150402645     
  0.95692932130598363     
  0.95798934280360115     
  0.96210397583054830     
  0.96283970352670267     
  0.96368457706571031     
  0.96409477803608590     
  0.96838884838817341     
  0.96932322868481291     
  0.97193052785360079     
  0.97314884850036265     
  0.97741487837252738     
  0.97849641338306392     
  0.97863180296090069     
  0.98006399994828519     
  0.98263003966387330     
  0.98340322948472347     
  0.98845565231144195     
  0.98877908206949006     
  0.99087296693873528     
  0.99349952308117295     
  0.99537092785560899     
  0.99561048894583515     
  0.99569087983887206     
  0.99641561351535046     
  0.99688146541104317     
  0.99902985036490310     
  0.99954097308349477     
   1.0002081116629900     
   1.0005578977531271     
   1.0020663076906076     
   1.0053623492566977     
   1.0060219989543246     
   1.0091116599898848     
   1.0093094183009159     
   1.0100529374510718     
   1.0106696875870753     
   1.0161987120450422     
   1.0172265215911083     
   1.0189947207350916     
   1.0423547887831115     
   1.0440934243943614     
   1.0923991262368618     
   1.1058773571093981     
   1.1146346678480084     
   1.1185855629150303     
   1.1450183721071867     
   1.1491526572588378     
   1.1522767505907314     
   1.1547455315067439     
   1.1603014067363804     
   1.1674440316115751     
   1.1708459538361315     
   1.1878910702519616     
   1.1902101482880780     
   1.1920872894352552     
   1.1926160683543778     
   1.1939690932875704     
   1.2063701558977118     
   1.2071487500256373     
   1.2097515469481859     
   1.2103307939744685     
   1.2132043625038684     
   1.2135204585008588     
   1.2137203794425424     
   1.2149439815179017     
   1.2192722863932244     
   1.2196572963933505     
   1.2214570501297393     
   1.2215521611381261     
   1.2219171496351970     
   1.2240441945074076     
   1.2251152142324924     
   1.2262804121625239     
   1.2331614915684266     
   1.2342671949112844     
   1.2385896987495300     
   1.2389728716224433     
   1.2400566738402470     
   1.2527163926565303     
   1.2534907224386929     
   1.2595241143141001     
   1.2619028522977429     
   1.2646152976187193     
   1.2709294019410307     
   1.2797149923369848     
   1.2813060408342360     
   1.2850917023303587     
   1.2872361878274285     
   1.2882030544589269     
   1.2928928221981033     
   1.2969951891276852     
   1.3000123214679093     
   1.3037804822826473     
   1.3038896203851520     
   1.3041590235782028     
   1.3061834951245230     
   1.3120516819423043     
   1.3201851622200540     
   1.3207134283640949     
   1.3270069436762468     
   1.3289676183356640     
   1.3292242126865534     
   1.3299478398121480     
   1.3302255130915848     
   1.3327285671864659     
   1.3393462891669332     
   1.3402888305013689     
   1.3407981228710817     
   1.3482200805891864     
   1.3488017163438042     
   1.3549028733393482     
   1.3609359353806609     
   1.3625159560604583     
   1.3632412247819949     
   1.3643259864882011     
   1.3647804911849748     
   1.3673210459389673     
   1.3700126139822288     
   1.3711913817799741     
   1.3741439496964167     
   1.3750013947172806     
   1.3769825619112532     
   1.3776015795829573     
   1.3796755313298128     
   1.3846412492165203     
   1.3965132526902064     
   1.4030149923925186     
   1.4080528818934992     
   1.4081479670366641     
   1.4116063580505886     
   1.4118024909888014     
   1.4126837271732735     
   1.4129934580880277     
   1.4160185152656706     
   1.4186144739823137     
   1.4191434824705109     
   1.4200370568074310     
   1.4208475868583725     
   1.4235241193378785     
   1.4307272946412375     
   1.4312506636081481     
   1.4333154138342870     
   1.4392212429762568     
   1.4402914542555563     
   1.4449250134409406     
   1.4450168232049447     
   1.4480432463454327     
   1.4513563901110025     
   1.4522966173376330     
   1.4523659940994886     
   1.4540453193428484     
   1.4568244536707535     
   1.4579058505163998     
   1.4624080838038211     
   1.4746368777223340     
   1.4771428201544301     
   1.4793218670651338     
   1.4831780489686033     
   1.4866299577430009     
   1.4899162872198977     
   1.4899921751721059     
   1.4921042422061375     
   1.4945691923310307     
   1.4962832404494071     
   1.5005853573675683     
   1.5015523337379033     
   1.5060562796662458     
   1.5073359285644450     
   1.5113213048282108     
   1.5141911604269596     
   1.5250655156561219     
   1.5301011147595334     
   1.5313767386543591     
   1.5341316039641724     
   1.5367489409734443     
   1.5376378774322412     
   1.5391316956596335     
   1.5457478392114805     
   1.5458907652286737     
   1.5466846532007585     
   1.5493935857033503     
   1.5516566942205676     
   1.5517944735808569     
   1.5587805790112552     
   1.5645787978022616     
   1.5692213557985757     
   1.5705207651038440     
   1.5773003153157557     
   1.5773329589972995     
   1.5778164739771101     
   1.5814912580206677     
   1.5857090919695316     
   1.5910716745859557     
   1.5948649721757076     
   1.5951729531325061     
   1.5961781594860953     
   1.5981258163805019     
   1.6018542086082914     
   1.6024107100350331     
   1.6083408042309126     
   1.6126337743412784     
   1.6142700150069744     
   1.6249189015996506     
   1.6305471989240286     
   1.6314464199488328     
   1.6329806874430961     
   1.6336512938767609     
   1.6345688286985351     
   1.6434869414855526     
   1.6456132984337419     
   1.6537837821419430     
   1.6553813591657016     
   1.6569297518426878     
   1.6585278035083708     
   1.6604570759770216     
   1.6607457278458635     
   1.6757418651256351     
   1.6834407665236808     
   1.6970263848951910     
   1.7065715321119697     
   1.7120620655184329     
   1.7391378668704993     
   1.7436638482938858     
   1.7488988789838000     
   1.7500601968738014     
   1.7522419559654872     
   1.7549552994091639     
   1.7669021294740421     
   1.7671419083393036     
   1.7681526768899656     
   1.7708086596532191     
   1.7882333316599868     
   1.7894309976613731     
   1.7938187957607168     
   1.7960578667435434     
   1.7985350632710810     
   1.8021425675565204     
   1.8051830839910430     
   1.8056048676863201     
   1.8119318532570194     
   1.8127842753033756     
   1.8188946342457994     
   1.8228587403263543     
   1.8241996435835972     
   1.8250051991118594     
   1.8270594544353849     
   1.8279043319598516     
   1.8286492477013978     
   1.8297421854978475     
   1.8300229123307716     
   1.8305985716510467     
   1.8322495979114084     
   1.8337118248979274     
   1.8346306871377387     
   1.8363723288770899     
   1.8391043014308295     
   1.8395750657864751     
   1.8422442873497948     
   1.8423873065327432     
   1.8465458580785967     
   1.8476867801137775     
   1.8495198257060159     
   1.8528455609330285     
   1.8589584392429965     
   1.8591438122381916     
   1.8623192704900267     
   1.8657372332139028     
   1.8689252155799441     
   1.8695456271262372     
   1.8712620481615725     
   1.8719197675772996     
   1.8753521174517529     
   1.8787631995014089     
   1.8814071715019960     
   1.8819814353952942     
   1.8835984338024281     
   1.8837170932676104     
   1.8868339113072443     
   1.8889694416198148     
   1.8901877289437752     
   1.8915723944578595     
   1.8940816862809799     
   1.8942948916054398     
   1.8952640673418084     
   1.9000057485550133     
   1.9006042722189134     
   1.9019632489727496     
   1.9021312681331688     
   1.9042460834286499     
   1.9044434676213511     
   1.9084091372980596     
   1.9091881672287740     
   1.9098441543591709     
   1.9104514721078274     
   1.9146715771268268     
   1.9167839196607948     
   1.9171066925210671     
   1.9176194423729624     
   1.9187220195817842     
   1.9209687753197013     
   1.9249493985680795     
   1.9251105324869675     
   1.9282600290724090     
   1.9287730251577555     
   1.9298667911682044     
   1.9304685140181417     
   1.9307151455482063     
   1.9325821592749246     
   1.9333599210967174     
   1.9340731505332895     
   1.9408500382384017     
   1.9412555473621593     
   1.9444232409414730     
   1.9463401966965168     
   1.9501406261060994     
   1.9516439089149640     
   1.9518644912364533     
   1.9538980508920520     
   1.9555730528245332     
   1.9564177667556801     
   1.9565086636840929     
   1.9572133711535744     
   1.9597664467308227     
   1.9640478524976428     
   1.9666049825215492     
   1.9686292717728329     
   1.9718444874047067     
   1.9746964873747472     
   1.9752257320671671     
   1.9768815873565995     
   1.9779359690406346     
   1.9782388269830771     
   1.9787052092914008     
   1.9800447191543582     
   1.9814537495988997     
   1.9822598454204394     
   1.9845699587510419     
   1.9859806297919507     
   1.9887506672690598     
   1.9909160731585860     
   1.9916195985609515     
   1.9943782377406936     
   1.9946921589337212     
   1.9960139922335118     
   1.9962969854354786     
   1.9972655841687585     
   1.9990393025690965     
   1.9996173728467819     
   1.9997166120234131     
   2.0029264060789846     
   2.0046965599094220     
   2.0047861839717327     
   2.0064132075223249     
   2.0081063992616093     
   2.0083376391548531     
   2.0088383989057044     
   2.0091256563335951     
   2.0114069115541144     
   2.0127482571361082     
   2.0128436595509354     
   2.0132007877553435     
   2.0145063247859833     
   2.0151694104084319     
   2.0156688093100583     
   2.0166638009502971     
   2.0184933108380139     
   2.0191823508031019     
   2.0208796601505608     
   2.0212523754899601     
   2.0230158387256227     
   2.0264370125116393     
   2.0269856628984759     
   2.0282788444354973     
   2.0287757143886549     
   2.0310076836801931     
   2.0314915245627554     
   2.0318648562383186     
   2.0333409454757785     
   2.0346911618465953     
   2.0357751612734898     
   2.0358681415969140     
   2.0369271113770835     
   2.0393534827901485     
   2.0454214830797679     
   2.0462951848317643     
   2.0466845818343793     
   2.0498425923869643     
   2.1446565265547277     
   2.1450871666937763     
   2.2005958398004850     
   2.2063869171159909     
   2.2089336189468622     
   2.2090553801429622     
   2.2109372072707636     
   2.2127224679712150     
   2.2135830597526098     
   2.2153792987507219     
   2.2159747513181158     
   2.2162888615021177     
   2.2172910007567403     
   2.2179970201692600     
   2.2200012004792424     
   2.2229848963696148     
   2.2232884331541296     
   2.2241668039423401     
   2.2253786276966028     
   2.2255735767336846     
   2.2303736243977235     
   2.2348978044622316     
   2.2350211185057089     
   2.2402234546161250     
   2.2408702660174198     
   2.2417296484851419     
   2.2435911326175839     
   2.2446316276080460     
   2.2468541497081431     
   2.2471584080761691     
   2.2507028432472835     
   2.2519457994522232     
   2.2576793807678621     
   2.2603821953385412     
   2.2673133496473374     
   2.2724916684893461     
   2.2726397530783458     
   2.2763523896280327     
   2.2876613099556762     
   2.3464371865602396     
   2.3487775832777533     
   2.3489809347539992     
   2.3512376401730695     
   2.3522956703302276     
   2.3528656213076125     
   2.3529131991799432     
   2.3586288423659143     
   2.3591727471423023     
   2.3603831831761566     
   2.3608046708839634     
   2.3624775639182043     
   2.3625710421554209     
   2.3637258452808041     
   2.3638583109012283     
   2.3662638885480809     
   2.3706045294645488     
   2.3722312285793601     
   2.3772972161577259     
   2.3777459956575004     
   2.3797811855954265     
   2.3804176857712993     
   2.3805062972712725     
   2.3819259341884189     
   2.3862075197615908     
   2.3880421134014882     
   2.3895964954865163     
   2.3898350845444667     
   2.3913646445187422     
   2.3927357972347227     
   2.3954472624642635     
   2.3990486780327061     
   2.4031088591656657     
   2.4034573676251250     
   2.4061111696211559     
   2.4068528280288120     
   2.4077262951950020     
   2.4081434399161954     
   2.4091960407767670     
   2.4096095149603216     
   2.4144134928127512     
   2.4204204431809524     
   2.4221857659500383     
   2.4223523285542692     
   2.4242672970346248     
   2.4253624368510098     
   2.4254252429281729     
   2.4284732581290500     
   2.4293538242151724     
   2.4347716267082360     
   2.4357168263724387     
   2.4376175964010232     
   2.4377056952935070     
   2.4393299508339434     
   2.4395257691084837     
   2.4406346583992780     
   2.4412177001132678     
   2.4438155619552315     
   2.4476610500676768     
   2.4505335675350763     
   2.4532710662355099     
   2.4534374714271907     
   2.4536662153392088     
   2.4541547187575738     
   2.4550598052462482     
   2.4614614597116096     
   2.4638323857936264     
   2.4652336930952714     
   2.4666972918043495     
   2.4680305595347019     
   2.4689789796628827     
   2.4695544143748633     
   2.4696523831733437     
   2.4698471392827490     
   2.4707777944510738     
   2.4711124498219048     
   2.4738420046292688     
   2.4743029421589862     
   2.4747354048569163     
   2.4764191205514781     
   2.4795334485180689     
   2.4808050695596791     
   2.4825521690716159     
   2.4829195223168878     
   2.4840400181198552     
   2.4886282571217095     
   2.4924953747315306     
   2.4927498490727560     
   2.4929523336669175     
   2.4946448706318458     
   2.4946999901819642     
   2.4951647703467676     
   2.4955830383771427     
   2.4989683600722130     
   2.5002866142103954     
   2.5020277548912588     
   2.5042422060819134     
   2.5054119204454919     
   2.5095847782710927     
   2.5100124998601432     
   2.5123956496448345     
   2.5148257372422491     
   2.5191936211687715     
   2.5200238751179298     
   2.5213911982049488     
   2.5217550279016048     
   2.5221146879262655     
   2.5254213813054811     
   2.5254763179105790     
   2.5273136926743409     
   2.5278133804135048     
   2.5375865501095629     
   2.5376929915061761     
   2.5378926433742333     
   2.5388936706966820     
   2.5402156099731159     
   2.5407016582139001     
   2.5425945911529064     
   2.5439435391240548     
   2.5444668581681937     
   2.5462874206053954     
   2.5473667791086201     
   2.5499812952871337     
   2.5506936352112737     
   2.5507444133700230     
   2.5527654272508875     
   2.5529228092532166     
   2.5547017600075894     
   2.5556254916226497     
   2.5574493989365332     
   2.5583461990890175     
   2.5583818822082431     
   2.5599056715570798     
   2.5607945984194389     
   2.5609417903897143     
   2.5621563310901325     
   2.5629144997207640     
   2.5684363384556330     
   2.5692938624821688     
   2.5703777353364767     
   2.5711875024077280     
   2.5732120069017546     
   2.5741546047741632     
   2.5764015794430866     
   2.5902685087270476     
   2.5929520480478851     
   2.6142052525997412     
   2.6246539434116358     
   2.6248466499513325     
   2.6329612993430338     
   2.6337393740362067     
   2.6339923507514231     
   2.6348394371472232     
   2.6359961105672882     
   2.6361676510430141     
   2.6372870047991324     
   2.6380853490073237     
   2.6393641183210428     
   2.6413352798616230     
   2.6422568684092753     
   2.6428691692815223     
   2.6430722198933996     
   2.6435258069382663     
   2.6445781506302120     
   2.6456572363633994     
   2.6460594050299502     
   2.6492860144683190     
   2.6494456361622261     
   2.6499334149118465     
   2.6509463270283442     
   2.6512675445459211     
   2.6544751029562996     
   2.6562543072494567     
   2.6601221118411114     
   2.6602493373448319     
   2.6606696936530954     
   2.6610387232335442     
   2.6626587500066163     
   2.6645314150686947     
   2.6650162301610862     
   2.6670409731176408     
   2.6693976340194960     
   2.6702978434148710     
   2.6718909361356205     
   2.6757965476015690     
   2.6775785193872976     
   2.6788559112761847     
   2.6806513105142078     
   2.6815360466785023     
   2.6815384977514696     
   2.6822155280400484     
   2.6827434088086410     
   2.6832204352650035     
   2.6853530982454958     
   2.6854982784738910     
   2.6872191475956506     
   2.6895810763160735     
   2.6902762585920694     
   2.6909268707313774     
   2.6913958128135618     
   2.6914891654948709     
   2.6921435793235839     
   2.6925902235714583     
   2.6934883680522419     
   2.6938707011596099     
   2.6938740782328940     
   2.6939507844069013     
   2.6939703155404007     
   2.6947910867395102     
   2.6953952500441147     
   2.6955520768834145     
   2.6966509646549230     
   2.6988012058781572     
   2.6991776846622391     
   2.6998924712641266     
   2.7002128241682746     
   2.7012987958201964     
   2.7017058010222192     
   2.7021739929791209     
   2.7042278085276248     
   2.7048869217573848     
   2.7049351874617518     
   2.7058352113683468     
   2.7096270264774311     
   2.7108612899341513     
   2.7123611435523465     
   2.7123711582205141     
   2.7126674980873968     
   2.7146722006063184     
   2.7162083025410118     
   2.7165880513143357     
   2.7169901026113870     
   2.7182153909973539     
   2.7184602184682456     
   2.7185608185790242     
   2.7203535254316740     
   2.7210908044995015     
   2.7231517805274250     
   2.7233387473156254     
   2.7234567880329843     
   2.7236572132894881     
   2.7259561363638514     
   2.7271928100577640     
   2.7286390665711311     
   2.7286551943767900     
   2.7292726132089991     
   2.7357466474609415     
   2.7422257235923886     
   2.7466953877885549     
   2.7488574725866686     
   2.7532158511278748     
   2.7657987637901331     
   2.7663600115346396     
   2.7665772563464324     
   2.7749619274513093     
   2.7772346481787724     
   2.7819127258351588     
   2.7819464837702830     
   2.7848593198059617     
   2.7854440664666842     
   2.7867266729487055     
   2.7872555399717123     
   2.7880241595785438     
   2.7893704283014338     
   2.7903379854457171     
   2.7910119354700740     
   2.7917636181421934     
   2.7924953559358694     
   2.7956803455623729     
   2.7971133313812122     
   2.7972226863988543     
   2.7980311714903050     
   2.7982349831733906     
   2.8024440300400850     
   2.8041568351535742     
   2.8042195355912809     
   2.8058305161755142     
   2.8065501441336584     
   2.8079468654100852     
   2.8084269943471289     
   2.8131909269252362     
   2.8151231200236659     
   2.8152056172186906     
   2.8164285944795431     
   2.8171823108862166     
   2.8194379627561488     
   2.8208451276986795     
   2.8209699519508815     
   2.8209997167118894     
   2.8222252198726911     
   2.8238503129108419     
   2.8250809076783678     
   2.8317040120553125     
   2.8341795973129438     
   2.8363576821332379     
   2.8422270356258617     
   2.8427315308906120     
   2.8437345744772697     
   2.8437558805360696     
   2.8438115222044433     
   2.8452763445640969     
   2.8455360740360574     
   2.8463361191169780     
   2.8483614721222903     
   2.8484128348987756     
   2.8504410694195847     
   2.8514144617521953     
   2.8516790334798001     
   2.8518260117909806     
   2.8519267501763750     
   2.8520596219478347     
   2.8532960561581220     
   2.8541509135825085     
   2.8554568111289877     
   2.8558396249307902     
   2.8559184193918390     
   2.8572148606853442     
   2.8575833406526590     
   2.8578819824441322     
   2.8588736780809065     
   2.8589747704107729     
   2.8590125121897505     
   2.8600657072680580     
   2.8609618296492676     
   2.8609684414487795     
   2.8617748393864995     
   2.8619128510266960     
   2.8619371661011019     
   2.8627595704518636     
   2.8630516504365282     
   2.8633049612761403     
   2.8649929159875973     
   2.8653732195385828     
   2.8664461107242505     
   2.8668510656470678     
   2.8671974243923990     
   2.8690971084457839     
   2.8697470593261496     
   2.8700146708060896     
   2.8710458190356163     
   2.8713825277416789     
   2.8718750377798661     
   2.8722096709613032     
   2.8728142572438204     
   2.8730937697177810     
   2.8731753640789446     
   2.8736761562641790     
   2.8744763527035149     
   2.8747679096439529     
   2.8760116668929054     
   2.8763468825865233     
   2.8779941005477845     
   2.8789801766219520     
   2.8799891015361854     
   2.8806587108072446     
   2.8810426678973720     
   2.8811654763177525     
   2.8814440643480088     
   2.8826327674901528     
   2.8839765299126490     
   2.8839909973142590     
   2.8843631138372618     
   2.8861849587162065     
   2.8868684516444043     
   2.8868803150866613     
   2.8876817919748721     
   2.8882116265826259     
   2.8893109912497472     
   2.8898515221848156     
   2.8901346471005045     
   2.8907563350350896     
   2.8912589566315057     
   2.8938212188805301     
   2.8940913783166735     
   2.8942945946719232     
   2.8948507201575873     
   2.8965066652904370     
   2.8965764979159223     
   2.8967236677838115     
   2.8982623011863766     
   2.8985086818982126     
   2.8987979739721839     
   2.8989584340097814     
   2.9004014180491842     
   2.9033659973918433     
   2.9037839646520682     
   2.9044434366042782     
   2.9045771465504755     
   2.9051494075891928     
   2.9069190504417781     
   2.9071814357778294     
   2.9075985345103232     
   2.9086033989449493     
   2.9090101462900408     
   2.9096980577689799     
   2.9100200231115392     
   2.9101031589964261     
   2.9116914075817899     
   2.9117929124227611     
   2.9134960288446283     
   2.9139597859556527     
   2.9142002725239715     
   2.9148313328494320     
   2.9153507234232525     
   2.9159569093391688     
   2.9165875467737776     
   2.9169322963154234     
   2.9176984396511836     
   2.9181013625461119     
   2.9182073804402004     
   2.9184184893504295     
   2.9185751212615991     
   2.9189143374639261     
   2.9196800577764694     
   2.9198580693922347     
   2.9204104071530614     
   2.9205340760056724     
   2.9207235899188690     
   2.9209017399824062     
   2.9209307123601844     
   2.9211879389449078     
   2.9217936362626267     
   2.9225460370258980     
   2.9227817491373851     
   2.9229153892560595     
   2.9243623416788256     
   2.9255829750596281     
   2.9261126984740922     
   2.9264541871041025     
   2.9270632607475142     
   2.9273015391556987     
   2.9281306065837227     
   2.9286471192989119     
   2.9287708720951211     
   2.9291759320185538     
   2.9294723327482757     
   2.9295221753036809     
   2.9296720172653012     
   2.9296851433271156     
   2.9300176017007336     
   2.9304006917995813     
   2.9315863199022787     
   2.9318772909878064     
   2.9324849307617611     
   2.9325577844147399     
   2.9326062567302844     
   2.9331007617523328     
   2.9339908377246315     
   2.9362905079849018     
   2.9369314316837585     
   2.9376436838434405     
   2.9380992638930512     
   2.9391614510899848     
   2.9400325294915635     
   2.9401547736621172     
   2.9408414606138096     
   2.9409318887105274     
   2.9411119196508477     
   2.9421796530427189     
   2.9428843105398714     
   2.9434308001183829     
   2.9437304370306334     
   2.9453078816823401     
   2.9455301373724634     
   2.9470380712254531     
   2.9479577996593487     
   2.9488058328108320     
   2.9496016354992882     
   2.9511866767018624     
   2.9516817502371797     
   2.9520834311908049     
   2.9535174238174648     
   2.9545953949907466     
   2.9555339633793780     
   2.9568817929069189     
   2.9570420889052511     
   2.9602461179215758     
   2.9712082414089722     
   2.9789205983321732     
   2.9805575273444673     
   2.9834070038618679     
   2.9868153119419261     
   2.9874721667644080     
   2.9890107817713263     
   2.9907714863345038     
   2.9908624712698653     
   2.9917718853613202     
   2.9935389954839220     
   2.9942257484836290     
   2.9947557395582676     
   2.9948421164773324     
   2.9954233600707201     
   2.9967123853391651     
   2.9968404730696308     
   2.9981516888516548     
   2.9987508566826238     
   3.0010506877201992     
   3.0015632733366995     
   3.0020482865896674     
   3.0041232712067640     
   3.0058833519842105     
   3.0094323432455354     
   3.0098737216553455     
   3.0123971204458959     
   3.0139064158917077     
   3.0188830292749729     
   3.0249053958245811     
   3.0359788029426640     
   3.0579013140386082     
   3.0588893139735820     
   3.0800007538219161     
