 beta=   0.0000000000000000     
  -3.4580554236263873E-015
  -2.3300744659658363E-015
  -2.1191991578072159E-015
  -1.8058529139810538E-015
  -1.2775576762502793E-015
  -3.5656915895239498E-016
   9.8260186968591838E-004
   1.2403366580501785E-003
   1.4807541928074097E-003
   2.1398566604235725E-003
   2.4135875936433793E-003
   2.5871606232319611E-003
   2.6403223415199391E-003
   2.7258482733141876E-003
   2.7606947997251136E-003
   2.9638592905018861E-003
   3.0038306381046588E-003
   3.1087963908204702E-003
   3.2799886065285055E-003
   3.4490255741205234E-003
   3.5280999792551182E-003
   3.5982889393433876E-003
   3.6878599563108933E-003
   3.8712257443720421E-003
   4.0030137525901704E-003
   4.0270467838599035E-003
   4.1816451161583836E-003
   4.2726476571649658E-003
   4.3756956787686929E-003
   4.5535142734596272E-003
   4.6364383473527131E-003
   4.7808648995086127E-003
   4.8764271259677267E-003
   4.8898637204294213E-003
   4.9371297972110473E-003
   5.0352516197345780E-003
   5.1691728509350721E-003
   5.2803793044637615E-003
   5.4533078803731608E-003
   5.5370333166291398E-003
   5.6293928956343492E-003
   5.6682816554594652E-003
   5.7572428679191281E-003
   5.8577151350037229E-003
   6.0249013955690767E-003
   6.1137333864513541E-003
   6.1561236842375315E-003
   6.2701999627019830E-003
   6.2834584892344286E-003
   6.4257572531960351E-003
   6.4528729854364201E-003
   6.6784666825421843E-003
   6.7203692209827758E-003
   6.8285673627774086E-003
   6.8482072130552915E-003
   6.9731687849266802E-003
   7.0837453020553597E-003
   7.1469235969280178E-003
   7.2114457340842816E-003
   7.4090090230818847E-003
   7.4794612572123675E-003
   7.5951733131708124E-003
   7.6736733081213910E-003
   7.7307805777237443E-003
   7.7527765281039159E-003
   7.8570991022399728E-003
   7.9595313495064660E-003
   8.0708885728497295E-003
   8.1459474585133460E-003
   8.2303706917802293E-003
   8.2760364333473203E-003
   8.2991075971005756E-003
   8.3748994097007628E-003
   8.4742682841962933E-003
   8.6933646402184549E-003
   8.7210247159751030E-003
   8.7432400608550166E-003
   8.7912811480346104E-003
   8.9048546620791730E-003
   8.9550768318041197E-003
   9.0088760245384952E-003
   9.0742441394625409E-003
   9.1456225969837393E-003
   9.1703742132720114E-003
   9.2390976558861353E-003
   9.2721477832344735E-003
   9.3365048427000198E-003
   9.4271914712301882E-003
   9.5081983194615933E-003
   9.5994303667494493E-003
   9.6700688834644374E-003
   9.7254498877274772E-003
   9.7782326769479105E-003
   9.8651243002479874E-003
   9.8936874862434760E-003
   9.9781484268900225E-003
   1.0055803103126218E-002
   1.0090463741941608E-002
   1.0112171839037240E-002
   1.0157380593664287E-002
   1.0190200529920505E-002
   1.0254820509287312E-002
   1.0302735717385238E-002
   1.0325453812241578E-002
   1.0366941615320776E-002
   1.0461596343013493E-002
   1.0486395102686953E-002
   1.0561113599858212E-002
   1.0582403626366732E-002
   1.0630492402830646E-002
   1.0661964944155151E-002
   1.0694738279158518E-002
   1.0810231855608700E-002
   1.0847176128344646E-002
   1.0865722866462365E-002
   1.0969410467503021E-002
   1.1054378698039144E-002
   1.1065625163787110E-002
   1.1159877503816024E-002
   1.1284882741538839E-002
   1.1308684996402557E-002
   1.1370921495183000E-002
   1.1466374128493878E-002
   1.1499908688154446E-002
   1.1543067342172966E-002
   1.1547392819009891E-002
   1.1586158058926491E-002
   1.1644758359846977E-002
   1.1726445365727168E-002
   1.1745796175910539E-002
   1.1811777749809361E-002
   1.1830463538651579E-002
   1.1905227386544140E-002
   1.1953904549994405E-002
   1.1959207375927027E-002
   1.2032353085430948E-002
   1.2048782753307641E-002
   1.2100340394300276E-002
   1.2189883305368389E-002
   1.2215447319280068E-002
   1.2317738151121554E-002
   1.2365678234761741E-002
   1.2474209529029143E-002
   1.2544127818802637E-002
   1.2556532553040551E-002
   1.2682370842898229E-002
   1.2729978450852247E-002
   1.2738687177277138E-002
   1.2808828096529170E-002
   1.2873298159262282E-002
   1.2918107194641738E-002
   1.2978074394127886E-002
   1.3091293851056285E-002
   1.3114813063004556E-002
   1.3151639479759530E-002
   1.3169980250188968E-002
   1.3296980419227009E-002
   1.3343486829269446E-002
   1.3352882167798346E-002
   1.3417472372109968E-002
   1.3446654162135908E-002
   1.3525054482534070E-002
   1.3602336881282606E-002
   1.3663746537650567E-002
   1.3755225458592349E-002
   1.3792306982864181E-002
   1.3812909609241423E-002
   1.3903859810307121E-002
   1.3949778600447832E-002
   1.3951997740325099E-002
   1.4019658025982479E-002
   1.4090958712900782E-002
   1.4136912622482232E-002
   1.4172537831374059E-002
   1.4238579689860871E-002
   1.4280429574314715E-002
   1.4356073088049657E-002
   1.4427309635827147E-002
   1.4516900469767134E-002
   1.4538796530340445E-002
   1.4591232920749464E-002
   1.4652609598277043E-002
   1.4729807259966650E-002
   1.4777411312316966E-002
   1.4837670903581235E-002
   1.4904718225656218E-002
   1.4923650072640305E-002
   1.4953556149406326E-002
   1.4988585731693366E-002
   1.5059704981865523E-002
   1.5104390606196793E-002
   1.5170669952613930E-002
   1.5217728935790570E-002
   1.5245059692869286E-002
   1.5287581728722726E-002
   1.5327304577441792E-002
   1.5366983715621167E-002
   1.5449544980341942E-002
   1.5475953797203743E-002
   1.5492800619291888E-002
   1.5525891609961900E-002
   1.5576162923330972E-002
   1.5609862553149213E-002
   1.5676031238661785E-002
   1.5735029514496061E-002
   1.5751154909518599E-002
   1.5798664418595003E-002
   1.5845368492590810E-002
   1.5871396452164621E-002
   1.5935722672410998E-002
   1.5972075341811484E-002
   1.5994498629755265E-002
   1.6042257822003806E-002
   1.6086725481934242E-002
   1.6170928207370646E-002
   1.6219911684845142E-002
   1.6254720436840193E-002
   1.6288304936758306E-002
   1.6316034619998396E-002
   1.6369555742019044E-002
   1.6416564337196710E-002
   1.6451405741923521E-002
   1.6458052292028482E-002
   1.6507873192131439E-002
   1.6550173538440859E-002
   1.6581548551619738E-002
   1.6640277535984974E-002
   1.6682682592307752E-002
   1.6704831123773588E-002
   1.6743549667974502E-002
   1.6821235536927485E-002
   1.6883200068340449E-002
   1.6917792670885386E-002
   1.6936661551143727E-002
   1.6972343034930736E-002
   1.6989428834343283E-002
   1.7058326370444004E-002
   1.7100034471245629E-002
   1.7113471872093760E-002
   1.7142331237391149E-002
   1.7206892379773474E-002
   1.7232996140610839E-002
   1.7246185983118171E-002
   1.7297519384056367E-002
   1.7325106433563386E-002
   1.7346444416774010E-002
   1.7395842114678546E-002
   1.7448437186269570E-002
   1.7477117080726395E-002
   1.7508134438435179E-002
   1.7530461528426931E-002
   1.7605834873023193E-002
   1.7613056063253238E-002
   1.7642702771200027E-002
   1.7697764191523069E-002
   1.7740500709151667E-002
   1.7819198104288593E-002
   1.7838272524867103E-002
   1.7864653196668492E-002
   1.7893092847877577E-002
   1.7909815148760017E-002
   1.7991014446283340E-002
   1.8034745112215950E-002
   1.8049173741481295E-002
   1.8089892445861840E-002
   1.8111763922789518E-002
   1.8140518297078974E-002
   1.8183088645623503E-002
   1.8215842183227162E-002
   1.8305309346193205E-002
   1.8319011519572211E-002
   1.8333098810883030E-002
   1.8362018779984252E-002
   1.8396885899867044E-002
   1.8428699963094337E-002
   1.8444222512213729E-002
   1.8459775098228097E-002
   1.8486420621583323E-002
   1.8513157501781889E-002
   1.8574350967746789E-002
   1.8593513767473903E-002
   1.8620755780901575E-002
   1.8661173567229062E-002
   1.8723152167629591E-002
   1.8773292668729027E-002
   1.8801524725813600E-002
   1.8829331110302723E-002
   1.8881423647977007E-002
   1.8910967750153593E-002
   1.8943850169173111E-002
   1.8967673212383240E-002
   1.9021589073453100E-002
   1.9049035198873403E-002
   1.9052768059981146E-002
   1.9100522972391735E-002
   1.9131798389414957E-002
   1.9166267036880125E-002
   1.9186594625296566E-002
   1.9210120002316301E-002
   1.9235739296927470E-002
   1.9324440697050006E-002
   1.9343796847072482E-002
   1.9371857230045270E-002
   1.9401190799640273E-002
   1.9428816433041913E-002
   1.9490113395538147E-002
   1.9527458204380059E-002
   1.9571116495698690E-002
   1.9613851596727242E-002
   1.9640367470309287E-002
   1.9666744208882061E-002
   1.9695701510977128E-002
   1.9722411813649286E-002
   1.9735127263012225E-002
   1.9823873253931569E-002
   1.9855810167106337E-002
   1.9865252712467991E-002
   1.9908190291267225E-002
   1.9936744474471000E-002
   1.9944139414460486E-002
   1.9976096055885205E-002
   2.0077358681027078E-002
   2.0085740199763110E-002
   2.0124135636171332E-002
   2.0130067101084646E-002
   2.0190564730325187E-002
   2.0236416382452542E-002
   2.0269904144831197E-002
   2.0281327427808419E-002
   2.0321566741068029E-002
   2.0365269487178744E-002
   2.0394294913004526E-002
   2.0412440785925086E-002
   2.0478905190847566E-002
   2.0520388028204526E-002
   2.0537598771999236E-002
   2.0577840750803204E-002
   2.0599886919113831E-002
   2.0640309753123604E-002
   2.0671036227071709E-002
   2.0689761540746931E-002
   2.0723861233750550E-002
   2.0762771465059886E-002
   2.0826327300450195E-002
   2.0830505105997436E-002
   2.0869318441720314E-002
   2.0892344308816247E-002
   2.0953469044406370E-002
   2.0984965165972848E-002
   2.1034134765682385E-002
   2.1070874022901021E-002
   2.1123067765258716E-002
   2.1182991984295487E-002
   2.1197892081541256E-002
   2.1224154707365654E-002
   2.1259700391952744E-002
   2.1309022389031228E-002
   2.1380783194978582E-002
   2.1395830876363941E-002
   2.1427815511474727E-002
   2.1476818877097983E-002
   2.1503161935668459E-002
   2.1544174572626661E-002
   2.1569228556768395E-002
   2.1583367965646198E-002
   2.1596918893849064E-002
   2.1616484246347212E-002
   2.1636008604911178E-002
   2.1657863656192815E-002
   2.1716413722805559E-002
   2.1767797026333715E-002
   2.1813609121190018E-002
   2.1866463358276127E-002
   2.1909727376518570E-002
   2.1919855868973184E-002
   2.1944038798116430E-002
   2.1991406635654066E-002
   2.2029112783137749E-002
   2.2039985711601193E-002
   2.2075081809795765E-002
   2.2108624145547442E-002
   2.2129849745857605E-002
   2.2155311370601560E-002
   2.2218776898186614E-002
   2.2247305783606282E-002
   2.2274360144026190E-002
   2.2315174848832702E-002
   2.2329781659046439E-002
   2.2364643308535822E-002
   2.2365636143420034E-002
   2.2430498637683084E-002
   2.2461645647375451E-002
   2.2475074800686876E-002
   2.2488274238912594E-002
   2.2508596718590131E-002
   2.2526568821685144E-002
   2.2602068025637301E-002
   2.2627107442848578E-002
   2.2663743843942329E-002
   2.2669903829318813E-002
   2.2706123392521243E-002
   2.2715386868370907E-002
   2.2765076504968666E-002
   2.2788907791102330E-002
   2.2821173408842790E-002
   2.2857304905294980E-002
   2.2864034941699276E-002
   2.2888009145792122E-002
   2.2921534432888493E-002
   2.2961844492555950E-002
   2.2995047519544714E-002
   2.3001372230893914E-002
   2.3055010025811673E-002
   2.3067478572950769E-002
   2.3116587598388586E-002
   2.3125199558923872E-002
   2.3142786119578047E-002
   2.3171121603332106E-002
   2.3227992050837837E-002
   2.3260478751933964E-002
   2.3274847161594982E-002
   2.3327887336449051E-002
   2.3351953063553300E-002
   2.3383174594119302E-002
   2.3427195619743400E-002
   2.3442561198311673E-002
   2.3481515941114799E-002
   2.3494992611720864E-002
   2.3516016972816026E-002
   2.3542153277331036E-002
   2.3550175785209123E-002
   2.3578057270558183E-002
   2.3614910855009490E-002
   2.3647823840525290E-002
   2.3665309039762203E-002
   2.3686121467535574E-002
   2.3726913577757820E-002
   2.3755394774610472E-002
   2.3773056156976575E-002
   2.3779948935393737E-002
   2.3805514230095373E-002
   2.3864284642342415E-002
   2.3871995715414089E-002
   2.3896149793493155E-002
   2.3926337867804747E-002
   2.3944171672251706E-002
   2.3952271671583793E-002
   2.3995898903053675E-002
   2.4026468211759480E-002
   2.4066272507055793E-002
   2.4093643231800639E-002
   2.4111426291334597E-002
   2.4129729904251326E-002
   2.4167623740898491E-002
   2.4191922422486571E-002
   2.4207038993405778E-002
   2.4245856325122637E-002
   2.4273551126555860E-002
   2.4299138845378567E-002
   2.4329063118628477E-002
   2.4370045512207221E-002
   2.4395391688591620E-002
   2.4430583323520733E-002
   2.4444501860904279E-002
   2.4498031666602142E-002
   2.4510571417110143E-002
   2.4536335072895231E-002
   2.4577308266531837E-002
   2.4583637341893904E-002
   2.4611706764001370E-002
   2.4656656731689118E-002
   2.4668704114855399E-002
   2.4696725497156322E-002
   2.4736020143432201E-002
   2.4758433049446298E-002
   2.4761484710790111E-002
   2.4806502593730774E-002
   2.4842997372735931E-002
   2.4872641416557654E-002
   2.4903027959435720E-002
   2.4916139807899473E-002
   2.4925814817895062E-002
   2.4969345604323279E-002
   2.5004328121494532E-002
   2.5052326287070104E-002
   2.5065311486961239E-002
   2.5071195491444043E-002
   2.5110595241669302E-002
   2.5121602047711560E-002
   2.5147374777473405E-002
   2.5179110081812475E-002
   2.5183318685977552E-002
   2.5217772614809415E-002
   2.5249447369250146E-002
   2.5263114111066447E-002
   2.5291918974313946E-002
   2.5329981083711709E-002
   2.5341055141766978E-002
   2.5373710015596396E-002
   2.5385472143745424E-002
   2.5404313849614519E-002
   2.5441067133331424E-002
   2.5460627060616546E-002
   2.5467796470821247E-002
   2.5488609167090965E-002
   2.5521215903633616E-002
   2.5549916072842786E-002
   2.5578506163181622E-002
   2.5595463044365330E-002
   2.5611351129740865E-002
   2.5625190179713705E-002
   2.5672854243043872E-002
   2.5681214504951234E-002
   2.5696257818803789E-002
   2.5729808677996610E-002
   2.5756867335578564E-002
   2.5789749411993159E-002
   2.5804853015092121E-002
   2.5820329275009588E-002
   2.5840165978351096E-002
   2.5863372366825465E-002
   2.5876076213728307E-002
   2.5910959954325897E-002
   2.5930193402343947E-002
   2.5933158239808105E-002
   2.5947320745496206E-002
   2.5979039724270198E-002
   2.6010975497641645E-002
   2.6015017770251878E-002
   2.6067617396662870E-002
   2.6076422645116993E-002
   2.6089657997285777E-002
   2.6113878012907418E-002
   2.6119743166027228E-002
   2.6152791756265333E-002
   2.6192540254181437E-002
   2.6225071762780026E-002
   2.6240385222109176E-002
   2.6259331787771806E-002
   2.6274013325306534E-002
   2.6281041022474170E-002
   2.6323449397181425E-002
   2.6363219268099401E-002
   2.6370406893958340E-002
   2.6403525039845985E-002
   2.6417035987483399E-002
   2.6427887579766284E-002
   2.6436746107786822E-002
   2.6476458030586288E-002
   2.6493885347841774E-002
   2.6519245821540489E-002
   2.6531889788858617E-002
   2.6577477597922276E-002
   2.6588032067153006E-002
   2.6600780641537845E-002
   2.6614673011060314E-002
   2.6629623210571076E-002
   2.6679306308356666E-002
   2.6684791665495772E-002
   2.6730867878860490E-002
   2.6752010699335377E-002
   2.6770154097040283E-002
   2.6781996043143599E-002
   2.6795332580836936E-002
   2.6805427370899700E-002
   2.6839759135917136E-002
   2.6876714162453626E-002
   2.6892850891507090E-002
   2.6910778981323956E-002
   2.6918375440706827E-002
   2.6951231287010952E-002
   2.6977068158039751E-002
   2.6981519728795134E-002
   2.7001122298542651E-002
   2.7015276885590415E-002
   2.7035744613964820E-002
   2.7045068268248301E-002
   2.7081830721826149E-002
   2.7111657906698769E-002
   2.7141535036169881E-002
   2.7148919357677301E-002
   2.7179487992323500E-002
   2.7182300159571536E-002
   2.7217846308991451E-002
   2.7225761958006467E-002
   2.7258367980878044E-002
   2.7268151790347500E-002
   2.7320051854656920E-002
   2.7370007437071256E-002
   2.7400053367318277E-002
   2.7420182201168316E-002
   2.7443558359654754E-002
   2.7465881969711649E-002
   2.7476796024415183E-002
   2.7504985232916498E-002
   2.7513667375117495E-002
   2.7534574314887726E-002
   2.7548616782326681E-002
   2.7588263523179821E-002
   2.7593508688195306E-002
   2.7625840537159531E-002
   2.7638299669474731E-002
   2.7667944367422311E-002
   2.7675317399441218E-002
   2.7724764983775917E-002
   2.7734923401127137E-002
   2.7752423067682320E-002
   2.7793827764676260E-002
   2.7796662907503523E-002
   2.7803587084447825E-002
   2.7825875411725830E-002
   2.7849528996271185E-002
   2.7871258641471244E-002
   2.7890620086436335E-002
   2.7912060189406555E-002
   2.7940827294207930E-002
   2.7952801764192303E-002
   2.7963869853311511E-002
   2.8007551361717859E-002
   2.8023895609401304E-002
   2.8040245122706458E-002
   2.8061549350030805E-002
   2.8080749167438572E-002
   2.8086153105845463E-002
   2.8102153654080773E-002
   2.8138722027384700E-002
   2.8147166072705718E-002
   2.8173818599058716E-002
   2.8180251463527768E-002
   2.8195901411032415E-002
   2.8233695097479094E-002
   2.8239565799570029E-002
   2.8267139316656441E-002
   2.8292127056712760E-002
   2.8299693109356577E-002
   2.8349340661286249E-002
   2.8350118829319045E-002
   2.8366917369628618E-002
   2.8397894968485504E-002
   2.8404289112531338E-002
   2.8415765023927175E-002
   2.8447485487403831E-002
   2.8464377289069198E-002
   2.8484377924996619E-002
   2.8502853126544426E-002
   2.8514257679500631E-002
   2.8529197513343169E-002
   2.8545523377004306E-002
   2.8569017915734699E-002
   2.8600133444603135E-002
   2.8613394288581177E-002
   2.8614089305888317E-002
   2.8625813744276085E-002
   2.8653264911258986E-002
   2.8681331357177420E-002
   2.8687668688980515E-002
   2.8712291768326310E-002
   2.8738719470695454E-002
   2.8743170014619363E-002
   2.8760319720058675E-002
   2.8770821935740248E-002
   2.8801745904897036E-002
   2.8824624799230869E-002
   2.8846481589833682E-002
   2.8857843990882044E-002
   2.8862246036068323E-002
   2.8886601796458744E-002
   2.8915594105200924E-002
   2.8945605197354864E-002
   2.8957269919871513E-002
   2.8963188309126007E-002
   2.8990839235870473E-002
   2.9014319141721177E-002
   2.9015868380052660E-002
   2.9029174176509659E-002
   2.9037274090302448E-002
   2.9068451435508905E-002
   2.9074863878717910E-002
   2.9102372108243707E-002
   2.9136985552679788E-002
   2.9148511934454998E-002
   2.9158833863808759E-002
   2.9174473042443597E-002
   2.9195555956040814E-002
   2.9204989481022223E-002
   2.9221125038558195E-002
   2.9237040082724593E-002
   2.9259898091574053E-002
   2.9264514227094380E-002
   2.9280385770220383E-002
   2.9297709972695408E-002
   2.9305488239397985E-002
   2.9321874935404016E-002
   2.9342787965181472E-002
   2.9358435319945298E-002
   2.9390605270253261E-002
   2.9395156490233592E-002
   2.9415817724472201E-002
   2.9425270888481351E-002
   2.9442202369439285E-002
   2.9454270067428730E-002
   2.9473249816992200E-002
   2.9495159759674382E-002
   2.9502803844996296E-002
   2.9520131665582518E-002
   2.9531659134875984E-002
   2.9556002257211538E-002
   2.9585403764081419E-002
   2.9595849677969060E-002
   2.9605205022618777E-002
   2.9608018747721131E-002
   2.9623312321093834E-002
   2.9635263502303635E-002
   2.9658664269577414E-002
   2.9682995216565145E-002
   2.9705224430931008E-002
   2.9707660174239581E-002
   2.9733912622791774E-002
   2.9749213574558186E-002
   2.9758910472027188E-002
   2.9784980020249052E-002
   2.9802467395741584E-002
   2.9822047377433773E-002
   2.9829554547787490E-002
   2.9858875901072848E-002
   2.9864020545559030E-002
   2.9878567332009848E-002
   2.9902023243455880E-002
   2.9905948033368688E-002
   2.9916853297071389E-002
   2.9936635290155333E-002
   2.9954794528883420E-002
   2.9961376642410366E-002
   3.0003530716827775E-002
   3.0020317916279189E-002
   3.0034673463422621E-002
   3.0054775853739790E-002
   3.0064228383201542E-002
   3.0085650777753603E-002
   3.0112512535293557E-002
   3.0124329593403779E-002
   3.0131124394205216E-002
   3.0174540128436914E-002
   3.0179718254696095E-002
   3.0197177151420392E-002
   3.0215971496475584E-002
   3.0258160146941868E-002
   3.0263296536554171E-002
   3.0271286542353809E-002
   3.0295689262844146E-002
   3.0322234189924187E-002
   3.0338176384597303E-002
   3.0341246905616973E-002
   3.0365620966796108E-002
   3.0370847293497226E-002
   3.0377035660961036E-002
   3.0412828596519462E-002
   3.0434357854108925E-002
   3.0441004080608718E-002
   3.0460330436150880E-002
   3.0478442080718544E-002
   3.0486531620853335E-002
   3.0516528432420066E-002
   3.0537621833895769E-002
   3.0549990326097922E-002
   3.0562940680313466E-002
   3.0591474679014283E-002
   3.0599574403669089E-002
   3.0616146531855869E-002
   3.0631795608388721E-002
   3.0639530495483760E-002
   3.0672793486050291E-002
   3.0683909738280980E-002
   3.0701581370771409E-002
   3.0717870075978825E-002
   3.0736290772601094E-002
   3.0744443012766492E-002
   3.0771333925377353E-002
   3.0775086203975531E-002
   3.0818703054212460E-002
   3.0826002034755561E-002
   3.0849352588882252E-002
   3.0858905541169115E-002
   3.0873779996245587E-002
   3.0896247943958937E-002
   3.0898333821676290E-002
   3.0928548344394749E-002
   3.0932294467889900E-002
   3.0955445634972326E-002
   3.0964237168498939E-002
   3.0977806865603266E-002
   3.0993807193736945E-002
   3.1006454982140393E-002
   3.1021729760408349E-002
   3.1040363073236567E-002
   3.1049581820677449E-002
   3.1078896634781850E-002
   3.1096387520553735E-002
   3.1118627180353145E-002
   3.1126676176769782E-002
   3.1151754494279777E-002
   3.1166012860381249E-002
   3.1186474446343940E-002
   3.1193621191730310E-002
   3.1205324295630946E-002
   3.1219977512162773E-002
   3.1244845886279161E-002
   3.1267338181231168E-002
   3.1292393079974293E-002
   3.1305341005993297E-002
   3.1332566424167319E-002
   3.1359733523078220E-002
   3.1368926766565088E-002
   3.1381396864924437E-002
   3.1388937050342861E-002
   3.1395940358077502E-002
   3.1429397994221085E-002
   3.1449983645721290E-002
   3.1466530015331604E-002
   3.1476650538009777E-002
   3.1497439568893545E-002
   3.1510747324478831E-002
   3.1527773771182231E-002
   3.1534802410112424E-002
   3.1563350733913247E-002
   3.1588958383913596E-002
   3.1598232541774053E-002
   3.1607713292906223E-002
   3.1623566783907077E-002
   3.1650700881666237E-002
   3.1664467318313044E-002
   3.1698824098457139E-002
   3.1703539150158416E-002
   3.1711534920635241E-002
   3.1730221826252188E-002
   3.1735473738123507E-002
   3.1756549291659143E-002
   3.1771453182784536E-002
   3.1781143646463408E-002
   3.1790465685559301E-002
   3.1804422225881521E-002
   3.1835027819514881E-002
   3.1851235639785355E-002
   3.1862939041094974E-002
   3.1888201389168626E-002
   3.1900173230100241E-002
   3.1919755615609155E-002
   3.1951709442277834E-002
   3.1961000756793166E-002
   3.1987452778722954E-002
   3.2005943731017408E-002
   3.2014473439781199E-002
   3.2017908592922459E-002
   3.2036935402538123E-002
   3.2044255054021621E-002
   3.2074444849659232E-002
   3.2083642643254459E-002
   3.2107083642313350E-002
   3.2115974065935679E-002
   3.2138305759817729E-002
   3.2151975880723493E-002
   3.2169887773360044E-002
   3.2175309914543752E-002
   3.2192428654162948E-002
   3.2195631117746912E-002
   3.2218518376231790E-002
   3.2242752840947353E-002
   3.2244630265309888E-002
   3.2262982371618946E-002
   3.2296721598584002E-002
   3.2311018296772222E-002
   3.2322122792279889E-002
   3.2328732565198921E-002
   3.2373538474453969E-002
   3.2385971848612242E-002
   3.2402125844707974E-002
   3.2416946747641895E-002
   3.2435306758963729E-002
   3.2444314371990420E-002
   3.2463383198093596E-002
   3.2482590505597889E-002
   3.2490133894113829E-002
   3.2498871162278523E-002
   3.2529483941849555E-002
   3.2548160989634693E-002
   3.2561225938089265E-002
   3.2594661457905218E-002
   3.2612863110637470E-002
   3.2631260929259033E-002
   3.2631452627057925E-002
   3.2647600524687299E-002
   3.2655600462553107E-002
   3.2678532836099963E-002
   3.2687805525828617E-002
   3.2697501763021074E-002
   3.2714633828602901E-002
   3.2749916075933264E-002
   3.2775127231028427E-002
   3.2799353590344159E-002
   3.2802449358511003E-002
   3.2826803179870384E-002
   3.2845105747063300E-002
   3.2860931844162292E-002
   3.2877109324485586E-002
   3.2887784636112596E-002
   3.2913848924044121E-002
   3.2930148342669621E-002
   3.2958736246898816E-002
   3.2966205912107756E-002
   3.2987737585905938E-002
   3.3000810851027913E-002
   3.3021755348827245E-002
   3.3037693997022888E-002
   3.3056848589604705E-002
   3.3071449367894606E-002
   3.3076285091387034E-002
   3.3096714969083646E-002
   3.3122262245959710E-002
   3.3133641483854205E-002
   3.3162067701896752E-002
   3.3176662740798085E-002
   3.3196627094574556E-002
   3.3215212395235921E-002
   3.3245952676547168E-002
   3.3250768358464612E-002
   3.3270121483103966E-002
   3.3288076242337546E-002
   3.3306959022095600E-002
   3.3323732430659898E-002
   3.3348601885694884E-002
   3.3377261141496008E-002
   3.3393423033621708E-002
   3.3410749101214277E-002
   3.3425584040346776E-002
   3.3444719517704849E-002
   3.3459055101932429E-002
   3.3472526813907916E-002
   3.3497720032047928E-002
   3.3508707230679842E-002
   3.3523431557749048E-002
   3.3545498056894843E-002
   3.3554952593154178E-002
   3.3598235243325385E-002
   3.3619898992235178E-002
   3.3626596288472081E-002
   3.3635238191286373E-002
   3.3667006043457369E-002
   3.3677680751777468E-002
   3.3683145008368276E-002
   3.3725877231902117E-002
   3.3734448960868524E-002
   3.3748716158214315E-002
   3.3779778447433420E-002
   3.3795506542518297E-002
   3.3810671953966524E-002
   3.3835201372775361E-002
   3.3858487189003375E-002
   3.3883325763717755E-002
   3.3901803688755026E-002
   3.3918633220577997E-002
   3.3936496511408835E-002
   3.3954029053510047E-002
   3.3983194030126125E-002
   3.4017989446079339E-002
   3.4027063840328699E-002
   3.4039817646923549E-002
   3.4048737462338351E-002
   3.4075121457779585E-002
   3.4096345902934595E-002
   3.4107508420372544E-002
   3.4128480387452073E-002
   3.4150642502295277E-002
   3.4161123033751233E-002
   3.4181245586493623E-002
   3.4191653239030784E-002
   3.4214576911588482E-002
   3.4238451803029382E-002
   3.4249036989471036E-002
   3.4273836282883566E-002
   3.4312234216702368E-002
   3.4330690031440271E-002
   3.4341221782190109E-002
   3.4352567863566476E-002
   3.4377408349445797E-002
   3.4388343060431328E-002
   3.4407613420681576E-002
   3.4423507779889943E-002
   3.4434978323858237E-002
   3.4459617865458085E-002
   3.4471251760767513E-002
   3.4485752859024173E-002
   3.4504501611028478E-002
   3.4530224749626283E-002
   3.4530671797230073E-002
   3.4553903872147851E-002
   3.4561293114506758E-002
   3.4588815859774781E-002
   3.4603788946929399E-002
   3.4633966226186481E-002
   3.4648477620569398E-002
   3.4668751932595880E-002
   3.4699280510772666E-002
   3.4707745578173403E-002
   3.4719609424097221E-002
   3.4749679074647682E-002
   3.4749886028344952E-002
   3.4772196242771641E-002
   3.4795181017496388E-002
   3.4812093790582851E-002
   3.4825322304277685E-002
   3.4838053403793957E-002
   3.4868059767679371E-002
   3.4892804850462852E-002
   3.4941769549123258E-002
   3.4960994554314451E-002
   3.4973479861336469E-002
   3.5001568281980741E-002
   3.5018007666117380E-002
   3.5038987786351214E-002
   3.5071306697071349E-002
   3.5078898657314346E-002
   3.5085906806887467E-002
   3.5107134758565514E-002
   3.5123725151442096E-002
   3.5152373534216359E-002
   3.5166130034504431E-002
   3.5176889873734678E-002
   3.5199124765574810E-002
   3.5205299411498837E-002
   3.5237670710622768E-002
   3.5259948425675182E-002
   3.5276703992748619E-002
   3.5298842625663497E-002
   3.5338885812595658E-002
   3.5352405402247600E-002
   3.5373307986953803E-002
   3.5399955160218960E-002
   3.5412441656305305E-002
   3.5440376845928434E-002
   3.5450437117850696E-002
   3.5470224220603662E-002
   3.5484852737716427E-002
   3.5511041871879090E-002
   3.5542808520837472E-002
   3.5573968568959745E-002
   3.5589417453786631E-002
   3.5605835398980233E-002
   3.5624079254172027E-002
   3.5634584855870066E-002
   3.5652640259088514E-002
   3.5693900619046627E-002
   3.5716887241673073E-002
   3.5736093753350774E-002
   3.5745604669653278E-002
   3.5751523486315238E-002
   3.5801320533266595E-002
   3.5819735357369376E-002
   3.5850832342517680E-002
   3.5861110836203060E-002
   3.5902718079869167E-002
   3.5908908636602066E-002
   3.5931822994401029E-002
   3.5946099236258341E-002
   3.5959369822710863E-002
   3.5967559883812929E-002
   3.5984118370591602E-002
   3.5989790262669838E-002
   3.6039107175881449E-002
   3.6050533967689147E-002
   3.6076027738682799E-002
   3.6092453180522913E-002
   3.6111906892011381E-002
   3.6145492539504172E-002
   3.6158244301467593E-002
   3.6176691744350030E-002
   3.6217453353932963E-002
   3.6231607425514872E-002
   3.6243219146980352E-002
   3.6285488598410374E-002
   3.6303804875901124E-002
   3.6322098971188647E-002
   3.6323416312552120E-002
   3.6348663073966336E-002
   3.6385045178600299E-002
   3.6406559141483330E-002
   3.6433537183063906E-002
   3.6471655106625755E-002
   3.6478273612697253E-002
   3.6491633396555069E-002
   3.6514881891942658E-002
   3.6522395212487790E-002
   3.6563681036582210E-002
   3.6576873143368417E-002
   3.6598230383418896E-002
   3.6629559399821071E-002
   3.6676053350371725E-002
   3.6688272559864635E-002
   3.6714765929762014E-002
   3.6731242413627560E-002
   3.6769242157728456E-002
   3.6793718808970401E-002
   3.6804864305980171E-002
   3.6822236574143428E-002
   3.6843955397646913E-002
   3.6868763242527511E-002
   3.6875080939884605E-002
   3.6914988213691602E-002
   3.6934411456013720E-002
   3.6948579582275633E-002
   3.6981076610230527E-002
   3.7038902980335492E-002
   3.7045340805489803E-002
   3.7060260266712830E-002
   3.7074650059182951E-002
   3.7102113241588901E-002
   3.7124545291084277E-002
   3.7142180390751650E-002
   3.7173350613092515E-002
   3.7189093689258289E-002
   3.7218500507372868E-002
   3.7237919984345051E-002
   3.7248050383331482E-002
   3.7270253451935763E-002
   3.7283776853498464E-002
   3.7320146461790632E-002
   3.7340173720523659E-002
   3.7367410406715873E-002
   3.7375601473159395E-002
   3.7400816412958317E-002
   3.7408641320378480E-002
   3.7423735578687459E-002
   3.7462368780725348E-002
   3.7484368312297567E-002
   3.7515157371470431E-002
   3.7538537449829226E-002
   3.7544657975402532E-002
   3.7572437915975282E-002
   3.7594309546788447E-002
   3.7610147305086855E-002
   3.7622017822865131E-002
   3.7636066265494685E-002
   3.7648988313614427E-002
   3.7662581973806675E-002
   3.7667320754778112E-002
   3.7708887538069370E-002
   3.7726366129506757E-002
   3.7763779557504894E-002
   3.7778417458758713E-002
   3.7814015466077468E-002
   3.7820666474285836E-002
   3.7848543804605339E-002
   3.7866218891046730E-002
   3.7873305766120108E-002
   3.7902932745127779E-002
   3.7922144862898334E-002
   3.7951110021844307E-002
   3.7955338978946554E-002
   3.7979296932849196E-002
   3.7991519448660575E-002
   3.8014984145073510E-002
   3.8043509596228882E-002
   3.8071795556901961E-002
   3.8094221560091776E-002
   3.8126389449308962E-002
   3.8139146408727405E-002
   3.8196368007184685E-002
   3.8202060222419044E-002
   3.8227823481850810E-002
   3.8241693269285587E-002
   3.8279126551664155E-002
   3.8303883438514562E-002
   3.8312409253512966E-002
   3.8344489383793409E-002
   3.8368231975613752E-002
   3.8403142201097772E-002
   3.8416965916671771E-002
   3.8424795406667510E-002
   3.8471035421174533E-002
   3.8480935662466360E-002
   3.8501014298798174E-002
   3.8513972685480423E-002
   3.8533366016076688E-002
   3.8555745758007048E-002
   3.8574720561971053E-002
   3.8591162283532474E-002
   3.8601328355780992E-002
   3.8626390952183440E-002
   3.8642790746540409E-002
   3.8689751237429876E-002
   3.8708829470896877E-002
   3.8728971242574621E-002
   3.8745618458269376E-002
   3.8765530127575387E-002
   3.8773775901659341E-002
   3.8795731023410933E-002
   3.8815275303845147E-002
   3.8833475656101131E-002
   3.8850674857644679E-002
   3.8879201332344147E-002
   3.8888228080861842E-002
   3.8904825727549879E-002
   3.8932091582581381E-002
   3.8985091048670859E-002
   3.8991357795998931E-002
   3.9003868534695806E-002
   3.9033109797314558E-002
   3.9066909408215486E-002
   3.9112558119314203E-002
   3.9121091245330565E-002
   3.9135991426236694E-002
   3.9148130307520387E-002
   3.9167222187443819E-002
   3.9198971812057844E-002
   3.9215598806297658E-002
   3.9253894585049458E-002
   3.9286878717344501E-002
   3.9294976597757741E-002
   3.9311754121658417E-002
   3.9321443081536379E-002
   3.9338575423914869E-002
   3.9372154042850653E-002
   3.9431965363056827E-002
   3.9447823439930592E-002
   3.9457186405674513E-002
   3.9477061957744211E-002
   3.9505881566472889E-002
   3.9521436971409030E-002
   3.9536448638731861E-002
   3.9559029753303936E-002
   3.9584520987203817E-002
   3.9598851199083934E-002
   3.9623300098427114E-002
   3.9652843332171728E-002
   3.9677172624246089E-002
   3.9685635708188685E-002
   3.9710968361508704E-002
   3.9718322847883777E-002
   3.9752304161768448E-002
   3.9759075485067262E-002
   3.9785854275313566E-002
   3.9809524026848751E-002
   3.9818896606105166E-002
   3.9834467026597487E-002
   3.9846277123067875E-002
   3.9893340239258633E-002
   3.9901960648924845E-002
   3.9911904025445720E-002
   3.9943331110655990E-002
   3.9953918165418094E-002
   3.9977298186041475E-002
   3.9997609655379379E-002
   4.0002573889639667E-002
   4.0033271287374626E-002
   4.0067396743718904E-002
   4.0082191375140706E-002
   4.0101643584628865E-002
   4.0124021097380190E-002
   4.0131032998873863E-002
   4.0177237094481642E-002
   4.0180487760087903E-002
   4.0184997625564170E-002
   4.0209494892983089E-002
   4.0220044387809649E-002
   4.0260688861210363E-002
   4.0282542795233960E-002
   4.0299740467400251E-002
   4.0315687889632752E-002
   4.0339374586374578E-002
   4.0361859032814251E-002
   4.0374666343598209E-002
   4.0403708941275131E-002
   4.0412597813366022E-002
   4.0454387843675825E-002
   4.0461502025905545E-002
   4.0499941551964291E-002
   4.0510867714541779E-002
   4.0530583799117621E-002
   4.0560429277943288E-002
   4.0562179074436260E-002
   4.0585550187146040E-002
   4.0612344988747773E-002
   4.0634142789371934E-002
   4.0642273124656160E-002
   4.0670692541320219E-002
   4.0695786029602575E-002
   4.0703374983141943E-002
   4.0729296706932996E-002
   4.0737932222997750E-002
   4.0765224608204066E-002
   4.0771594271065324E-002
   4.0800189182471150E-002
   4.0832108369554351E-002
   4.0843081052580124E-002
   4.0861350707549711E-002
   4.0899690662954090E-002
   4.0916799510759723E-002
   4.0940268739660168E-002
   4.0954088964314975E-002
   4.0969465067112507E-002
   4.0981404692795008E-002
   4.1023672618763225E-002
   4.1038817811016967E-002
   4.1078796050187390E-002
   4.1082770945943849E-002
   4.1111432888285442E-002
   4.1131269035171600E-002
   4.1158729852890701E-002
   4.1177787047943115E-002
   4.1211491286097079E-002
   4.1220141703203560E-002
   4.1235926073759373E-002
   4.1260933363350676E-002
   4.1289541872060485E-002
   4.1298937018362222E-002
   4.1321085999028319E-002
   4.1329928000864727E-002
   4.1368134671569974E-002
   4.1402000797742221E-002
   4.1422583745680780E-002
   4.1444785007941444E-002
   4.1471586119119053E-002
   4.1473770334029360E-002
   4.1489405923127956E-002
   4.1518919623506477E-002
   4.1537680418069711E-002
   4.1579345177461480E-002
   4.1620323004451669E-002
   4.1627787344722111E-002
   4.1646071514349389E-002
   4.1664895265250100E-002
   4.1700018012365260E-002
   4.1706500236652913E-002
   4.1737946126576407E-002
   4.1765964548058920E-002
   4.1810126671471666E-002
   4.1826014289234575E-002
   4.1839132477359146E-002
   4.1858486628924732E-002
   4.1876373862028034E-002
   4.1897519948788708E-002
   4.1918534209754547E-002
   4.1961924949827409E-002
   4.1985734110848286E-002
   4.2015721518859558E-002
   4.2027743204808760E-002
   4.2051712566257525E-002
   4.2074401195595551E-002
   4.2082626899533571E-002
   4.2112089161659635E-002
   4.2127574212699942E-002
   4.2170973417877587E-002
   4.2187724465794767E-002
   4.2215808078177132E-002
   4.2224635591052988E-002
   4.2243655441312707E-002
   4.2286992220825090E-002
   4.2316255990060385E-002
   4.2349497801680298E-002
   4.2363966498207555E-002
   4.2385671070918583E-002
   4.2413824665719337E-002
   4.2432726789817708E-002
   4.2442204899503629E-002
   4.2450175402383501E-002
   4.2500817328516786E-002
   4.2511078442851576E-002
   4.2533204140476892E-002
   4.2557566099527273E-002
   4.2566235267867486E-002
   4.2579251881536696E-002
   4.2612136162717230E-002
   4.2637940079841764E-002
   4.2692743192038432E-002
   4.2715368150148883E-002
   4.2739347075276039E-002
   4.2759201179605112E-002
   4.2794706551657173E-002
   4.2825122840625535E-002
   4.2836589159261862E-002
   4.2839280814480740E-002
   4.2891026567955848E-002
   4.2905379268366080E-002
   4.2938992485812136E-002
   4.2941165137327438E-002
   4.2960741007189045E-002
   4.2995161317632001E-002
   4.3025707584346318E-002
   4.3064098770232477E-002
   4.3064889711971949E-002
   4.3090959765699724E-002
   4.3126294283431565E-002
   4.3154515352172025E-002
   4.3162857304110354E-002
   4.3233296821284906E-002
   4.3253367270796324E-002
   4.3289020506772996E-002
   4.3310223440006769E-002
   4.3328557402831959E-002
   4.3343523512460493E-002
   4.3387039335203464E-002
   4.3419751553035832E-002
   4.3423557248836765E-002
   4.3438487441821994E-002
   4.3459499582867961E-002
   4.3500727228341141E-002
   4.3556079594067258E-002
   4.3572364444644525E-002
   4.3599874318571041E-002
   4.3611420421839069E-002
   4.3619896961609513E-002
   4.3672153065466089E-002
   4.3708024555834418E-002
   4.3736927819348591E-002
   4.3768337695255774E-002
   4.3801499142435640E-002
   4.3807071063496988E-002
   4.3835700006780727E-002
   4.3878606622624508E-002
   4.3884360168973971E-002
   4.3918216412682967E-002
   4.3935745670930504E-002
   4.3969825804172934E-002
   4.3992252276392252E-002
   4.4054084108315752E-002
   4.4065842359327007E-002
   4.4116016290673986E-002
   4.4122132947403865E-002
   4.4168723438906335E-002
   4.4200615692661635E-002
   4.4238335081112280E-002
   4.4247480242171393E-002
   4.4265107211080949E-002
   4.4290534434798016E-002
   4.4333116554882028E-002
   4.4356178753795508E-002
   4.4377306023270759E-002
   4.4411979505815789E-002
   4.4441337382150239E-002
   4.4455896803332645E-002
   4.4473278743707996E-002
   4.4525699640630675E-002
   4.4540043210844101E-002
   4.4578080491917936E-002
   4.4588059755472469E-002
   4.4629442445159068E-002
   4.4659946723891092E-002
   4.4699706468623535E-002
   4.4734592580238285E-002
   4.4761435262302716E-002
   4.4789633417618692E-002
   4.4827260566729456E-002
   4.4854071986849195E-002
   4.4889494440247889E-002
   4.4927340968100485E-002
   4.4948269867109106E-002
   4.5000116582841053E-002
   4.5013191786836493E-002
   4.5041149318161104E-002
   4.5049753393516155E-002
   4.5085838518460923E-002
   4.5114395255657781E-002
   4.5167045909089355E-002
   4.5198720731296521E-002
   4.5208856248093274E-002
   4.5228779918821710E-002
   4.5254513945997908E-002
   4.5295993102774969E-002
   4.5312052721973160E-002
   4.5354016103766173E-002
   4.5384610611209804E-002
   4.5424580491171658E-002
   4.5489047753741199E-002
   4.5514711754460979E-002
   4.5527398503160586E-002
   4.5582690986370342E-002
   4.5588484958319478E-002
   4.5643612577449630E-002
   4.5657018788806764E-002
   4.5701811922574033E-002
   4.5713667299614097E-002
   4.5719309145300764E-002
   4.5793602731563972E-002
   4.5821306078857531E-002
   4.5835941985830193E-002
   4.5845479702051994E-002
   4.5873045168765184E-002
   4.5911434268530345E-002
   4.5917421397738932E-002
   4.5987621232999369E-002
   4.5995634324643347E-002
   4.6051204549726915E-002
   4.6064723631944547E-002
   4.6086723947601771E-002
   4.6151137036341001E-002
   4.6172856198955121E-002
   4.6206749127005474E-002
   4.6226230134301917E-002
   4.6279212651085443E-002
   4.6308657490769609E-002
   4.6337200778995634E-002
   4.6387041571515297E-002
   4.6414822868111653E-002
   4.6465563663097495E-002
   4.6481411448459541E-002
   4.6509948738551528E-002
   4.6542424030182404E-002
   4.6559199878806613E-002
   4.6592087167439303E-002
   4.6655636905947685E-002
   4.6662459988585266E-002
   4.6678758177276680E-002
   4.6724835888053214E-002
   4.6744824876624902E-002
   4.6759639776445872E-002
   4.6789281528156625E-002
   4.6801372400249376E-002
   4.6820702795378567E-002
   4.6863187470362340E-002
   4.6889500000322680E-002
   4.6912642973864736E-002
   4.6939844875101291E-002
   4.6951803286897097E-002
   4.6987082642313625E-002
   4.7023602522508950E-002
   4.7056721801393635E-002
   4.7063700959064626E-002
   4.7099969136333499E-002
   4.7121631698825939E-002
   4.7195123515709841E-002
   4.7220969399279909E-002
   4.7247558560089692E-002
   4.7277155810427185E-002
   4.7286861418264894E-002
   4.7300752514327971E-002
   4.7319071732462380E-002
   4.7360967513751351E-002
   4.7400797243818425E-002
   4.7459623223734169E-002
   4.7488243983162017E-002
   4.7513835010304116E-002
   4.7533075993896008E-002
   4.7561089938211967E-002
   4.7619178927892171E-002
   4.7643598995212262E-002
   4.7664718705483305E-002
   4.7691427760491935E-002
   4.7737579454946569E-002
   4.7750538407110438E-002
   4.7817854563021185E-002
   4.7850898369026881E-002
   4.7855216393767455E-002
   4.7909330726760610E-002
   4.7913302442134167E-002
   4.8005830133892757E-002
   4.8021563461020607E-002
   4.8046081162384346E-002
   4.8079990798531126E-002
   4.8128782427631314E-002
   4.8167039527720792E-002
   4.8179132075367337E-002
   4.8213278926672806E-002
   4.8256200255214696E-002
   4.8263170782488228E-002
   4.8307846975191318E-002
   4.8384451888004103E-002
   4.8398536233160212E-002
   4.8420396212829640E-002
   4.8493323865706872E-002
   4.8505129756985843E-002
   4.8512013652521287E-002
   4.8546263207677444E-002
   4.8597091249113933E-002
   4.8598491912551549E-002
   4.8670389532021671E-002
   4.8724914698310078E-002
   4.8739732808380405E-002
   4.8783420344959055E-002
   4.8802471944383446E-002
   4.8816619015083662E-002
   4.8839700370075359E-002
   4.8873497534124448E-002
   4.8912067617563552E-002
   4.8920056620808283E-002
   4.8941610139534478E-002
   4.8987257802425820E-002
   4.9044440322985085E-002
   4.9057813424090400E-002
   4.9103720029514464E-002
   4.9106486286927500E-002
   4.9135207820774587E-002
   4.9204170000658708E-002
   4.9210477432743101E-002
   4.9228606157195418E-002
   4.9283647014235453E-002
   4.9303931358347736E-002
   4.9376910618644375E-002
   4.9419299139099739E-002
   4.9440101752233463E-002
   4.9477461420468168E-002
   4.9532217420723550E-002
   4.9540521393443532E-002
   4.9558273103994646E-002
   4.9602635578359866E-002
   4.9649890773139374E-002
   4.9660404950947833E-002
   4.9708422681400979E-002
   4.9742118437308913E-002
   4.9774928118223115E-002
   4.9824429055716178E-002
   4.9847104749698390E-002
   4.9884009767286866E-002
   4.9891862092102536E-002
   4.9903922231493897E-002
   4.9929402296706234E-002
   4.9980778320830303E-002
   5.0023341564700258E-002
   5.0084445765780874E-002
   5.0130131363049175E-002
   5.0157371191593747E-002
   5.0190118628559932E-002
   5.0208706768425364E-002
   5.0261721194265245E-002
   5.0289511767977149E-002
   5.0310307198381088E-002
   5.0323167674693234E-002
   5.0347138584233397E-002
   5.0380492079614092E-002
   5.0394107827869315E-002
   5.0420455650626333E-002
   5.0459688911440495E-002
   5.0512164374465797E-002
   5.0533706283410869E-002
   5.0565459964221807E-002
   5.0626968941903439E-002
   5.0651521419774234E-002
   5.0669297434754020E-002
   5.0700358826488046E-002
   5.0721095462987462E-002
   5.0740758088516122E-002
   5.0822531068568794E-002
   5.0846838003416890E-002
   5.0912011370645972E-002
   5.0939387437734344E-002
   5.0965446732596904E-002
   5.1047439789843017E-002
   5.1057247183709409E-002
   5.1111486577948138E-002
   5.1130659610552812E-002
   5.1216189555472337E-002
   5.1242488848913699E-002
   5.1281574414859740E-002
   5.1293018568727332E-002
   5.1318459562821987E-002
   5.1353677111282872E-002
   5.1406987136622263E-002
   5.1433134473164707E-002
   5.1493560219061589E-002
   5.1528550666416699E-002
   5.1559454923662366E-002
   5.1608635032332983E-002
   5.1691211694688044E-002
   5.1699635315928090E-002
   5.1713144816243797E-002
   5.1717873970856615E-002
   5.1812124470792392E-002
   5.1833041610726875E-002
   5.1852262187521120E-002
   5.1918098753750412E-002
   5.1969356832962353E-002
   5.1996338207115723E-002
   5.2049066625313514E-002
   5.2085677115561307E-002
   5.2146657524555072E-002
   5.2165649227415352E-002
   5.2169437578883406E-002
   5.2210848725513903E-002
   5.2252569197607283E-002
   5.2323857286509040E-002
   5.2361375761075836E-002
   5.2386076886851943E-002
   5.2422686927815869E-002
   5.2465483138422246E-002
   5.2507468067677546E-002
   5.2568627560394668E-002
   5.2602928807782175E-002
   5.2607378532815961E-002
   5.2655431774075369E-002
   5.2670221342554002E-002
   5.2675257597789640E-002
   5.2727383367704432E-002
   5.2778157998519273E-002
   5.2825572186191105E-002
   5.2849751459330296E-002
   5.2881006036425898E-002
   5.2948167285674815E-002
   5.2985989911390578E-002
   5.3027013459421617E-002
   5.3059369876423464E-002
   5.3128181040011352E-002
   5.3139563485777301E-002
   5.3210598946591296E-002
   5.3237492597501088E-002
   5.3251099031023569E-002
   5.3323991057197477E-002
   5.3337324072689665E-002
   5.3389156263293658E-002
   5.3407633742847946E-002
   5.3459418363966463E-002
   5.3492297791372448E-002
   5.3536686495836802E-002
   5.3560992581555951E-002
   5.3588618152244916E-002
   5.3607418275646690E-002
   5.3678574155783469E-002
   5.3712961697939605E-002
   5.3766624683114800E-002
   5.3813884190242620E-002
   5.3824534552755876E-002
   5.3867202190645273E-002
   5.3907038548221896E-002
   5.3949738454238561E-002
   5.3995624782892174E-002
   5.4022778272673495E-002
   5.4064242862721885E-002
   5.4084632408356599E-002
   5.4167351121556788E-002
   5.4193274706235361E-002
   5.4235916068815386E-002
   5.4239904343411582E-002
   5.4268788201837885E-002
   5.4332649696266479E-002
   5.4387065817102835E-002
   5.4429858514624598E-002
   5.4492046657666444E-002
   5.4498433955210118E-002
   5.4534310702704876E-002
   5.4572528209656586E-002
   5.4633329804188314E-002
   5.4645533605732925E-002
   5.4661441296965742E-002
   5.4717278526792659E-002
   5.4730703178247415E-002
   5.4755857394178077E-002
   5.4807461512968614E-002
   5.4830353645675310E-002
   5.4880009385240576E-002
   5.4905040853322998E-002
   5.4920765588287797E-002
   5.4976946324984149E-002
   5.5029996861555443E-002
   5.5068654640982359E-002
   5.5104447295935950E-002
   5.5125727023792322E-002
   5.5153460446811971E-002
   5.5188327382672327E-002
   5.5226868358048388E-002
   5.5256912245337714E-002
   5.5273196515815609E-002
   5.5314609862912333E-002
   5.5339295192805532E-002
   5.5403005547288754E-002
   5.5408041286956915E-002
   5.5447934010109799E-002
   5.5518382161451690E-002
   5.5547827791117249E-002
   5.5606580782329752E-002
   5.5623109418104881E-002
   5.5650396384566640E-002
   5.5745102385342152E-002
   5.5761723569566733E-002
   5.5804113229608654E-002
   5.5838271554243708E-002
   5.5885493406694617E-002
   5.5903522988339935E-002
   5.5929768648699342E-002
   5.5966759760132420E-002
   5.5982832975717906E-002
   5.6030767703345939E-002
   5.6061190855764602E-002
   5.6122486763352276E-002
   5.6153609061782385E-002
   5.6210436672571140E-002
   5.6229292046134298E-002
   5.6335121772825271E-002
   5.6340522893806831E-002
   5.6408489553337750E-002
   5.6421303050623213E-002
   5.6486875527911921E-002
   5.6496310650681163E-002
   5.6553156640820688E-002
   5.6581595788190435E-002
   5.6609012796020521E-002
   5.6670347875491134E-002
   5.6724597733181482E-002
   5.6754285611798794E-002
   5.6806339522701976E-002
   5.6813153117538179E-002
   5.6885552060713926E-002
   5.6912622543848192E-002
   5.6948245701852883E-002
   5.7029282367982298E-002
   5.7036472838478666E-002
   5.7054788750448823E-002
   5.7105199687388891E-002
   5.7147422874142470E-002
   5.7177605972202505E-002
   5.7212108219605526E-002
   5.7246012038784197E-002
   5.7310755887227276E-002
   5.7355824413172933E-002
   5.7439925819984680E-002
   5.7465626892274857E-002
   5.7502183159005918E-002
   5.7589161567223220E-002
   5.7652549879340036E-002
   5.7690204822751251E-002
   5.7718129174598114E-002
   5.7792924497918771E-002
   5.7821356348807321E-002
   5.7858987113885041E-002
   5.7909431999720117E-002
   5.7973020768659615E-002
   5.8018554591609005E-002
   5.8042946005947949E-002
   5.8089639808735126E-002
   5.8151369925744455E-002
   5.8174634058199171E-002
   5.8228306868373082E-002
   5.8252111068131961E-002
   5.8325855614446497E-002
   5.8333822117335593E-002
   5.8363478460103091E-002
   5.8454377832344744E-002
   5.8497612349223828E-002
   5.8535476028569837E-002
   5.8567100911312460E-002
   5.8618415475875742E-002
   5.8646222788195257E-002
   5.8705970782354955E-002
   5.8744033330112681E-002
   5.8787576387515333E-002
   5.8842335589849339E-002
   5.8862081004411253E-002
   5.8940226388238648E-002
   5.8983004977044458E-002
   5.8990683232028593E-002
   5.9028916391929753E-002
   5.9053272533231803E-002
   5.9161204793205129E-002
   5.9187367575630624E-002
   5.9251726217260520E-002
   5.9266873257417099E-002
   5.9299546669082534E-002
   5.9390116824173805E-002
   5.9418437691473036E-002
   5.9458820432491288E-002
   5.9492493288525169E-002
   5.9535070615820397E-002
   5.9567951933443816E-002
   5.9680772908953662E-002
   5.9716668810978146E-002
   5.9765292669456432E-002
   5.9835196229680893E-002
   5.9857560101914516E-002
   5.9900052220287756E-002
   5.9957402144641743E-002
   5.9971108431335282E-002
   6.0076042447767916E-002
   6.0102032851206827E-002
   6.0135929607044163E-002
   6.0179198776200642E-002
   6.0226145695911379E-002
   6.0256660358192188E-002
   6.0320764256079004E-002
   6.0388427911004315E-002
   6.0457273593045147E-002
   6.0486486518641275E-002
   6.0556993844894019E-002
   6.0571654706644711E-002
   6.0583417175347654E-002
   6.0675204747801130E-002
   6.0683268335093625E-002
   6.0715874424801086E-002
   6.0799469460382442E-002
   6.0816603105672794E-002
   6.0862532809658317E-002
   6.0902294300392019E-002
   6.0933988716530114E-002
   6.1070783866144486E-002
   6.1109068525056813E-002
   6.1140917636957393E-002
   6.1210211993419632E-002
   6.1286808796273046E-002
   6.1311782347274912E-002
   6.1364972658908494E-002
   6.1395169440255144E-002
   6.1429673333733809E-002
   6.1482949331714616E-002
   6.1516175712392068E-002
   6.1612853062570784E-002
   6.1623704667006646E-002
   6.1687206966074354E-002
   6.1828806334620200E-002
   6.1855532792888378E-002
   6.1922817077549284E-002
   6.1967745566490894E-002
   6.1994593671786176E-002
   6.2076585720215779E-002
   6.2104480183291406E-002
   6.2135846452218292E-002
   6.2167443454916704E-002
   6.2221877315336217E-002
   6.2237496451424255E-002
   6.2325503420017261E-002
   6.2368470069162997E-002
   6.2416748406765109E-002
   6.2468511923920195E-002
   6.2559651995629656E-002
   6.2653143497446398E-002
   6.2803252615283578E-002
   6.2835272390448796E-002
   6.2868261829495273E-002
   6.2893375511202387E-002
   6.3031574934109949E-002
   6.3081314451736786E-002
   6.3156172068079566E-002
   6.3233803165195474E-002
   6.3284315886220299E-002
   6.3349716608532239E-002
   6.3449574509397616E-002
   6.3550967770543101E-002
   6.3605234382691847E-002
   6.3629078291410762E-002
   6.3664466693248961E-002
   6.3718312562300053E-002
   6.3874864893709235E-002
   6.3989188840361991E-002
   6.4050311508030061E-002
   6.4083676996819633E-002
   6.4126411926867508E-002
   6.4167113636830808E-002
   6.4300973648495768E-002
   6.4343779285810865E-002
   6.4382753164567388E-002
   6.4597448882686870E-002
   6.4730195412286501E-002
   6.4813102327505659E-002
   6.4846678736220964E-002
   6.4917761239996000E-002
   6.5076212215287352E-002
   6.5095514886831296E-002
   6.5190781070688347E-002
   6.5353736048660654E-002
   6.5432762003852465E-002
   6.5518013618821355E-002
   6.5632233324208256E-002
   6.5761517311969150E-002
   6.5836025101612322E-002
   6.5924309125572192E-002
   6.5949694960065947E-002
   6.6058515379770033E-002
   6.6144390586005727E-002
   6.6254173475741099E-002
   6.6347142277335416E-002
   6.6431465174549620E-002
   6.6600537872189364E-002
   6.6731847009747089E-002
   6.6863714819500653E-002
   6.6884397898893694E-002
   6.7000029162073482E-002
   6.7038733325494926E-002
   6.7267216693948056E-002
   6.7393055029875318E-002
   6.7479233224735924E-002
   6.7592469975653116E-002
   6.7708870228677526E-002
   6.7762091295786697E-002
   6.7892789896735126E-002
   6.8025120053287869E-002
   6.8207924230178282E-002
   6.8310335356971147E-002
   6.8441569482210085E-002
   6.8563035330146724E-002
   6.8747677379663877E-002
   6.8943379689377082E-002
   6.9067097571376954E-002
   6.9148475445844210E-002
   6.9279401037291161E-002
   6.9317551390360860E-002
   6.9665283503540176E-002
   6.9769913618162427E-002
   6.9942558948057787E-002
   7.0031300280612108E-002
   7.0337204855841939E-002
   7.0454540882186084E-002
   7.0755090019017669E-002
   7.0837954720786106E-002
   7.1049482015287671E-002
   7.1296644184308214E-002
   7.1469058587855155E-002
   7.1712284996535910E-002
   7.1818121611546867E-002
   7.2046029708793910E-002
   7.2068181246364674E-002
   7.2230535999644269E-002
   7.2407365594945997E-002
   7.2466194128809142E-002
   7.2560882759075421E-002
   7.3115891222912524E-002
   7.3281671372936910E-002
   7.3574269264506262E-002
   7.3714602493229267E-002
   7.3749783872913685E-002
   7.3817192211247662E-002
   7.3992278531975389E-002
   7.4199815619850965E-002
   7.4344166462860933E-002
   7.4788688789431138E-002
   7.4889451701332585E-002
   7.5016529745761923E-002
   7.5288869852594656E-002
   7.5748840145521107E-002
   7.5984368895279791E-002
   7.6205137673360734E-002
   7.6493259603645863E-002
   7.6777543266295156E-002
   7.7038631913088254E-002
   7.7146163826639372E-002
   7.7538882985671839E-002
   7.7710953232006177E-002
   7.8224754543075620E-002
   7.8401510214238315E-002
   7.8570726751484382E-002
   7.9075408087474069E-002
   7.9295421667471416E-002
   7.9671225296066253E-002
   8.0100671671636231E-002
   8.0292671588968523E-002
   8.0500540308378263E-002
   8.0907678035877201E-002
   8.1176462571513064E-002
   8.1411448701500730E-002
   8.2751604044484325E-002
   8.3220638549238779E-002
   8.4287229713973344E-002
   8.5210337554263521E-002
   8.5935218877172592E-002
   8.6328503706905244E-002
   8.6979195690873132E-002
   8.7747268805815209E-002
   8.8698852885329596E-002
   8.9167975307049785E-002
   9.0045179636628309E-002
   9.0704196102268139E-002
   9.2161294869714430E-002
   9.2975094221267554E-002
   9.3662847165186067E-002
   9.3879290482056524E-002
   9.9073437193705718E-002
   9.9750019530099765E-002
   9.9813841707794282E-002
  0.10032625721438322     
  0.10284506839263596     
  0.10366664792299490     
  0.10489679983968062     
  0.10583916049415390     
  0.10638658194744616     
  0.10752964181184722     
  0.10821676637964053     
  0.11038683292218106     
  0.11110163507986426     
  0.11120347850195586     
  0.11396926776409989     
  0.11432658053573512     
  0.11499090375159007     
  0.11564409903786564     
  0.11784100259147071     
  0.12049890732211398     
  0.12129281001367591     
  0.12130256365883939     
  0.12169653864750138     
  0.12325081710450254     
  0.12383944237966885     
  0.12714760986964646     
  0.12823415404394792     
  0.13010634267027762     
  0.13228819849940807     
  0.13252390497495128     
  0.13296965739186628     
  0.13323173873310712     
  0.13435877419805081     
  0.13482124458851752     
  0.13526460475001037     
  0.13742443860199050     
  0.13872340685757048     
  0.13876772660291259     
  0.13907632582333462     
  0.13931767182980806     
  0.13945436760868279     
  0.14091035769951030     
  0.14127727153609010     
  0.14230541358314988     
  0.14237625559155198     
  0.14306855498416737     
  0.14331068278765702     
  0.14452497962547595     
  0.14699020751142461     
  0.14710922216710090     
  0.14724629867395772     
  0.14753290335182226     
  0.14813873431864066     
  0.14866249946380253     
  0.15060369282303190     
  0.15071406001457668     
  0.15268753172792437     
  0.15299349007014462     
  0.15423964158258549     
  0.15507720186467849     
  0.15550134027183243     
  0.15672975885507626     
  0.15837325810327707     
  0.15928993944679384     
  0.15936524323341081     
  0.16038472188980568     
  0.16179788191390559     
  0.16211799152288350     
  0.16266703176450586     
  0.16444934635398409     
  0.16563942400871834     
  0.16680624503169278     
  0.16774011557683519     
  0.16808588876934644     
  0.16928474778515507     
  0.16967876185570493     
  0.17098244887842912     
  0.17170867232920903     
  0.17456028080872812     
  0.17567659743919098     
  0.17594957291298180     
  0.17612230840728335     
  0.17686508847730181     
  0.17738252981129893     
  0.17763779255827672     
  0.17830533508144319     
  0.17942002456932496     
  0.18016803317537824     
  0.18055212871798243     
  0.18098762595235018     
  0.18142222153911192     
  0.18637416224306816     
  0.18870985201683502     
  0.19068268258796817     
  0.19146539697023746     
  0.19372857999901502     
  0.19373672761136754     
  0.19374553175032058     
  0.19520466400908693     
  0.19725618670781797     
  0.19726127333024679     
  0.19859529002206983     
  0.20008246404813870     
  0.20021421543070994     
  0.20108557148364409     
  0.20250191136855003     
  0.20267083344127310     
  0.20484943718020160     
  0.20499748355961550     
  0.20561304405731060     
  0.20667916110700246     
  0.20769485305269636     
  0.20779802559833377     
  0.20825718843240454     
  0.20942761697110659     
  0.21170611675332318     
  0.21221115054335116     
  0.21300571453276407     
  0.21360842460175683     
  0.21363477583732329     
  0.21471728369672155     
  0.21513448035222771     
  0.21544623655530384     
  0.22103015815875129     
  0.22248744016936450     
  0.22258942136818080     
  0.22395211356014713     
  0.22521653067685177     
  0.22561646958455062     
  0.22752357994255362     
  0.22804572446457935     
  0.22976695120263962     
  0.23033141598442067     
  0.23150859446114327     
  0.23223156231235745     
  0.23366371226060278     
  0.23427492723334517     
  0.23485482725043050     
  0.23675119278180570     
  0.23834642939490427     
  0.23963046597343624     
  0.24742531402937235     
  0.24945239195598939     
  0.24994537752812573     
  0.25123047238307450     
  0.25202172458621319     
  0.25626331498280075     
  0.26189057372704233     
  0.26354947091618441     
  0.29256236710991834     
  0.70628109052470334     
  0.71001282454419912     
  0.71055208787112834     
  0.71075638494275117     
  0.71628814223643400     
  0.71714690255998836     
  0.71914543637802053     
  0.71945951369651617     
  0.71998594688377437     
  0.72675516974788446     
  0.72686716658235495     
  0.72905835084406023     
  0.72938893288807860     
  0.73275116650945471     
  0.73365036443506726     
  0.73404683104500834     
  0.73567840694393616     
  0.73944726587143528     
  0.73989519141957860     
  0.74027322223015246     
  0.74193578674807792     
  0.74280573050076681     
  0.74444679217217125     
  0.74521174969672843     
  0.74721928844235519     
  0.74942076993080653     
  0.75031865776340601     
  0.75082279839042121     
  0.75191586679316114     
  0.75345249802516590     
  0.75454155658706135     
  0.75493928136800625     
  0.75571064680143063     
  0.75755449263216290     
  0.76020274868757820     
  0.76253582494073124     
  0.76307205500181241     
  0.76348041103879027     
  0.76444203584179260     
  0.76475892680742974     
  0.76570052014035972     
  0.76737357831419517     
  0.76976797752240611     
  0.77098666396980842     
  0.77191055694008770     
  0.77327341960070362     
  0.77379287752245007     
  0.77485183891114828     
  0.77687276264019511     
  0.77784814804035252     
  0.77867465363096533     
  0.77994680187039822     
  0.78056829977025965     
  0.78328299299326587     
  0.78465944859843140     
  0.78496517643913577     
  0.78653383557327083     
  0.79009132545152672     
  0.79281540165983100     
  0.79329890343842013     
  0.79362848704727829     
  0.79487576748624889     
  0.79662559375393249     
  0.79823149238157109     
  0.79932713856541693     
  0.80079548743406614     
  0.80179611107853821     
  0.80475685344722669     
  0.80559476405430364     
  0.80694921434682854     
  0.80889235601332898     
  0.81000925281389891     
  0.81138923510298810     
  0.81386222976009048     
  0.81451566507454232     
  0.81661530208995770     
  0.81700035829195083     
  0.81901877954290614     
  0.81999472999609857     
  0.82176933192545010     
  0.82489314642682920     
  0.82652702145135082     
  0.82725840233771597     
  0.82916163086619055     
  0.83146021087456889     
  0.83230528720971841     
  0.83477430986944645     
  0.83530202549525823     
  0.83852697782185937     
  0.84058893060874396     
  0.84172538245018780     
  0.84228322599151018     
  0.84339361409210267     
  0.84749779009830328     
  0.85101008019875501     
  0.85238956277421962     
  0.85405729417849297     
  0.85546119532639608     
  0.85593074639022015     
  0.85932656409820152     
  0.86471507659254532     
  0.86542414915399257     
  0.86563643185344619     
  0.86678865652090942     
  0.86764580191426444     
  0.87123696208292278     
  0.87195168110036692     
  0.87597313559185541     
  0.87959122932385014     
  0.88038344682202663     
  0.88524763273380602     
  0.88860992874900668     
  0.89329713245560916     
  0.89784174300457986     
  0.89831467098362583     
  0.89984668641813292     
  0.90220819786973805     
  0.90323349002911724     
  0.90463506223536283     
  0.90516782626250125     
  0.90865989130437808     
  0.91018981805501609     
  0.91507593048569480     
  0.91658511381055485     
  0.91892174692702766     
  0.92063038617930260     
  0.92282531242681287     
  0.92355394579886052     
  0.92428352397194535     
  0.92490582120507780     
  0.92963295934343437     
  0.93138391036959978     
  0.93466278266382907     
  0.93757197234106082     
  0.93897033462821355     
  0.94009060766883801     
  0.94158492453298692     
  0.94361681623090365     
  0.94560356458580708     
  0.94589442837305782     
  0.95045353966763824     
  0.95124531320835237     
  0.95725332885500691     
  0.95937425917225527     
  0.96063850198710787     
  0.96152333019766956     
  0.96359065919638498     
  0.96431701282467663     
  0.96673583525189877     
  0.96678142273587031     
  0.96934781712989959     
  0.97166683518365715     
  0.97178744425242769     
  0.97262348904045071     
  0.97283815212932967     
  0.97823564125384399     
  0.97982260281635880     
  0.98510573223960651     
  0.98782714133934013     
  0.98790207876481861     
  0.98821842682442462     
  0.98944097597234371     
  0.98980882116235669     
  0.99026694632748991     
  0.99428192595222886     
  0.99474537058848689     
  0.99488280683593766     
  0.99520173857611582     
  0.99560453931834736     
  0.99933177744737001     
  0.99970804622987142     
   1.0006432523501372     
   1.0035454420627425     
   1.0043128338828713     
   1.0077744871375331     
   1.0080261135038433     
   1.0099439398268220     
   1.0169428351273739     
   1.0178927359563217     
   1.0203766699058008     
   1.0211583486914717     
   1.0236231513878020     
   1.0261838189240298     
   1.0361007650343150     
   1.0997561174284869     
   1.1148143000639288     
   1.1173286361138373     
   1.1272415285310577     
   1.1446984723839471     
   1.1474653113113100     
   1.1476679409459067     
   1.1635487129651492     
   1.1675973025717881     
   1.1686142364540606     
   1.1711433939452713     
   1.1725620232153422     
   1.1746819772785317     
   1.1790731085064625     
   1.1820626195650155     
   1.1894603515930637     
   1.1934501573874683     
   1.1972431856824934     
   1.2014110735082661     
   1.2041203603674495     
   1.2134677346030485     
   1.2138909414136443     
   1.2141604214159771     
   1.2161285938557680     
   1.2166945813437795     
   1.2202597320792627     
   1.2216566522327703     
   1.2232300085640604     
   1.2237834625588091     
   1.2259140800826609     
   1.2292252533369761     
   1.2326969208438714     
   1.2357247080967628     
   1.2363793976657194     
   1.2374433926961192     
   1.2389396650415958     
   1.2394694645076860     
   1.2492694818009664     
   1.2537827849083854     
   1.2592750498735312     
   1.2603913668989268     
   1.2640027126840876     
   1.2679029856411301     
   1.2757270173689914     
   1.2786447562994319     
   1.2893408123351888     
   1.2956025262626145     
   1.2969899692097568     
   1.2971426601052467     
   1.2984424730996988     
   1.2986338394166850     
   1.3037158985582740     
   1.3074181672440222     
   1.3087207547039461     
   1.3109229211377447     
   1.3113151307840107     
   1.3156850637982538     
   1.3186548623338894     
   1.3192523126072373     
   1.3218216834739904     
   1.3240607390336894     
   1.3277851823737508     
   1.3315607517380341     
   1.3333214770575266     
   1.3336111927197654     
   1.3345053733195835     
   1.3419161720041013     
   1.3457776363371614     
   1.3512822683652963     
   1.3532166453272418     
   1.3583638183684619     
   1.3633610129084777     
   1.3647765198178607     
   1.3654263304738865     
   1.3662000773520402     
   1.3685885412645753     
   1.3732780190398275     
   1.3767147927272829     
   1.3787912681110517     
   1.3823245672796682     
   1.3844959864214863     
   1.3854258284353504     
   1.3944922597296523     
   1.3974410391691179     
   1.4018568255959165     
   1.4025749758572286     
   1.4062519764189876     
   1.4065553473743886     
   1.4074246657905480     
   1.4103028030431171     
   1.4118983390500341     
   1.4119902721623787     
   1.4125296730019234     
   1.4150111444424411     
   1.4187054406204458     
   1.4194480271439132     
   1.4233331749652820     
   1.4241957983931592     
   1.4246559821899532     
   1.4248396914684955     
   1.4271734012221240     
   1.4345740236031277     
   1.4363163662838696     
   1.4368733002441252     
   1.4427295285619210     
   1.4432448891833940     
   1.4473438630891573     
   1.4486548497672396     
   1.4504239721673973     
   1.4528901242143211     
   1.4571812597148062     
   1.4627918987887458     
   1.4711750080423172     
   1.4712231957777331     
   1.4722567300458409     
   1.4848900338745674     
   1.4851607255405479     
   1.4866562700424859     
   1.4888125422459453     
   1.4927457130320032     
   1.4968306176749198     
   1.4973965291467750     
   1.4994026326498677     
   1.5076852332538906     
   1.5077883999700776     
   1.5095471519638493     
   1.5226659526095894     
   1.5278507749343049     
   1.5348806306965941     
   1.5353769928678671     
   1.5359615823329094     
   1.5364400827914637     
   1.5403559660040302     
   1.5411897080502555     
   1.5438366503352945     
   1.5465318131521260     
   1.5470363574822423     
   1.5505967427842502     
   1.5619490795778890     
   1.5650681220689240     
   1.5661424522673726     
   1.5693516378677153     
   1.5702306887722783     
   1.5730990293705578     
   1.5738023628552280     
   1.5758072323098498     
   1.5762779782937439     
   1.5763368472794432     
   1.5823612472363677     
   1.5826670136433083     
   1.5838231679156396     
   1.5923327239183189     
   1.5936713225458619     
   1.5939957676523064     
   1.5946513880964481     
   1.5948362301165122     
   1.6001073148146769     
   1.6017585017887477     
   1.6030765104303226     
   1.6057595210261717     
   1.6127575699721974     
   1.6178393618466382     
   1.6210542738949001     
   1.6319194525251053     
   1.6319232607180993     
   1.6333696670420625     
   1.6365746745513583     
   1.6467047374474120     
   1.6488537305495035     
   1.6516253193796024     
   1.6516932037269301     
   1.6559286487881419     
   1.6563666603368210     
   1.6573303481015818     
   1.6581351416778431     
   1.6591769252985666     
   1.6880381798350936     
   1.6896277444393486     
   1.7178303564611972     
   1.7248402182761597     
   1.7289626090388897     
   1.7357195322117962     
   1.7385257201833737     
   1.7428466158151832     
   1.7449679193907046     
   1.7471637295661693     
   1.7529650742031084     
   1.7571589347566825     
   1.7702310409412514     
   1.7759608120782144     
   1.7785936503773589     
   1.7801398091865892     
   1.7820188954164138     
   1.7964262312430654     
   1.7985011210032140     
   1.7991878007266822     
   1.8034721330898533     
   1.8112122224649700     
   1.8121415481722565     
   1.8136952041059322     
   1.8200287306235334     
   1.8236369548327489     
   1.8257142308247576     
   1.8259416015862662     
   1.8307910368530900     
   1.8315140387160496     
   1.8324520485472051     
   1.8332442791033807     
   1.8337609440125853     
   1.8342039662174554     
   1.8346414685282177     
   1.8375556061386162     
   1.8388154115120250     
   1.8416259229279563     
   1.8442059858887219     
   1.8472264840215242     
   1.8475340273901495     
   1.8486368517517988     
   1.8489879407117076     
   1.8551896675947954     
   1.8557476535161319     
   1.8591931062979139     
   1.8598128569793955     
   1.8641701322738533     
   1.8660179014219120     
   1.8662296677644512     
   1.8677945653963672     
   1.8682821724472536     
   1.8694588843283324     
   1.8730009138601720     
   1.8747505793057464     
   1.8777092751532356     
   1.8792744184499515     
   1.8794154576931892     
   1.8833314057920714     
   1.8868780433536234     
   1.8883878754321464     
   1.8924788431864856     
   1.8938282729824123     
   1.8947138667747263     
   1.8954513968969902     
   1.8956268488415009     
   1.8978660022578138     
   1.9009350738437618     
   1.9010611667323849     
   1.9035779967342368     
   1.9036824942511255     
   1.9058047949163452     
   1.9060150913921292     
   1.9066770574187393     
   1.9081334652088890     
   1.9084109245475938     
   1.9092163479594084     
   1.9110063694011419     
   1.9142224802113939     
   1.9149125996818759     
   1.9168430466960045     
   1.9191232480456812     
   1.9202652250336480     
   1.9206211338894277     
   1.9230390558072223     
   1.9256762361317616     
   1.9267992915257888     
   1.9280154312748869     
   1.9285894718380521     
   1.9308544191615040     
   1.9331616601942727     
   1.9343587610619191     
   1.9361654580757082     
   1.9386024297758622     
   1.9423041144963027     
   1.9426056998819514     
   1.9449302927644763     
   1.9481596968645054     
   1.9502130423569406     
   1.9513616426067677     
   1.9520433072065204     
   1.9523081478684343     
   1.9605083589644905     
   1.9613834785411153     
   1.9651318144347867     
   1.9653868965331338     
   1.9684066179697606     
   1.9694594968190200     
   1.9704188105719422     
   1.9719172854618947     
   1.9728200018082531     
   1.9735518624481720     
   1.9764734353620137     
   1.9773608699734675     
   1.9796968892925009     
   1.9802293175084074     
   1.9812303610684401     
   1.9829308413665008     
   1.9843704549321499     
   1.9849463662315103     
   1.9864728994547867     
   1.9872677324191743     
   1.9888998138189324     
   1.9906382109652567     
   1.9934687464115479     
   1.9942469490151116     
   1.9950135401351416     
   1.9960863541102760     
   1.9967707339626486     
   1.9971916625079520     
   2.0012164748257493     
   2.0025833713103327     
   2.0056932421711506     
   2.0075257007069500     
   2.0076874145903201     
   2.0078409314737629     
   2.0091759673669900     
   2.0102485774670846     
   2.0106945301795429     
   2.0131000605971408     
   2.0137782259290242     
   2.0140752439650753     
   2.0144672115246411     
   2.0146017883439042     
   2.0150940420574130     
   2.0163529745052911     
   2.0164128298723614     
   2.0172262799830660     
   2.0199952284405889     
   2.0216560400322279     
   2.0223176105556653     
   2.0244793261150393     
   2.0282519720478573     
   2.0294642581461009     
   2.0300216311018966     
   2.0311892458399980     
   2.0324916032196425     
   2.0325656869370672     
   2.0343863327384288     
   2.0346809894181659     
   2.0366451116250803     
   2.0382859289698794     
   2.0388294640552034     
   2.0412178657862414     
   2.0414778264875157     
   2.0430634522848012     
   2.0440452261528117     
   2.0455278572754683     
   2.0468655619858787     
   2.0494530395410160     
   2.1492304131238678     
   2.1504983549100403     
   2.1935393828416352     
   2.2037544973046153     
   2.2044305055401359     
   2.2092838132892587     
   2.2094314077883226     
   2.2099192770362603     
   2.2145842987703479     
   2.2159693670133813     
   2.2164039547423973     
   2.2170070445479566     
   2.2220735525594528     
   2.2238190016216284     
   2.2244462878883429     
   2.2247590035986877     
   2.2256452486349074     
   2.2278098120432559     
   2.2281685329557623     
   2.2367688718407650     
   2.2371330938759058     
   2.2380167700300793     
   2.2437234202372358     
   2.2442958668073647     
   2.2445005535481313     
   2.2461808087234925     
   2.2468034937437280     
   2.2485131284055782     
   2.2512347815097660     
   2.2532711270012777     
   2.2542646096379051     
   2.2586834446268971     
   2.2628736843742634     
   2.2660126251550241     
   2.2671540117440054     
   2.2775398213468878     
   2.2818935190199969     
   2.3206716745761127     
   2.3375570441413940     
   2.3462035482637522     
   2.3505975997827417     
   2.3518881188759249     
   2.3522959255901990     
   2.3526673534584477     
   2.3541899455410338     
   2.3545978512499013     
   2.3550511463192305     
   2.3560976582351358     
   2.3576691510388597     
   2.3589112075476626     
   2.3611150334948201     
   2.3625526247133308     
   2.3650240770924618     
   2.3663520345080036     
   2.3704403574655122     
   2.3717814223410483     
   2.3722947032072281     
   2.3724764956327782     
   2.3741825094178695     
   2.3751626321435078     
   2.3754355200742863     
   2.3790195325566081     
   2.3808172268111050     
   2.3810968053468082     
   2.3812894770448576     
   2.3874791949649055     
   2.3911153352317180     
   2.3929927166163023     
   2.3936776626619980     
   2.3948982172017881     
   2.3950875993171596     
   2.3962041134579701     
   2.3972864868410566     
   2.3988752423304343     
   2.4051533422980071     
   2.4062084237549279     
   2.4134441987270003     
   2.4150895040369278     
   2.4162647462523048     
   2.4168999490559862     
   2.4192787335717267     
   2.4196002004976789     
   2.4209550828168793     
   2.4228385886831405     
   2.4265874520390502     
   2.4267980097538109     
   2.4291084170251764     
   2.4302688109684660     
   2.4328562489950545     
   2.4347950723077338     
   2.4355440147311214     
   2.4369238090664371     
   2.4388048315652657     
   2.4411381155068903     
   2.4418129474305816     
   2.4423509281923503     
   2.4423955552219079     
   2.4438547754608031     
   2.4438759247875956     
   2.4443734516633602     
   2.4445016179090748     
   2.4448364645254532     
   2.4506139680948960     
   2.4518862288123922     
   2.4544919771290656     
   2.4550181128341237     
   2.4556437444194033     
   2.4563742638874628     
   2.4606457423479466     
   2.4655956548369105     
   2.4685640623734568     
   2.4685900854614315     
   2.4703288342634910     
   2.4708569247574705     
   2.4714815102491094     
   2.4722755345011569     
   2.4737264337883418     
   2.4742064483999160     
   2.4750526896224816     
   2.4755603262427992     
   2.4756980505230737     
   2.4779792168299521     
   2.4851688737759559     
   2.4858867232943154     
   2.4859058305469550     
   2.4898801362452629     
   2.4905802591823272     
   2.4920801557002035     
   2.4949976702393459     
   2.4961855032124465     
   2.4966421363616762     
   2.5049622083722647     
   2.5057171897920130     
   2.5073960605318373     
   2.5081114129731286     
   2.5093321139088585     
   2.5142037589397530     
   2.5153507087837812     
   2.5170667959548747     
   2.5172547558494824     
   2.5189676315564107     
   2.5204855625178784     
   2.5217830168122215     
   2.5236235274717167     
   2.5238520205325741     
   2.5251238823789617     
   2.5254235970617782     
   2.5262213685821706     
   2.5266234470774984     
   2.5270352472873570     
   2.5305251807305300     
   2.5342555781834610     
   2.5342670837633161     
   2.5343156339357642     
   2.5344054753662211     
   2.5353063910050251     
   2.5360069685361437     
   2.5375082810873679     
   2.5377793936715629     
   2.5385512186318104     
   2.5395726407620711     
   2.5425925024763139     
   2.5459170807634521     
   2.5475907827829221     
   2.5485575933522870     
   2.5491949666100298     
   2.5502393005400608     
   2.5514062917408067     
   2.5514299642536353     
   2.5520807209242711     
   2.5549939470046215     
   2.5550666286459287     
   2.5571224675380262     
   2.5575339667277790     
   2.5595687923352712     
   2.5599419420998077     
   2.5619469801160455     
   2.5622524928152508     
   2.5633105499121065     
   2.5642195244072008     
   2.5656879312628389     
   2.5763130044913720     
   2.5771416759477357     
   2.5845282635274156     
   2.5980291187716915     
   2.6004175154503697     
   2.6175249653185602     
   2.6217086375172123     
   2.6312361255573493     
   2.6318132350431447     
   2.6320727564572586     
   2.6336147410384481     
   2.6343292177973456     
   2.6344796319534449     
   2.6354620334413057     
   2.6414301084712655     
   2.6417914434218752     
   2.6428343229322220     
   2.6445447710777841     
   2.6448287522716001     
   2.6451530541515673     
   2.6484961908784226     
   2.6494650524674168     
   2.6498004241159054     
   2.6501342255762497     
   2.6527467618121334     
   2.6559307004224606     
   2.6559721945179029     
   2.6568422337962394     
   2.6586692000577989     
   2.6596969186856105     
   2.6604925591827042     
   2.6632667334481948     
   2.6639476230096815     
   2.6668277538327136     
   2.6673624593969052     
   2.6678428903107259     
   2.6690434127921643     
   2.6691500505703876     
   2.6718743534183074     
   2.6733113726500419     
   2.6745231588853611     
   2.6759919378466521     
   2.6803975154090138     
   2.6808393811580866     
   2.6816590811505128     
   2.6841987529606968     
   2.6843002463946979     
   2.6847218286988754     
   2.6855440990861768     
   2.6868320822275829     
   2.6872645503145298     
   2.6877786585371370     
   2.6883194850697762     
   2.6887775523907718     
   2.6891230496770948     
   2.6902079274447237     
   2.6904550314485443     
   2.6921047068346238     
   2.6922988332725835     
   2.6927943775195526     
   2.6939640131534994     
   2.6944914581318256     
   2.6953939756597127     
   2.6967447978980577     
   2.6974245942144677     
   2.6975780198338195     
   2.6976169336598503     
   2.6979693988616904     
   2.6982233072828965     
   2.6986998364335100     
   2.6991570870075736     
   2.6994034709129546     
   2.6999644369039837     
   2.7008729594690344     
   2.7014476988878009     
   2.7020381595957836     
   2.7021850091687001     
   2.7043142003502916     
   2.7057999861158888     
   2.7074428092446277     
   2.7077904914777844     
   2.7086631954020568     
   2.7093482523382355     
   2.7098270843331393     
   2.7099359265164980     
   2.7119789879950376     
   2.7143873902103759     
   2.7149021346825513     
   2.7155701285218328     
   2.7164538496821073     
   2.7176398520389276     
   2.7188429359026642     
   2.7201826437628074     
   2.7211735947860847     
   2.7218940001199186     
   2.7223606567830743     
   2.7265743673231233     
   2.7266689987742687     
   2.7275086050198096     
   2.7284016446338848     
   2.7288726850649199     
   2.7305252612547739     
   2.7309019637060548     
   2.7312899643461921     
   2.7314746188344969     
   2.7434599934145321     
   2.7451302895534750     
   2.7456268593115851     
   2.7466768937470887     
   2.7505361469300569     
   2.7567116048901825     
   2.7580284005938944     
   2.7605146562647231     
   2.7638324444382047     
   2.7665756104605537     
   2.7726616801719270     
   2.7748825917147824     
   2.7774870661314131     
   2.7779203144045130     
   2.7807860088235028     
   2.7820564372732002     
   2.7848187851880408     
   2.7855227418708859     
   2.7882623314513464     
   2.7908244017244064     
   2.7934202252050793     
   2.7935622607876973     
   2.7936542948601186     
   2.7938179662983025     
   2.7941664448923382     
   2.7948028553014099     
   2.7948069015866279     
   2.7950301846748844     
   2.7962281915361884     
   2.8047673539035278     
   2.8054320488285094     
   2.8082070454583232     
   2.8105544398565425     
   2.8120550297401121     
   2.8142899139398363     
   2.8143068026638707     
   2.8167199794982234     
   2.8172156370371657     
   2.8190913661846921     
   2.8197965378361540     
   2.8204250960929169     
   2.8204478160689015     
   2.8227058492614052     
   2.8235945747636029     
   2.8323158637774206     
   2.8330531903794407     
   2.8344743463784083     
   2.8351447901868747     
   2.8355000122071727     
   2.8363527484964681     
   2.8378520571888193     
   2.8407133365491610     
   2.8407660723121824     
   2.8437028080338345     
   2.8443642437022230     
   2.8443843649229090     
   2.8446848035279477     
   2.8451700765891434     
   2.8475077133299940     
   2.8479949302662737     
   2.8480228182006049     
   2.8495793875969984     
   2.8499910414582272     
   2.8502569054583398     
   2.8503113560717925     
   2.8515019782394364     
   2.8523421011061805     
   2.8523538982619097     
   2.8531161928486588     
   2.8534412803617233     
   2.8542618208953554     
   2.8553498063154668     
   2.8561574747311966     
   2.8567513801218736     
   2.8571355226223178     
   2.8577434481923873     
   2.8591123388212001     
   2.8596255410344189     
   2.8597831519936667     
   2.8602889971410419     
   2.8602971516931084     
   2.8613363581816289     
   2.8619340194310574     
   2.8634531248433794     
   2.8641484571599927     
   2.8643538918616072     
   2.8655671291834488     
   2.8665223773768846     
   2.8672360735895208     
   2.8681550765183483     
   2.8688581461598415     
   2.8695921392215769     
   2.8700028007914180     
   2.8709725191739688     
   2.8712094463147073     
   2.8715717809640968     
   2.8716512053714913     
   2.8718070871771570     
   2.8725445401115874     
   2.8728872746561067     
   2.8743275998407318     
   2.8747998093923028     
   2.8753992949100859     
   2.8760504796459849     
   2.8773014148506522     
   2.8777508755240930     
   2.8778472368943051     
   2.8792531130613108     
   2.8794623245821378     
   2.8803410575583492     
   2.8819584841640724     
   2.8820711671754862     
   2.8822252767645646     
   2.8830388275625998     
   2.8844939107307472     
   2.8846980765043986     
   2.8865126436374924     
   2.8868242735375111     
   2.8874816837168953     
   2.8875540611893444     
   2.8882898097606913     
   2.8895405533890477     
   2.8917228058654016     
   2.8923869099336734     
   2.8927013783297748     
   2.8939058114546508     
   2.8941213627377032     
   2.8946344745824146     
   2.8953868081692105     
   2.8958177181425278     
   2.8970699110673062     
   2.8972866025759014     
   2.8977595612332472     
   2.8981818938273158     
   2.8984642963704492     
   2.8987260459680328     
   2.8994672007817028     
   2.9003433700911101     
   2.9004700866557314     
   2.9016228559398645     
   2.9017293452758439     
   2.9031976922321059     
   2.9032892494366789     
   2.9036708580138675     
   2.9039226165502323     
   2.9052820076984900     
   2.9058540919154070     
   2.9070358295744807     
   2.9083845400156165     
   2.9084757061209725     
   2.9093013400813934     
   2.9096603625301434     
   2.9097438079931339     
   2.9097582678172982     
   2.9109224723865972     
   2.9134514709183019     
   2.9139535144876700     
   2.9143460282595086     
   2.9146231944301362     
   2.9147961720621747     
   2.9155469841564137     
   2.9161308335400697     
   2.9167271124210297     
   2.9177164527010158     
   2.9178453151525616     
   2.9182369419564349     
   2.9187487636813088     
   2.9189946704924279     
   2.9195146778972600     
   2.9197915102695458     
   2.9200350364319307     
   2.9215822163870162     
   2.9218614621354608     
   2.9220834312125499     
   2.9227193759316981     
   2.9227231198242052     
   2.9227531323559885     
   2.9235962275529181     
   2.9242938384455122     
   2.9245119057057027     
   2.9249027747343410     
   2.9256663420710503     
   2.9258206973764991     
   2.9269093674907678     
   2.9270489723580027     
   2.9276930622937400     
   2.9279620778929991     
   2.9283321356759724     
   2.9287516516683638     
   2.9290829512088932     
   2.9296136819701726     
   2.9303372599704036     
   2.9305841239324804     
   2.9310555800295344     
   2.9315841554168367     
   2.9316181054234618     
   2.9317387599796603     
   2.9324962587138446     
   2.9331203364289009     
   2.9336636175593127     
   2.9347360322436975     
   2.9358570159858099     
   2.9365680070036415     
   2.9368963924455542     
   2.9373238650659665     
   2.9380478602863693     
   2.9385579197973066     
   2.9387640154577506     
   2.9392877830176873     
   2.9402358516719764     
   2.9402690438218024     
   2.9412712033296602     
   2.9419609787949965     
   2.9430818369769347     
   2.9433850552788190     
   2.9436153954056041     
   2.9458945117794042     
   2.9463285841240476     
   2.9468191546230438     
   2.9472321984221392     
   2.9476641215794661     
   2.9485523258995707     
   2.9489213437868296     
   2.9491838472696874     
   2.9507509507096317     
   2.9509291194156919     
   2.9529736240631510     
   2.9541031493105288     
   2.9551261446676715     
   2.9584194826679768     
   2.9704167444708571     
   2.9717070373040140     
   2.9869671212216264     
   2.9870657349045766     
   2.9881573750442016     
   2.9891146165277562     
   2.9906718228628359     
   2.9909399639078980     
   2.9912184069110395     
   2.9927439133339657     
   2.9929405012230399     
   2.9931851757082577     
   2.9962785694508187     
   2.9974225532506003     
   2.9977312706072610     
   2.9985610240274081     
   2.9986993515978337     
   2.9991717794392474     
   2.9996136750042881     
   3.0002489192102670     
   3.0004499000314695     
   3.0005883443923222     
   3.0018155832828519     
   3.0019557176976011     
   3.0028968859365217     
   3.0029825785594770     
   3.0042416266184819     
   3.0128640023681230     
   3.0162554788015705     
   3.0181229111839394     
   3.0361888727700519     
   3.0391373888305631     
   3.0990778187520998     
   3.1154532841529670     
