    1  1.607449759E+003
    2  1.023743051E+003
    3  5.519963632E+002
    4  5.972722737E+002
    5  2.211600986E+003
    6  5.099078765E+002
    7  3.173634293E+002
    8  3.334053250E+002
    9  5.995840002E+002
   10  3.894798495E+002
   11  3.165900358E+002
   12  3.576880586E+002
   13  2.708621001E+002
   14  2.813004752E+002
   15  3.599428526E+002
   16  2.825340572E+002
   17  2.924629160E+002
   18  3.814333179E+002
   19  3.833009878E+002
   20  2.581691999E+002
   21  2.863138995E+002
   22  1.009347674E+003
   23  2.835146348E+002
   24  1.934244383E+002
   25  1.777991138E+002
   26  2.697601218E+002
   27  2.828981825E+002
   28  2.804555939E+002
   29  1.683503861E+002
   30  1.298541733E+002
   31  1.481781085E+002
   32  2.267631479E+002
   33  1.482414534E+002
   34  1.325380858E+002
   35  1.655162833E+002
   36  1.147566149E+002
   37  1.191753246E+002
   38  1.540363500E+002
   39  1.857955169E+002
   40  2.799982253E+002
   41  1.292429955E+002
   42  9.984702916E+001
   43  1.221698771E+002
   44  1.854808022E+002
   45  1.359836362E+002
   46  1.065500814E+002
   47  1.215458099E+002
   48  1.172523720E+002
   49  1.016025544E+002
   50  1.797814104E+002
   51  1.372883348E+002
   52  1.120458194E+002
   53  1.376380435E+002
   54  1.759820644E+002
   55  1.387880177E+002
   56  1.407472427E+002
   57  1.368906457E+002
   58  1.272766689E+002
   59  1.517189019E+002
   60  1.942928523E+002
   61  1.702670889E+002
   62  2.113305416E+002
   63  1.851532865E+002
   64  1.436084475E+002
   65  1.798988942E+002
   66  2.448557826E+002
   67  1.957706480E+002
   68  1.805916480E+002
   69  2.132681406E+002
   70  1.832849221E+002
   71  1.945811761E+002
   72  3.518654858E+002
   73  3.059011158E+002
   74  2.419755550E+002
   75  2.027478015E+002
   76  1.735873402E+002
   77  1.797418580E+002
   78  2.020540529E+002
   79  2.080749707E+002
   80  2.517380849E+002
   81  2.162852553E+002
   82  1.773985974E+002
   83  1.900625610E+002
   84  2.557253593E+002
   85  2.990826709E+002
   86  2.011383511E+002
   87  1.657443375E+002
   88  1.708674305E+002
   89  2.016895602E+002
   90  2.004641744E+002
   91  1.822722200E+002
   92  1.575279855E+002
   93  1.252654045E+002
   94  1.230475440E+002
   95  1.610654270E+002
   96  1.759115205E+002
   97  2.404497921E+002
   98  1.454535209E+002
   99  1.032990599E+002
  100  1.190557461E+002
  101  1.874307304E+002
  102  1.273191299E+002
  103  1.460452252E+002
  104  1.511561411E+002
  105  1.383670941E+002
  106  1.538958707E+002
  107  1.961177042E+002
  108  1.622257674E+002
  109  2.093700608E+002
  110  2.283223934E+002
  111  2.175814690E+002
  112  2.874980391E+002
  113  4.514667300E+002
  114  3.075749562E+002
  115  3.055520881E+002
  116  3.033868400E+002
  117  3.943348495E+002
  118  5.487197761E+002
  119  5.539485788E+002
  120  4.321296221E+002
  121  4.925695662E+002
  122  8.413666471E+002
  123  1.074153726E+003
  124  9.144453029E+002
  125  1.406371051E+003
  126  1.895177176E+003
  127  8.232072599E+002
  128  8.690453774E+002
  129  7.735860525E+002
  130  1.165514640E+003
  131  1.132032902E+003
  132  3.068043944E+003
  133  6.435731640E+002
  134  5.675180312E+002
  135  4.495008161E+002
  136  5.363452693E+002
  137  4.390346267E+002
  138  3.897623746E+002
  139  3.017592641E+002
  140  3.367889847E+002
  141  5.463964836E+002
  142  1.526278202E+003
  143  3.430645249E+002
  144  2.016320130E+002
  145  2.053715292E+002
  146  3.313084806E+002
  147  2.381599150E+002
  148  2.475315613E+002
  149  1.843495295E+002
  150  1.750293192E+002
  151  1.507681304E+002
  152  1.881394079E+002
  153  2.900746487E+002
  154  2.992150672E+002
  155  1.737547939E+002
  156  1.618901115E+002
  157  1.531844038E+002
  158  1.530933452E+002
  159  1.568979806E+002
  160  1.287321254E+002
  161  1.367844740E+002
  162  1.992793300E+002
  163  1.862403851E+002
  164  2.280053503E+002
  165  1.344138345E+002
  166  1.177815008E+002
  167  1.220534802E+002
  168  1.894942252E+002
  169  1.281822974E+002
  170  1.595292701E+002
  171  1.280223298E+002
  172  1.248813212E+002
  173  1.376001285E+002
  174  2.072691438E+002
  175  1.550761450E+002
  176  1.776379919E+002
  177  1.318861891E+002
  178  1.371290814E+002
  179  1.431014981E+002
  180  1.983720968E+002
  181  1.939266040E+002
  182  2.747816438E+002
  183  1.647397288E+002
  184  1.419364047E+002
  185  1.387694930E+002
  186  1.948619467E+002
  187  1.967806323E+002
  188  2.544251691E+002
  189  1.267931944E+002
  190  1.578752356E+002
  191  1.337264035E+002
  192  1.776791653E+002
  193  1.280253363E+002
  194  1.456040532E+002
  195  1.521883602E+002
  196  1.972570895E+002
  197  1.883743665E+002
  198  2.169101747E+002
  199  1.354393156E+002
  200  1.443906263E+002
  201  1.397540819E+002
  202  2.075868667E+002
  203  1.774313188E+002
  204  2.932273182E+002
  205  1.201708864E+002
  206  1.142453053E+002
  207  1.306171904E+002
  208  1.558817493E+002
  209  1.668146314E+002
  210  1.343066164E+002
  211  1.197595696E+002
  212  1.318580584E+002
  213  1.458023625E+002
  214  1.963270071E+002
  215  1.624922667E+002
  216  1.971724050E+002
  217  1.744936357E+002
  218  1.749993377E+002
  219  1.779827212E+002
  220  2.737965369E+002
  221  2.787873116E+002
  222  5.950436780E+002
  223  1.583445427E+002
  224  1.669101223E+002
  225  1.868432496E+002
  226  3.453139893E+002
  227  2.090978984E+002
  228  2.995109945E+002
  229  1.474468678E+002
  230  1.656240358E+002
  231  2.212101512E+002
  232  3.477034606E+002
  233  1.979625919E+002
  234  1.526389757E+002
  235  1.839791528E+002
  236  2.496623488E+002
  237  3.435498515E+002
  238  6.086224991E+002
  239  4.585721339E+002
  240  1.448745312E+003
  241  2.979989119E+002
  242  1.863481943E+002
  243  2.304690014E+002
  244  2.727694746E+002
  245  2.109214918E+002
  246  2.044034179E+002
  247  2.417236415E+002
  248  2.162871320E+002
  249  1.737485119E+002
  250  2.330045449E+002
  251  3.466387179E+002
  252  2.173831102E+002
  253  1.578264692E+002
  254  2.069733221E+002
  255  2.690231789E+002
  256  1.613757008E+002
  257  1.417065060E+002
  258  1.962214305E+002
  259  1.960876846E+002
  260  2.228054245E+002
  261  2.611355612E+002
  262  2.632651371E+002
  263  3.149250088E+002
  264  2.769664728E+002
  265  1.652735695E+002
  266  1.916947340E+002
  267  3.497041198E+002
  268  1.932554940E+002
  269  1.437732284E+002
  270  1.806437297E+002
  271  1.607389538E+002
  272  1.911398775E+002
  273  1.991041850E+002
  274  2.045479127E+002
  275  2.582443193E+002
  276  2.442430882E+002
  277  1.771377412E+002
  278  1.904244929E+002
  279  3.793224984E+002
  280  2.585089673E+002
  281  2.028599871E+002
  282  1.771958058E+002
  283  2.062310669E+002
  284  2.224712563E+002
  285  1.826564219E+002
  286  1.902966545E+002
  287  2.090074698E+002
  288  2.213083882E+002
  289  2.047691126E+002
  290  2.354988153E+002
  291  3.630522590E+002
  292  6.869540515E+002
  293  2.174044825E+002
  294  2.118320154E+002
  295  2.187126860E+002
  296  2.593611392E+002
  297  2.193565902E+002
  298  2.576205622E+002
  299  2.916240632E+002
  300  3.028822241E+002
  301  2.549505974E+002
  302  4.068067488E+002
  303  4.281851756E+002
  304  5.315937097E+002
  305  2.357903882E+002
  306  1.995458210E+002
  307  1.782725227E+002
  308  2.714077515E+002
  309  3.124288628E+002
  310  1.717199104E+002
  311  1.612064011E+002
  312  1.456259836E+002
  313  1.762796582E+002
  314  1.677185514E+002
  315  1.400968310E+002
  316  2.195690308E+002
  317  1.965657957E+002
  318  2.031362019E+002
  319  2.384555358E+002
  320  2.986432225E+002
  321  4.060101137E+002
  322  2.486340229E+002
  323  2.172793716E+002
  324  2.235437533E+002
  325  2.405033444E+002
  326  3.243602552E+002
  327  2.770280360E+002
  328  2.095175607E+002
  329  1.683402633E+002
  330  1.607389710E+002
  331  1.967489348E+002
  332  1.968393856E+002
  333  1.925795392E+002
  334  1.424037597E+002
  335  1.322952681E+002
  336  1.627465533E+002
  337  1.899291295E+002
  338  1.550928372E+002
  339  1.317418592E+002
  340  1.775431032E+002
  341  2.316827529E+002
  342  2.563106135E+002
  343  4.068444163E+002
  344  3.437116449E+002
  345  4.213312769E+002
  346  2.417949563E+002
  347  2.775009605E+002
  348  2.808453799E+002
  349  4.874621425E+002
  350  3.780888267E+002
  351  1.973228044E+002
  352  2.265844473E+002
  353  2.553855063E+002
  354  3.316533608E+002
  355  4.026802255E+002
  356  8.219382341E+002
  357  2.333952982E+002
  358  2.332917563E+002
  359  2.136724319E+002
  360  2.822154955E+002
  361  3.471693707E+002
  362  6.206654638E+002
  363  2.010235747E+002
  364  1.260106949E+002
  365  1.600116027E+002
  366  1.875595639E+002
  367  1.580325551E+002
  368  1.516189706E+002
  369  1.501370737E+002
  370  1.179848646E+002
  371  1.165124907E+002
  372  1.877500321E+002
  373  1.766611021E+002
  374  2.278856617E+002
  375  1.346953945E+002
  376  1.061771100E+002
  377  1.355125386E+002
  378  1.548135491E+002
  379  1.233832812E+002
  380  1.437005974E+002
  381  1.021456737E+002
  382  1.152889349E+002
  383  1.829504579E+002
  384  1.461115480E+002
  385  1.507191050E+002
  386  1.282671611E+002
  387  1.015998998E+002
  388  1.265331414E+002
  389  1.523305673E+002
  390  1.591624569E+002
  391  1.269139713E+002
  392  1.632345895E+002
  393  1.239943379E+002
  394  1.663187879E+002
  395  2.258999436E+002
  396  1.514130460E+002
  397  1.517685298E+002
  398  1.641284179E+002
  399  1.846275141E+002
  400  1.555774691E+002
  401  2.663164881E+002
  402  2.537938673E+002
  403  3.199098330E+002
  404  1.776750745E+002
  405  1.456943749E+002
  406  1.325325278E+002
  407  1.726607337E+002
  408  1.745042798E+002
  409  1.732042759E+002
  410  1.848277577E+002
  411  1.309678935E+002
  412  1.410650874E+002
  413  2.177396383E+002
  414  1.576766064E+002
  415  1.911503180E+002
  416  1.372181694E+002
  417  1.260922284E+002
  418  1.522236255E+002
  419  1.990704823E+002
  420  1.780455978E+002
  421  1.617555563E+002
  422  1.808469205E+002
  423  1.672316322E+002
  424  2.250195730E+002
  425  2.286109302E+002
  426  1.921780386E+002
  427  2.205415220E+002
  428  2.978279889E+002
  429  2.777721785E+002
  430  2.740278569E+002
  431  3.272518112E+002
  432  4.603078764E+002
  433  5.999181371E+002
  434  3.462709114E+002
  435  3.343884442E+002
  436  2.685584256E+002
  437  3.546597789E+002
  438  5.878735589E+002
  439  1.595340719E+003
  440  2.299808225E+002
  441  1.833086099E+002
  442  1.849519400E+002
  443  2.416535840E+002
  444  2.002527751E+002
  445  2.155255705E+002
  446  1.767416493E+002
  447  1.852373043E+002
  448  2.340866790E+002
  449  3.389874039E+002
  450  2.489267446E+002
  451  2.721500192E+002
  452  2.525941782E+002
  453  3.167018982E+002
  454  3.302458919E+002
  455  5.796294659E+002
  456  4.823440741E+002
  457  9.134145443E+002
  458  3.118555183E+002
  459  2.708271796E+002
  460  2.458020461E+002
  461  3.791221444E+002
  462  3.920128639E+002
  463  5.735888716E+002
  464  2.446163476E+002
  465  1.696581700E+002
  466  2.073100026E+002
  467  2.801477613E+002
  468  2.029303827E+002
  469  1.828801418E+002
  470  1.816558546E+002
  471  1.517826086E+002
  472  1.619891521E+002
  473  2.095257115E+002
  474  2.333951003E+002
  475  2.068893360E+002
  476  1.304728271E+002
  477  1.621356978E+002
  478  2.043406572E+002
  479  1.473367124E+002
  480  1.290677899E+002
  481  1.577713507E+002
  482  1.336201375E+002
  483  1.648973557E+002
  484  2.170639460E+002
  485  1.407407938E+002
  486  1.389072353E+002
  487  1.890478302E+002
  488  1.769607125E+002
  489  1.898422332E+002
  490  1.951079363E+002
  491  2.572621173E+002
  492  3.841917003E+002
  493  1.996970945E+002
  494  1.485176072E+002
  495  1.573742751E+002
  496  3.104828966E+002
  497  2.025471231E+002
  498  1.649481636E+002
  499  1.561131993E+002
  500  1.521476701E+002
  501  1.809060462E+002
  502  2.579319699E+002
  503  2.015110365E+002
  504  1.461097917E+002
  505  2.094639388E+002
  506  1.316046365E+002
  507  1.452847339E+002
  508  2.233322913E+002
  509  1.643578397E+002
  510  2.209146078E+002
  511  1.463919328E+002
  512  1.519084896E+002
  513  1.741952305E+002
  514  2.296912172E+002
  515  2.273550395E+002
  516  1.990181314E+002
  517  1.656014389E+002
  518  1.969793720E+002
  519  2.735649474E+002
  520  1.822737674E+002
  521  1.987701447E+002
  522  1.601089467E+002
  523  1.609680515E+002
  524  2.130867777E+002
  525  2.064980900E+002
  526  2.363195301E+002
  527  1.611495342E+002
  528  1.140898176E+002
  529  1.337669443E+002
  530  1.911487367E+002
  531  1.456221197E+002
  532  1.582430447E+002
  533  1.381335812E+002
  534  1.083045423E+002
  535  1.145281812E+002
  536  1.692537449E+002
  537  1.457430510E+002
  538  1.585210069E+002
  539  1.429517112E+002
  540  1.040232603E+002
  541  1.346118847E+002
  542  1.728836187E+002
  543  1.384983892E+002
  544  1.517311897E+002
  545  1.394059438E+002
  546  1.023215924E+002
  547  1.327217767E+002
  548  2.163640367E+002
  549  1.605522235E+002
  550  1.339858904E+002
  551  1.721167482E+002
  552  1.247145343E+002
  553  1.617151941E+002
  554  2.091985461E+002
  555  1.581070358E+002
  556  2.130429639E+002
  557  2.106979511E+002
  558  2.265866215E+002
  559  2.683532484E+002
  560  3.579157626E+002
  561  2.787231866E+002
  562  2.893107617E+002
  563  3.607782527E+002
  564  4.704253868E+002
  565  4.313414102E+002
  566  1.206749099E+003
  567  4.956682363E+002
  568  8.459374852E+002
  569  5.886336454E+002
  570  9.919525435E+002
  571  5.090220256E+002
  572  3.257983091E+002
  573  3.196484723E+002
  574  3.309762031E+002
  575  3.024912280E+002
  576  2.718696073E+002
  577  4.502006970E+002
  578  4.595989509E+002
  579  3.984484968E+002
  580  4.822358989E+002
  581  7.271966803E+002
  582  5.946932746E+002
  583  2.686363786E+002
  584  1.752637877E+002
  585  2.079975734E+002
  586  2.882553657E+002
  587  2.042197379E+002
  588  1.857675139E+002
  589  2.452339650E+002
  590  1.839037192E+002
  591  1.811438040E+002
  592  2.273378827E+002
  593  2.431404867E+002
  594  3.355600962E+002
  595  2.504676311E+002
  596  2.185749263E+002
  597  2.334221444E+002
  598  4.864631286E+002
  599  2.756024396E+002
  600  2.743966185E+002
  601  2.784567788E+002
  602  2.407599371E+002
  603  2.579493446E+002
  604  2.631592366E+002
  605  3.247071792E+002
  606  3.168398884E+002
  607  3.033703302E+002
  608  2.490375493E+002
  609  2.468312643E+002
  610  2.772049328E+002
  611  3.033410105E+002
  612  3.368064599E+002
  613  3.253320137E+002
  614  3.356016288E+002
  615  2.734375623E+002
  616  4.475786137E+002
  617  6.094916177E+002
  618  1.934714352E+003
  619  2.697177427E+002
  620  2.136179835E+002
  621  1.976304054E+002
  622  3.025651025E+002
  623  2.675948082E+002
  624  2.733230044E+002
  625  1.705867781E+002
  626  1.729735729E+002
  627  2.106776842E+002
  628  2.435281116E+002
  629  1.756226281E+002
  630  1.571386155E+002
  631  2.294476161E+002
  632  2.317485647E+002
  633  2.626171083E+002
  634  3.851161080E+002
  635  3.539628976E+002
  636  3.031962125E+002
  637  3.484231048E+002
  638  2.772892039E+002
  639  4.269614146E+002
  640  2.264474079E+002
  641  1.872088391E+002
  642  1.977783030E+002
  643  2.514495370E+002
  644  2.073811208E+002
  645  3.035096578E+002
  646  2.054366188E+002
  647  1.446682565E+002
  648  1.473822251E+002
  649  1.821839376E+002
  650  2.179946067E+002
  651  3.773617296E+002
  652  1.523397935E+002
  653  1.085944025E+002
  654  1.385819792E+002
  655  2.041051946E+002
  656  1.387495374E+002
  657  1.572648780E+002
  658  1.384891589E+002
  659  1.301074810E+002
  660  1.214127510E+002
  661  1.935456492E+002
  662  1.355356055E+002
  663  1.131459421E+002
  664  1.341387299E+002
  665  1.975526615E+002
  666  1.436466992E+002
  667  1.346473059E+002
  668  1.570738165E+002
  669  1.403974220E+002
  670  1.662969068E+002
  671  2.176625744E+002
  672  1.987139420E+002
  673  2.187249724E+002
  674  1.920271756E+002
  675  1.881725047E+002
  676  2.178364594E+002
  677  2.898789284E+002
  678  2.559033805E+002
  679  5.895799208E+002
  680  2.801795749E+002
  681  3.306303730E+002
  682  2.612398627E+002
  683  4.618688897E+002
  684  2.315670248E+002
  685  2.130431270E+002
  686  2.096016010E+002
  687  1.906680418E+002
  688  2.465413062E+002
  689  2.255959024E+002
  690  1.744179338E+002
  691  1.944935972E+002
  692  1.685876469E+002
  693  2.217814215E+002
  694  2.867159132E+002
  695  3.130899454E+002
  696  1.636369672E+002
  697  1.401917859E+002
  698  1.404621257E+002
  699  1.623039850E+002
  700  1.657328554E+002
  701  2.347671766E+002
  702  1.418924425E+002
  703  1.363075237E+002
  704  1.604077758E+002
  705  2.021653600E+002
  706  1.750691535E+002
  707  2.071454182E+002
  708  1.565917177E+002
  709  1.726874830E+002
  710  1.741089665E+002
  711  2.271957804E+002
  712  2.755174169E+002
  713  1.492130433E+002
  714  1.583441108E+002
  715  1.605283516E+002
  716  2.466883174E+002
  717  2.099492516E+002
  718  2.308812823E+002
  719  1.372567251E+002
  720  1.251878147E+002
  721  1.442377098E+002
  722  1.866090671E+002
  723  1.728455844E+002
  724  1.494170229E+002
  725  1.713451818E+002
  726  1.900437370E+002
  727  2.716299078E+002
  728  2.609275653E+002
  729  2.683918315E+002
  730  2.214340043E+002
  731  2.287477201E+002
  732  2.244397390E+002
  733  3.466728933E+002
  734  3.338487401E+002
  735  5.173767088E+002
  736  2.147893771E+002
  737  2.264259126E+002
  738  1.859384920E+002
  739  3.090478950E+002
  740  3.026839030E+002
  741  4.839973141E+002
  742  1.979998276E+002
  743  1.639195612E+002
  744  1.782636466E+002
  745  2.118961873E+002
  746  1.820603687E+002
  747  1.839092104E+002
  748  1.735432611E+002
  749  1.598596499E+002
  750  2.152619960E+002
  751  2.650467051E+002
  752  2.382820306E+002
  753  2.167741813E+002
  754  2.477899488E+002
  755  2.851073412E+002
  756  3.261783878E+002
  757  6.582263568E+002
  758  4.054934025E+002
  759  4.305435735E+002
  760  2.871350324E+002
  761  2.827300649E+002
  762  3.054253787E+002
  763  4.370349727E+002
  764  3.465299806E+002
  765  6.628212088E+002
  766  3.115488277E+002
  767  3.918674763E+002
  768  2.573066094E+002
  769  3.299204957E+002
  770  2.205476808E+002
  771  1.666522641E+002
  772  2.067323745E+002
  773  2.756657274E+002
  774  1.776309688E+002
  775  1.842885409E+002
  776  2.149451305E+002
  777  1.778997834E+002
  778  1.820139830E+002
  779  2.265456329E+002
  780  2.495092671E+002
  781  3.699173977E+002
  782  1.973029944E+002
  783  1.494210588E+002
  784  1.902504288E+002
  785  2.266695273E+002
  786  1.762786283E+002
  787  1.748457057E+002
  788  1.827191451E+002
  789  1.806283006E+002
  790  2.036945298E+002
  791  2.196453296E+002
  792  2.443246775E+002
  793  3.032648727E+002
  794  2.320075005E+002
  795  1.811757644E+002
  796  2.066422381E+002
  797  3.992208900E+002
  798  2.667348420E+002
  799  1.818407693E+002
  800  1.722660728E+002
  801  2.044653821E+002
  802  2.369732821E+002
  803  1.989549464E+002
  804  1.887316968E+002
  805  2.942947747E+002
  806  2.975582013E+002
  807  2.387496836E+002
  808  3.738824883E+002
  809  7.937249211E+002
  810  2.520722312E+002
  811  2.454784184E+002
  812  2.047415181E+002
  813  2.225985523E+002
  814  2.974546642E+002
  815  3.416347750E+002
  816  2.289598082E+002
  817  1.857144630E+002
  818  1.949351000E+002
  819  2.298196852E+002
  820  2.247546892E+002
  821  2.787882884E+002
  822  2.434588622E+002
  823  2.434347794E+002
  824  2.168489181E+002
  825  2.582876896E+002
  826  3.682452669E+002
  827  6.701356141E+002
  828  2.180321519E+002
  829  2.028720750E+002
  830  1.881212405E+002
  831  2.556258670E+002
  832  2.814668248E+002
  833  5.330764365E+002
  834  1.633050166E+002
  835  1.473714756E+002
  836  1.622166458E+002
  837  2.011942508E+002
  838  1.858841051E+002
  839  1.489829627E+002
  840  1.598857593E+002
  841  1.820702392E+002
  842  2.001149215E+002
  843  2.404621611E+002
  844  2.308111837E+002
  845  2.861278733E+002
  846  2.270134740E+002
  847  2.141376747E+002
  848  2.096008905E+002
  849  2.875339867E+002
  850  3.124503696E+002
  851  4.232468647E+002
  852  1.785787686E+002
  853  1.782536460E+002
  854  1.708208084E+002
  855  2.111101672E+002
  856  2.109129773E+002
  857  2.690722029E+002
  858  1.532378109E+002
  859  1.497753559E+002
  860  1.916644193E+002
  861  2.341790160E+002
  862  1.768430066E+002
  863  1.903743765E+002
  864  2.172439058E+002
  865  2.496959272E+002
  866  2.866158626E+002
  867  5.033827800E+002
  868  3.284365060E+002
  869  4.396860720E+002
  870  2.256777471E+002
  871  3.019388018E+002
  872  3.315737098E+002
  873  5.677909921E+002
  874  3.957430725E+002
  875  2.854390921E+002
  876  3.581981224E+002
  877  3.118838913E+002
  878  5.636148907E+002
  879  2.687329606E+002
  880  2.581454427E+002
  881  2.580503588E+002
  882  4.099406694E+002
  883  3.687976786E+002
  884  7.512062971E+002
  885  2.322488820E+002
  886  1.620599385E+002
  887  1.930671928E+002
  888  2.595831867E+002
  889  1.622333933E+002
  890  1.891731660E+002
  891  1.749218392E+002
  892  1.525245217E+002
  893  1.515085683E+002
  894  2.594483539E+002
  895  2.276560283E+002
  896  2.880949788E+002
  897  1.581568976E+002
  898  1.207588180E+002
  899  1.477559485E+002
  900  1.980784886E+002
  901  1.700257974E+002
  902  1.741454927E+002
  903  1.053780913E+002
  904  1.237020124E+002
  905  1.952456727E+002
  906  1.488887853E+002
  907  1.472666697E+002
  908  1.027342380E+002
  909  1.300820687E+002
  910  2.069786131E+002
  911  1.349821465E+002
  912  1.533248708E+002
  913  1.559681674E+002
  914  1.241255445E+002
  915  1.167329635E+002
  916  1.675699595E+002
  917  1.697870571E+002
  918  1.448519258E+002
  919  1.775717644E+002
  920  1.416264915E+002
  921  1.374313418E+002
  922  1.802479105E+002
  923  1.905905287E+002
  924  2.002066187E+002
  925  1.498598185E+002
  926  1.344426927E+002
  927  1.504703630E+002
  928  1.977618588E+002
  929  2.014559456E+002
  930  3.094922381E+002
  931  1.839776399E+002
  932  1.678103699E+002
  933  1.614558828E+002
  934  2.025459869E+002
  935  2.603016901E+002
  936  2.853913312E+002
  937  1.631311634E+002
  938  1.458901578E+002
  939  1.462720412E+002
  940  2.000048884E+002
  941  2.283611941E+002
  942  1.284978335E+002
  943  1.285756692E+002
  944  1.464875469E+002
  945  2.213932423E+002
  946  1.656117605E+002
  947  1.374988629E+002
  948  1.488025864E+002
  949  1.530388794E+002
  950  1.887484390E+002
  951  1.861079052E+002
  952  2.599956405E+002
  953  1.772737527E+002
  954  1.457884233E+002
  955  1.526943294E+002
  956  2.465804201E+002
  957  1.942940785E+002
  958  2.590254673E+002
  959  1.464385506E+002
  960  2.046292410E+002
  961  1.803323036E+002
  962  3.184676017E+002
  963  1.915564295E+002
  964  1.699277906E+002
  965  1.854552909E+002
  966  2.353160176E+002
  967  2.111636732E+002
  968  2.886611835E+002
  969  1.806079085E+002
  970  1.585524351E+002
  971  1.927331781E+002
  972  2.762440869E+002
  973  2.041912957E+002
  974  2.408040331E+002
  975  1.976334254E+002
  976  2.257328508E+002
  977  2.636387418E+002
  978  5.018733384E+002
  979  3.304622080E+002
  980  5.878349739E+002
  981  2.469829158E+002
  982  2.886629769E+002
  983  3.307172147E+002
  984  2.931917998E+002
  985  3.252472706E+002
  986  4.877896191E+002
  987  5.288823601E+002
  988  4.828154027E+002
  989  4.126891150E+002
  990  5.039895162E+002
  991  8.777731834E+002
  992  1.122674259E+003
  993  4.310987618E+002
  994  3.988947066E+002
  995  3.020081726E+002
  996  3.898265221E+002
  997  5.351282210E+002
  998  2.547303371E+002
  999  2.290980290E+002
 1000  2.316207467E+002
 1001  2.869320148E+002
 1002  2.841628831E+002
 1003  3.245812484E+002
 1004  3.394572590E+002
 1005  4.729746603E+002
 1006  6.259023445E+002
 1007  3.835033547E+002
 1008  3.412686438E+002
 1009  2.965074045E+002
 1010  3.405778247E+002
 1011  5.554974090E+002
 1012  2.450046127E+002
 1013  1.788874489E+002
 1014  1.877961821E+002
 1015  2.751638167E+002
 1016  1.889780668E+002
 1017  3.214888358E+002
 1018  1.978390089E+002
 1019  1.817265234E+002
 1020  2.205574582E+002
 1021  2.357354205E+002
 1022  2.701630904E+002
 1023  2.696205074E+002
 1024  1.645862408E+002
 1025  1.762032867E+002
 1026  2.816310970E+002
 1027  1.741267696E+002
 1028  1.700940900E+002
 1029  1.565716170E+002
 1030  1.479367652E+002
 1031  1.570280107E+002
 1032  1.880306121E+002
 1033  1.867027420E+002
 1034  2.179099300E+002
 1035  2.561566782E+002
 1036  2.233520669E+002
 1037  2.615467959E+002
 1038  2.902995664E+002
 1039  2.755031117E+002
 1040  2.552945785E+002
 1041  2.603712046E+002
 1042  4.390444965E+002
 1043  4.211721029E+002
 1044  2.830590449E+002
 1045  1.822735397E+002
 1046  2.016752721E+002
 1047  3.495947249E+002
 1048  2.055995746E+002
 1049  2.714186956E+002
 1050  1.939681229E+002
 1051  1.794016666E+002
 1052  2.017595508E+002
 1053  2.545707953E+002
 1054  2.275909127E+002
 1055  2.367535422E+002
 1056  2.813205960E+002
 1057  2.352267515E+002
 1058  2.428039421E+002
 1059  4.098875587E+002
 1060  3.298702581E+002
 1061  8.704400233E+002
 1062  2.946203196E+002
 1063  2.157658763E+002
 1064  2.210211602E+002
 1065  2.231390687E+002
 1066  2.622109188E+002
 1067  3.085446444E+002
 1068  2.768334311E+002
 1069  1.939597001E+002
 1070  1.970003270E+002
 1071  2.057362389E+002
 1072  4.022812187E+002
 1073  2.382613385E+002
 1074  2.669243233E+002
 1075  2.243617508E+002
 1076  3.237987218E+002
 1077  6.039757709E+002
 1078  2.082554763E+002
 1079  1.939176220E+002
 1080  1.853060434E+002
 1081  2.715571010E+002
 1082  2.541813202E+002
 1083  4.737363879E+002
 1084  1.740458172E+002
 1085  1.303687358E+002
 1086  1.466745795E+002
 1087  1.849252150E+002
 1088  1.591847103E+002
 1089  1.565163728E+002
 1090  1.630202145E+002
 1091  1.593332714E+002
 1092  1.524970914E+002
 1093  1.980193082E+002
 1094  1.614468720E+002
 1095  1.739515473E+002
 1096  1.624082231E+002
 1097  2.151528074E+002
 1098  2.838489620E+002
 1099  6.567806852E+002
 1100  1.598095790E+002
 1101  1.407097150E+002
 1102  1.230557621E+002
 1103  1.610074126E+002
 1104  1.178777836E+002
 1105  9.726197040E+001
 1106  1.305484794E+002
 1107  1.680900777E+002
 1108  1.448482371E+002
 1109  1.497079129E+002
 1110  1.339908357E+002
 1111  1.332169618E+002
 1112  1.079073381E+002
 1113  1.556586305E+002
 1114  1.240583222E+002
 1115  1.078245708E+002
 1116  1.291851035E+002
 1117  2.137389373E+002
 1118  1.626661252E+002
 1119  1.275745475E+002
 1120  1.325283994E+002
 1121  1.304114842E+002
 1122  1.270542213E+002
 1123  2.344227653E+002
 1124  1.720109655E+002
 1125  1.153884460E+002
 1126  1.326140787E+002
 1127  2.150829176E+002
 1128  1.283792581E+002
 1129  1.111374076E+002
 1130  1.798218392E+002
 1131  1.588939783E+002
 1132  1.689326243E+002
 1133  2.376569612E+002
 1134  2.254551673E+002
 1135  2.143562023E+002
 1136  2.569874023E+002
 1137  2.686300026E+002
 1138  2.704918535E+002
 1139  3.723329797E+002
 1140  4.770550581E+002
 1141  1.156157147E+003
 1142  3.210305688E+002
 1143  3.159629711E+002
 1144  3.377846478E+002
 1145  4.520171543E+002
 1146  4.859045391E+002
 1147  1.214000181E+003
 1148  2.835101808E+002
 1149  2.085222595E+002
 1150  2.283878160E+002
 1151  2.143952245E+002
 1152  2.300233711E+002
 1153  2.848721707E+002
 1154  2.902963812E+002
 1155  2.406159396E+002
 1156  2.215473715E+002
 1157  2.609768222E+002
 1158  4.255521862E+002
 1159  5.468540791E+002
 1160  2.717487777E+002
 1161  2.044101211E+002
 1162  1.711102640E+002
 1163  2.435774970E+002
 1164  3.665760281E+002
 1165  9.570144495E+002
 1166  1.729161190E+002
 1167  1.536438074E+002
 1168  1.526220278E+002
 1169  2.001282855E+002
 1170  1.980804373E+002
 1171  1.948695521E+002
 1172  1.440504462E+002
 1173  1.374132255E+002
 1174  1.578584361E+002
 1175  1.801795348E+002
 1176  1.628318499E+002
 1177  2.434619241E+002
 1178  1.612541417E+002
 1179  1.764116325E+002
 1180  1.733692540E+002
 1181  2.428899327E+002
 1182  3.543888033E+002
 1183  1.560330024E+002
 1184  1.552307914E+002
 1185  1.325455481E+002
 1186  1.937699295E+002
 1187  2.651577081E+002
 1188  1.312102550E+002
 1189  1.194417805E+002
 1190  1.380172682E+002
 1191  1.660044350E+002
 1192  1.526268706E+002
 1193  1.525261459E+002
 1194  1.270032049E+002
 1195  1.455043630E+002
 1196  1.677465389E+002
 1197  1.971044120E+002
 1198  1.877924524E+002
 1199  2.244405359E+002
 1200  2.066731483E+002
 1201  1.763182391E+002
 1202  1.647373930E+002
 1203  2.312192357E+002
 1204  3.464981899E+002
 1205  9.146059733E+002
 1206  1.369027777E+002
 1207  1.327045848E+002
 1208  1.360349652E+002
 1209  1.884487002E+002
 1210  1.805283574E+002
 1211  1.350629665E+002
 1212  1.385180661E+002
 1213  1.737169847E+002
 1214  2.273551940E+002
 1215  1.598594514E+002
 1216  1.929950958E+002
 1217  1.699703715E+002
 1218  2.017840241E+002
 1219  2.038545548E+002
 1220  3.019972362E+002
 1221  3.021173008E+002
 1222  3.040445963E+002
 1223  1.744433121E+002
 1224  1.837987175E+002
 1225  1.894339031E+002
 1226  2.452026916E+002
 1227  2.841921207E+002
 1228  3.503341560E+002
 1229  1.569178191E+002
 1230  1.663275408E+002
 1231  1.814295765E+002
 1232  2.416567055E+002
 1233  1.879464060E+002
 1234  2.126114352E+002
 1235  1.876760487E+002
 1236  1.900011803E+002
 1237  2.363389734E+002
 1238  2.803695726E+002
 1239  2.999547616E+002
 1240  3.536151286E+002
 1241  2.364486461E+002
 1242  3.371388695E+002
 1243  3.456769487E+002
 1244  5.605243612E+002
 1245  4.847017180E+002
 1246  9.226750624E+002
 1247  3.051537321E+002
 1248  3.033625842E+002
 1249  3.345993803E+002
 1250  5.681958191E+002
 1251  3.755350977E+002
 1252  2.581853131E+002
 1253  2.805516161E+002
 1254  3.192012361E+002
 1255  2.701469197E+002
 1256  3.089906734E+002
 1257  2.072916087E+002
 1258  2.116332006E+002
 1259  2.163945598E+002
 1260  2.683260149E+002
 1261  2.770950970E+002
 1262  3.426022016E+002
 1263  2.428830605E+002
 1264  2.110118235E+002
 1265  2.190037618E+002
 1266  2.713153790E+002
 1267  2.944418117E+002
 1268  2.516767075E+002
 1269  2.435328946E+002
 1270  2.588571939E+002
 1271  2.491179906E+002
 1272  3.261511383E+002
 1273  3.954905565E+002
 1274  6.048866712E+002
 1275  2.373241048E+002
 1276  2.561278548E+002
 1277  2.451903390E+002
 1278  3.351646553E+002
 1279  4.435348867E+002
 1280  2.104755169E+002
 1281  2.107248418E+002
 1282  2.155700826E+002
 1283  2.825809208E+002
 1284  2.399886674E+002
 1285  3.659777529E+002
 1286  1.945632329E+002
 1287  2.007810718E+002
 1288  2.211994593E+002
 1289  2.654495568E+002
 1290  2.960361641E+002
 1291  2.334738330E+002
 1292  2.584379818E+002
 1293  2.722757288E+002
 1294  3.523742128E+002
 1295  4.526856899E+002
 1296  2.013094770E+003
 1297  2.831615783E+002
 1298  3.160331973E+002
 1299  3.373457313E+002
 1300  6.354398971E+002
 1301  4.805590822E+002
 1302  1.357134698E+003
 1303  2.569668656E+002
 1304  2.388320787E+002
 1305  3.098898459E+002
 1306  4.646053108E+002
 1307  2.608242527E+002
 1308  2.632144379E+002
 1309  3.020101249E+002
 1310  2.468620648E+002
 1311  3.004841616E+002
 1312  3.615440259E+002
 1313  2.491694261E+002
 1314  1.920466647E+002
 1315  4.318879459E+002
 1316  4.364188230E+002
 1317  6.258468595E+002
 1318  1.158800190E+003
 1319  7.360732801E+002
 1320  7.790323289E+002
 1321  6.116557111E+002
 1322  4.189176180E+002
 1323  4.474542151E+002
 1324  3.847071664E+002
 1325  4.842350342E+002
 1326  4.568553094E+002
 1327  6.444785554E+002
 1328  4.499549750E+002
 1329  3.700040563E+002
 1330  4.477636395E+002
 1331  6.466944617E+002
 1332  4.965972778E+002
 1333  3.544158554E+002
 1334  2.270491365E+002
 1335  2.212435590E+002
 1336  2.753902103E+002
 1337  2.323526813E+002
 1338  1.920070113E+002
 1339  2.407186298E+002
 1340  2.044087710E+002
 1341  2.270549355E+002
 1342  2.551492545E+002
 1343  3.074054975E+002
 1344  4.152907648E+002
 1345  2.966600181E+002
 1346  3.711597359E+002
 1347  4.441282906E+002
 1348  6.170345545E+002
 1349  6.895938262E+002
 1350  7.697473119E+002
 1351  7.934153546E+002
 1352  1.071528522E+003
 1353  1.328163280E+003
 1354  3.349514926E+003
