   1  233.75   53.66  1045.82  1.1896E-001  5.3225E-001
   2  133.61   53.06   597.77  1.1896E-001  5.3225E-001
   3   77.73   53.22   347.79  1.1896E-001  5.3225E-001
   4   76.03   55.56   340.19  1.1896E-001  5.3225E-001
   5  264.51   50.98  1183.45  1.1896E-001  5.3225E-001
   6   64.62   51.61   289.13  1.1896E-001  5.3225E-001
   7   35.61   49.38   159.31  1.1896E-001  5.3225E-001
   8   40.85   49.23   182.78  1.1896E-001  5.3225E-001
   9   71.21   51.91   318.59  1.1896E-001  5.3225E-001
  10   38.41   45.80   171.85  1.1896E-001  5.3225E-001
  11   25.34   43.26   113.37  1.1896E-001  5.3225E-001
  12   41.46   46.73   185.51  1.1896E-001  5.3225E-001
  13   30.03   45.78   134.36  1.1896E-001  5.3225E-001
  14   32.20   46.63   144.06  1.1896E-001  5.3225E-001
  15   40.40   47.34   180.76  1.1896E-001  5.3225E-001
  16   28.21   46.99   126.22  1.1896E-001  5.3225E-001
  17   32.50   44.56   145.40  1.1896E-001  5.3225E-001
  18   44.58   46.47   199.45  1.1896E-001  5.3225E-001
  19   45.83   46.45   205.05  1.1896E-001  5.3225E-001
  20   30.04   45.04   134.42  1.1896E-001  5.3225E-001
  21   32.35   45.78   144.73  1.1896E-001  5.3225E-001
  22  118.52   46.63   530.29  1.1896E-001  5.3225E-001
  23   32.82   42.61   146.85  1.1896E-001  5.3225E-001
  24   22.24   40.11    99.51  1.1896E-001  5.3225E-001
  25   20.16   35.37    90.20  1.1896E-001  5.3225E-001
  26   31.30   35.94   140.02  1.1896E-001  5.3225E-001
  27   32.94   43.37   147.38  1.1896E-001  5.3225E-001
  28   31.45   46.50   140.72  1.1896E-001  5.3225E-001
  29   19.38   32.53    86.71  1.1896E-001  5.3225E-001
  30   14.87   29.27    66.53  1.1896E-001  5.3225E-001
  31   17.29   28.08    77.35  1.1896E-001  5.3225E-001
  32   26.44   24.45   118.28  1.1896E-001  5.3225E-001
  33   16.94   30.89    75.78  1.1896E-001  5.3225E-001
  34   14.11   29.59    63.12  1.1896E-001  5.3225E-001
  35   19.09   23.76    85.42  1.1896E-001  5.3225E-001
  36   13.06   22.99    58.42  1.1896E-001  5.3225E-001
  37   13.84   20.20    61.92  1.1896E-001  5.3225E-001
  38   17.92   21.62    80.19  1.1896E-001  5.3225E-001
  39   21.08   26.36    94.33  1.1896E-001  5.3225E-001
  40   31.10   53.98   139.16  1.1896E-001  5.3225E-001
  41   15.16   20.96    67.81  1.1896E-001  5.3225E-001
  42   11.54   22.87    51.61  1.1896E-001  5.3225E-001
  43   14.00   22.26    62.63  1.1896E-001  5.3225E-001
  44   21.04   23.20    94.14  1.1896E-001  5.3225E-001
  45   15.89   22.87    71.09  1.1896E-001  5.3225E-001
  46   12.37   21.09    55.32  1.1896E-001  5.3225E-001
  47   13.88   19.88    62.09  1.1896E-001  5.3225E-001
  48   13.07   19.68    58.49  1.1896E-001  5.3225E-001
  49   11.55   22.33    51.67  1.1896E-001  5.3225E-001
  50   19.83   21.18    88.73  1.1896E-001  5.3225E-001
  51   15.25   22.30    68.23  1.1896E-001  5.3225E-001
  52   12.71   24.40    56.86  1.1896E-001  5.3225E-001
  53   16.39   25.03    73.34  1.1896E-001  5.3225E-001
  54   19.66   27.09    87.97  1.1896E-001  5.3225E-001
  55   16.07   21.31    71.92  1.1896E-001  5.3225E-001
  56   14.00   21.66    62.65  1.1896E-001  5.3225E-001
  57   13.04   25.18    58.34  1.1896E-001  5.3225E-001
  58   13.68   24.50    61.22  1.1896E-001  5.3225E-001
  59   17.86   24.99    79.91  1.1896E-001  5.3225E-001
  60   22.44   24.16   100.38  1.1896E-001  5.3225E-001
  61   17.95   26.75    80.29  1.1896E-001  5.3225E-001
  62   21.13   36.09    94.53  1.1896E-001  5.3225E-001
  63   20.72   27.78    92.73  1.1896E-001  5.3225E-001
  64   15.41   27.66    68.93  1.1896E-001  5.3225E-001
  65   19.55   25.82    87.45  1.1896E-001  5.3225E-001
  66   26.97   25.56   120.65  1.1896E-001  5.3225E-001
  67   21.47   29.46    96.04  1.1896E-001  5.3225E-001
  68   19.95   29.48    89.24  1.1896E-001  5.3225E-001
  69   22.29   25.10    99.72  1.1896E-001  5.3225E-001
  70   18.51   26.54    82.84  1.1896E-001  5.3225E-001
  71   20.74   29.29    92.78  1.1896E-001  5.3225E-001
  72   36.35   30.00   162.65  1.1896E-001  5.3225E-001
  73   31.19   27.43   139.53  1.1896E-001  5.3225E-001
  74   26.05   29.09   116.53  1.1896E-001  5.3225E-001
  75   22.24   31.38    99.50  1.1896E-001  5.3225E-001
  76   19.92   32.43    89.10  1.1896E-001  5.3225E-001
  77   19.60   30.15    87.67  1.1896E-001  5.3225E-001
  78   23.22   27.41   103.89  1.1896E-001  5.3225E-001
  79   23.23   38.74   103.94  1.1896E-001  5.3225E-001
  80   23.78   57.79   106.38  1.1896E-001  5.3225E-001
  81   23.08   27.28   103.24  1.1896E-001  5.3225E-001
  82   19.75   28.02    88.35  1.1896E-001  5.3225E-001
  83   20.77   27.58    92.91  1.1896E-001  5.3225E-001
  84   28.55   29.46   127.75  1.1896E-001  5.3225E-001
  85   32.58   29.77   145.77  1.1896E-001  5.3225E-001
  86   22.89   28.98   102.42  1.1896E-001  5.3225E-001
  87   18.93   27.18    84.69  1.1896E-001  5.3225E-001
  88   20.09   24.48    89.87  1.1896E-001  5.3225E-001
  89   23.93   23.71   107.08  1.1896E-001  5.3225E-001
  90   24.13   28.19   107.96  1.1896E-001  5.3225E-001
  91   22.35   26.18   100.00  1.1896E-001  5.3225E-001
  92   18.37   22.73    82.20  1.1896E-001  5.3225E-001
  93   14.23   23.93    63.68  1.1896E-001  5.3225E-001
  94   14.45   24.39    64.66  1.1896E-001  5.3225E-001
  95   18.85   22.15    84.32  1.1896E-001  5.3225E-001
  96   20.35   23.16    91.03  1.1896E-001  5.3225E-001
  97   27.64   26.38   123.65  1.1896E-001  5.3225E-001
  98   16.80   24.94    75.17  1.1896E-001  5.3225E-001
  99   11.70   24.18    52.33  1.1896E-001  5.3225E-001
 100   13.36   22.29    59.80  1.1896E-001  5.3225E-001
 101   20.18   23.79    90.30  1.1896E-001  5.3225E-001
 102   14.30   24.21    63.99  1.1896E-001  5.3225E-001
 103   16.47   23.83    73.67  1.1896E-001  5.3225E-001
 104   17.09   24.29    76.48  1.1896E-001  5.3225E-001
 105   15.21   28.24    68.06  1.1896E-001  5.3225E-001
 106   17.48   28.39    78.22  1.1896E-001  5.3225E-001
 107   22.55   32.39   100.89  1.1896E-001  5.3225E-001
 108   18.69   26.55    83.64  1.1896E-001  5.3225E-001
 109   24.16   43.12   108.08  1.1896E-001  5.3225E-001
 110   22.13   29.46    98.99  1.1896E-001  5.3225E-001
 111   22.90   30.56   102.48  1.1896E-001  5.3225E-001
 112   32.19   29.98   144.00  1.1896E-001  5.3225E-001
 113   47.81   28.18   213.90  1.1896E-001  5.3225E-001
 114   32.33   34.46   144.66  1.1896E-001  5.3225E-001
 115   39.25   46.24   175.60  1.1896E-001  5.3225E-001
 116   34.03   30.02   152.26  1.1896E-001  5.3225E-001
 117   44.41   33.49   198.68  1.1896E-001  5.3225E-001
 118   61.66   34.06   275.89  1.1896E-001  5.3225E-001
 119   61.40   32.45   274.73  1.1896E-001  5.3225E-001
 120   50.40   32.36   225.50  1.1896E-001  5.3225E-001
 121   58.22   34.87   260.47  1.1896E-001  5.3225E-001
 122   97.17   33.73   434.76  1.1896E-001  5.3225E-001
 123  120.67   34.60   539.88  1.1896E-001  5.3225E-001
 124  105.25   36.66   470.88  1.1896E-001  5.3225E-001
 125  160.44   39.74   717.83  1.1896E-001  5.3225E-001
 126  217.23   33.09   971.91  1.1896E-001  5.3225E-001
 127   95.54   37.50   427.45  1.1896E-001  5.3225E-001
 128  102.82   39.55   460.04  1.1896E-001  5.3225E-001
 129   90.86   37.92   406.53  1.1896E-001  5.3225E-001
 130  140.95   39.91   630.64  1.1896E-001  5.3225E-001
 131  139.60   44.15   624.57  1.1896E-001  5.3225E-001
 132  360.59   64.87  1613.31  1.1896E-001  5.3225E-001
 133   74.19   35.86   331.96  1.1896E-001  5.3225E-001
 134   66.17   34.95   296.04  1.1896E-001  5.3225E-001
 135   53.14   34.55   237.76  1.1896E-001  5.3225E-001
 136   64.78   34.78   289.81  1.1896E-001  5.3225E-001
 137   51.93   32.10   232.35  1.1896E-001  5.3225E-001
 138   46.62   31.38   208.56  1.1896E-001  5.3225E-001
 139   36.25   29.23   162.17  1.1896E-001  5.3225E-001
 140   38.68   29.37   173.06  1.1896E-001  5.3225E-001
 141   65.63   38.44   293.63  1.1896E-001  5.3225E-001
 142  183.31   59.78   820.14  1.1896E-001  5.3225E-001
 143   39.42   26.77   176.35  1.1896E-001  5.3225E-001
 144   24.11   25.24   107.85  1.1896E-001  5.3225E-001
 145   24.84   24.05   111.13  1.1896E-001  5.3225E-001
 146   42.60   23.24   190.61  1.1896E-001  5.3225E-001
 147   29.70   25.15   132.89  1.1896E-001  5.3225E-001
 148   31.35   27.53   140.24  1.1896E-001  5.3225E-001
 149   21.66   21.75    96.93  1.1896E-001  5.3225E-001
 150   20.43   22.54    91.40  1.1896E-001  5.3225E-001
 151   17.59   24.64    78.71  1.1896E-001  5.3225E-001
 152   22.02   24.41    98.53  1.1896E-001  5.3225E-001
 153   34.41   23.21   153.95  1.1896E-001  5.3225E-001
 154   34.55   28.06   154.56  1.1896E-001  5.3225E-001
 155   20.85   24.72    93.27  1.1896E-001  5.3225E-001
 156   18.82   23.44    84.19  1.1896E-001  5.3225E-001
 157   18.11   21.98    81.03  1.1896E-001  5.3225E-001
 158   17.89   23.10    80.02  1.1896E-001  5.3225E-001
 159   18.37   22.24    82.21  1.1896E-001  5.3225E-001
 160   15.13   23.61    67.69  1.1896E-001  5.3225E-001
 161   16.11   21.23    72.07  1.1896E-001  5.3225E-001
 162   23.14   21.92   103.51  1.1896E-001  5.3225E-001
 163   22.89   24.27   102.40  1.1896E-001  5.3225E-001
 164   26.35   24.27   117.88  1.1896E-001  5.3225E-001
 165   16.23   18.81    72.60  1.1896E-001  5.3225E-001
 166   14.30   19.33    63.96  1.1896E-001  5.3225E-001
 167   14.87   18.92    66.53  1.1896E-001  5.3225E-001
 168   23.79   18.08   106.44  1.1896E-001  5.3225E-001
 169   14.95   20.25    66.89  1.1896E-001  5.3225E-001
 170   18.70   25.50    83.67  1.1896E-001  5.3225E-001
 171   15.43   21.22    69.01  1.1896E-001  5.3225E-001
 172   14.77   23.29    66.06  1.1896E-001  5.3225E-001
 173   16.64   23.07    74.47  1.1896E-001  5.3225E-001
 174   24.88   22.53   111.29  1.1896E-001  5.3225E-001
 175   18.44   22.95    82.50  1.1896E-001  5.3225E-001
 176   20.64   22.65    92.32  1.1896E-001  5.3225E-001
 177   15.37   22.79    68.76  1.1896E-001  5.3225E-001
 178   16.03   23.95    71.74  1.1896E-001  5.3225E-001
 179   16.83   24.22    75.29  1.1896E-001  5.3225E-001
 180   24.12   25.49   107.90  1.1896E-001  5.3225E-001
 181   23.43   23.66   104.83  1.1896E-001  5.3225E-001
 182   31.46   26.30   140.75  1.1896E-001  5.3225E-001
 183   19.55   23.55    87.48  1.1896E-001  5.3225E-001
 184   16.77   24.21    75.03  1.1896E-001  5.3225E-001
 185   16.48   23.80    73.72  1.1896E-001  5.3225E-001
 186   23.52   24.95   105.21  1.1896E-001  5.3225E-001
 187   26.67   21.18   119.30  1.1896E-001  5.3225E-001
 188   29.94   25.46   133.95  1.1896E-001  5.3225E-001
 189   15.51   25.04    69.41  1.1896E-001  5.3225E-001
 190   19.03   22.57    85.12  1.1896E-001  5.3225E-001
 191   15.83   22.51    70.80  1.1896E-001  5.3225E-001
 192   20.51   23.63    91.75  1.1896E-001  5.3225E-001
 193   15.25   21.42    68.24  1.1896E-001  5.3225E-001
 194   17.18   23.24    76.86  1.1896E-001  5.3225E-001
 195   18.32   23.83    81.96  1.1896E-001  5.3225E-001
 196   23.24   27.57   103.98  1.1896E-001  5.3225E-001
 197   22.23   27.69    99.45  1.1896E-001  5.3225E-001
 198   25.29   32.98   113.14  1.1896E-001  5.3225E-001
 199   16.07   24.43    71.90  1.1896E-001  5.3225E-001
 200   16.76   26.49    74.98  1.1896E-001  5.3225E-001
 201   16.55   26.24    74.05  1.1896E-001  5.3225E-001
 202   24.49   25.04   109.56  1.1896E-001  5.3225E-001
 203   20.45   27.33    91.49  1.1896E-001  5.3225E-001
 204   33.51   40.35   149.92  1.1896E-001  5.3225E-001
 205   14.06   25.89    62.92  1.1896E-001  5.3225E-001
 206   13.57   25.46    60.69  1.1896E-001  5.3225E-001
 207   15.33   26.94    68.58  1.1896E-001  5.3225E-001
 208   18.12   28.87    81.08  1.1896E-001  5.3225E-001
 209   19.84   22.39    88.78  1.1896E-001  5.3225E-001
 210   19.21   23.70    85.95  1.1896E-001  5.3225E-001
 211   14.10   27.09    63.08  1.1896E-001  5.3225E-001
 212   15.43   27.94    69.05  1.1896E-001  5.3225E-001
 213   17.04   29.04    76.26  1.1896E-001  5.3225E-001
 214   22.90   28.15   102.46  1.1896E-001  5.3225E-001
 215   18.96   24.84    84.84  1.1896E-001  5.3225E-001
 216   23.29   29.17   104.20  1.1896E-001  5.3225E-001
 217   20.42   31.00    91.35  1.1896E-001  5.3225E-001
 218   20.47   32.46    91.58  1.1896E-001  5.3225E-001
 219   20.78   30.54    92.95  1.1896E-001  5.3225E-001
 220   31.57   32.08   141.23  1.1896E-001  5.3225E-001
 221   32.99   34.80   147.59  1.1896E-001  5.3225E-001
 222   69.81   54.44   312.32  1.1896E-001  5.3225E-001
 223   18.43   30.78    82.47  1.1896E-001  5.3225E-001
 224   19.46   32.21    87.07  1.1896E-001  5.3225E-001
 225   21.83   34.71    97.68  1.1896E-001  5.3225E-001
 226   40.61   36.23   181.68  1.1896E-001  5.3225E-001
 227   25.30   32.40   113.18  1.1896E-001  5.3225E-001
 228   42.00   44.56   187.92  1.1896E-001  5.3225E-001
 229   17.13   32.89    76.66  1.1896E-001  5.3225E-001
 230   19.15   30.91    85.67  1.1896E-001  5.3225E-001
 231   25.60   32.59   114.53  1.1896E-001  5.3225E-001
 232   40.15   34.20   179.64  1.1896E-001  5.3225E-001
 233   22.66   29.39   101.38  1.1896E-001  5.3225E-001
 234   18.00   32.27    80.52  1.1896E-001  5.3225E-001
 235   21.29   33.45    95.24  1.1896E-001  5.3225E-001
 236   28.69   34.53   128.36  1.1896E-001  5.3225E-001
 237   39.91   35.33   178.57  1.1896E-001  5.3225E-001
 238   70.72   37.36   316.39  1.1896E-001  5.3225E-001
 239   53.38   38.86   238.82  1.1896E-001  5.3225E-001
 240  169.55   56.00   758.59  1.1896E-001  5.3225E-001
 241   34.54   34.35   154.54  1.1896E-001  5.3225E-001
 242   20.94   35.59    93.70  1.1896E-001  5.3225E-001
 243   26.51   34.54   118.62  1.1896E-001  5.3225E-001
 244   31.80   36.23   142.26  1.1896E-001  5.3225E-001
 245   23.53   35.67   105.28  1.1896E-001  5.3225E-001
 246   20.08   38.73    89.84  1.1896E-001  5.3225E-001
 247   27.76   34.98   124.22  1.1896E-001  5.3225E-001
 248   24.91   33.40   111.45  1.1896E-001  5.3225E-001
 249   19.90   33.73    89.05  1.1896E-001  5.3225E-001
 250   26.98   33.61   120.69  1.1896E-001  5.3225E-001
 251   40.32   35.05   180.42  1.1896E-001  5.3225E-001
 252   25.14   33.53   112.48  1.1896E-001  5.3225E-001
 253   18.23   32.20    81.57  1.1896E-001  5.3225E-001
 254   23.60   32.24   105.57  1.1896E-001  5.3225E-001
 255   30.63   34.66   137.05  1.1896E-001  5.3225E-001
 256   18.68   32.25    83.57  1.1896E-001  5.3225E-001
 257   16.26   31.91    72.76  1.1896E-001  5.3225E-001
 258   22.52   28.56   100.75  1.1896E-001  5.3225E-001
 259   22.40   29.49   100.21  1.1896E-001  5.3225E-001
 260   25.11   29.26   112.37  1.1896E-001  5.3225E-001
 261   29.86   30.59   133.61  1.1896E-001  5.3225E-001
 262   30.12   28.25   134.78  1.1896E-001  5.3225E-001
 263   36.33   32.26   162.52  1.1896E-001  5.3225E-001
 264   31.93   28.75   142.84  1.1896E-001  5.3225E-001
 265   19.10   26.78    85.44  1.1896E-001  5.3225E-001
 266   21.88   27.68    97.89  1.1896E-001  5.3225E-001
 267   39.62   25.38   177.27  1.1896E-001  5.3225E-001
 268   22.25   24.94    99.56  1.1896E-001  5.3225E-001
 269   16.51   25.08    73.85  1.1896E-001  5.3225E-001
 270   20.60   27.45    92.15  1.1896E-001  5.3225E-001
 271   18.00   25.37    80.55  1.1896E-001  5.3225E-001
 272   20.70   25.45    92.63  1.1896E-001  5.3225E-001
 273   22.78   25.44   101.93  1.1896E-001  5.3225E-001
 274   23.24   26.35   103.96  1.1896E-001  5.3225E-001
 275   28.43   25.84   127.20  1.1896E-001  5.3225E-001
 276   26.81   26.91   119.97  1.1896E-001  5.3225E-001
 277   18.81   27.12    84.17  1.1896E-001  5.3225E-001
 278   20.01   27.72    89.51  1.1896E-001  5.3225E-001
 279   40.20   31.78   179.86  1.1896E-001  5.3225E-001
 280   27.95   28.27   125.07  1.1896E-001  5.3225E-001
 281   21.31   27.89    95.32  1.1896E-001  5.3225E-001
 282   18.71   31.54    83.70  1.1896E-001  5.3225E-001
 283   21.92   30.55    98.07  1.1896E-001  5.3225E-001
 284   24.81   30.91   111.01  1.1896E-001  5.3225E-001
 285   19.08   31.30    85.37  1.1896E-001  5.3225E-001
 286   19.83   35.38    88.71  1.1896E-001  5.3225E-001
 287   20.93   30.27    93.64  1.1896E-001  5.3225E-001
 288   22.09   34.29    98.81  1.1896E-001  5.3225E-001
 289   20.91   33.92    93.55  1.1896E-001  5.3225E-001
 290   23.93   35.49   107.06  1.1896E-001  5.3225E-001
 291   33.31   44.83   149.05  1.1896E-001  5.3225E-001
 292   46.85   58.86   209.62  1.1896E-001  5.3225E-001
 293   20.27   31.12    90.71  1.1896E-001  5.3225E-001
 294   20.26   30.64    90.65  1.1896E-001  5.3225E-001
 295   19.85   31.68    88.81  1.1896E-001  5.3225E-001
 296   22.90   33.14   102.46  1.1896E-001  5.3225E-001
 297   23.01   30.75   102.95  1.1896E-001  5.3225E-001
 298   30.00   32.51   134.23  1.1896E-001  5.3225E-001
 299   24.35   35.06   108.93  1.1896E-001  5.3225E-001
 300   25.12   38.09   112.38  1.1896E-001  5.3225E-001
 301   24.92   35.30   111.49  1.1896E-001  5.3225E-001
 302   42.84   36.86   191.68  1.1896E-001  5.3225E-001
 303   33.25   46.64   148.77  1.1896E-001  5.3225E-001
 304   36.09   59.72   161.48  1.1896E-001  5.3225E-001
 305   19.99   29.90    89.44  1.1896E-001  5.3225E-001
 306   19.71   26.94    88.20  1.1896E-001  5.3225E-001
 307   18.14   25.31    81.16  1.1896E-001  5.3225E-001
 308   29.72   24.11   132.98  1.1896E-001  5.3225E-001
 309   32.87   26.03   147.05  1.1896E-001  5.3225E-001
 310   17.07   25.30    76.37  1.1896E-001  5.3225E-001
 311   16.66   24.52    74.55  1.1896E-001  5.3225E-001
 312   15.34   24.35    68.64  1.1896E-001  5.3225E-001
 313   19.00   25.65    85.01  1.1896E-001  5.3225E-001
 314   18.16   23.85    81.24  1.1896E-001  5.3225E-001
 315   15.28   22.78    68.35  1.1896E-001  5.3225E-001
 316   24.46   23.52   109.45  1.1896E-001  5.3225E-001
 317   21.66   28.70    96.91  1.1896E-001  5.3225E-001
 318   22.67   29.66   101.44  1.1896E-001  5.3225E-001
 319   26.75   29.66   119.67  1.1896E-001  5.3225E-001
 320   34.93   26.92   156.29  1.1896E-001  5.3225E-001
 321   48.70   28.87   217.90  1.1896E-001  5.3225E-001
 322   27.61   30.13   123.55  1.1896E-001  5.3225E-001
 323   23.76   29.99   106.31  1.1896E-001  5.3225E-001
 324   24.62   28.52   110.15  1.1896E-001  5.3225E-001
 325   26.62   27.94   119.09  1.1896E-001  5.3225E-001
 326   36.16   27.55   161.77  1.1896E-001  5.3225E-001
 327   30.66   27.93   137.17  1.1896E-001  5.3225E-001
 328   22.98   27.40   102.83  1.1896E-001  5.3225E-001
 329   17.96   26.97    80.37  1.1896E-001  5.3225E-001
 330   17.47   24.86    78.16  1.1896E-001  5.3225E-001
 331   21.29   25.44    95.27  1.1896E-001  5.3225E-001
 332   21.49   28.82    96.16  1.1896E-001  5.3225E-001
 333   20.96   37.68    93.78  1.1896E-001  5.3225E-001
 334   15.62   23.94    69.88  1.1896E-001  5.3225E-001
 335   14.53   25.37    65.00  1.1896E-001  5.3225E-001
 336   18.06   21.64    80.79  1.1896E-001  5.3225E-001
 337   21.39   21.96    95.70  1.1896E-001  5.3225E-001
 338   17.29   22.72    77.34  1.1896E-001  5.3225E-001
 339   14.85   17.68    66.44  1.1896E-001  5.3225E-001
 340   19.81   21.74    88.61  1.1896E-001  5.3225E-001
 341   26.19   25.85   117.19  1.1896E-001  5.3225E-001
 342   29.02   27.03   129.85  1.1896E-001  5.3225E-001
 343   47.06   27.94   210.53  1.1896E-001  5.3225E-001
 344   39.34   25.47   175.99  1.1896E-001  5.3225E-001
 345   47.80   40.83   213.85  1.1896E-001  5.3225E-001
 346   26.63   24.76   119.16  1.1896E-001  5.3225E-001
 347   31.11   23.52   139.17  1.1896E-001  5.3225E-001
 348   31.66   24.61   141.67  1.1896E-001  5.3225E-001
 349   56.03   25.71   250.69  1.1896E-001  5.3225E-001
 350   42.84   22.26   191.69  1.1896E-001  5.3225E-001
 351   21.98   26.01    98.35  1.1896E-001  5.3225E-001
 352   25.40   24.30   113.65  1.1896E-001  5.3225E-001
 353   28.82   22.36   128.95  1.1896E-001  5.3225E-001
 354   37.62   23.21   168.32  1.1896E-001  5.3225E-001
 355   44.85   24.82   200.66  1.1896E-001  5.3225E-001
 356  102.35   25.49   457.95  1.1896E-001  5.3225E-001
 357   26.14   23.17   116.97  1.1896E-001  5.3225E-001
 358   25.86   25.14   115.70  1.1896E-001  5.3225E-001
 359   24.25   24.80   108.48  1.1896E-001  5.3225E-001
 360   32.76   24.72   146.59  1.1896E-001  5.3225E-001
 361   38.56   27.83   172.52  1.1896E-001  5.3225E-001
 362   73.03   42.53   326.76  1.1896E-001  5.3225E-001
 363   23.59   24.42   105.55  1.1896E-001  5.3225E-001
 364   14.11   21.04    63.11  1.1896E-001  5.3225E-001
 365   18.34   21.51    82.03  1.1896E-001  5.3225E-001
 366   22.01   21.68    98.46  1.1896E-001  5.3225E-001
 367   18.15   19.55    81.23  1.1896E-001  5.3225E-001
 368   16.87   17.29    75.50  1.1896E-001  5.3225E-001
 369   17.29   21.85    77.35  1.1896E-001  5.3225E-001
 370   13.37   21.61    59.80  1.1896E-001  5.3225E-001
 371   13.39   22.87    59.89  1.1896E-001  5.3225E-001
 372   21.81   23.73    97.56  1.1896E-001  5.3225E-001
 373   20.42   22.34    91.36  1.1896E-001  5.3225E-001
 374   26.17   22.83   117.11  1.1896E-001  5.3225E-001
 375   15.62   20.86    69.91  1.1896E-001  5.3225E-001
 376   12.39   22.68    55.44  1.1896E-001  5.3225E-001
 377   15.67   21.91    70.13  1.1896E-001  5.3225E-001
 378   18.18   22.83    81.36  1.1896E-001  5.3225E-001
 379   14.30   19.81    63.99  1.1896E-001  5.3225E-001
 380   15.62   22.11    69.89  1.1896E-001  5.3225E-001
 381   11.58   21.07    51.83  1.1896E-001  5.3225E-001
 382   13.89   21.39    62.15  1.1896E-001  5.3225E-001
 383   24.89   21.82   111.36  1.1896E-001  5.3225E-001
 384   16.66   18.22    74.54  1.1896E-001  5.3225E-001
 385   17.63   17.27    78.89  1.1896E-001  5.3225E-001
 386   15.41   20.85    68.95  1.1896E-001  5.3225E-001
 387   11.89   21.28    53.22  1.1896E-001  5.3225E-001
 388   15.04   20.96    67.30  1.1896E-001  5.3225E-001
 389   17.79   24.84    79.60  1.1896E-001  5.3225E-001
 390   18.95   19.96    84.80  1.1896E-001  5.3225E-001
 391   14.92   17.38    66.76  1.1896E-001  5.3225E-001
 392   19.79   20.49    88.55  1.1896E-001  5.3225E-001
 393   14.53   22.46    65.03  1.1896E-001  5.3225E-001
 394   18.96   21.40    84.83  1.1896E-001  5.3225E-001
 395   24.93   21.63   111.55  1.1896E-001  5.3225E-001
 396   17.63   20.88    78.89  1.1896E-001  5.3225E-001
 397   18.30   29.43    81.89  1.1896E-001  5.3225E-001
 398   19.07   20.86    85.34  1.1896E-001  5.3225E-001
 399   20.46   21.21    91.53  1.1896E-001  5.3225E-001
 400   17.44   23.56    78.05  1.1896E-001  5.3225E-001
 401   29.94   25.04   133.95  1.1896E-001  5.3225E-001
 402   23.61   19.72   105.61  1.1896E-001  5.3225E-001
 403   28.78   26.34   128.75  1.1896E-001  5.3225E-001
 404   20.36   24.94    91.08  1.1896E-001  5.3225E-001
 405   17.11   23.19    76.57  1.1896E-001  5.3225E-001
 406   15.51   22.46    69.41  1.1896E-001  5.3225E-001
 407   20.29   23.19    90.79  1.1896E-001  5.3225E-001
 408   20.67   21.26    92.49  1.1896E-001  5.3225E-001
 409   20.84   24.26    93.23  1.1896E-001  5.3225E-001
 410   22.31   22.19    99.81  1.1896E-001  5.3225E-001
 411   15.18   25.12    67.93  1.1896E-001  5.3225E-001
 412   16.32   25.51    73.01  1.1896E-001  5.3225E-001
 413   23.72   24.55   106.11  1.1896E-001  5.3225E-001
 414   17.55   24.52    78.51  1.1896E-001  5.3225E-001
 415   21.96   31.90    98.25  1.1896E-001  5.3225E-001
 416   16.15   26.49    72.23  1.1896E-001  5.3225E-001
 417   15.20   26.87    68.02  1.1896E-001  5.3225E-001
 418   18.46   29.92    82.57  1.1896E-001  5.3225E-001
 419   22.58   29.79   101.03  1.1896E-001  5.3225E-001
 420   21.34   25.84    95.46  1.1896E-001  5.3225E-001
 421   17.97   21.01    80.40  1.1896E-001  5.3225E-001
 422   21.61   30.75    96.69  1.1896E-001  5.3225E-001
 423   18.85   32.96    84.36  1.1896E-001  5.3225E-001
 424   25.18   35.15   112.64  1.1896E-001  5.3225E-001
 425   27.05   33.89   121.01  1.1896E-001  5.3225E-001
 426   21.44   35.05    95.94  1.1896E-001  5.3225E-001
 427   24.71   34.31   110.55  1.1896E-001  5.3225E-001
 428   32.46   37.91   145.21  1.1896E-001  5.3225E-001
 429   29.39   44.06   131.52  1.1896E-001  5.3225E-001
 430   29.96   41.17   134.06  1.1896E-001  5.3225E-001
 431   37.07   37.60   165.84  1.1896E-001  5.3225E-001
 432   51.92   53.71   232.31  1.1896E-001  5.3225E-001
 433   73.71   68.06   329.77  1.1896E-001  5.3225E-001
 434   38.55   41.84   172.46  1.1896E-001  5.3225E-001
 435   35.77   43.86   160.03  1.1896E-001  5.3225E-001
 436   29.70   41.18   132.88  1.1896E-001  5.3225E-001
 437   39.32   41.31   175.92  1.1896E-001  5.3225E-001
 438   58.05   48.63   259.72  1.1896E-001  5.3225E-001
 439  105.56   68.98   472.28  1.1896E-001  5.3225E-001
 440   26.46   38.06   118.38  1.1896E-001  5.3225E-001
 441   21.38   36.26    95.64  1.1896E-001  5.3225E-001
 442   21.67   35.96    96.95  1.1896E-001  5.3225E-001
 443   27.46   37.90   122.84  1.1896E-001  5.3225E-001
 444   23.78   35.35   106.40  1.1896E-001  5.3225E-001
 445   53.59   32.54   239.79  1.1896E-001  5.3225E-001
 446   20.29   35.53    90.76  1.1896E-001  5.3225E-001
 447   21.63   36.70    96.79  1.1896E-001  5.3225E-001
 448   27.33   38.04   122.27  1.1896E-001  5.3225E-001
 449   39.44   37.77   176.48  1.1896E-001  5.3225E-001
 450   31.57   35.00   141.23  1.1896E-001  5.3225E-001
 451   37.16   42.29   166.25  1.1896E-001  5.3225E-001
 452   29.01   41.08   129.79  1.1896E-001  5.3225E-001
 453   37.81   44.98   169.19  1.1896E-001  5.3225E-001
 454   38.79   44.86   173.56  1.1896E-001  5.3225E-001
 455   67.64   44.97   302.61  1.1896E-001  5.3225E-001
 456   56.52   50.71   252.86  1.1896E-001  5.3225E-001
 457  185.61   68.17   830.44  1.1896E-001  5.3225E-001
 458   36.64   42.79   163.95  1.1896E-001  5.3225E-001
 459   30.10   41.83   134.68  1.1896E-001  5.3225E-001
 460   28.54   37.90   127.71  1.1896E-001  5.3225E-001
 461   42.86   34.40   191.75  1.1896E-001  5.3225E-001
 462   42.99   48.44   192.36  1.1896E-001  5.3225E-001
 463   60.68   65.94   271.51  1.1896E-001  5.3225E-001
 464   27.83   33.82   124.50  1.1896E-001  5.3225E-001
 465   18.74   29.05    83.84  1.1896E-001  5.3225E-001
 466   23.83   25.87   106.61  1.1896E-001  5.3225E-001
 467   32.06   27.22   143.43  1.1896E-001  5.3225E-001
 468   22.56   27.37   100.95  1.1896E-001  5.3225E-001
 469   20.11   23.41    89.97  1.1896E-001  5.3225E-001
 470   20.91   23.21    93.54  1.1896E-001  5.3225E-001
 471   17.28   24.57    77.30  1.1896E-001  5.3225E-001
 472   17.18   23.88    76.85  1.1896E-001  5.3225E-001
 473   24.25   23.49   108.50  1.1896E-001  5.3225E-001
 474   26.85   22.45   120.13  1.1896E-001  5.3225E-001
 475   24.93   24.16   111.56  1.1896E-001  5.3225E-001
 476   15.02   24.86    67.20  1.1896E-001  5.3225E-001
 477   18.54   25.24    82.96  1.1896E-001  5.3225E-001
 478   28.53   27.16   127.63  1.1896E-001  5.3225E-001
 479   18.08   22.66    80.89  1.1896E-001  5.3225E-001
 480   15.25   22.33    68.21  1.1896E-001  5.3225E-001
 481   18.38   24.28    82.24  1.1896E-001  5.3225E-001
 482   15.78   23.81    70.60  1.1896E-001  5.3225E-001
 483   19.43   22.23    86.93  1.1896E-001  5.3225E-001
 484   24.87   20.11   111.28  1.1896E-001  5.3225E-001
 485   16.80   23.47    75.17  1.1896E-001  5.3225E-001
 486   16.53   20.22    73.97  1.1896E-001  5.3225E-001
 487   21.99   23.09    98.40  1.1896E-001  5.3225E-001
 488   20.92   23.67    93.58  1.1896E-001  5.3225E-001
 489   22.41   25.37   100.28  1.1896E-001  5.3225E-001
 490   23.21   25.13   103.84  1.1896E-001  5.3225E-001
 491   30.73   25.96   137.51  1.1896E-001  5.3225E-001
 492   50.55   29.74   226.18  1.1896E-001  5.3225E-001
 493   25.23   26.85   112.88  1.1896E-001  5.3225E-001
 494   17.36   26.19    77.68  1.1896E-001  5.3225E-001
 495   18.52   24.69    82.84  1.1896E-001  5.3225E-001
 496   35.30   24.39   157.94  1.1896E-001  5.3225E-001
 497   23.61   31.85   105.62  1.1896E-001  5.3225E-001
 498   19.42   37.06    86.90  1.1896E-001  5.3225E-001
 499   18.17   25.90    81.28  1.1896E-001  5.3225E-001
 500   18.18   25.00    81.36  1.1896E-001  5.3225E-001
 501   21.70   25.78    97.08  1.1896E-001  5.3225E-001
 502   32.29   24.26   144.48  1.1896E-001  5.3225E-001
 503   24.52   24.49   109.71  1.1896E-001  5.3225E-001
 504   17.84   25.89    79.81  1.1896E-001  5.3225E-001
 505   25.07   25.48   112.18  1.1896E-001  5.3225E-001
 506   15.42   25.06    68.98  1.1896E-001  5.3225E-001
 507   17.31   24.27    77.46  1.1896E-001  5.3225E-001
 508   27.05   26.64   121.03  1.1896E-001  5.3225E-001
 509   19.06   22.94    85.28  1.1896E-001  5.3225E-001
 510   26.09   19.52   116.75  1.1896E-001  5.3225E-001
 511   22.37   24.46   100.08  1.1896E-001  5.3225E-001
 512   18.64   24.18    83.38  1.1896E-001  5.3225E-001
 513   21.70   22.89    97.10  1.1896E-001  5.3225E-001
 514   30.17   23.12   134.99  1.1896E-001  5.3225E-001
 515   29.03   22.80   129.87  1.1896E-001  5.3225E-001
 516   23.55   25.53   105.37  1.1896E-001  5.3225E-001
 517   19.22   25.10    85.98  1.1896E-001  5.3225E-001
 518   22.70   24.64   101.58  1.1896E-001  5.3225E-001
 519   30.86   23.09   138.06  1.1896E-001  5.3225E-001
 520   20.87   24.32    93.39  1.1896E-001  5.3225E-001
 521   22.60   25.08   101.14  1.1896E-001  5.3225E-001
 522   18.45   22.36    82.53  1.1896E-001  5.3225E-001
 523   18.28   18.87    81.80  1.1896E-001  5.3225E-001
 524   24.34   19.83   108.89  1.1896E-001  5.3225E-001
 525   25.00   26.60   111.86  1.1896E-001  5.3225E-001
 526   28.10   31.76   125.72  1.1896E-001  5.3225E-001
 527   18.06   21.33    80.80  1.1896E-001  5.3225E-001
 528   13.28   24.17    59.43  1.1896E-001  5.3225E-001
 529   16.30   23.52    72.92  1.1896E-001  5.3225E-001
 530   22.74   20.68   101.75  1.1896E-001  5.3225E-001
 531   15.76   22.66    70.50  1.1896E-001  5.3225E-001
 532   18.52   28.83    82.84  1.1896E-001  5.3225E-001
 533   16.56   22.24    74.09  1.1896E-001  5.3225E-001
 534   12.91   20.46    57.75  1.1896E-001  5.3225E-001
 535   13.58   23.59    60.75  1.1896E-001  5.3225E-001
 536   20.17   22.33    90.26  1.1896E-001  5.3225E-001
 537   17.11   16.00    76.54  1.1896E-001  5.3225E-001
 538   18.42   23.37    82.42  1.1896E-001  5.3225E-001
 539   17.14   25.18    76.69  1.1896E-001  5.3225E-001
 540   12.44   25.34    55.68  1.1896E-001  5.3225E-001
 541   15.94   25.96    71.33  1.1896E-001  5.3225E-001
 542   20.12   22.08    90.00  1.1896E-001  5.3225E-001
 543   17.07   18.99    76.36  1.1896E-001  5.3225E-001
 544   19.04   20.63    85.17  1.1896E-001  5.3225E-001
 545   16.30   27.75    72.93  1.1896E-001  5.3225E-001
 546   12.12   27.75    54.22  1.1896E-001  5.3225E-001
 547   15.95   25.76    71.38  1.1896E-001  5.3225E-001
 548   25.11   21.90   112.33  1.1896E-001  5.3225E-001
 549   19.13   34.05    85.59  1.1896E-001  5.3225E-001
 550   16.16   41.30    72.29  1.1896E-001  5.3225E-001
 551   19.19   25.56    85.88  1.1896E-001  5.3225E-001
 552   14.64   25.04    65.50  1.1896E-001  5.3225E-001
 553   19.91   27.19    89.09  1.1896E-001  5.3225E-001
 554   24.04   28.84   107.56  1.1896E-001  5.3225E-001
 555   19.01   18.49    85.03  1.1896E-001  5.3225E-001
 556   23.68   27.40   105.94  1.1896E-001  5.3225E-001
 557   23.88   26.76   106.83  1.1896E-001  5.3225E-001
 558   25.51   27.91   114.15  1.1896E-001  5.3225E-001
 559   33.82   26.56   151.33  1.1896E-001  5.3225E-001
 560   40.20   24.48   179.88  1.1896E-001  5.3225E-001
 561   32.05   30.07   143.41  1.1896E-001  5.3225E-001
 562   33.41   31.33   149.50  1.1896E-001  5.3225E-001
 563   42.24   31.70   188.97  1.1896E-001  5.3225E-001
 564   55.36   31.00   247.71  1.1896E-001  5.3225E-001
 565   50.08   34.69   224.05  1.1896E-001  5.3225E-001
 566  142.40   47.52   637.13  1.1896E-001  5.3225E-001
 567   58.12   32.69   260.04  1.1896E-001  5.3225E-001
 568  104.76   32.59   468.70  1.1896E-001  5.3225E-001
 569   69.33   32.75   310.21  1.1896E-001  5.3225E-001
 570  145.21   33.80   649.67  1.1896E-001  5.3225E-001
 571   55.61   32.47   248.83  1.1896E-001  5.3225E-001
 572   38.12   32.14   170.57  1.1896E-001  5.3225E-001
 573   37.63   29.04   168.36  1.1896E-001  5.3225E-001
 574   44.64   28.24   199.71  1.1896E-001  5.3225E-001
 575   33.88   33.68   151.60  1.1896E-001  5.3225E-001
 576   32.54   38.84   145.57  1.1896E-001  5.3225E-001
 577   51.69   28.58   231.25  1.1896E-001  5.3225E-001
 578   54.36   30.11   243.21  1.1896E-001  5.3225E-001
 579   42.82   34.81   191.57  1.1896E-001  5.3225E-001
 580   58.65   37.96   262.43  1.1896E-001  5.3225E-001
 581   87.07   30.33   389.57  1.1896E-001  5.3225E-001
 582   70.39   31.38   314.93  1.1896E-001  5.3225E-001
 583   31.21   32.04   139.64  1.1896E-001  5.3225E-001
 584   20.52   29.39    91.79  1.1896E-001  5.3225E-001
 585   24.14   27.81   107.99  1.1896E-001  5.3225E-001
 586   34.01   24.93   152.19  1.1896E-001  5.3225E-001
 587   23.57   31.79   105.45  1.1896E-001  5.3225E-001
 588   21.30   34.97    95.29  1.1896E-001  5.3225E-001
 589   27.92   27.21   124.90  1.1896E-001  5.3225E-001
 590   20.41   28.46    91.31  1.1896E-001  5.3225E-001
 591   21.25   26.91    95.09  1.1896E-001  5.3225E-001
 592   26.33   24.00   117.80  1.1896E-001  5.3225E-001
 593   28.37   29.62   126.93  1.1896E-001  5.3225E-001
 594   63.30   37.11   283.19  1.1896E-001  5.3225E-001
 595   29.45   25.26   131.77  1.1896E-001  5.3225E-001
 596   26.20   27.04   117.23  1.1896E-001  5.3225E-001
 597   26.82   29.17   119.98  1.1896E-001  5.3225E-001
 598   58.02   31.27   259.58  1.1896E-001  5.3225E-001
 599   32.86   26.80   147.02  1.1896E-001  5.3225E-001
 600   32.93   23.71   147.32  1.1896E-001  5.3225E-001
 601   33.17   28.97   148.41  1.1896E-001  5.3225E-001
 602   27.85   29.73   124.60  1.1896E-001  5.3225E-001
 603   29.06   31.28   130.04  1.1896E-001  5.3225E-001
 604   30.63   31.77   137.06  1.1896E-001  5.3225E-001
 605   37.41   30.12   167.38  1.1896E-001  5.3225E-001
 606   33.34   31.15   149.15  1.1896E-001  5.3225E-001
 607   34.79   32.24   155.67  1.1896E-001  5.3225E-001
 608   28.25   34.61   126.40  1.1896E-001  5.3225E-001
 609   27.80   36.74   124.39  1.1896E-001  5.3225E-001
 610   33.10   37.36   148.09  1.1896E-001  5.3225E-001
 611   36.63   38.52   163.87  1.1896E-001  5.3225E-001
 612   36.51   45.75   163.36  1.1896E-001  5.3225E-001
 613   37.02   38.81   165.63  1.1896E-001  5.3225E-001
 614   37.73   41.86   168.82  1.1896E-001  5.3225E-001
 615   30.74   41.13   137.52  1.1896E-001  5.3225E-001
 616   51.80   42.61   231.75  1.1896E-001  5.3225E-001
 617   66.25   49.49   296.41  1.1896E-001  5.3225E-001
 618  177.60   65.93   794.61  1.1896E-001  5.3225E-001
 619   30.13   37.58   134.79  1.1896E-001  5.3225E-001
 620   23.84   33.65   106.68  1.1896E-001  5.3225E-001
 621   22.43   34.58   100.37  1.1896E-001  5.3225E-001
 622   35.06   35.70   156.88  1.1896E-001  5.3225E-001
 623   30.41   30.35   136.06  1.1896E-001  5.3225E-001
 624   31.20   35.59   139.58  1.1896E-001  5.3225E-001
 625   19.31   34.48    86.39  1.1896E-001  5.3225E-001
 626   19.65   31.28    87.94  1.1896E-001  5.3225E-001
 627   23.56   34.83   105.42  1.1896E-001  5.3225E-001
 628   27.85   36.04   124.61  1.1896E-001  5.3225E-001
 629   20.12   24.40    90.02  1.1896E-001  5.3225E-001
 630   18.49   22.98    82.73  1.1896E-001  5.3225E-001
 631   25.66   41.05   114.81  1.1896E-001  5.3225E-001
 632   25.98   46.08   116.25  1.1896E-001  5.3225E-001
 633   29.25   45.48   130.88  1.1896E-001  5.3225E-001
 634   44.10   46.87   197.31  1.1896E-001  5.3225E-001
 635   38.58   51.89   172.59  1.1896E-001  5.3225E-001
 636   34.55   46.33   154.57  1.1896E-001  5.3225E-001
 637   39.80   47.54   178.07  1.1896E-001  5.3225E-001
 638   31.39   48.27   140.46  1.1896E-001  5.3225E-001
 639   52.57   52.21   235.21  1.1896E-001  5.3225E-001
 640   25.66   43.87   114.81  1.1896E-001  5.3225E-001
 641   20.99   40.46    93.91  1.1896E-001  5.3225E-001
 642   22.46   38.77   100.51  1.1896E-001  5.3225E-001
 643   28.73   38.23   128.54  1.1896E-001  5.3225E-001
 644   23.60   42.24   105.58  1.1896E-001  5.3225E-001
 645   33.89   59.46   151.64  1.1896E-001  5.3225E-001
 646   23.64   36.57   105.76  1.1896E-001  5.3225E-001
 647   16.35   33.76    73.15  1.1896E-001  5.3225E-001
 648   16.90   31.68    75.61  1.1896E-001  5.3225E-001
 649   20.75   27.98    92.82  1.1896E-001  5.3225E-001
 650   24.33   38.14   108.87  1.1896E-001  5.3225E-001
 651   43.35   50.75   193.94  1.1896E-001  5.3225E-001
 652   17.55   30.03    78.52  1.1896E-001  5.3225E-001
 653   12.62   27.17    56.47  1.1896E-001  5.3225E-001
 654   15.94   26.46    71.31  1.1896E-001  5.3225E-001
 655   23.41   28.87   104.74  1.1896E-001  5.3225E-001
 656   16.37   25.43    73.24  1.1896E-001  5.3225E-001
 657   18.37   24.55    82.20  1.1896E-001  5.3225E-001
 658   16.11   25.66    72.07  1.1896E-001  5.3225E-001
 659   15.03   21.40    67.24  1.1896E-001  5.3225E-001
 660   13.81   23.75    61.80  1.1896E-001  5.3225E-001
 661   22.11   22.39    98.91  1.1896E-001  5.3225E-001
 662   15.23   25.70    68.15  1.1896E-001  5.3225E-001
 663   12.50   26.58    55.94  1.1896E-001  5.3225E-001
 664   14.65   28.14    65.56  1.1896E-001  5.3225E-001
 665   21.05   28.75    94.16  1.1896E-001  5.3225E-001
 666   15.88   26.53    71.06  1.1896E-001  5.3225E-001
 667   15.77   24.24    70.57  1.1896E-001  5.3225E-001
 668   17.35   28.86    77.62  1.1896E-001  5.3225E-001
 669   14.98   31.66    67.02  1.1896E-001  5.3225E-001
 670   17.71   31.82    79.25  1.1896E-001  5.3225E-001
 671   23.77   30.61   106.33  1.1896E-001  5.3225E-001
 672   20.10   28.14    89.91  1.1896E-001  5.3225E-001
 673   20.30   34.22    90.84  1.1896E-001  5.3225E-001
 674   20.41   31.91    91.34  1.1896E-001  5.3225E-001
 675   18.95   32.63    84.80  1.1896E-001  5.3225E-001
 676   20.12   30.64    90.02  1.1896E-001  5.3225E-001
 677   22.37   29.42   100.09  1.1896E-001  5.3225E-001
 678   24.50   33.51   109.60  1.1896E-001  5.3225E-001
 679   58.59   43.37   262.15  1.1896E-001  5.3225E-001
 680   27.49   31.05   122.99  1.1896E-001  5.3225E-001
 681   28.62   33.87   128.04  1.1896E-001  5.3225E-001
 682   22.71   36.08   101.61  1.1896E-001  5.3225E-001
 683   39.59   35.30   177.12  1.1896E-001  5.3225E-001
 684   20.59   35.22    92.14  1.1896E-001  5.3225E-001
 685   21.10   32.03    94.40  1.1896E-001  5.3225E-001
 686   23.04   30.69   103.07  1.1896E-001  5.3225E-001
 687   21.42   29.31    95.83  1.1896E-001  5.3225E-001
 688   23.92   34.67   107.03  1.1896E-001  5.3225E-001
 689   24.29   29.16   108.66  1.1896E-001  5.3225E-001
 690   33.50   29.77   149.87  1.1896E-001  5.3225E-001
 691   21.18   28.77    94.77  1.1896E-001  5.3225E-001
 692   18.16   24.99    81.26  1.1896E-001  5.3225E-001
 693   23.28   29.29   104.18  1.1896E-001  5.3225E-001
 694   29.71   28.37   132.92  1.1896E-001  5.3225E-001
 695   23.20   31.46   103.81  1.1896E-001  5.3225E-001
 696   21.05   26.57    94.17  1.1896E-001  5.3225E-001
 697   16.23   26.25    72.63  1.1896E-001  5.3225E-001
 698   16.11   25.55    72.08  1.1896E-001  5.3225E-001
 699   18.85   26.60    84.33  1.1896E-001  5.3225E-001
 700   17.06   22.72    76.32  1.1896E-001  5.3225E-001
 701   21.37   24.53    95.62  1.1896E-001  5.3225E-001
 702   15.64   28.09    69.97  1.1896E-001  5.3225E-001
 703   14.52   27.20    64.97  1.1896E-001  5.3225E-001
 704   17.20   25.65    76.93  1.1896E-001  5.3225E-001
 705   22.16   25.60    99.14  1.1896E-001  5.3225E-001
 706   18.89   25.46    84.53  1.1896E-001  5.3225E-001
 707   21.23   34.22    94.97  1.1896E-001  5.3225E-001
 708   16.42   26.43    73.46  1.1896E-001  5.3225E-001
 709   18.31   25.89    81.93  1.1896E-001  5.3225E-001
 710   18.70   25.12    83.65  1.1896E-001  5.3225E-001
 711   24.80   27.75   110.95  1.1896E-001  5.3225E-001
 712   30.00   25.04   134.21  1.1896E-001  5.3225E-001
 713   16.46   26.91    73.65  1.1896E-001  5.3225E-001
 714   18.03   27.11    80.67  1.1896E-001  5.3225E-001
 715   18.08   27.41    80.87  1.1896E-001  5.3225E-001
 716   28.30   27.94   126.62  1.1896E-001  5.3225E-001
 717   24.85   25.84   111.17  1.1896E-001  5.3225E-001
 718   28.59   32.35   127.92  1.1896E-001  5.3225E-001
 719   15.24   30.78    68.20  1.1896E-001  5.3225E-001
 720   14.62   30.61    65.41  1.1896E-001  5.3225E-001
 721   16.17   30.48    72.33  1.1896E-001  5.3225E-001
 722   21.13   32.86    94.53  1.1896E-001  5.3225E-001
 723   21.19   28.35    94.81  1.1896E-001  5.3225E-001
 724   16.36   33.11    73.17  1.1896E-001  5.3225E-001
 725   18.96   35.20    84.84  1.1896E-001  5.3225E-001
 726   21.14   32.89    94.60  1.1896E-001  5.3225E-001
 727   30.89   31.13   138.22  1.1896E-001  5.3225E-001
 728   29.02   38.43   129.85  1.1896E-001  5.3225E-001
 729   29.62   43.64   132.53  1.1896E-001  5.3225E-001
 730   24.64   36.51   110.23  1.1896E-001  5.3225E-001
 731   26.09   38.76   116.72  1.1896E-001  5.3225E-001
 732   25.45   38.36   113.87  1.1896E-001  5.3225E-001
 733   39.83   40.15   178.20  1.1896E-001  5.3225E-001
 734   38.01   42.16   170.04  1.1896E-001  5.3225E-001
 735   59.15   50.82   264.64  1.1896E-001  5.3225E-001
 736   24.66   37.40   110.34  1.1896E-001  5.3225E-001
 737   26.06   35.89   116.61  1.1896E-001  5.3225E-001
 738   21.95   35.65    98.18  1.1896E-001  5.3225E-001
 739   36.02   36.00   161.16  1.1896E-001  5.3225E-001
 740   33.93   39.94   151.79  1.1896E-001  5.3225E-001
 741   51.64   46.47   231.05  1.1896E-001  5.3225E-001
 742   22.61   31.59   101.15  1.1896E-001  5.3225E-001
 743   18.78   29.40    84.04  1.1896E-001  5.3225E-001
 744   20.28   26.40    90.74  1.1896E-001  5.3225E-001
 745   24.24   26.12   108.47  1.1896E-001  5.3225E-001
 746   20.94   29.76    93.67  1.1896E-001  5.3225E-001
 747   25.09   23.96   112.25  1.1896E-001  5.3225E-001
 748   19.63   26.95    87.84  1.1896E-001  5.3225E-001
 749   17.86   28.43    79.89  1.1896E-001  5.3225E-001
 750   24.32   29.82   108.81  1.1896E-001  5.3225E-001
 751   30.29   30.29   135.51  1.1896E-001  5.3225E-001
 752   27.00   29.78   120.80  1.1896E-001  5.3225E-001
 753   23.79   48.18   106.44  1.1896E-001  5.3225E-001
 754   27.99   28.34   125.22  1.1896E-001  5.3225E-001
 755   32.02   28.40   143.26  1.1896E-001  5.3225E-001
 756   37.23   30.04   166.59  1.1896E-001  5.3225E-001
 757   75.66   29.65   338.53  1.1896E-001  5.3225E-001
 758   45.96   25.39   205.62  1.1896E-001  5.3225E-001
 759   49.14   28.10   219.88  1.1896E-001  5.3225E-001
 760   32.52   31.74   145.51  1.1896E-001  5.3225E-001
 761   30.73   29.76   137.47  1.1896E-001  5.3225E-001
 762   35.22   33.12   157.59  1.1896E-001  5.3225E-001
 763   50.03   37.46   223.83  1.1896E-001  5.3225E-001
 764   36.30   28.08   162.41  1.1896E-001  5.3225E-001
 765   65.83   35.67   294.54  1.1896E-001  5.3225E-001
 766   34.95   35.59   156.39  1.1896E-001  5.3225E-001
 767   43.84   36.64   196.17  1.1896E-001  5.3225E-001
 768   28.50   38.80   127.50  1.1896E-001  5.3225E-001
 769   38.20   43.50   170.89  1.1896E-001  5.3225E-001
 770   24.60   35.53   110.05  1.1896E-001  5.3225E-001
 771   18.94   32.75    84.74  1.1896E-001  5.3225E-001
 772   23.25   32.91   104.02  1.1896E-001  5.3225E-001
 773   31.90   28.90   142.72  1.1896E-001  5.3225E-001
 774   20.35   30.82    91.07  1.1896E-001  5.3225E-001
 775   20.55   27.93    91.96  1.1896E-001  5.3225E-001
 776   24.35   31.50   108.97  1.1896E-001  5.3225E-001
 777   19.77   29.93    88.44  1.1896E-001  5.3225E-001
 778   20.29   28.19    90.79  1.1896E-001  5.3225E-001
 779   26.22   27.36   117.32  1.1896E-001  5.3225E-001
 780   27.25   36.85   121.91  1.1896E-001  5.3225E-001
 781   37.78   51.52   169.04  1.1896E-001  5.3225E-001
 782   22.32   25.72    99.88  1.1896E-001  5.3225E-001
 783   16.88   27.98    75.50  1.1896E-001  5.3225E-001
 784   21.47   29.98    96.06  1.1896E-001  5.3225E-001
 785   25.10   32.96   112.29  1.1896E-001  5.3225E-001
 786   19.51   28.60    87.27  1.1896E-001  5.3225E-001
 787   19.89   25.91    89.00  1.1896E-001  5.3225E-001
 788   20.01   30.11    89.51  1.1896E-001  5.3225E-001
 789   19.32   28.42    86.46  1.1896E-001  5.3225E-001
 790   21.87   25.79    97.86  1.1896E-001  5.3225E-001
 791   23.64   27.25   105.75  1.1896E-001  5.3225E-001
 792   26.80   31.36   119.91  1.1896E-001  5.3225E-001
 793   33.07   28.71   147.96  1.1896E-001  5.3225E-001
 794   26.05   25.66   116.54  1.1896E-001  5.3225E-001
 795   19.11   27.22    85.52  1.1896E-001  5.3225E-001
 796   22.04   28.49    98.61  1.1896E-001  5.3225E-001
 797   44.99   27.66   201.29  1.1896E-001  5.3225E-001
 798   26.79   29.67   119.87  1.1896E-001  5.3225E-001
 799   19.30   28.17    86.33  1.1896E-001  5.3225E-001
 800   17.21   30.32    77.00  1.1896E-001  5.3225E-001
 801   21.17   32.17    94.70  1.1896E-001  5.3225E-001
 802   26.16   31.46   117.02  1.1896E-001  5.3225E-001
 803   20.69   26.16    92.57  1.1896E-001  5.3225E-001
 804   21.71   26.92    97.13  1.1896E-001  5.3225E-001
 805   28.25   32.26   126.37  1.1896E-001  5.3225E-001
 806   25.93   32.78   116.04  1.1896E-001  5.3225E-001
 807   20.86   34.35    93.34  1.1896E-001  5.3225E-001
 808   31.85   37.75   142.52  1.1896E-001  5.3225E-001
 809   53.54   34.20   239.54  1.1896E-001  5.3225E-001
 810   29.22   37.97   130.73  1.1896E-001  5.3225E-001
 811   24.28   40.84   108.65  1.1896E-001  5.3225E-001
 812   21.13   42.14    94.53  1.1896E-001  5.3225E-001
 813   24.36   41.10   108.98  1.1896E-001  5.3225E-001
 814   29.22   45.52   130.75  1.1896E-001  5.3225E-001
 815   35.53   55.26   158.99  1.1896E-001  5.3225E-001
 816   23.74   43.63   106.22  1.1896E-001  5.3225E-001
 817   18.50   43.98    82.76  1.1896E-001  5.3225E-001
 818   19.61   42.88    87.75  1.1896E-001  5.3225E-001
 819   25.32   40.16   113.29  1.1896E-001  5.3225E-001
 820   22.38   46.02   100.14  1.1896E-001  5.3225E-001
 821   25.63   57.61   114.69  1.1896E-001  5.3225E-001
 822   23.41   43.42   104.73  1.1896E-001  5.3225E-001
 823   24.88   44.71   111.32  1.1896E-001  5.3225E-001
 824   22.80   41.51   101.99  1.1896E-001  5.3225E-001
 825   27.24   41.53   121.89  1.1896E-001  5.3225E-001
 826   37.77   50.97   169.00  1.1896E-001  5.3225E-001
 827   71.33   64.59   319.13  1.1896E-001  5.3225E-001
 828   22.89   38.86   102.42  1.1896E-001  5.3225E-001
 829   21.40   37.24    95.73  1.1896E-001  5.3225E-001
 830   20.19   36.39    90.34  1.1896E-001  5.3225E-001
 831   22.26   35.11    99.58  1.1896E-001  5.3225E-001
 832   30.94   39.38   138.42  1.1896E-001  5.3225E-001
 833   60.63   45.96   271.29  1.1896E-001  5.3225E-001
 834   17.66   36.09    79.00  1.1896E-001  5.3225E-001
 835   16.21   34.85    72.53  1.1896E-001  5.3225E-001
 836   18.33   32.19    82.00  1.1896E-001  5.3225E-001
 837   23.05   31.41   103.14  1.1896E-001  5.3225E-001
 838   20.50   35.11    91.70  1.1896E-001  5.3225E-001
 839   18.36   34.31    82.13  1.1896E-001  5.3225E-001
 840   17.61   30.89    78.77  1.1896E-001  5.3225E-001
 841   20.32   32.92    90.92  1.1896E-001  5.3225E-001
 842   22.26   34.65    99.61  1.1896E-001  5.3225E-001
 843   27.17   33.55   121.58  1.1896E-001  5.3225E-001
 844   26.44   33.87   118.29  1.1896E-001  5.3225E-001
 845   32.27   40.52   144.36  1.1896E-001  5.3225E-001
 846   25.09   36.65   112.25  1.1896E-001  5.3225E-001
 847   23.05   38.60   103.13  1.1896E-001  5.3225E-001
 848   23.04   35.84   103.09  1.1896E-001  5.3225E-001
 849   32.40   37.18   144.96  1.1896E-001  5.3225E-001
 850   34.06   40.43   152.37  1.1896E-001  5.3225E-001
 851   33.25   53.00   148.76  1.1896E-001  5.3225E-001
 852   19.25   33.83    86.11  1.1896E-001  5.3225E-001
 853   19.25   34.74    86.12  1.1896E-001  5.3225E-001
 854   18.78   32.48    84.02  1.1896E-001  5.3225E-001
 855   23.44   31.41   104.86  1.1896E-001  5.3225E-001
 856   23.58   36.55   105.49  1.1896E-001  5.3225E-001
 857   38.36   42.36   171.64  1.1896E-001  5.3225E-001
 858   16.81   34.15    75.23  1.1896E-001  5.3225E-001
 859   16.60   35.69    74.27  1.1896E-001  5.3225E-001
 860   21.52   35.93    96.28  1.1896E-001  5.3225E-001
 861   25.80   35.58   115.44  1.1896E-001  5.3225E-001
 862   19.80   34.65    88.59  1.1896E-001  5.3225E-001
 863   20.23   30.51    90.53  1.1896E-001  5.3225E-001
 864   24.71   37.51   110.54  1.1896E-001  5.3225E-001
 865   29.14   40.47   130.38  1.1896E-001  5.3225E-001
 866   33.07   40.86   147.94  1.1896E-001  5.3225E-001
 867   58.79   43.00   263.05  1.1896E-001  5.3225E-001
 868   37.61   42.92   168.27  1.1896E-001  5.3225E-001
 869   52.44   45.93   234.61  1.1896E-001  5.3225E-001
 870   25.52   41.44   114.18  1.1896E-001  5.3225E-001
 871   34.01   40.44   152.17  1.1896E-001  5.3225E-001
 872   37.64   40.19   168.41  1.1896E-001  5.3225E-001
 873   58.68   40.65   262.56  1.1896E-001  5.3225E-001
 874   44.25   42.07   197.99  1.1896E-001  5.3225E-001
 875   32.54   37.70   145.58  1.1896E-001  5.3225E-001
 876   40.82   35.16   182.64  1.1896E-001  5.3225E-001
 877   35.41   37.36   158.44  1.1896E-001  5.3225E-001
 878   65.33   37.11   292.31  1.1896E-001  5.3225E-001
 879   28.48   37.56   127.44  1.1896E-001  5.3225E-001
 880   28.64   39.45   128.14  1.1896E-001  5.3225E-001
 881   29.31   37.67   131.13  1.1896E-001  5.3225E-001
 882   47.29   38.81   211.57  1.1896E-001  5.3225E-001
 883   42.44   42.13   189.86  1.1896E-001  5.3225E-001
 884   85.03   65.44   380.46  1.1896E-001  5.3225E-001
 885   26.40   34.60   118.13  1.1896E-001  5.3225E-001
 886   18.21   29.78    81.45  1.1896E-001  5.3225E-001
 887   21.84   29.79    97.70  1.1896E-001  5.3225E-001
 888   29.15   29.65   130.43  1.1896E-001  5.3225E-001
 889   18.27   28.06    81.75  1.1896E-001  5.3225E-001
 890   21.31   22.94    95.32  1.1896E-001  5.3225E-001
 891   19.82   28.30    88.68  1.1896E-001  5.3225E-001
 892   17.12   29.30    76.60  1.1896E-001  5.3225E-001
 893   15.38   28.38    68.80  1.1896E-001  5.3225E-001
 894   28.18   28.84   126.08  1.1896E-001  5.3225E-001
 895   25.67   31.82   114.83  1.1896E-001  5.3225E-001
 896   33.05   38.05   147.88  1.1896E-001  5.3225E-001
 897   18.65   25.52    83.44  1.1896E-001  5.3225E-001
 898   13.59   25.68    60.80  1.1896E-001  5.3225E-001
 899   17.76   25.99    79.46  1.1896E-001  5.3225E-001
 900   22.09   26.52    98.85  1.1896E-001  5.3225E-001
 901   18.70   21.79    83.68  1.1896E-001  5.3225E-001
 902   20.49   23.79    91.66  1.1896E-001  5.3225E-001
 903   12.20   24.18    54.59  1.1896E-001  5.3225E-001
 904   14.81   24.34    66.25  1.1896E-001  5.3225E-001
 905   23.74   24.24   106.22  1.1896E-001  5.3225E-001
 906   17.57   24.98    78.63  1.1896E-001  5.3225E-001
 907   18.28   22.98    81.80  1.1896E-001  5.3225E-001
 908   12.61   23.30    56.42  1.1896E-001  5.3225E-001
 909   15.59   24.71    69.76  1.1896E-001  5.3225E-001
 910   24.82   25.18   111.03  1.1896E-001  5.3225E-001
 911   19.24   23.61    86.09  1.1896E-001  5.3225E-001
 912   15.46   21.20    69.18  1.1896E-001  5.3225E-001
 913   18.88   24.83    84.48  1.1896E-001  5.3225E-001
 914   14.67   27.98    65.61  1.1896E-001  5.3225E-001
 915   13.71   25.67    61.33  1.1896E-001  5.3225E-001
 916   19.38   26.85    86.69  1.1896E-001  5.3225E-001
 917   19.64   34.39    87.86  1.1896E-001  5.3225E-001
 918   18.07   47.49    80.84  1.1896E-001  5.3225E-001
 919   21.05   22.09    94.19  1.1896E-001  5.3225E-001
 920   16.04   22.81    71.79  1.1896E-001  5.3225E-001
 921   16.05   23.28    71.82  1.1896E-001  5.3225E-001
 922   21.20   23.07    94.86  1.1896E-001  5.3225E-001
 923   21.52   22.27    96.26  1.1896E-001  5.3225E-001
 924   22.71   26.16   101.60  1.1896E-001  5.3225E-001
 925   17.41   23.48    77.91  1.1896E-001  5.3225E-001
 926   15.35   25.07    68.68  1.1896E-001  5.3225E-001
 927   17.90   24.42    80.09  1.1896E-001  5.3225E-001
 928   23.08   25.46   103.28  1.1896E-001  5.3225E-001
 929   22.99   26.53   102.87  1.1896E-001  5.3225E-001
 930   35.32   29.67   158.02  1.1896E-001  5.3225E-001
 931   21.51   26.72    96.26  1.1896E-001  5.3225E-001
 932   19.87   26.27    88.91  1.1896E-001  5.3225E-001
 933   19.11   27.68    85.50  1.1896E-001  5.3225E-001
 934   22.20   27.58    99.35  1.1896E-001  5.3225E-001
 935   31.13   23.32   139.29  1.1896E-001  5.3225E-001
 936   35.11   25.32   157.08  1.1896E-001  5.3225E-001
 937   19.24   29.01    86.08  1.1896E-001  5.3225E-001
 938   16.60   30.47    74.26  1.1896E-001  5.3225E-001
 939   17.47   31.24    78.16  1.1896E-001  5.3225E-001
 940   22.18   34.02    99.25  1.1896E-001  5.3225E-001
 941   28.50   31.12   127.52  1.1896E-001  5.3225E-001
 942   15.31   29.45    68.51  1.1896E-001  5.3225E-001
 943   15.35   28.38    68.69  1.1896E-001  5.3225E-001
 944   17.52   29.30    78.40  1.1896E-001  5.3225E-001
 945   27.77   30.70   124.25  1.1896E-001  5.3225E-001
 946   19.49   27.93    87.21  1.1896E-001  5.3225E-001
 947   20.49   30.63    91.68  1.1896E-001  5.3225E-001
 948   17.76   36.41    79.45  1.1896E-001  5.3225E-001
 949   18.41   37.00    82.35  1.1896E-001  5.3225E-001
 950   22.27   36.47    99.63  1.1896E-001  5.3225E-001
 951   21.31   38.04    95.35  1.1896E-001  5.3225E-001
 952   23.42   48.50   104.77  1.1896E-001  5.3225E-001
 953   21.19   37.70    94.81  1.1896E-001  5.3225E-001
 954   17.59   41.21    78.71  1.1896E-001  5.3225E-001
 955   17.96   41.75    80.34  1.1896E-001  5.3225E-001
 956   28.48   45.12   127.41  1.1896E-001  5.3225E-001
 957   23.01   40.64   102.93  1.1896E-001  5.3225E-001
 958   36.36   43.77   162.69  1.1896E-001  5.3225E-001
 959   16.72   42.38    74.80  1.1896E-001  5.3225E-001
 960   23.11   42.68   103.41  1.1896E-001  5.3225E-001
 961   20.67   42.57    92.48  1.1896E-001  5.3225E-001
 962   32.84   49.34   146.93  1.1896E-001  5.3225E-001
 963   21.96   36.50    98.24  1.1896E-001  5.3225E-001
 964   19.86   33.75    88.87  1.1896E-001  5.3225E-001
 965   21.80   35.55    97.55  1.1896E-001  5.3225E-001
 966   26.94   37.98   120.53  1.1896E-001  5.3225E-001
 967   24.98   29.05   111.78  1.1896E-001  5.3225E-001
 968   33.15   31.12   148.33  1.1896E-001  5.3225E-001
 969   21.38   33.36    95.67  1.1896E-001  5.3225E-001
 970   18.99   35.06    84.95  1.1896E-001  5.3225E-001
 971   23.12   38.99   103.44  1.1896E-001  5.3225E-001
 972   33.36   40.32   149.27  1.1896E-001  5.3225E-001
 973   23.83   32.91   106.61  1.1896E-001  5.3225E-001
 974   29.39   31.03   131.50  1.1896E-001  5.3225E-001
 975   23.96   42.16   107.19  1.1896E-001  5.3225E-001
 976   27.42   45.86   122.70  1.1896E-001  5.3225E-001
 977   31.74   48.66   142.03  1.1896E-001  5.3225E-001
 978   60.25   52.35   269.59  1.1896E-001  5.3225E-001
 979   41.55   48.18   185.88  1.1896E-001  5.3225E-001
 980   78.16   57.52   349.68  1.1896E-001  5.3225E-001
 981   29.43   50.65   131.69  1.1896E-001  5.3225E-001
 982   34.32   52.39   153.55  1.1896E-001  5.3225E-001
 983   39.42   52.64   176.38  1.1896E-001  5.3225E-001
 984   33.95   50.99   151.88  1.1896E-001  5.3225E-001
 985   38.85   55.75   173.81  1.1896E-001  5.3225E-001
 986   59.32   67.81   265.39  1.1896E-001  5.3225E-001
 987   63.61   54.36   284.59  1.1896E-001  5.3225E-001
 988   59.17   51.71   264.74  1.1896E-001  5.3225E-001
 989   49.17   48.99   219.98  1.1896E-001  5.3225E-001
 990   51.76   47.14   231.56  1.1896E-001  5.3225E-001
 991  106.06   54.90   474.53  1.1896E-001  5.3225E-001
 992  134.05   55.53   599.76  1.1896E-001  5.3225E-001
 993   51.62   49.31   230.94  1.1896E-001  5.3225E-001
 994   46.23   49.18   206.84  1.1896E-001  5.3225E-001
 995   35.81   47.89   160.20  1.1896E-001  5.3225E-001
 996   47.47   50.63   212.39  1.1896E-001  5.3225E-001
 997   63.95   49.65   286.14  1.1896E-001  5.3225E-001
 998   27.58   43.00   123.39  1.1896E-001  5.3225E-001
 999   26.45   42.99   118.34  1.1896E-001  5.3225E-001
1000   26.85   42.66   120.15  1.1896E-001  5.3225E-001
1001   33.54   40.22   150.06  1.1896E-001  5.3225E-001
1002   33.19   41.76   148.50  1.1896E-001  5.3225E-001
1003   37.77   41.82   169.01  1.1896E-001  5.3225E-001
1004   39.01   39.53   174.54  1.1896E-001  5.3225E-001
1005   54.49   39.55   243.78  1.1896E-001  5.3225E-001
1006   73.80   47.08   330.19  1.1896E-001  5.3225E-001
1007   44.03   36.46   196.98  1.1896E-001  5.3225E-001
1008   39.21   36.65   175.44  1.1896E-001  5.3225E-001
1009   28.40   33.59   127.05  1.1896E-001  5.3225E-001
1010   39.16   31.58   175.22  1.1896E-001  5.3225E-001
1011   66.03   43.63   295.44  1.1896E-001  5.3225E-001
1012   27.95   31.38   125.04  1.1896E-001  5.3225E-001
1013   20.87   30.48    93.39  1.1896E-001  5.3225E-001
1014   22.10   29.53    98.90  1.1896E-001  5.3225E-001
1015   31.68   29.65   141.74  1.1896E-001  5.3225E-001
1016   22.57   30.58   101.00  1.1896E-001  5.3225E-001
1017   34.12   32.25   152.65  1.1896E-001  5.3225E-001
1018   23.08   28.09   103.25  1.1896E-001  5.3225E-001
1019   21.02   23.47    94.03  1.1896E-001  5.3225E-001
1020   26.01   23.07   116.38  1.1896E-001  5.3225E-001
1021   28.11   23.81   125.77  1.1896E-001  5.3225E-001
1022   31.21   21.72   139.62  1.1896E-001  5.3225E-001
1023   31.87   22.35   142.60  1.1896E-001  5.3225E-001
1024   19.32   22.60    86.43  1.1896E-001  5.3225E-001
1025   20.58   22.28    92.09  1.1896E-001  5.3225E-001
1026   33.41   23.46   149.49  1.1896E-001  5.3225E-001
1027   20.13   20.56    90.08  1.1896E-001  5.3225E-001
1028   20.02   22.65    89.56  1.1896E-001  5.3225E-001
1029   18.26   21.73    81.68  1.1896E-001  5.3225E-001
1030   17.08   21.55    76.42  1.1896E-001  5.3225E-001
1031   18.23   23.68    81.55  1.1896E-001  5.3225E-001
1032   22.27   25.81    99.62  1.1896E-001  5.3225E-001
1033   22.50   20.04   100.68  1.1896E-001  5.3225E-001
1034   25.37   23.85   113.51  1.1896E-001  5.3225E-001
1035   29.94   21.36   133.95  1.1896E-001  5.3225E-001
1036   26.88   20.47   120.25  1.1896E-001  5.3225E-001
1037   30.23   22.23   135.24  1.1896E-001  5.3225E-001
1038   34.07   17.52   152.45  1.1896E-001  5.3225E-001
1039   32.46   20.99   145.21  1.1896E-001  5.3225E-001
1040   29.65   22.90   132.67  1.1896E-001  5.3225E-001
1041   30.51   22.89   136.52  1.1896E-001  5.3225E-001
1042   52.28   21.14   233.89  1.1896E-001  5.3225E-001
1043   50.07   17.79   224.02  1.1896E-001  5.3225E-001
1044   32.67   24.95   146.17  1.1896E-001  5.3225E-001
1045   21.47   26.86    96.06  1.1896E-001  5.3225E-001
1046   23.71   28.46   106.10  1.1896E-001  5.3225E-001
1047   41.95   27.33   187.67  1.1896E-001  5.3225E-001
1048   24.21   25.97   108.34  1.1896E-001  5.3225E-001
1049   30.30   29.65   135.58  1.1896E-001  5.3225E-001
1050   22.19   29.95    99.28  1.1896E-001  5.3225E-001
1051   21.20   32.49    94.87  1.1896E-001  5.3225E-001
1052   23.38   33.07   104.59  1.1896E-001  5.3225E-001
1053   31.80   31.06   142.27  1.1896E-001  5.3225E-001
1054   26.16   32.30   117.03  1.1896E-001  5.3225E-001
1055   27.70   37.65   123.94  1.1896E-001  5.3225E-001
1056   33.51   33.48   149.93  1.1896E-001  5.3225E-001
1057   28.22   36.63   126.24  1.1896E-001  5.3225E-001
1058   28.95   37.91   129.53  1.1896E-001  5.3225E-001
1059   53.41   42.31   238.97  1.1896E-001  5.3225E-001
1060   41.03   35.66   183.57  1.1896E-001  5.3225E-001
1061  111.44   49.30   498.61  1.1896E-001  5.3225E-001
1062   34.93   38.49   156.27  1.1896E-001  5.3225E-001
1063   25.02   39.69   111.96  1.1896E-001  5.3225E-001
1064   25.27   39.41   113.07  1.1896E-001  5.3225E-001
1065   25.34   40.44   113.37  1.1896E-001  5.3225E-001
1066   29.98   43.48   134.11  1.1896E-001  5.3225E-001
1067   34.79   51.15   155.64  1.1896E-001  5.3225E-001
1068   32.60   39.61   145.87  1.1896E-001  5.3225E-001
1069   22.78   38.22   101.92  1.1896E-001  5.3225E-001
1070   22.56   33.37   100.94  1.1896E-001  5.3225E-001
1071   23.59   33.08   105.55  1.1896E-001  5.3225E-001
1072   47.80   43.72   213.86  1.1896E-001  5.3225E-001
1073   26.92   32.63   120.43  1.1896E-001  5.3225E-001
1074   28.74   34.44   128.57  1.1896E-001  5.3225E-001
1075   25.47   36.32   113.94  1.1896E-001  5.3225E-001
1076   38.80   37.87   173.59  1.1896E-001  5.3225E-001
1077   66.12   37.70   295.81  1.1896E-001  5.3225E-001
1078   23.54   35.91   105.33  1.1896E-001  5.3225E-001
1079   21.07   32.90    94.28  1.1896E-001  5.3225E-001
1080   20.45   30.44    91.50  1.1896E-001  5.3225E-001
1081   28.33   32.84   126.75  1.1896E-001  5.3225E-001
1082   29.73   34.31   133.02  1.1896E-001  5.3225E-001
1083   40.99   36.00   183.38  1.1896E-001  5.3225E-001
1084   19.57   28.03    87.55  1.1896E-001  5.3225E-001
1085   14.51   27.58    64.90  1.1896E-001  5.3225E-001
1086   16.12   28.09    72.12  1.1896E-001  5.3225E-001
1087   20.71   30.10    92.67  1.1896E-001  5.3225E-001
1088   18.60   25.48    83.21  1.1896E-001  5.3225E-001
1089   17.65   29.78    78.97  1.1896E-001  5.3225E-001
1090   18.56   29.68    83.04  1.1896E-001  5.3225E-001
1091   18.39   28.78    82.29  1.1896E-001  5.3225E-001
1092   17.78   30.65    79.57  1.1896E-001  5.3225E-001
1093   23.12   34.04   103.42  1.1896E-001  5.3225E-001
1094   18.82   31.76    84.21  1.1896E-001  5.3225E-001
1095   20.59   32.50    92.13  1.1896E-001  5.3225E-001
1096   19.80   29.25    88.57  1.1896E-001  5.3225E-001
1097   25.65   30.42   114.75  1.1896E-001  5.3225E-001
1098   34.04   38.58   152.30  1.1896E-001  5.3225E-001
1099   88.56   51.01   396.25  1.1896E-001  5.3225E-001
1100   19.75   26.80    88.34  1.1896E-001  5.3225E-001
1101   16.73   24.42    74.85  1.1896E-001  5.3225E-001
1102   13.87   22.49    62.05  1.1896E-001  5.3225E-001
1103   18.93   24.37    84.72  1.1896E-001  5.3225E-001
1104   13.91   22.30    62.23  1.1896E-001  5.3225E-001
1105   11.25   21.33    50.35  1.1896E-001  5.3225E-001
1106   14.91   21.07    66.70  1.1896E-001  5.3225E-001
1107   19.43   22.45    86.93  1.1896E-001  5.3225E-001
1108   16.97   22.80    75.91  1.1896E-001  5.3225E-001
1109   17.34   22.49    77.57  1.1896E-001  5.3225E-001
1110   15.75   18.48    70.48  1.1896E-001  5.3225E-001
1111   15.56   17.92    69.62  1.1896E-001  5.3225E-001
1112   12.61   20.22    56.40  1.1896E-001  5.3225E-001
1113   18.30   21.64    81.89  1.1896E-001  5.3225E-001
1114   14.64   19.42    65.50  1.1896E-001  5.3225E-001
1115   12.54   18.01    56.09  1.1896E-001  5.3225E-001
1116   15.14   20.46    67.74  1.1896E-001  5.3225E-001
1117   25.31   23.59   113.25  1.1896E-001  5.3225E-001
1118   19.25   18.07    86.11  1.1896E-001  5.3225E-001
1119   16.18   16.75    72.39  1.1896E-001  5.3225E-001
1120   16.95   17.56    75.84  1.1896E-001  5.3225E-001
1121   15.64   19.78    69.96  1.1896E-001  5.3225E-001
1122   14.52   21.20    64.99  1.1896E-001  5.3225E-001
1123   23.58   22.04   105.51  1.1896E-001  5.3225E-001
1124   19.88   21.78    88.93  1.1896E-001  5.3225E-001
1125   13.27   22.17    59.36  1.1896E-001  5.3225E-001
1126   15.23   23.98    68.13  1.1896E-001  5.3225E-001
1127   24.63   24.71   110.20  1.1896E-001  5.3225E-001
1128   14.89   22.61    66.60  1.1896E-001  5.3225E-001
1129   13.01   24.07    58.21  1.1896E-001  5.3225E-001
1130   20.75   25.67    92.82  1.1896E-001  5.3225E-001
1131   18.06   25.89    80.81  1.1896E-001  5.3225E-001
1132   19.29   25.55    86.32  1.1896E-001  5.3225E-001
1133   27.48   24.76   122.93  1.1896E-001  5.3225E-001
1134   25.36   23.94   113.46  1.1896E-001  5.3225E-001
1135   23.44   19.91   104.88  1.1896E-001  5.3225E-001
1136   29.45   26.35   131.75  1.1896E-001  5.3225E-001
1137   30.66   29.67   137.16  1.1896E-001  5.3225E-001
1138   30.88   31.19   138.16  1.1896E-001  5.3225E-001
1139   43.15   35.37   193.05  1.1896E-001  5.3225E-001
1140   55.16   31.47   246.81  1.1896E-001  5.3225E-001
1141  134.45   41.79   601.55  1.1896E-001  5.3225E-001
1142   36.80   33.46   164.64  1.1896E-001  5.3225E-001
1143   36.07   34.40   161.36  1.1896E-001  5.3225E-001
1144   39.34   31.20   176.02  1.1896E-001  5.3225E-001
1145   52.82   28.14   236.32  1.1896E-001  5.3225E-001
1146   56.21   43.33   251.51  1.1896E-001  5.3225E-001
1147  142.83   51.68   639.03  1.1896E-001  5.3225E-001
1148   33.08   31.82   148.02  1.1896E-001  5.3225E-001
1149   24.15   32.56   108.06  1.1896E-001  5.3225E-001
1150   26.66   32.96   119.28  1.1896E-001  5.3225E-001
1151   24.94   35.60   111.58  1.1896E-001  5.3225E-001
1152   26.65   31.03   119.25  1.1896E-001  5.3225E-001
1153   33.11   35.66   148.15  1.1896E-001  5.3225E-001
1154   33.83   31.91   151.38  1.1896E-001  5.3225E-001
1155   28.08   30.61   125.62  1.1896E-001  5.3225E-001
1156   25.79   28.73   115.37  1.1896E-001  5.3225E-001
1157   30.40   32.12   135.99  1.1896E-001  5.3225E-001
1158   49.69   34.36   222.32  1.1896E-001  5.3225E-001
1159   64.09   36.08   286.75  1.1896E-001  5.3225E-001
1160   31.93   28.58   142.85  1.1896E-001  5.3225E-001
1161   23.86   31.15   106.74  1.1896E-001  5.3225E-001
1162   19.50   31.39    87.26  1.1896E-001  5.3225E-001
1163   28.25   28.22   126.38  1.1896E-001  5.3225E-001
1164   44.75   38.12   200.22  1.1896E-001  5.3225E-001
1165  164.29   57.77   735.03  1.1896E-001  5.3225E-001
1166   20.08   28.22    89.82  1.1896E-001  5.3225E-001
1167   17.73   28.25    79.32  1.1896E-001  5.3225E-001
1168   17.84   26.39    79.80  1.1896E-001  5.3225E-001
1169   23.51   27.53   105.18  1.1896E-001  5.3225E-001
1170   22.60   27.45   101.12  1.1896E-001  5.3225E-001
1171   21.64   25.07    96.83  1.1896E-001  5.3225E-001
1172   16.71   25.84    74.78  1.1896E-001  5.3225E-001
1173   15.95   28.59    71.38  1.1896E-001  5.3225E-001
1174   18.28   30.25    81.81  1.1896E-001  5.3225E-001
1175   25.75   30.52   115.21  1.1896E-001  5.3225E-001
1176   19.05   28.35    85.25  1.1896E-001  5.3225E-001
1177   32.30   30.23   144.49  1.1896E-001  5.3225E-001
1178   18.70   28.72    83.68  1.1896E-001  5.3225E-001
1179   20.55   25.77    91.96  1.1896E-001  5.3225E-001
1180   20.22   24.96    90.45  1.1896E-001  5.3225E-001
1181   28.39   26.74   127.02  1.1896E-001  5.3225E-001
1182   41.41   26.14   185.26  1.1896E-001  5.3225E-001
1183   18.08   22.79    80.89  1.1896E-001  5.3225E-001
1184   17.58   23.16    78.65  1.1896E-001  5.3225E-001
1185   15.40   23.12    68.89  1.1896E-001  5.3225E-001
1186   22.54   26.30   100.84  1.1896E-001  5.3225E-001
1187   31.31   21.83   140.09  1.1896E-001  5.3225E-001
1188   18.26   23.36    81.70  1.1896E-001  5.3225E-001
1189   13.82   25.09    61.83  1.1896E-001  5.3225E-001
1190   15.49   26.57    69.29  1.1896E-001  5.3225E-001
1191   19.76   29.74    88.41  1.1896E-001  5.3225E-001
1192   17.97   22.77    80.41  1.1896E-001  5.3225E-001
1193   18.56   26.30    83.04  1.1896E-001  5.3225E-001
1194   14.98   26.60    67.04  1.1896E-001  5.3225E-001
1195   16.94   27.15    75.78  1.1896E-001  5.3225E-001
1196   19.11   27.83    85.50  1.1896E-001  5.3225E-001
1197   23.67   25.90   105.88  1.1896E-001  5.3225E-001
1198   21.55   26.29    96.42  1.1896E-001  5.3225E-001
1199   26.26   28.50   117.48  1.1896E-001  5.3225E-001
1200   24.27   27.94   108.58  1.1896E-001  5.3225E-001
1201   20.74   30.60    92.78  1.1896E-001  5.3225E-001
1202   19.31   29.26    86.39  1.1896E-001  5.3225E-001
1203   27.19   29.45   121.63  1.1896E-001  5.3225E-001
1204   41.03   33.32   183.56  1.1896E-001  5.3225E-001
1205  108.49   41.81   485.39  1.1896E-001  5.3225E-001
1206   16.01   28.13    71.62  1.1896E-001  5.3225E-001
1207   15.37   27.40    68.79  1.1896E-001  5.3225E-001
1208   16.02   26.26    71.66  1.1896E-001  5.3225E-001
1209   22.12   28.53    98.97  1.1896E-001  5.3225E-001
1210   21.15   28.32    94.61  1.1896E-001  5.3225E-001
1211   15.86   25.81    70.97  1.1896E-001  5.3225E-001
1212   16.50   25.91    73.81  1.1896E-001  5.3225E-001
1213   20.59   28.72    92.13  1.1896E-001  5.3225E-001
1214   27.32   26.77   122.23  1.1896E-001  5.3225E-001
1215   23.16   26.10   103.63  1.1896E-001  5.3225E-001
1216   22.83   28.60   102.13  1.1896E-001  5.3225E-001
1217   20.12   32.22    90.02  1.1896E-001  5.3225E-001
1218   23.90   33.15   106.94  1.1896E-001  5.3225E-001
1219   24.03   32.88   107.49  1.1896E-001  5.3225E-001
1220   37.29   33.64   166.84  1.1896E-001  5.3225E-001
1221   36.01   35.14   161.09  1.1896E-001  5.3225E-001
1222   37.91   37.81   169.61  1.1896E-001  5.3225E-001
1223   20.50   33.97    91.74  1.1896E-001  5.3225E-001
1224   21.26   36.33    95.14  1.1896E-001  5.3225E-001
1225   22.53   37.55   100.82  1.1896E-001  5.3225E-001
1226   29.39   36.18   131.47  1.1896E-001  5.3225E-001
1227   32.66   38.81   146.13  1.1896E-001  5.3225E-001
1228   44.06   48.54   197.14  1.1896E-001  5.3225E-001
1229   18.69   35.83    83.61  1.1896E-001  5.3225E-001
1230   19.86   30.91    88.85  1.1896E-001  5.3225E-001
1231   21.58   30.18    96.57  1.1896E-001  5.3225E-001
1232   28.25   31.92   126.40  1.1896E-001  5.3225E-001
1233   22.84   30.58   102.19  1.1896E-001  5.3225E-001
1234   25.65   28.97   114.76  1.1896E-001  5.3225E-001
1235   22.37   29.70   100.07  1.1896E-001  5.3225E-001
1236   23.03   33.81   103.06  1.1896E-001  5.3225E-001
1237   28.67   40.62   128.28  1.1896E-001  5.3225E-001
1238   34.31   42.35   153.50  1.1896E-001  5.3225E-001
1239   36.64   32.90   163.93  1.1896E-001  5.3225E-001
1240   46.24   43.23   206.87  1.1896E-001  5.3225E-001
1241   28.49   42.31   127.49  1.1896E-001  5.3225E-001
1242   41.32   43.39   184.88  1.1896E-001  5.3225E-001
1243   42.90   41.69   191.95  1.1896E-001  5.3225E-001
1244   70.38   45.27   314.91  1.1896E-001  5.3225E-001
1245   59.25   46.33   265.11  1.1896E-001  5.3225E-001
1246  109.78   63.45   491.17  1.1896E-001  5.3225E-001
1247   38.53   39.53   172.40  1.1896E-001  5.3225E-001
1248   40.10   37.10   179.41  1.1896E-001  5.3225E-001
1249   42.08   38.84   188.26  1.1896E-001  5.3225E-001
1250   72.95   39.32   326.39  1.1896E-001  5.3225E-001
1251   50.42   39.43   225.57  1.1896E-001  5.3225E-001
1252   36.67   40.32   164.06  1.1896E-001  5.3225E-001
1253   34.93   38.05   156.28  1.1896E-001  5.3225E-001
1254   39.21   36.83   175.43  1.1896E-001  5.3225E-001
1255   33.03   37.71   147.77  1.1896E-001  5.3225E-001
1256   37.13   36.98   166.11  1.1896E-001  5.3225E-001
1257   25.48   36.76   114.00  1.1896E-001  5.3225E-001
1258   25.84   33.27   115.59  1.1896E-001  5.3225E-001
1259   25.57   32.25   114.42  1.1896E-001  5.3225E-001
1260   32.23   32.95   144.22  1.1896E-001  5.3225E-001
1261   33.94   32.08   151.87  1.1896E-001  5.3225E-001
1262   42.47   34.87   190.01  1.1896E-001  5.3225E-001
1263   29.13   29.13   130.33  1.1896E-001  5.3225E-001
1264   26.10   29.54   116.77  1.1896E-001  5.3225E-001
1265   26.35   33.21   117.92  1.1896E-001  5.3225E-001
1266   33.79   32.57   151.18  1.1896E-001  5.3225E-001
1267   37.97   26.47   169.87  1.1896E-001  5.3225E-001
1268   45.47   21.71   203.42  1.1896E-001  5.3225E-001
1269   28.99   34.34   129.72  1.1896E-001  5.3225E-001
1270   30.69   34.77   137.31  1.1896E-001  5.3225E-001
1271   29.66   31.76   132.70  1.1896E-001  5.3225E-001
1272   38.81   34.43   173.65  1.1896E-001  5.3225E-001
1273   46.95   38.94   210.05  1.1896E-001  5.3225E-001
1274   71.99   45.22   322.09  1.1896E-001  5.3225E-001
1275   28.37   33.00   126.92  1.1896E-001  5.3225E-001
1276   30.86   33.66   138.08  1.1896E-001  5.3225E-001
1277   29.38   36.46   131.46  1.1896E-001  5.3225E-001
1278   40.25   40.92   180.09  1.1896E-001  5.3225E-001
1279   53.21   28.36   238.05  1.1896E-001  5.3225E-001
1280   25.34   35.37   113.38  1.1896E-001  5.3225E-001
1281   25.69   33.44   114.95  1.1896E-001  5.3225E-001
1282   25.82   30.65   115.51  1.1896E-001  5.3225E-001
1283   33.66   29.62   150.61  1.1896E-001  5.3225E-001
1284   30.69   35.25   137.32  1.1896E-001  5.3225E-001
1285   44.84   39.65   200.63  1.1896E-001  5.3225E-001
1286   23.19   30.91   103.77  1.1896E-001  5.3225E-001
1287   23.40   32.81   104.71  1.1896E-001  5.3225E-001
1288   26.52   35.09   118.64  1.1896E-001  5.3225E-001
1289   32.47   34.07   145.27  1.1896E-001  5.3225E-001
1290   28.26   27.62   126.44  1.1896E-001  5.3225E-001
1291   28.06   37.99   125.53  1.1896E-001  5.3225E-001
1292   31.14   40.99   139.33  1.1896E-001  5.3225E-001
1293   32.77   39.78   146.60  1.1896E-001  5.3225E-001
1294   42.49   41.62   190.09  1.1896E-001  5.3225E-001
1295   54.06   44.64   241.86  1.1896E-001  5.3225E-001
1296  239.77   63.58  1072.75  1.1896E-001  5.3225E-001
1297   34.03   38.61   152.26  1.1896E-001  5.3225E-001
1298   38.01   37.64   170.06  1.1896E-001  5.3225E-001
1299   40.79   36.27   182.50  1.1896E-001  5.3225E-001
1300   76.44   39.53   342.00  1.1896E-001  5.3225E-001
1301   57.53   39.70   257.38  1.1896E-001  5.3225E-001
1302  162.09   52.03   725.20  1.1896E-001  5.3225E-001
1303   31.50   35.40   140.95  1.1896E-001  5.3225E-001
1304   29.33   31.38   131.22  1.1896E-001  5.3225E-001
1305   37.85   31.44   169.36  1.1896E-001  5.3225E-001
1306   56.95   30.83   254.82  1.1896E-001  5.3225E-001
1307   31.55   29.01   141.15  1.1896E-001  5.3225E-001
1308   31.17   27.18   139.44  1.1896E-001  5.3225E-001
1309   38.67   33.94   173.03  1.1896E-001  5.3225E-001
1310   30.24   34.98   135.31  1.1896E-001  5.3225E-001
1311   35.61   36.68   159.34  1.1896E-001  5.3225E-001
1312   43.55   37.51   194.83  1.1896E-001  5.3225E-001
1313   30.32   33.09   135.68  1.1896E-001  5.3225E-001
1314   30.09   31.69   134.64  1.1896E-001  5.3225E-001
1315   53.02   40.80   237.21  1.1896E-001  5.3225E-001
1316   58.00   44.43   259.50  1.1896E-001  5.3225E-001
1317   79.77   43.60   356.89  1.1896E-001  5.3225E-001
1318  150.10   47.96   671.57  1.1896E-001  5.3225E-001
1319  105.09   51.75   470.17  1.1896E-001  5.3225E-001
1320  120.01   68.86   536.94  1.1896E-001  5.3225E-001
1321   76.78   39.81   343.52  1.1896E-001  5.3225E-001
1322   56.47   37.52   252.66  1.1896E-001  5.3225E-001
1323   56.61   36.69   253.27  1.1896E-001  5.3225E-001
1324   46.34   37.24   207.33  1.1896E-001  5.3225E-001
1325   69.27   36.29   309.93  1.1896E-001  5.3225E-001
1326   62.44   40.91   279.36  1.1896E-001  5.3225E-001
1327   79.68   34.87   356.48  1.1896E-001  5.3225E-001
1328   54.66   32.53   244.56  1.1896E-001  5.3225E-001
1329   44.85   29.08   200.65  1.1896E-001  5.3225E-001
1330   54.28   27.19   242.87  1.1896E-001  5.3225E-001
1331   77.97   33.89   348.87  1.1896E-001  5.3225E-001
1332   62.50   36.14   279.63  1.1896E-001  5.3225E-001
1333   42.43   28.28   189.83  1.1896E-001  5.3225E-001
1334   27.77   28.29   124.26  1.1896E-001  5.3225E-001
1335   26.97   26.34   120.67  1.1896E-001  5.3225E-001
1336   34.46   26.41   154.16  1.1896E-001  5.3225E-001
1337   30.69   30.68   137.30  1.1896E-001  5.3225E-001
1338   25.09   28.56   112.24  1.1896E-001  5.3225E-001
1339   30.59   24.89   136.88  1.1896E-001  5.3225E-001
1340   24.86   24.60   111.22  1.1896E-001  5.3225E-001
1341   27.48   27.25   122.96  1.1896E-001  5.3225E-001
1342   33.07   24.16   147.97  1.1896E-001  5.3225E-001
1343   36.75   25.78   164.44  1.1896E-001  5.3225E-001
1344   51.90   31.65   232.19  1.1896E-001  5.3225E-001
1345   35.77   31.30   160.06  1.1896E-001  5.3225E-001
1346   47.14   35.43   210.90  1.1896E-001  5.3225E-001
1347   57.10   41.74   255.47  1.1896E-001  5.3225E-001
1348   77.72   42.67   347.72  1.1896E-001  5.3225E-001
1349   89.56   47.86   400.68  1.1896E-001  5.3225E-001
1350  118.58   53.26   530.55  1.1896E-001  5.3225E-001
1351  113.49   54.11   507.75  1.1896E-001  5.3225E-001
1352  135.66   54.48   606.98  1.1896E-001  5.3225E-001
1353  211.90   57.29   948.09  1.1896E-001  5.3225E-001
1354  605.12   62.67  2707.37  1.1896E-001  5.3225E-001
