    1  1.974711671E+003
    2  1.170943585E+003
    3  6.445399515E+002
    4  6.350236323E+002
    5  2.295702695E+003
    6  5.342351966E+002
    7  2.979707546E+002
    8  3.315800507E+002
    9  5.899438458E+002
   10  3.440314485E+002
   11  2.846078396E+002
   12  3.472527052E+002
   13  2.527367049E+002
   14  2.693440070E+002
   15  3.463254357E+002
   16  2.362151526E+002
   17  2.708587968E+002
   18  3.729396541E+002
   19  3.825627744E+002
   20  2.510667898E+002
   21  2.705375352E+002
   22  9.925265736E+002
   23  2.746012959E+002
   24  1.858971248E+002
   25  1.685737968E+002
   26  2.624498047E+002
   27  2.757348861E+002
   28  2.632287015E+002
   29  1.624424432E+002
   30  1.246141050E+002
   31  1.425668278E+002
   32  2.218482303E+002
   33  1.440745252E+002
   34  1.193530296E+002
   35  1.603907393E+002
   36  1.107461455E+002
   37  1.163283609E+002
   38  1.504927088E+002
   39  1.785328630E+002
   40  2.727192632E+002
   41  1.274135027E+002
   42  9.697865750E+001
   43  1.176215863E+002
   44  1.769854016E+002
   45  1.336117740E+002
   46  1.040364638E+002
   47  1.165938639E+002
   48  1.101503586E+002
   49  9.563354917E+001
   50  1.665410933E+002
   51  1.277115715E+002
   52  1.065449112E+002
   53  1.375399334E+002
   54  1.649780887E+002
   55  1.348033361E+002
   56  1.174594195E+002
   57  1.096255164E+002
   58  1.158887724E+002
   59  1.484390410E+002
   60  1.864091995E+002
   61  1.505128590E+002
   62  1.764106354E+002
   63  1.733169997E+002
   64  1.287216930E+002
   65  1.624330635E+002
   66  2.256290874E+002
   67  1.800258237E+002
   68  1.673117555E+002
   69  1.851055625E+002
   70  1.529476368E+002
   71  1.732989730E+002
   72  2.983311001E+002
   73  2.591348588E+002
   74  2.136848916E+002
   75  1.852779181E+002
   76  1.667897082E+002
   77  1.640234077E+002
   78  1.913051519E+002
   79  1.956040198E+002
   80  1.984044659E+002
   81  1.973265782E+002
   82  1.641292247E+002
   83  1.730803820E+002
   84  2.439288594E+002
   85  2.730211432E+002
   86  1.895935830E+002
   87  1.569261377E+002
   88  1.674441113E+002
   89  1.986130041E+002
   90  1.976127469E+002
   91  1.826937335E+002
   92  1.529157060E+002
   93  1.188088734E+002
   94  1.208126180E+002
   95  1.576322985E+002
   96  1.662946761E+002
   97  2.270331847E+002
   98  1.405218854E+002
   99  9.826521724E+001
  100  1.119233170E+002
  101  1.687899349E+002
  102  1.224000072E+002
  103  1.395276541E+002
  104  1.431691206E+002
  105  1.273668062E+002
  106  1.464460179E+002
  107  1.893355452E+002
  108  1.565218251E+002
  109  2.023451121E+002
  110  1.853522026E+002
  111  1.915961913E+002
  112  2.682870482E+002
  113  3.983885263E+002
  114  2.616238878E+002
  115  3.379069667E+002
  116  2.852842331E+002
  117  3.738552032E+002
  118  5.182204900E+002
  119  5.154987693E+002
  120  4.252701640E+002
  121  4.917077446E+002
  122  8.187020140E+002
  123  1.014822771E+003
  124  8.846647481E+002
  125  1.348742722E+003
  126  1.828692341E+003
  127  8.034392626E+002
  128  8.640530520E+002
  129  7.626971659E+002
  130  1.184341826E+003
  131  1.172347170E+003
  132  3.039259567E+003
  133  6.230314993E+002
  134  5.556854200E+002
  135  4.473392863E+002
  136  5.350016578E+002
  137  4.382715487E+002
  138  3.983759970E+002
  139  3.091464823E+002
  140  3.269157490E+002
  141  5.601521246E+002
  142  1.548287074E+003
  143  3.405012404E+002
  144  2.036387852E+002
  145  2.096767649E+002
  146  3.587927589E+002
  147  2.513009591E+002
  148  2.626195055E+002
  149  1.824274205E+002
  150  1.721010666E+002
  151  1.477224142E+002
  152  1.845057257E+002
  153  2.900720372E+002
  154  2.916606050E+002
  155  1.748282767E+002
  156  1.575894753E+002
  157  1.516779303E+002
  158  1.496957309E+002
  159  1.532930171E+002
  160  1.266167349E+002
  161  1.350067374E+002
  162  1.934933880E+002
  163  1.983497810E+002
  164  2.263119936E+002
  165  1.361440902E+002
  166  1.198607292E+002
  167  1.245241960E+002
  168  1.993895722E+002
  169  1.272491997E+002
  170  1.588663630E+002
  171  1.295208520E+002
  172  1.238318528E+002
  173  1.397145573E+002
  174  2.088966754E+002
  175  1.550307546E+002
  176  1.734152575E+002
  177  1.288781922E+002
  178  1.341981066E+002
  179  1.406352556E+002
  180  2.027285335E+002
  181  1.973547830E+002
  182  2.722094597E+002
  183  1.619722716E+002
  184  1.390867096E+002
  185  1.380052133E+002
  186  1.969695417E+002
  187  2.230096930E+002
  188  2.510497168E+002
  189  1.302852325E+002
  190  1.602209821E+002
  191  1.338086665E+002
  192  1.722288587E+002
  193  1.281314213E+002
  194  1.442780342E+002
  195  1.543158681E+002
  196  1.953654430E+002
  197  1.867546450E+002
  198  2.206951386E+002
  199  1.351070612E+002
  200  1.405217842E+002
  201  1.387925376E+002
  202  2.054242563E+002
  203  1.718855271E+002
  204  2.885129528E+002
  205  1.180089131E+002
  206  1.137014612E+002
  207  1.284948545E+002
  208  1.518352156E+002
  209  1.664657681E+002
  210  1.590911844E+002
  211  1.184058279E+002
  212  1.294408487E+002
  213  1.426653651E+002
  214  1.920362897E+002
  215  1.595030625E+002
  216  1.962812133E+002
  217  1.707160563E+002
  218  1.705979150E+002
  219  1.735238119E+002
  220  2.644677249E+002
  221  2.764063864E+002
  222  5.867557633E+002
  223  1.539408621E+002
  224  1.621820062E+002
  225  1.823625138E+002
  226  3.403882506E+002
  227  2.112632409E+002
  228  3.512575718E+002
  229  1.432022391E+002
  230  1.602128320E+002
  231  2.146068801E+002
  232  3.379915746E+002
  233  1.898422843E+002
  234  1.498581969E+002
  235  1.781640052E+002
  236  2.403870055E+002
  237  3.344589104E+002
  238  5.934928091E+002
  239  4.479480497E+002
  240  1.426229523E+003
  241  2.896760958E+002
  242  1.762247752E+002
  243  2.228325763E+002
  244  2.671009813E+002
  245  1.985206379E+002
  246  1.696798086E+002
  247  2.329604938E+002
  248  2.086653914E+002
  249  1.668977851E+002
  250  2.265053731E+002
  251  3.377789985E+002
  252  2.111830522E+002
  253  1.532288313E+002
  254  1.982045658E+002
  255  2.574493923E+002
  256  1.570677577E+002
  257  1.373398954E+002
  258  1.893018081E+002
  259  1.881878806E+002
  260  2.111737103E+002
  261  2.511807361E+002
  262  2.531975893E+002
  263  3.050838722E+002
  264  2.685112302E+002
  265  1.615544681E+002
  266  1.841490676E+002
  267  3.328867065E+002
  268  1.885288935E+002
  269  1.390774183E+002
  270  1.734196152E+002
  271  1.537641770E+002
  272  1.741723014E+002
  273  1.914874933E+002
  274  1.990197698E+002
  275  2.462776718E+002
  276  2.256207710E+002
  277  1.580346882E+002
  278  1.682354018E+002
  279  3.382555907E+002
  280  2.349526113E+002
  281  1.792053447E+002
  282  1.570467732E+002
  283  1.841440992E+002
  284  2.083988412E+002
  285  1.606300313E+002
  286  1.679344335E+002
  287  1.764624718E+002
  288  1.861190001E+002
  289  1.762737181E+002
  290  2.039600064E+002
  291  2.805530572E+002
  292  3.942038935E+002
  293  1.741405979E+002
  294  1.720612740E+002
  295  1.720852624E+002
  296  2.209873772E+002
  297  1.939756190E+002
  298  2.620304501E+002
  299  2.104810940E+002
  300  2.164307330E+002
  301  2.140663504E+002
  302  3.643098725E+002
  303  2.914791716E+002
  304  3.053626458E+002
  305  2.075218687E+002
  306  1.706518873E+002
  307  1.539374571E+002
  308  2.504048385E+002
  309  2.777011328E+002
  310  1.474255054E+002
  311  1.416257162E+002
  312  1.300387703E+002
  313  1.605246872E+002
  314  1.530718710E+002
  315  1.288154093E+002
  316  2.063213825E+002
  317  1.814389111E+002
  318  1.882731427E+002
  319  2.247450907E+002
  320  2.933631631E+002
  321  4.127213953E+002
  322  2.310199449E+002
  323  1.993228454E+002
  324  2.067739984E+002
  325  2.237537800E+002
  326  3.037790643E+002
  327  2.578121908E+002
  328  1.927767639E+002
  329  1.507012072E+002
  330  1.467609177E+002
  331  1.835969735E+002
  332  1.790795229E+002
  333  1.737725859E+002
  334  1.314033102E+002
  335  1.220848655E+002
  336  1.517435661E+002
  337  1.797412869E+002
  338  1.453521058E+002
  339  1.169027353E+002
  340  1.659099878E+002
  341  2.205610819E+002
  342  2.443722263E+002
  343  3.964269632E+002
  344  3.315357799E+002
  345  4.026948116E+002
  346  2.276864268E+002
  347  2.622786874E+002
  348  2.666362960E+002
  349  4.716706154E+002
  350  3.604950453E+002
  351  1.852873942E+002
  352  2.140326023E+002
  353  2.429695144E+002
  354  3.178644609E+002
  355  3.762243224E+002
  356  6.700534655E+002
  357  2.202481145E+002
  358  2.181658198E+002
  359  2.072378165E+002
  360  2.791031574E+002
  361  3.240908810E+002
  362  6.130662471E+002
  363  1.982037483E+002
  364  1.185738617E+002
  365  1.538962769E+002
  366  1.793161823E+002
  367  1.524819799E+002
  368  1.418331083E+002
  369  1.448842722E+002
  370  1.119257079E+002
  371  1.113263766E+002
  372  1.831393174E+002
  373  1.711680375E+002
  374  2.199193270E+002
  375  1.304313257E+002
  376  1.030347491E+002
  377  1.311500632E+002
  378  1.525856101E+002
  379  1.197328817E+002
  380  1.298266869E+002
  381  9.727281905E+001
  382  1.168921488E+002
  383  2.094799558E+002
  384  1.399109740E+002
  385  1.482741495E+002
  386  1.297013829E+002
  387  1.007605384E+002
  388  1.263720448E+002
  389  1.526814813E+002
  390  1.602071439E+002
  391  1.256404998E+002
  392  1.663307367E+002
  393  1.222774765E+002
  394  1.615385954E+002
  395  2.143359088E+002
  396  1.481787297E+002
  397  1.540199861E+002
  398  1.618264521E+002
  399  1.733941333E+002
  400  1.480449886E+002
  401  2.509517374E+002
  402  1.984341766E+002
  403  2.427801678E+002
  404  1.718040069E+002
  405  1.448804399E+002
  406  1.294786511E+002
  407  1.703801318E+002
  408  1.767336012E+002
  409  1.892585117E+002
  410  1.878468649E+002
  411  1.291759496E+002
  412  1.376108689E+002
  413  1.993810235E+002
  414  1.472230306E+002
  415  1.844795096E+002
  416  1.354820713E+002
  417  1.275539157E+002
  418  1.559674979E+002
  419  1.985257945E+002
  420  1.764361322E+002
  421  1.500883454E+002
  422  1.825610517E+002
  423  1.585426002E+002
  424  2.108658951E+002
  425  2.270880565E+002
  426  1.804463291E+002
  427  2.081073516E+002
  428  2.728919515E+002
  429  2.476629251E+002
  430  2.525959157E+002
  431  3.126301589E+002
  432  4.363893552E+002
  433  6.171536066E+002
  434  3.243968186E+002
  435  3.023612946E+002
  436  2.514050630E+002
  437  3.333217282E+002
  438  4.915262485E+002
  439  9.540793739E+002
  440  2.237502229E+002
  441  1.812069502E+002
  442  1.839390940E+002
  443  2.329334606E+002
  444  2.003316297E+002
  445  4.681675761E+002
  446  1.712001279E+002
  447  1.843996984E+002
  448  2.343196169E+002
  449  3.350368874E+002
  450  2.661841558E+002
  451  3.123852984E+002
  452  2.476406325E+002
  453  3.226224984E+002
  454  3.311500129E+002
  455  5.749105342E+002
  456  4.802009251E+002
  457  1.570156811E+003
  458  3.125791959E+002
  459  2.571925913E+002
  460  2.465657638E+002
  461  3.630285919E+002
  462  3.654201295E+002
  463  5.140624420E+002
  464  2.547554524E+002
  465  1.631283262E+002
  466  2.017369768E+002
  467  2.695723401E+002
  468  1.986048296E+002
  469  1.651448325E+002
  470  1.765114742E+002
  471  1.462452488E+002
  472  1.596957754E+002
  473  2.063008635E+002
  474  2.264945810E+002
  475  1.996827865E+002
  476  1.223101926E+002
  477  1.530165259E+002
  478  2.030035276E+002
  479  1.480507363E+002
  480  1.324802627E+002
  481  1.532780547E+002
  482  1.315924261E+002
  483  1.620528746E+002
  484  2.080419083E+002
  485  1.401650497E+002
  486  1.383191375E+002
  487  1.824607129E+002
  488  1.702412214E+002
  489  1.836795122E+002
  490  1.850192376E+002
  491  2.536434385E+002
  492  3.811957168E+002
  493  2.096668457E+002
  494  1.419054556E+002
  495  1.538300495E+002
  496  2.899040051E+002
  497  1.981529452E+002
  498  1.776525459E+002
  499  1.492541711E+002
  500  1.492637642E+002
  501  1.830532357E+002
  502  2.512246633E+002
  503  1.991602279E+002
  504  1.490256039E+002
  505  2.065311703E+002
  506  1.281333357E+002
  507  1.419921421E+002
  508  2.270760062E+002
  509  1.595407540E+002
  510  2.165962988E+002
  511  1.857956644E+002
  512  1.565644645E+002
  513  1.791198375E+002
  514  2.495495974E+002
  515  2.887541839E+002
  516  1.939205765E+002
  517  1.572614769E+002
  518  1.853770775E+002
  519  2.481220691E+002
  520  1.693746076E+002
  521  1.893675141E+002
  522  1.519168845E+002
  523  1.523966624E+002
  524  2.028868421E+002
  525  2.067604765E+002
  526  2.361544690E+002
  527  1.504497392E+002
  528  1.113009420E+002
  529  1.359726296E+002
  530  1.905540790E+002
  531  1.315848370E+002
  532  1.521025238E+002
  533  1.382297606E+002
  534  1.079341802E+002
  535  1.136980765E+002
  536  1.670966670E+002
  537  1.422703529E+002
  538  1.545767783E+002
  539  1.436682933E+002
  540  1.059658653E+002
  541  1.345648093E+002
  542  1.689676168E+002
  543  1.418416445E+002
  544  1.443768014E+002
  545  1.370032798E+002
  546  1.008734788E+002
  547  1.334042398E+002
  548  2.104711261E+002
  549  1.543918684E+002
  550  1.337078615E+002
  551  1.654960420E+002
  552  1.178206058E+002
  553  1.723174322E+002
  554  2.020139871E+002
  555  1.529519857E+002
  556  2.048538000E+002
  557  2.002671437E+002
  558  2.142824107E+002
  559  2.836367644E+002
  560  3.509219051E+002
  561  2.684328234E+002
  562  2.786105296E+002
  563  3.522592256E+002
  564  4.602905497E+002
  565  4.184177523E+002
  566  1.186884813E+003
  567  4.718623515E+002
  568  8.180403887E+002
  569  5.831367848E+002
  570  1.185486105E+003
  571  4.589999133E+002
  572  3.044659560E+002
  573  3.103399685E+002
  574  3.712849441E+002
  575  2.830034837E+002
  576  2.732019358E+002
  577  4.344840209E+002
  578  4.560257867E+002
  579  3.588296338E+002
  580  4.928762994E+002
  581  7.343208978E+002
  582  5.945732083E+002
  583  2.629944329E+002
  584  1.735014127E+002
  585  2.028274673E+002
  586  2.852081839E+002
  587  2.009148303E+002
  588  1.541487570E+002
  589  2.340867834E+002
  590  1.716539539E+002
  591  1.780420152E+002
  592  2.205799085E+002
  593  2.389049274E+002
  594  5.333459781E+002
  595  2.466044639E+002
  596  2.188124966E+002
  597  2.314162394E+002
  598  4.809553702E+002
  599  2.755355833E+002
  600  2.767223775E+002
  601  2.766716976E+002
  602  2.350623658E+002
  603  2.471348129E+002
  604  2.575179925E+002
  605  3.174272335E+002
  606  3.120513777E+002
  607  2.901355130E+002
  608  2.368460760E+002
  609  2.327081886E+002
  610  2.779028516E+002
  611  3.078432690E+002
  612  3.071945367E+002
  613  3.059364093E+002
  614  3.154751235E+002
  615  2.588746698E+002
  616  4.356836174E+002
  617  5.571921877E+002
  618  1.496443913E+003
  619  2.550697274E+002
  620  2.024901160E+002
  621  1.897413129E+002
  622  2.952569406E+002
  623  2.559940467E+002
  624  2.625365215E+002
  625  1.633121689E+002
  626  1.665492800E+002
  627  1.983547110E+002
  628  2.346698114E+002
  629  1.685928226E+002
  630  1.530303403E+002
  631  2.158447188E+002
  632  2.186178175E+002
  633  2.464578406E+002
  634  3.714118651E+002
  635  3.241081964E+002
  636  2.912034343E+002
  637  3.354428617E+002
  638  2.652464816E+002
  639  4.427921571E+002
  640  2.167566071E+002
  641  1.789506653E+002
  642  1.895776334E+002
  643  2.422082247E+002
  644  2.011269579E+002
  645  2.908032262E+002
  646  1.945822586E+002
  647  1.370702354E+002
  648  1.417586338E+002
  649  1.747744066E+002
  650  2.045116015E+002
  651  3.645771381E+002
  652  1.476172129E+002
  653  1.072669524E+002
  654  1.341364180E+002
  655  1.971092588E+002
  656  1.402744813E+002
  657  1.518936498E+002
  658  1.355803656E+002
  659  1.234526107E+002
  660  1.161017801E+002
  661  1.812441407E+002
  662  1.280800990E+002
  663  1.050970651E+002
  664  1.236214719E+002
  665  1.773288228E+002
  666  1.352692786E+002
  667  1.330717466E+002
  668  1.462147400E+002
  669  1.261549364E+002
  670  1.495995647E+002
  671  2.009599672E+002
  672  1.691742452E+002
  673  1.710083239E+002
  674  1.723440253E+002
  675  1.600247813E+002
  676  1.694565688E+002
  677  1.881637559E+002
  678  2.150380917E+002
  679  4.924630900E+002
  680  2.283260439E+002
  681  2.414969236E+002
  682  1.925501430E+002
  683  3.332116146E+002
  684  1.737129467E+002
  685  1.773008638E+002
  686  1.938689239E+002
  687  1.792442876E+002
  688  1.994707248E+002
  689  2.026262463E+002
  690  2.828227355E+002
  691  1.780462430E+002
  692  1.524725747E+002
  693  1.944771680E+002
  694  2.498332168E+002
  695  1.871856195E+002
  696  1.766788181E+002
  697  1.362000950E+002
  698  1.356347994E+002
  699  1.550550175E+002
  700  1.424227561E+002
  701  1.527789914E+002
  702  1.315379642E+002
  703  1.226969942E+002
  704  1.453739451E+002
  705  1.857205629E+002
  706  1.591992670E+002
  707  1.786140324E+002
  708  1.374768126E+002
  709  1.543879662E+002
  710  1.585524878E+002
  711  2.091603239E+002
  712  2.524740386E+002
  713  1.379138891E+002
  714  1.521566246E+002
  715  1.519687974E+002
  716  2.379417022E+002
  717  2.109205836E+002
  718  3.190423106E+002
  719  1.276635747E+002
  720  1.230369565E+002
  721  1.360529855E+002
  722  1.774914017E+002
  723  1.787430777E+002
  724  1.374334041E+002
  725  1.592309565E+002
  726  1.773829388E+002
  727  2.592018991E+002
  728  2.440836434E+002
  729  2.485194575E+002
  730  2.066976763E+002
  731  2.190742110E+002
  732  2.142288458E+002
  733  3.350603636E+002
  734  3.208561358E+002
  735  4.988705872E+002
  736  2.074958961E+002
  737  2.202489881E+002
  738  1.849181728E+002
  739  3.035408542E+002
  740  3.038184927E+002
  741  4.737105368E+002
  742  1.905148230E+002
  743  1.595683031E+002
  744  1.704319124E+002
  745  2.036350749E+002
  746  1.803244360E+002
  747  2.054813775E+002
  748  1.646453503E+002
  749  1.496213596E+002
  750  2.035911989E+002
  751  2.537103990E+002
  752  2.264962654E+002
  753  1.999566222E+002
  754  2.341747446E+002
  755  2.678575356E+002
  756  3.117587832E+002
  757  6.343897615E+002
  758  3.851104692E+002
  759  4.121866761E+002
  760  2.725348625E+002
  761  2.576993359E+002
  762  2.956462797E+002
  763  4.202690579E+002
  764  3.048298740E+002
  765  5.517144111E+002
  766  2.933493544E+002
  767  3.685581855E+002
  768  2.398585736E+002
  769  3.220898428E+002
  770  2.071697750E+002
  771  1.601183452E+002
  772  1.959319919E+002
  773  2.685412901E+002
  774  1.718143664E+002
  775  1.728556089E+002
  776  2.052013179E+002
  777  1.665678516E+002
  778  1.704830347E+002
  779  2.207299740E+002
  780  2.348948428E+002
  781  3.549447945E+002
  782  1.866454340E+002
  783  1.403868574E+002
  784  1.805156828E+002
  785  2.108265347E+002
  786  1.636826857E+002
  787  1.653163049E+002
  788  1.684330213E+002
  789  1.625665824E+002
  790  1.848478552E+002
  791  1.990306197E+002
  792  2.236117825E+002
  793  2.864504411E+002
  794  2.193722865E+002
  795  1.599968783E+002
  796  1.844003327E+002
  797  3.784589701E+002
  798  2.267225774E+002
  799  1.621735512E+002
  800  1.448402447E+002
  801  1.777047056E+002
  802  2.203400085E+002
  803  1.735121738E+002
  804  1.808001617E+002
  805  2.369281486E+002
  806  2.190124300E+002
  807  1.775731914E+002
  808  2.668814197E+002
  809  4.983431333E+002
  810  2.457879973E+002
  811  2.034739410E+002
  812  1.742091079E+002
  813  2.023829969E+002
  814  2.457275756E+002
  815  2.940157542E+002
  816  1.974012868E+002
  817  1.544052190E+002
  818  1.642965345E+002
  819  2.119685966E+002
  820  1.870723605E+002
  821  2.151252500E+002
  822  1.965418247E+002
  823  2.096371230E+002
  824  1.907686059E+002
  825  2.283986661E+002
  826  3.208358883E+002
  827  5.962052058E+002
  828  1.911906332E+002
  829  1.796600022E+002
  830  1.695659144E+002
  831  1.869202571E+002
  832  2.604331604E+002
  833  5.110544826E+002
  834  1.483328704E+002
  835  1.361813393E+002
  836  1.538803022E+002
  837  1.893282578E+002
  838  1.724151646E+002
  839  1.561005667E+002
  840  1.476582197E+002
  841  1.702461398E+002
  842  1.875013850E+002
  843  2.282241398E+002
  844  2.231993123E+002
  845  2.692236999E+002
  846  2.106924773E+002
  847  1.933579558E+002
  848  1.929151050E+002
  849  2.708858269E+002
  850  2.859264354E+002
  851  2.791273024E+002
  852  1.611388801E+002
  853  1.617427136E+002
  854  1.572183837E+002
  855  1.961432342E+002
  856  1.977021681E+002
  857  3.216254144E+002
  858  1.406646205E+002
  859  1.390212898E+002
  860  1.789778219E+002
  861  2.190138686E+002
  862  1.678134183E+002
  863  1.714054850E+002
  864  2.061586498E+002
  865  2.390935597E+002
  866  2.725908556E+002
  867  4.888287657E+002
  868  3.142034882E+002
  869  4.380740285E+002
  870  2.110795801E+002
  871  2.823244373E+002
  872  3.132989072E+002
  873  4.898359940E+002
  874  3.692583190E+002
  875  2.719251034E+002
  876  3.407927265E+002
  877  2.957540275E+002
  878  5.484810453E+002
  879  2.377799290E+002
  880  2.392697929E+002
  881  2.457520135E+002
  882  3.960826116E+002
  883  3.549713278E+002
  884  7.116011565E+002
  885  2.215516155E+002
  886  1.536098022E+002
  887  1.847368159E+002
  888  2.456552172E+002
  889  1.538042824E+002
  890  1.792261513E+002
  891  1.671107645E+002
  892  1.445386993E+002
  893  1.443253009E+002
  894  2.483280740E+002
  895  2.159092129E+002
  896  2.787735552E+002
  897  1.565179003E+002
  898  1.141456185E+002
  899  1.473908621E+002
  900  1.824450726E+002
  901  1.568144687E+002
  902  1.709545201E+002
  903  1.018795661E+002
  904  1.260591732E+002
  905  1.958877934E+002
  906  1.472500980E+002
  907  1.532887969E+002
  908  1.047843812E+002
  909  1.296921278E+002
  910  2.040717948E+002
  911  1.586429251E+002
  912  1.316969534E+002
  913  1.574768741E+002
  914  1.218259905E+002
  915  1.137713594E+002
  916  1.614663210E+002
  917  1.638825814E+002
  918  1.512746508E+002
  919  1.743269883E+002
  920  1.334571955E+002
  921  1.331915710E+002
  922  1.745010959E+002
  923  1.774684660E+002
  924  1.866126033E+002
  925  1.454398285E+002
  926  1.276344500E+002
  927  1.483030549E+002
  928  1.921672118E+002
  929  1.822080635E+002
  930  2.709632143E+002
  931  1.786363534E+002
  932  1.604509823E+002
  933  1.592511251E+002
  934  1.794543260E+002
  935  2.520348200E+002
  936  2.652634659E+002
  937  1.585384714E+002
  938  1.387303910E+002
  939  1.404855094E+002
  940  1.933411728E+002
  941  2.408797752E+002
  942  1.259873796E+002
  943  1.265013138E+002
  944  1.449397601E+002
  945  2.316423587E+002
  946  1.621499786E+002
  947  1.693967180E+002
  948  1.454973935E+002
  949  1.507126144E+002
  950  1.832181830E+002
  951  1.730208316E+002
  952  1.861252263E+002
  953  1.695540690E+002
  954  1.417712885E+002
  955  1.475103924E+002
  956  2.337908120E+002
  957  1.859861558E+002
  958  2.774872799E+002
  959  1.381942589E+002
  960  1.911660848E+002
  961  1.708129576E+002
  962  2.734537592E+002
  963  1.815290711E+002
  964  1.644979111E+002
  965  1.781648028E+002
  966  2.222862616E+002
  967  2.074161564E+002
  968  2.738441463E+002
  969  1.758980405E+002
  970  1.562725420E+002
  971  1.879842115E+002
  972  2.673063544E+002
  973  1.973945381E+002
  974  2.449843968E+002
  975  1.935502841E+002
  976  2.218237949E+002
  977  2.584556897E+002
  978  4.871608278E+002
  979  3.388204797E+002
  980  6.008769716E+002
  981  2.404642785E+002
  982  2.809304544E+002
  983  3.289564786E+002
  984  2.777305144E+002
  985  3.177718276E+002
  986  4.782476841E+002
  987  5.239299319E+002
  988  4.859943905E+002
  989  4.024055434E+002
  990  4.247389578E+002
  991  8.753200736E+002
  992  1.111355154E+003
  993  4.239724919E+002
  994  3.798435544E+002
  995  2.946743897E+002
  996  3.904797643E+002
  997  5.282313029E+002
  998  2.260792435E+002
  999  2.175199321E+002
 1000  2.205819325E+002
 1001  2.766496858E+002
 1002  2.730443402E+002
 1003  3.108992064E+002
 1004  3.216988447E+002
 1005  4.201116482E+002
 1006  6.135101445E+002
 1007  3.640047657E+002
 1008  3.249861771E+002
 1009  2.355987142E+002
 1010  3.279659041E+002
 1011  5.521631117E+002
 1012  2.316018814E+002
 1013  1.739389108E+002
 1014  1.825002671E+002
 1015  2.564821989E+002
 1016  1.876362440E+002
 1017  2.864244027E+002
 1018  1.928755662E+002
 1019  1.753531654E+002
 1020  2.176620139E+002
 1021  2.354455089E+002
 1022  2.586688366E+002
 1023  2.671739284E+002
 1024  1.617662453E+002
 1025  1.732919773E+002
 1026  2.838512410E+002
 1027  1.711000404E+002
 1028  1.677127942E+002
 1029  1.531280750E+002
 1030  1.426289223E+002
 1031  1.528673216E+002
 1032  1.866832683E+002
 1033  1.882699690E+002
 1034  2.133543495E+002
 1035  2.503956120E+002
 1036  2.333754006E+002
 1037  2.534390339E+002
 1038  2.850855591E+002
 1039  2.730766293E+002
 1040  2.489198375E+002
 1041  2.567621866E+002
 1042  4.401926647E+002
 1043  4.193316599E+002
 1044  2.741798455E+002
 1045  1.812070220E+002
 1046  2.007307080E+002
 1047  3.550376809E+002
 1048  2.030390231E+002
 1049  2.542495240E+002
 1050  1.869030007E+002
 1051  1.786346331E+002
 1052  1.981885106E+002
 1053  2.666832313E+002
 1054  2.202777747E+002
 1055  2.336775560E+002
 1056  2.816372993E+002
 1057  2.372203284E+002
 1058  2.436108548E+002
 1059  4.502981888E+002
 1060  3.460647400E+002
 1061  9.465084026E+002
 1062  2.937120300E+002
 1063  2.096632700E+002
 1064  2.114180876E+002
 1065  2.131955959E+002
 1066  2.551787586E+002
 1067  2.968648158E+002
 1068  2.718384868E+002
 1069  1.903780079E+002
 1070  1.880375624E+002
 1071  1.974107722E+002
 1072  4.018299082E+002
 1073  2.274201446E+002
 1074  2.423043621E+002
 1075  2.149873634E+002
 1076  3.265361186E+002
 1077  5.567527930E+002
 1078  1.985174250E+002
 1079  1.814498075E+002
 1080  1.731431647E+002
 1081  2.442715661E+002
 1082  2.515136556E+002
 1083  4.182569000E+002
 1084  1.647224969E+002
 1085  1.213513601E+002
 1086  1.350758422E+002
 1087  1.692510204E+002
 1088  1.532655512E+002
 1089  1.379113138E+002
 1090  1.559409728E+002
 1091  1.543282660E+002
 1092  1.492743297E+002
 1093  1.941318652E+002
 1094  1.580779514E+002
 1095  1.737975617E+002
 1096  1.641935216E+002
 1097  2.123770597E+002
 1098  2.914298247E+002
 1099  7.861283338E+002
 1100  1.634504424E+002
 1101  1.401464429E+002
 1102  1.160965495E+002
 1103  1.591562809E+002
 1104  1.160970336E+002
 1105  9.414230538E+001
 1106  1.241008216E+002
 1107  1.623102113E+002
 1108  1.419831078E+002
 1109  1.463934759E+002
 1110  1.316003429E+002
 1111  1.299175198E+002
 1112  1.053693950E+002
 1113  1.532482837E+002
 1114  1.224812800E+002
 1115  1.052676356E+002
 1116  1.271892857E+002
 1117  2.125702472E+002
 1118  1.617056859E+002
 1119  1.360991558E+002
 1120  1.426138563E+002
 1121  1.313194136E+002
 1122  1.213016867E+002
 1123  1.978529396E+002
 1124  1.644334721E+002
 1125  1.094534384E+002
 1126  1.264052246E+002
 1127  2.059227071E+002
 1128  1.269858080E+002
 1129  1.090396461E+002
 1130  1.731070925E+002
 1131  1.514325593E+002
 1132  1.618583353E+002
 1133  2.306115962E+002
 1134  2.129192587E+002
 1135  2.009815371E+002
 1136  2.474424203E+002
 1137  2.579529371E+002
 1138  2.630998007E+002
 1139  3.822853786E+002
 1140  4.665058629E+002
 1141  1.133427057E+003
 1142  3.109151126E+002
 1143  3.037784484E+002
 1144  3.305221969E+002
 1145  4.432129716E+002
 1146  4.732351414E+002
 1147  1.205639160E+003
 1148  2.774207481E+002
 1149  2.015245512E+002
 1150  2.204766291E+002
 1151  2.082957482E+002
 1152  2.181598992E+002
 1153  2.773614605E+002
 1154  2.837810820E+002
 1155  2.352237409E+002
 1156  2.163543840E+002
 1157  2.547346632E+002
 1158  4.171724945E+002
 1159  5.390349033E+002
 1160  2.677169229E+002
 1161  1.991605092E+002
 1162  1.640546513E+002
 1163  2.375379474E+002
 1164  3.701039347E+002
 1165  1.236228362E+003
 1166  1.670053330E+002
 1167  1.485221656E+002
 1168  1.493236130E+002
 1169  1.981308517E+002
 1170  1.902031663E+002
 1171  1.891705107E+002
 1172  1.400210716E+002
 1173  1.353342741E+002
 1174  1.540929183E+002
 1175  2.154727512E+002
 1176  1.604178619E+002
 1177  2.281555206E+002
 1178  1.572066120E+002
 1179  1.722231186E+002
 1180  1.693185474E+002
 1181  2.377977206E+002
 1182  3.470492594E+002
 1183  1.513757904E+002
 1184  1.478832695E+002
 1185  1.286401830E+002
 1186  1.897323847E+002
 1187  2.626509741E+002
 1188  1.532212573E+002
 1189  1.155694467E+002
 1190  1.293935274E+002
 1191  1.623498982E+002
 1192  1.508950999E+002
 1193  1.559744717E+002
 1194  1.249387061E+002
 1195  1.403954852E+002
 1196  1.576277585E+002
 1197  1.962222565E+002
 1198  1.772420012E+002
 1199  2.179229175E+002
 1200  2.026838840E+002
 1201  1.707445757E+002
 1202  1.588513831E+002
 1203  2.238182356E+002
 1204  3.409423062E+002
 1205  9.059629700E+002
 1206  1.314674647E+002
 1207  1.270771438E+002
 1208  1.323116486E+002
 1209  1.840638518E+002
 1210  1.761992004E+002
 1211  1.309190698E+002
 1212  1.353675294E+002
 1213  1.683979228E+002
 1214  2.246795307E+002
 1215  1.906947320E+002
 1216  1.873763376E+002
 1217  1.636604527E+002
 1218  1.923971937E+002
 1219  1.940159746E+002
 1220  3.048040970E+002
 1221  2.893229364E+002
 1222  2.801251083E+002
 1223  1.656341707E+002
 1224  1.726689298E+002
 1225  1.845989347E+002
 1226  2.420421063E+002
 1227  2.725705211E+002
 1228  3.666134690E+002
 1229  1.535414706E+002
 1230  1.644889796E+002
 1231  1.781010722E+002
 1232  2.349642345E+002
 1233  1.904265029E+002
 1234  2.161877137E+002
 1235  1.834787732E+002
 1236  1.875222670E+002
 1237  2.349257470E+002
 1238  2.825898531E+002
 1239  3.009128045E+002
 1240  3.353658783E+002
 1241  2.333049757E+002
 1242  3.397248820E+002
 1243  3.543734115E+002
 1244  5.861504455E+002
 1245  4.891685982E+002
 1246  9.130488121E+002
 1247  3.177272034E+002
 1248  3.313288192E+002
 1249  3.492216452E+002
 1250  6.092108036E+002
 1251  4.179833594E+002
 1252  3.040687081E+002
 1253  2.889484769E+002
 1254  3.261635792E+002
 1255  2.747972819E+002
 1256  3.088264320E+002
 1257  2.104298590E+002
 1258  2.143282772E+002
 1259  2.175265815E+002
 1260  2.683196496E+002
 1261  2.838892124E+002
 1262  3.556394627E+002
 1263  2.419814627E+002
 1264  2.153769305E+002
 1265  2.182451033E+002
 1266  2.786157109E+002
 1267  3.150620891E+002
 1268  3.568287837E+002
 1269  2.398049523E+002
 1270  2.534934726E+002
 1271  2.451128992E+002
 1272  3.214585202E+002
 1273  3.863187693E+002
 1274  5.757045160E+002
 1275  2.346735916E+002
 1276  2.556029185E+002
 1277  2.431348440E+002
 1278  3.336663610E+002
 1279  4.452548647E+002
 1280  2.097327087E+002
 1281  2.120283655E+002
 1282  2.129446053E+002
 1283  2.795068814E+002
 1284  2.463206750E+002
 1285  3.693233505E+002
 1286  1.899816470E+002
 1287  1.919057876E+002
 1288  2.169919129E+002
 1289  2.690597198E+002
 1290  2.331865111E+002
 1291  2.300570391E+002
 1292  2.549187436E+002
 1293  2.683717135E+002
 1294  3.531619901E+002
 1295  4.472736324E+002
 1296  2.005111698E+003
 1297  2.792373841E+002
 1298  3.154803549E+002
 1299  3.444467544E+002
 1300  6.353736531E+002
 1301  4.736930432E+002
 1302  9.045088200E+002
 1303  2.652138552E+002
 1304  2.349079523E+002
 1305  3.312647411E+002
 1306  4.427900403E+002
 1307  2.599316032E+002
 1308  2.586655386E+002
 1309  3.003294855E+002
 1310  2.384760987E+002
 1311  2.854156444E+002
 1312  3.548413257E+002
 1313  2.446681977E+002
 1314  2.070158232E+002
 1315  4.287248877E+002
 1316  4.638333859E+002
 1317  6.273340922E+002
 1318  1.183115692E+003
 1319  8.382681958E+002
 1320  9.045733436E+002
 1321  6.069345162E+002
 1322  4.047356572E+002
 1323  4.358577260E+002
 1324  3.711825717E+002
 1325  4.665276177E+002
 1326  4.162283945E+002
 1327  6.147482026E+002
 1328  4.288950906E+002
 1329  3.587999849E+002
 1330  4.336178465E+002
 1331  6.331060740E+002
 1332  5.019335393E+002
 1333  3.467536178E+002
 1334  2.279656307E+002
 1335  2.188452053E+002
 1336  2.855627556E+002
 1337  2.541370611E+002
 1338  2.064957012E+002
 1339  2.478916954E+002
 1340  1.994074405E+002
 1341  2.181409720E+002
 1342  2.570451763E+002
 1343  2.886636619E+002
 1344  3.012863923E+002
 1345  2.817513063E+002
 1346  3.624648218E+002
 1347  4.239846913E+002
 1348  5.858774018E+002
 1349  6.673204151E+002
 1350  8.920416901E+002
 1351  7.423489364E+002
 1352  9.038398586E+002
 1353  1.669671537E+003
 1354  4.737136350E+003
