   1  237.71   53.66  1056.83  1.2038E-001  5.3518E-001
   2  140.96   53.06   626.67  1.2038E-001  5.3518E-001
   3   77.59   53.22   344.95  1.2038E-001  5.3518E-001
   4   76.44   55.56   339.85  1.2038E-001  5.3518E-001
   5  276.36   50.98  1228.62  1.2038E-001  5.3518E-001
   6   64.31   51.61   285.91  1.2038E-001  5.3518E-001
   7   35.87   49.38   159.47  1.2038E-001  5.3518E-001
   8   39.92   49.23   177.46  1.2038E-001  5.3518E-001
   9   71.02   51.91   315.73  1.2038E-001  5.3518E-001
  10   41.41   45.80   184.12  1.2038E-001  5.3518E-001
  11   34.26   43.26   152.32  1.2038E-001  5.3518E-001
  12   41.80   46.73   185.84  1.2038E-001  5.3518E-001
  13   30.42   45.78   135.26  1.2038E-001  5.3518E-001
  14   32.42   46.63   144.15  1.2038E-001  5.3518E-001
  15   41.69   47.34   185.35  1.2038E-001  5.3518E-001
  16   28.44   46.99   126.42  1.2038E-001  5.3518E-001
  17   32.61   44.56   144.96  1.2038E-001  5.3518E-001
  18   44.89   46.47   199.59  1.2038E-001  5.3518E-001
  19   46.05   46.45   204.74  1.2038E-001  5.3518E-001
  20   30.22   45.04   134.37  1.2038E-001  5.3518E-001
  21   32.57   45.78   144.79  1.2038E-001  5.3518E-001
  22  119.48   46.63   531.18  1.2038E-001  5.3518E-001
  23   33.06   42.61   146.96  1.2038E-001  5.3518E-001
  24   22.38   40.11    99.49  1.2038E-001  5.3518E-001
  25   20.29   35.37    90.22  1.2038E-001  5.3518E-001
  26   31.59   35.94   140.46  1.2038E-001  5.3518E-001
  27   33.19   43.37   147.57  1.2038E-001  5.3518E-001
  28   31.69   46.50   140.88  1.2038E-001  5.3518E-001
  29   19.55   32.53    86.94  1.2038E-001  5.3518E-001
  30   15.00   29.27    66.69  1.2038E-001  5.3518E-001
  31   17.16   28.08    76.30  1.2038E-001  5.3518E-001
  32   26.71   24.45   118.73  1.2038E-001  5.3518E-001
  33   17.34   30.89    77.11  1.2038E-001  5.3518E-001
  34   14.37   29.59    63.88  1.2038E-001  5.3518E-001
  35   19.31   23.76    85.84  1.2038E-001  5.3518E-001
  36   13.33   22.99    59.27  1.2038E-001  5.3518E-001
  37   14.00   20.20    62.26  1.2038E-001  5.3518E-001
  38   18.12   21.62    80.54  1.2038E-001  5.3518E-001
  39   21.49   26.36    95.55  1.2038E-001  5.3518E-001
  40   32.83   53.98   145.96  1.2038E-001  5.3518E-001
  41   15.34   20.96    68.19  1.2038E-001  5.3518E-001
  42   11.67   22.87    51.90  1.2038E-001  5.3518E-001
  43   14.16   22.26    62.95  1.2038E-001  5.3518E-001
  44   21.31   23.20    94.72  1.2038E-001  5.3518E-001
  45   16.08   22.87    71.51  1.2038E-001  5.3518E-001
  46   12.52   21.09    55.68  1.2038E-001  5.3518E-001
  47   14.04   19.88    62.40  1.2038E-001  5.3518E-001
  48   13.26   19.68    58.95  1.2038E-001  5.3518E-001
  49   11.51   22.33    51.18  1.2038E-001  5.3518E-001
  50   20.05   21.18    89.13  1.2038E-001  5.3518E-001
  51   15.37   22.30    68.35  1.2038E-001  5.3518E-001
  52   12.83   24.40    57.02  1.2038E-001  5.3518E-001
  53   16.56   25.03    73.61  1.2038E-001  5.3518E-001
  54   19.86   27.09    88.29  1.2038E-001  5.3518E-001
  55   16.23   21.31    72.14  1.2038E-001  5.3518E-001
  56   14.14   21.66    62.86  1.2038E-001  5.3518E-001
  57   13.20   25.18    58.67  1.2038E-001  5.3518E-001
  58   13.95   24.50    62.02  1.2038E-001  5.3518E-001
  59   17.87   24.99    79.44  1.2038E-001  5.3518E-001
  60   22.44   24.16    99.76  1.2038E-001  5.3518E-001
  61   18.12   26.75    80.55  1.2038E-001  5.3518E-001
  62   21.24   36.09    94.41  1.2038E-001  5.3518E-001
  63   20.86   27.78    92.76  1.2038E-001  5.3518E-001
  64   15.50   27.66    68.89  1.2038E-001  5.3518E-001
  65   19.55   25.82    86.93  1.2038E-001  5.3518E-001
  66   27.16   25.56   120.75  1.2038E-001  5.3518E-001
  67   21.67   29.46    96.35  1.2038E-001  5.3518E-001
  68   20.14   29.48    89.54  1.2038E-001  5.3518E-001
  69   22.28   25.10    99.07  1.2038E-001  5.3518E-001
  70   18.41   26.54    81.86  1.2038E-001  5.3518E-001
  71   20.86   29.29    92.75  1.2038E-001  5.3518E-001
  72   35.91   30.00   159.66  1.2038E-001  5.3518E-001
  73   31.19   27.43   138.68  1.2038E-001  5.3518E-001
  74   25.72   29.09   114.36  1.2038E-001  5.3518E-001
  75   22.30   31.38    99.16  1.2038E-001  5.3518E-001
  76   20.08   32.43    89.26  1.2038E-001  5.3518E-001
  77   19.75   30.15    87.78  1.2038E-001  5.3518E-001
  78   23.03   27.41   102.38  1.2038E-001  5.3518E-001
  79   23.55   38.74   104.68  1.2038E-001  5.3518E-001
  80   23.88   57.79   106.18  1.2038E-001  5.3518E-001
  81   23.75   27.28   105.61  1.2038E-001  5.3518E-001
  82   19.76   28.02    87.84  1.2038E-001  5.3518E-001
  83   20.84   27.58    92.63  1.2038E-001  5.3518E-001
  84   29.36   29.46   130.55  1.2038E-001  5.3518E-001
  85   32.87   29.77   146.12  1.2038E-001  5.3518E-001
  86   22.82   28.98   101.47  1.2038E-001  5.3518E-001
  87   18.89   27.18    83.98  1.2038E-001  5.3518E-001
  88   20.16   24.48    89.61  1.2038E-001  5.3518E-001
  89   23.91   23.71   106.29  1.2038E-001  5.3518E-001
  90   23.79   28.19   105.76  1.2038E-001  5.3518E-001
  91   21.99   26.18    97.77  1.2038E-001  5.3518E-001
  92   18.41   22.73    81.84  1.2038E-001  5.3518E-001
  93   14.30   23.93    63.58  1.2038E-001  5.3518E-001
  94   14.54   24.39    64.66  1.2038E-001  5.3518E-001
  95   18.98   22.15    84.36  1.2038E-001  5.3518E-001
  96   20.02   23.16    89.00  1.2038E-001  5.3518E-001
  97   27.33   26.38   121.50  1.2038E-001  5.3518E-001
  98   16.92   24.94    75.21  1.2038E-001  5.3518E-001
  99   11.83   24.18    52.59  1.2038E-001  5.3518E-001
 100   13.47   22.29    59.90  1.2038E-001  5.3518E-001
 101   20.32   23.79    90.33  1.2038E-001  5.3518E-001
 102   14.73   24.21    65.51  1.2038E-001  5.3518E-001
 103   16.80   23.83    74.67  1.2038E-001  5.3518E-001
 104   17.23   24.29    76.62  1.2038E-001  5.3518E-001
 105   15.33   28.24    68.16  1.2038E-001  5.3518E-001
 106   17.63   28.39    78.38  1.2038E-001  5.3518E-001
 107   22.79   32.39   101.33  1.2038E-001  5.3518E-001
 108   18.84   26.55    83.77  1.2038E-001  5.3518E-001
 109   24.36   43.12   108.29  1.2038E-001  5.3518E-001
 110   22.31   29.46    99.20  1.2038E-001  5.3518E-001
 111   23.06   30.56   102.54  1.2038E-001  5.3518E-001
 112   32.30   29.98   143.58  1.2038E-001  5.3518E-001
 113   47.96   28.18   213.21  1.2038E-001  5.3518E-001
 114   31.49   34.46   140.02  1.2038E-001  5.3518E-001
 115   40.68   46.24   180.84  1.2038E-001  5.3518E-001
 116   34.34   30.02   152.68  1.2038E-001  5.3518E-001
 117   45.00   33.49   200.08  1.2038E-001  5.3518E-001
 118   62.38   34.06   277.34  1.2038E-001  5.3518E-001
 119   62.06   32.45   275.89  1.2038E-001  5.3518E-001
 120   51.19   32.36   227.60  1.2038E-001  5.3518E-001
 121   59.19   34.87   263.15  1.2038E-001  5.3518E-001
 122   98.55   33.73   438.16  1.2038E-001  5.3518E-001
 123  122.16   34.60   543.12  1.2038E-001  5.3518E-001
 124  106.50   36.66   473.46  1.2038E-001  5.3518E-001
 125  162.36   39.74   721.83  1.2038E-001  5.3518E-001
 126  220.14   33.09   978.69  1.2038E-001  5.3518E-001
 127   96.72   37.50   429.99  1.2038E-001  5.3518E-001
 128  104.01   39.55   462.43  1.2038E-001  5.3518E-001
 129   91.81   37.92   408.18  1.2038E-001  5.3518E-001
 130  142.57   39.91   633.84  1.2038E-001  5.3518E-001
 131  141.13   44.15   627.42  1.2038E-001  5.3518E-001
 132  365.86   64.87  1626.56  1.2038E-001  5.3518E-001
 133   75.00   35.86   333.44  1.2038E-001  5.3518E-001
 134   66.89   34.95   297.39  1.2038E-001  5.3518E-001
 135   53.85   34.55   239.41  1.2038E-001  5.3518E-001
 136   64.40   34.78   286.32  1.2038E-001  5.3518E-001
 137   52.76   32.10   234.56  1.2038E-001  5.3518E-001
 138   47.96   31.38   213.20  1.2038E-001  5.3518E-001
 139   37.21   29.23   165.45  1.2038E-001  5.3518E-001
 140   39.35   29.37   174.96  1.2038E-001  5.3518E-001
 141   67.43   38.44   299.78  1.2038E-001  5.3518E-001
 142  186.38   59.78   828.62  1.2038E-001  5.3518E-001
 143   40.99   26.77   182.23  1.2038E-001  5.3518E-001
 144   24.51   25.24   108.98  1.2038E-001  5.3518E-001
 145   25.24   24.05   112.22  1.2038E-001  5.3518E-001
 146   43.19   23.24   192.02  1.2038E-001  5.3518E-001
 147   30.25   25.15   134.49  1.2038E-001  5.3518E-001
 148   31.61   27.53   140.55  1.2038E-001  5.3518E-001
 149   21.96   21.75    97.63  1.2038E-001  5.3518E-001
 150   20.72   22.54    92.11  1.2038E-001  5.3518E-001
 151   17.78   24.64    79.06  1.2038E-001  5.3518E-001
 152   22.21   24.41    98.74  1.2038E-001  5.3518E-001
 153   34.92   23.21   155.24  1.2038E-001  5.3518E-001
 154   35.11   28.06   156.09  1.2038E-001  5.3518E-001
 155   21.05   24.72    93.57  1.2038E-001  5.3518E-001
 156   18.97   23.44    84.34  1.2038E-001  5.3518E-001
 157   18.26   21.98    81.18  1.2038E-001  5.3518E-001
 158   18.02   23.10    80.11  1.2038E-001  5.3518E-001
 159   18.45   22.24    82.04  1.2038E-001  5.3518E-001
 160   15.24   23.61    67.76  1.2038E-001  5.3518E-001
 161   16.25   21.23    72.25  1.2038E-001  5.3518E-001
 162   23.29   21.92   103.55  1.2038E-001  5.3518E-001
 163   23.88   24.27   106.15  1.2038E-001  5.3518E-001
 164   27.24   24.27   121.12  1.2038E-001  5.3518E-001
 165   16.39   18.81    72.86  1.2038E-001  5.3518E-001
 166   14.43   19.33    64.15  1.2038E-001  5.3518E-001
 167   14.99   18.92    66.64  1.2038E-001  5.3518E-001
 168   24.00   18.08   106.71  1.2038E-001  5.3518E-001
 169   15.32   20.25    68.10  1.2038E-001  5.3518E-001
 170   19.12   25.50    85.02  1.2038E-001  5.3518E-001
 171   15.59   21.22    69.32  1.2038E-001  5.3518E-001
 172   14.91   23.29    66.27  1.2038E-001  5.3518E-001
 173   16.82   23.07    74.77  1.2038E-001  5.3518E-001
 174   25.15   22.53   111.80  1.2038E-001  5.3518E-001
 175   18.66   22.95    82.97  1.2038E-001  5.3518E-001
 176   20.88   22.65    92.81  1.2038E-001  5.3518E-001
 177   15.51   22.79    68.97  1.2038E-001  5.3518E-001
 178   16.15   23.95    71.82  1.2038E-001  5.3518E-001
 179   16.93   24.22    75.27  1.2038E-001  5.3518E-001
 180   24.40   25.49   108.50  1.2038E-001  5.3518E-001
 181   23.76   23.66   105.62  1.2038E-001  5.3518E-001
 182   32.77   26.30   145.68  1.2038E-001  5.3518E-001
 183   19.50   23.55    86.69  1.2038E-001  5.3518E-001
 184   16.74   24.21    74.44  1.2038E-001  5.3518E-001
 185   16.61   23.80    73.86  1.2038E-001  5.3518E-001
 186   23.71   24.95   105.42  1.2038E-001  5.3518E-001
 187   26.85   21.18   119.35  1.2038E-001  5.3518E-001
 188   30.22   25.46   134.36  1.2038E-001  5.3518E-001
 189   15.68   25.04    69.73  1.2038E-001  5.3518E-001
 190   19.29   22.57    85.75  1.2038E-001  5.3518E-001
 191   16.11   22.51    71.61  1.2038E-001  5.3518E-001
 192   20.73   23.63    92.17  1.2038E-001  5.3518E-001
 193   15.42   21.42    68.57  1.2038E-001  5.3518E-001
 194   17.37   23.24    77.22  1.2038E-001  5.3518E-001
 195   18.58   23.83    82.59  1.2038E-001  5.3518E-001
 196   23.52   27.57   104.56  1.2038E-001  5.3518E-001
 197   22.48   27.69    99.95  1.2038E-001  5.3518E-001
 198   26.57   32.98   118.11  1.2038E-001  5.3518E-001
 199   16.26   24.43    72.31  1.2038E-001  5.3518E-001
 200   16.92   26.49    75.21  1.2038E-001  5.3518E-001
 201   16.71   26.24    74.28  1.2038E-001  5.3518E-001
 202   24.73   25.04   109.94  1.2038E-001  5.3518E-001
 203   20.69   27.33    91.99  1.2038E-001  5.3518E-001
 204   34.73   40.35   154.41  1.2038E-001  5.3518E-001
 205   14.21   25.89    63.16  1.2038E-001  5.3518E-001
 206   13.69   25.46    60.85  1.2038E-001  5.3518E-001
 207   15.47   26.94    68.77  1.2038E-001  5.3518E-001
 208   18.28   28.87    81.26  1.2038E-001  5.3518E-001
 209   20.04   22.39    89.09  1.2038E-001  5.3518E-001
 210   19.15   23.70    85.14  1.2038E-001  5.3518E-001
 211   14.25   27.09    63.37  1.2038E-001  5.3518E-001
 212   15.58   27.94    69.27  1.2038E-001  5.3518E-001
 213   17.17   29.04    76.35  1.2038E-001  5.3518E-001
 214   23.12   28.15   102.77  1.2038E-001  5.3518E-001
 215   19.20   24.84    85.36  1.2038E-001  5.3518E-001
 216   23.63   29.17   105.05  1.2038E-001  5.3518E-001
 217   20.55   31.00    91.36  1.2038E-001  5.3518E-001
 218   20.54   32.46    91.30  1.2038E-001  5.3518E-001
 219   20.89   30.54    92.87  1.2038E-001  5.3518E-001
 220   31.84   32.08   141.54  1.2038E-001  5.3518E-001
 221   33.27   34.80   147.93  1.2038E-001  5.3518E-001
 222   70.63   54.44   314.02  1.2038E-001  5.3518E-001
 223   18.53   30.78    82.39  1.2038E-001  5.3518E-001
 224   19.52   32.21    86.80  1.2038E-001  5.3518E-001
 225   21.95   34.71    97.60  1.2038E-001  5.3518E-001
 226   40.98   36.23   182.17  1.2038E-001  5.3518E-001
 227   25.43   32.40   113.06  1.2038E-001  5.3518E-001
 228   42.28   44.56   187.99  1.2038E-001  5.3518E-001
 229   17.24   32.89    76.64  1.2038E-001  5.3518E-001
 230   19.29   30.91    85.74  1.2038E-001  5.3518E-001
 231   25.83   32.59   114.85  1.2038E-001  5.3518E-001
 232   40.69   34.20   180.89  1.2038E-001  5.3518E-001
 233   22.85   29.39   101.60  1.2038E-001  5.3518E-001
 234   18.04   32.27    80.20  1.2038E-001  5.3518E-001
 235   21.45   33.45    95.35  1.2038E-001  5.3518E-001
 236   28.94   34.53   128.65  1.2038E-001  5.3518E-001
 237   40.26   35.33   179.00  1.2038E-001  5.3518E-001
 238   71.44   37.36   317.63  1.2038E-001  5.3518E-001
 239   53.92   38.86   239.73  1.2038E-001  5.3518E-001
 240  171.69   56.00   763.30  1.2038E-001  5.3518E-001
 241   34.87   34.35   155.03  1.2038E-001  5.3518E-001
 242   21.21   35.59    94.31  1.2038E-001  5.3518E-001
 243   26.82   34.54   119.26  1.2038E-001  5.3518E-001
 244   32.15   36.23   142.95  1.2038E-001  5.3518E-001
 245   23.90   35.67   106.25  1.2038E-001  5.3518E-001
 246   20.43   38.73    90.81  1.2038E-001  5.3518E-001
 247   28.04   34.98   124.68  1.2038E-001  5.3518E-001
 248   25.12   33.40   111.67  1.2038E-001  5.3518E-001
 249   20.09   33.73    89.32  1.2038E-001  5.3518E-001
 250   27.27   33.61   121.22  1.2038E-001  5.3518E-001
 251   40.66   35.05   180.77  1.2038E-001  5.3518E-001
 252   25.42   33.53   113.02  1.2038E-001  5.3518E-001
 253   18.45   32.20    82.01  1.2038E-001  5.3518E-001
 254   23.86   32.24   106.08  1.2038E-001  5.3518E-001
 255   30.99   34.66   137.78  1.2038E-001  5.3518E-001
 256   18.91   32.25    84.06  1.2038E-001  5.3518E-001
 257   16.53   31.91    73.50  1.2038E-001  5.3518E-001
 258   22.79   28.56   101.31  1.2038E-001  5.3518E-001
 259   22.65   29.49   100.72  1.2038E-001  5.3518E-001
 260   25.42   29.26   113.02  1.2038E-001  5.3518E-001
 261   30.24   30.59   134.43  1.2038E-001  5.3518E-001
 262   30.48   28.25   135.51  1.2038E-001  5.3518E-001
 263   36.73   32.26   163.28  1.2038E-001  5.3518E-001
 264   32.32   28.75   143.70  1.2038E-001  5.3518E-001
 265   19.45   26.78    86.46  1.2038E-001  5.3518E-001
 266   22.17   27.68    98.55  1.2038E-001  5.3518E-001
 267   40.07   25.38   178.16  1.2038E-001  5.3518E-001
 268   22.69   24.94   100.90  1.2038E-001  5.3518E-001
 269   16.74   25.08    74.43  1.2038E-001  5.3518E-001
 270   20.88   27.45    92.81  1.2038E-001  5.3518E-001
 271   18.51   25.37    82.29  1.2038E-001  5.3518E-001
 272   20.97   25.45    93.21  1.2038E-001  5.3518E-001
 273   23.05   25.44   102.48  1.2038E-001  5.3518E-001
 274   23.96   26.35   106.51  1.2038E-001  5.3518E-001
 275   29.65   25.84   131.80  1.2038E-001  5.3518E-001
 276   27.16   26.91   120.75  1.2038E-001  5.3518E-001
 277   19.02   27.12    84.58  1.2038E-001  5.3518E-001
 278   20.25   27.72    90.04  1.2038E-001  5.3518E-001
 279   40.72   31.78   181.03  1.2038E-001  5.3518E-001
 280   28.28   28.27   125.74  1.2038E-001  5.3518E-001
 281   21.57   27.89    95.91  1.2038E-001  5.3518E-001
 282   18.91   31.54    84.05  1.2038E-001  5.3518E-001
 283   22.17   30.55    98.55  1.2038E-001  5.3518E-001
 284   25.09   30.91   111.53  1.2038E-001  5.3518E-001
 285   19.34   31.30    85.97  1.2038E-001  5.3518E-001
 286   20.22   35.38    89.88  1.2038E-001  5.3518E-001
 287   21.24   30.27    94.44  1.2038E-001  5.3518E-001
 288   22.40   34.29    99.61  1.2038E-001  5.3518E-001
 289   21.22   33.92    94.34  1.2038E-001  5.3518E-001
 290   24.55   35.49   109.16  1.2038E-001  5.3518E-001
 291   33.77   44.83   150.15  1.2038E-001  5.3518E-001
 292   47.45   58.86   210.97  1.2038E-001  5.3518E-001
 293   20.96   31.12    93.20  1.2038E-001  5.3518E-001
 294   20.71   30.64    92.08  1.2038E-001  5.3518E-001
 295   20.72   31.68    92.10  1.2038E-001  5.3518E-001
 296   26.60   33.14   118.27  1.2038E-001  5.3518E-001
 297   23.35   30.75   103.81  1.2038E-001  5.3518E-001
 298   31.54   32.51   140.23  1.2038E-001  5.3518E-001
 299   25.34   35.06   112.65  1.2038E-001  5.3518E-001
 300   26.05   38.09   115.83  1.2038E-001  5.3518E-001
 301   25.77   35.30   114.56  1.2038E-001  5.3518E-001
 302   43.86   36.86   194.97  1.2038E-001  5.3518E-001
 303   35.09   46.64   156.00  1.2038E-001  5.3518E-001
 304   36.76   59.72   163.43  1.2038E-001  5.3518E-001
 305   24.98   29.90   111.06  1.2038E-001  5.3518E-001
 306   20.54   26.94    91.33  1.2038E-001  5.3518E-001
 307   18.53   25.31    82.38  1.2038E-001  5.3518E-001
 308   30.14   24.11   134.01  1.2038E-001  5.3518E-001
 309   33.43   26.03   148.62  1.2038E-001  5.3518E-001
 310   17.75   25.30    78.90  1.2038E-001  5.3518E-001
 311   17.05   24.52    75.80  1.2038E-001  5.3518E-001
 312   15.65   24.35    69.59  1.2038E-001  5.3518E-001
 313   19.32   25.65    85.91  1.2038E-001  5.3518E-001
 314   18.43   23.85    81.92  1.2038E-001  5.3518E-001
 315   15.51   22.78    68.94  1.2038E-001  5.3518E-001
 316   24.84   23.52   110.42  1.2038E-001  5.3518E-001
 317   21.84   28.70    97.10  1.2038E-001  5.3518E-001
 318   22.66   29.66   100.76  1.2038E-001  5.3518E-001
 319   27.05   29.66   120.28  1.2038E-001  5.3518E-001
 320   35.31   26.92   157.00  1.2038E-001  5.3518E-001
 321   49.68   28.87   220.88  1.2038E-001  5.3518E-001
 322   27.81   30.13   123.64  1.2038E-001  5.3518E-001
 323   23.99   29.99   106.67  1.2038E-001  5.3518E-001
 324   24.89   28.52   110.66  1.2038E-001  5.3518E-001
 325   26.94   27.94   119.75  1.2038E-001  5.3518E-001
 326   36.57   27.55   162.58  1.2038E-001  5.3518E-001
 327   31.04   27.93   137.98  1.2038E-001  5.3518E-001
 328   23.21   27.40   103.17  1.2038E-001  5.3518E-001
 329   18.14   26.97    80.65  1.2038E-001  5.3518E-001
 330   17.67   24.86    78.54  1.2038E-001  5.3518E-001
 331   22.10   25.44    98.26  1.2038E-001  5.3518E-001
 332   21.56   28.82    95.84  1.2038E-001  5.3518E-001
 333   20.92   37.68    93.00  1.2038E-001  5.3518E-001
 334   15.82   23.94    70.32  1.2038E-001  5.3518E-001
 335   14.70   25.37    65.34  1.2038E-001  5.3518E-001
 336   18.27   21.64    81.21  1.2038E-001  5.3518E-001
 337   21.64   21.96    96.19  1.2038E-001  5.3518E-001
 338   17.50   22.72    77.79  1.2038E-001  5.3518E-001
 339   14.07   17.68    62.56  1.2038E-001  5.3518E-001
 340   19.97   21.74    88.79  1.2038E-001  5.3518E-001
 341   26.55   25.85   118.04  1.2038E-001  5.3518E-001
 342   29.42   27.03   130.78  1.2038E-001  5.3518E-001
 343   47.72   27.94   212.16  1.2038E-001  5.3518E-001
 344   39.91   25.47   177.43  1.2038E-001  5.3518E-001
 345   48.48   40.83   215.52  1.2038E-001  5.3518E-001
 346   27.41   24.76   121.85  1.2038E-001  5.3518E-001
 347   31.57   23.52   140.37  1.2038E-001  5.3518E-001
 348   32.10   24.61   142.70  1.2038E-001  5.3518E-001
 349   56.78   25.71   252.43  1.2038E-001  5.3518E-001
 350   43.40   22.26   192.93  1.2038E-001  5.3518E-001
 351   22.30   26.01    99.16  1.2038E-001  5.3518E-001
 352   25.77   24.30   114.55  1.2038E-001  5.3518E-001
 353   29.25   22.36   130.03  1.2038E-001  5.3518E-001
 354   38.26   23.21   170.12  1.2038E-001  5.3518E-001
 355   45.29   24.82   201.35  1.2038E-001  5.3518E-001
 356   80.66   25.49   358.60  1.2038E-001  5.3518E-001
 357   26.51   23.17   117.87  1.2038E-001  5.3518E-001
 358   26.26   25.14   116.76  1.2038E-001  5.3518E-001
 359   24.95   24.80   110.91  1.2038E-001  5.3518E-001
 360   33.60   24.72   149.37  1.2038E-001  5.3518E-001
 361   39.01   27.83   173.45  1.2038E-001  5.3518E-001
 362   73.80   42.53   328.10  1.2038E-001  5.3518E-001
 363   23.86   24.42   106.08  1.2038E-001  5.3518E-001
 364   14.27   21.04    63.46  1.2038E-001  5.3518E-001
 365   18.53   21.51    82.36  1.2038E-001  5.3518E-001
 366   21.59   21.68    95.97  1.2038E-001  5.3518E-001
 367   18.36   19.55    81.61  1.2038E-001  5.3518E-001
 368   17.07   17.29    75.91  1.2038E-001  5.3518E-001
 369   17.44   21.85    77.54  1.2038E-001  5.3518E-001
 370   13.47   21.61    59.90  1.2038E-001  5.3518E-001
 371   13.40   22.87    59.58  1.2038E-001  5.3518E-001
 372   22.05   23.73    98.01  1.2038E-001  5.3518E-001
 373   20.61   22.34    91.61  1.2038E-001  5.3518E-001
 374   26.47   22.83   117.70  1.2038E-001  5.3518E-001
 375   15.70   20.86    69.80  1.2038E-001  5.3518E-001
 376   12.40   22.68    55.14  1.2038E-001  5.3518E-001
 377   15.79   21.91    70.19  1.2038E-001  5.3518E-001
 378   18.37   22.83    81.66  1.2038E-001  5.3518E-001
 379   14.41   19.81    64.08  1.2038E-001  5.3518E-001
 380   15.63   22.11    69.48  1.2038E-001  5.3518E-001
 381   11.71   21.07    52.06  1.2038E-001  5.3518E-001
 382   14.07   21.39    62.56  1.2038E-001  5.3518E-001
 383   25.22   21.82   112.11  1.2038E-001  5.3518E-001
 384   16.84   18.22    74.88  1.2038E-001  5.3518E-001
 385   17.85   17.27    79.35  1.2038E-001  5.3518E-001
 386   15.61   20.85    69.41  1.2038E-001  5.3518E-001
 387   12.13   21.28    53.93  1.2038E-001  5.3518E-001
 388   15.21   20.96    67.63  1.2038E-001  5.3518E-001
 389   18.38   24.84    81.71  1.2038E-001  5.3518E-001
 390   19.29   19.96    85.74  1.2038E-001  5.3518E-001
 391   15.12   17.38    67.24  1.2038E-001  5.3518E-001
 392   20.02   20.49    89.02  1.2038E-001  5.3518E-001
 393   14.72   22.46    65.44  1.2038E-001  5.3518E-001
 394   19.45   21.40    86.45  1.2038E-001  5.3518E-001
 395   25.80   21.63   114.71  1.2038E-001  5.3518E-001
 396   17.84   20.88    79.30  1.2038E-001  5.3518E-001
 397   18.54   29.43    82.43  1.2038E-001  5.3518E-001
 398   19.48   20.86    86.61  1.2038E-001  5.3518E-001
 399   20.87   21.21    92.80  1.2038E-001  5.3518E-001
 400   17.82   23.56    79.23  1.2038E-001  5.3518E-001
 401   30.21   25.04   134.31  1.2038E-001  5.3518E-001
 402   23.89   19.72   106.20  1.2038E-001  5.3518E-001
 403   29.23   26.34   129.93  1.2038E-001  5.3518E-001
 404   20.68   24.94    91.95  1.2038E-001  5.3518E-001
 405   17.44   23.19    77.54  1.2038E-001  5.3518E-001
 406   15.59   22.46    69.29  1.2038E-001  5.3518E-001
 407   20.51   23.19    91.18  1.2038E-001  5.3518E-001
 408   21.28   21.26    94.59  1.2038E-001  5.3518E-001
 409   22.78   24.26   101.29  1.2038E-001  5.3518E-001
 410   22.61   22.19   100.53  1.2038E-001  5.3518E-001
 411   15.55   25.12    69.13  1.2038E-001  5.3518E-001
 412   16.57   25.51    73.65  1.2038E-001  5.3518E-001
 413   24.00   24.55   106.71  1.2038E-001  5.3518E-001
 414   17.72   24.52    78.79  1.2038E-001  5.3518E-001
 415   22.21   31.90    98.73  1.2038E-001  5.3518E-001
 416   16.31   26.49    72.51  1.2038E-001  5.3518E-001
 417   15.35   26.87    68.26  1.2038E-001  5.3518E-001
 418   18.78   29.92    83.47  1.2038E-001  5.3518E-001
 419   23.90   29.79   106.25  1.2038E-001  5.3518E-001
 420   21.24   25.84    94.43  1.2038E-001  5.3518E-001
 421   18.07   21.01    80.32  1.2038E-001  5.3518E-001
 422   21.98   30.75    97.70  1.2038E-001  5.3518E-001
 423   19.09   32.96    84.85  1.2038E-001  5.3518E-001
 424   25.38   35.15   112.85  1.2038E-001  5.3518E-001
 425   27.34   33.89   121.53  1.2038E-001  5.3518E-001
 426   21.72   35.05    96.57  1.2038E-001  5.3518E-001
 427   25.05   34.31   111.38  1.2038E-001  5.3518E-001
 428   32.85   37.91   146.05  1.2038E-001  5.3518E-001
 429   29.81   44.06   132.55  1.2038E-001  5.3518E-001
 430   30.41   41.17   135.19  1.2038E-001  5.3518E-001
 431   37.63   37.60   167.31  1.2038E-001  5.3518E-001
 432   52.53   53.71   233.55  1.2038E-001  5.3518E-001
 433   74.29   68.06   330.29  1.2038E-001  5.3518E-001
 434   39.05   41.84   173.61  1.2038E-001  5.3518E-001
 435   36.40   43.86   161.82  1.2038E-001  5.3518E-001
 436   30.26   41.18   134.55  1.2038E-001  5.3518E-001
 437   40.13   41.31   178.39  1.2038E-001  5.3518E-001
 438   59.17   48.63   263.06  1.2038E-001  5.3518E-001
 439  114.85   68.98   510.61  1.2038E-001  5.3518E-001
 440   26.93   38.06   119.75  1.2038E-001  5.3518E-001
 441   21.81   36.26    96.98  1.2038E-001  5.3518E-001
 442   22.14   35.96    98.44  1.2038E-001  5.3518E-001
 443   28.04   37.90   124.66  1.2038E-001  5.3518E-001
 444   24.12   35.35   107.21  1.2038E-001  5.3518E-001
 445   56.36   32.54   250.56  1.2038E-001  5.3518E-001
 446   20.61   35.53    91.62  1.2038E-001  5.3518E-001
 447   22.20   36.70    98.69  1.2038E-001  5.3518E-001
 448   28.21   38.04   125.40  1.2038E-001  5.3518E-001
 449   40.33   37.77   179.31  1.2038E-001  5.3518E-001
 450   32.04   35.00   142.46  1.2038E-001  5.3518E-001
 451   37.60   42.29   167.18  1.2038E-001  5.3518E-001
 452   29.81   41.08   132.53  1.2038E-001  5.3518E-001
 453   38.84   44.98   172.66  1.2038E-001  5.3518E-001
 454   39.86   44.86   177.23  1.2038E-001  5.3518E-001
 455   69.21   44.97   307.68  1.2038E-001  5.3518E-001
 456   57.81   50.71   257.00  1.2038E-001  5.3518E-001
 457  189.01   68.17   840.32  1.2038E-001  5.3518E-001
 458   37.63   42.79   167.29  1.2038E-001  5.3518E-001
 459   30.96   41.83   137.65  1.2038E-001  5.3518E-001
 460   29.68   37.90   131.96  1.2038E-001  5.3518E-001
 461   43.70   34.40   194.29  1.2038E-001  5.3518E-001
 462   43.99   48.44   195.57  1.2038E-001  5.3518E-001
 463   61.88   65.94   275.12  1.2038E-001  5.3518E-001
 464   30.67   33.82   136.34  1.2038E-001  5.3518E-001
 465   19.64   29.05    87.30  1.2038E-001  5.3518E-001
 466   24.28   25.87   107.97  1.2038E-001  5.3518E-001
 467   32.45   27.22   144.27  1.2038E-001  5.3518E-001
 468   23.91   27.37   106.29  1.2038E-001  5.3518E-001
 469   19.88   23.41    88.38  1.2038E-001  5.3518E-001
 470   21.25   23.21    94.47  1.2038E-001  5.3518E-001
 471   17.60   24.57    78.27  1.2038E-001  5.3518E-001
 472   19.22   23.88    85.47  1.2038E-001  5.3518E-001
 473   24.83   23.49   110.41  1.2038E-001  5.3518E-001
 474   27.27   22.45   121.22  1.2038E-001  5.3518E-001
 475   24.04   24.16   106.87  1.2038E-001  5.3518E-001
 476   14.72   24.86    65.46  1.2038E-001  5.3518E-001
 477   18.42   25.24    81.89  1.2038E-001  5.3518E-001
 478   24.44   27.16   108.64  1.2038E-001  5.3518E-001
 479   17.82   22.66    79.23  1.2038E-001  5.3518E-001
 480   15.95   22.33    70.90  1.2038E-001  5.3518E-001
 481   18.45   24.28    82.03  1.2038E-001  5.3518E-001
 482   15.84   23.81    70.43  1.2038E-001  5.3518E-001
 483   19.51   22.23    86.73  1.2038E-001  5.3518E-001
 484   25.04   20.11   111.34  1.2038E-001  5.3518E-001
 485   16.87   23.47    75.01  1.2038E-001  5.3518E-001
 486   16.65   20.22    74.03  1.2038E-001  5.3518E-001
 487   21.96   23.09    97.65  1.2038E-001  5.3518E-001
 488   20.49   23.67    91.11  1.2038E-001  5.3518E-001
 489   22.11   25.37    98.30  1.2038E-001  5.3518E-001
 490   22.27   25.13    99.02  1.2038E-001  5.3518E-001
 491   30.53   25.96   135.75  1.2038E-001  5.3518E-001
 492   45.89   29.74   204.01  1.2038E-001  5.3518E-001
 493   25.24   26.85   112.21  1.2038E-001  5.3518E-001
 494   17.08   26.19    75.95  1.2038E-001  5.3518E-001
 495   18.52   24.69    82.33  1.2038E-001  5.3518E-001
 496   34.90   24.39   155.15  1.2038E-001  5.3518E-001
 497   23.85   31.85   106.05  1.2038E-001  5.3518E-001
 498   21.39   37.06    95.08  1.2038E-001  5.3518E-001
 499   17.97   25.90    79.88  1.2038E-001  5.3518E-001
 500   17.97   25.00    79.88  1.2038E-001  5.3518E-001
 501   22.04   25.78    97.97  1.2038E-001  5.3518E-001
 502   30.24   24.26   134.45  1.2038E-001  5.3518E-001
 503   23.97   24.49   106.59  1.2038E-001  5.3518E-001
 504   17.94   25.89    79.76  1.2038E-001  5.3518E-001
 505   24.86   25.48   110.53  1.2038E-001  5.3518E-001
 506   15.42   25.06    68.57  1.2038E-001  5.3518E-001
 507   17.09   24.27    75.99  1.2038E-001  5.3518E-001
 508   27.34   26.64   121.53  1.2038E-001  5.3518E-001
 509   19.21   22.94    85.38  1.2038E-001  5.3518E-001
 510   26.07   19.52   115.92  1.2038E-001  5.3518E-001
 511   22.37   24.46    99.43  1.2038E-001  5.3518E-001
 512   18.85   24.18    83.79  1.2038E-001  5.3518E-001
 513   21.56   22.89    95.86  1.2038E-001  5.3518E-001
 514   30.04   23.12   133.56  1.2038E-001  5.3518E-001
 515   34.76   22.80   154.54  1.2038E-001  5.3518E-001
 516   23.34   25.53   103.78  1.2038E-001  5.3518E-001
 517   18.93   25.10    84.16  1.2038E-001  5.3518E-001
 518   22.32   24.64    99.21  1.2038E-001  5.3518E-001
 519   29.87   23.09   132.79  1.2038E-001  5.3518E-001
 520   20.39   24.32    90.65  1.2038E-001  5.3518E-001
 521   22.80   25.08   101.35  1.2038E-001  5.3518E-001
 522   18.29   22.36    81.30  1.2038E-001  5.3518E-001
 523   18.35   18.87    81.56  1.2038E-001  5.3518E-001
 524   24.42   19.83   108.58  1.2038E-001  5.3518E-001
 525   24.89   26.60   110.65  1.2038E-001  5.3518E-001
 526   28.43   31.76   126.39  1.2038E-001  5.3518E-001
 527   18.11   21.33    80.52  1.2038E-001  5.3518E-001
 528   13.40   24.17    59.57  1.2038E-001  5.3518E-001
 529   16.37   23.52    72.77  1.2038E-001  5.3518E-001
 530   22.94   20.68   101.98  1.2038E-001  5.3518E-001
 531   15.84   22.66    70.42  1.2038E-001  5.3518E-001
 532   18.31   28.83    81.40  1.2038E-001  5.3518E-001
 533   16.64   22.24    73.98  1.2038E-001  5.3518E-001
 534   12.99   20.46    57.76  1.2038E-001  5.3518E-001
 535   13.69   23.59    60.85  1.2038E-001  5.3518E-001
 536   20.11   22.33    89.43  1.2038E-001  5.3518E-001
 537   17.13   16.00    76.14  1.2038E-001  5.3518E-001
 538   18.61   23.37    82.73  1.2038E-001  5.3518E-001
 539   17.29   25.18    76.89  1.2038E-001  5.3518E-001
 540   12.76   25.34    56.71  1.2038E-001  5.3518E-001
 541   16.20   25.96    72.02  1.2038E-001  5.3518E-001
 542   20.34   22.08    90.43  1.2038E-001  5.3518E-001
 543   17.07   18.99    75.91  1.2038E-001  5.3518E-001
 544   17.38   20.63    77.27  1.2038E-001  5.3518E-001
 545   16.49   27.75    73.32  1.2038E-001  5.3518E-001
 546   12.14   27.75    53.99  1.2038E-001  5.3518E-001
 547   16.06   25.76    71.40  1.2038E-001  5.3518E-001
 548   25.34   21.90   112.64  1.2038E-001  5.3518E-001
 549   18.59   34.05    82.63  1.2038E-001  5.3518E-001
 550   16.10   41.30    71.56  1.2038E-001  5.3518E-001
 551   19.92   25.56    88.57  1.2038E-001  5.3518E-001
 552   14.18   25.04    63.06  1.2038E-001  5.3518E-001
 553   20.74   27.19    92.22  1.2038E-001  5.3518E-001
 554   24.32   28.84   108.11  1.2038E-001  5.3518E-001
 555   18.41   18.49    81.86  1.2038E-001  5.3518E-001
 556   24.66   27.40   109.63  1.2038E-001  5.3518E-001
 557   24.11   26.76   107.18  1.2038E-001  5.3518E-001
 558   25.80   27.91   114.68  1.2038E-001  5.3518E-001
 559   34.14   26.56   151.80  1.2038E-001  5.3518E-001
 560   42.24   24.48   187.81  1.2038E-001  5.3518E-001
 561   32.31   30.07   143.66  1.2038E-001  5.3518E-001
 562   33.54   31.33   149.11  1.2038E-001  5.3518E-001
 563   42.40   31.70   188.52  1.2038E-001  5.3518E-001
 564   55.41   31.00   246.34  1.2038E-001  5.3518E-001
 565   50.37   34.69   223.93  1.2038E-001  5.3518E-001
 566  142.88   47.52   635.20  1.2038E-001  5.3518E-001
 567   56.80   32.69   252.53  1.2038E-001  5.3518E-001
 568   98.48   32.59   437.80  1.2038E-001  5.3518E-001
 569   70.20   32.75   312.09  1.2038E-001  5.3518E-001
 570  142.71   33.80   634.45  1.2038E-001  5.3518E-001
 571   55.25   32.47   245.65  1.2038E-001  5.3518E-001
 572   36.65   32.14   162.95  1.2038E-001  5.3518E-001
 573   37.36   29.04   166.09  1.2038E-001  5.3518E-001
 574   44.70   28.24   198.71  1.2038E-001  5.3518E-001
 575   34.07   33.68   151.46  1.2038E-001  5.3518E-001
 576   32.89   38.84   146.21  1.2038E-001  5.3518E-001
 577   52.30   28.58   232.53  1.2038E-001  5.3518E-001
 578   54.90   30.11   244.06  1.2038E-001  5.3518E-001
 579   43.20   34.81   192.04  1.2038E-001  5.3518E-001
 580   59.33   37.96   263.78  1.2038E-001  5.3518E-001
 581   88.40   30.33   393.00  1.2038E-001  5.3518E-001
 582   71.57   31.38   318.21  1.2038E-001  5.3518E-001
 583   31.66   32.04   140.75  1.2038E-001  5.3518E-001
 584   20.89   29.39    92.86  1.2038E-001  5.3518E-001
 585   24.42   27.81   108.55  1.2038E-001  5.3518E-001
 586   34.33   24.93   152.64  1.2038E-001  5.3518E-001
 587   24.19   31.79   107.53  1.2038E-001  5.3518E-001
 588   18.56   34.97    82.50  1.2038E-001  5.3518E-001
 589   28.18   27.21   125.28  1.2038E-001  5.3518E-001
 590   20.66   28.46    91.87  1.2038E-001  5.3518E-001
 591   21.43   26.91    95.29  1.2038E-001  5.3518E-001
 592   26.55   24.00   118.05  1.2038E-001  5.3518E-001
 593   28.76   29.62   127.86  1.2038E-001  5.3518E-001
 594   64.20   37.11   285.44  1.2038E-001  5.3518E-001
 595   29.69   25.26   131.98  1.2038E-001  5.3518E-001
 596   26.34   27.04   117.11  1.2038E-001  5.3518E-001
 597   27.86   29.17   123.85  1.2038E-001  5.3518E-001
 598   57.90   31.27   257.40  1.2038E-001  5.3518E-001
 599   33.17   26.80   147.46  1.2038E-001  5.3518E-001
 600   33.31   23.71   148.10  1.2038E-001  5.3518E-001
 601   33.31   28.97   148.07  1.2038E-001  5.3518E-001
 602   28.30   29.73   125.80  1.2038E-001  5.3518E-001
 603   29.75   31.28   132.26  1.2038E-001  5.3518E-001
 604   31.00   31.77   137.82  1.2038E-001  5.3518E-001
 605   38.21   30.12   169.88  1.2038E-001  5.3518E-001
 606   37.56   31.15   167.01  1.2038E-001  5.3518E-001
 607   34.93   32.24   155.28  1.2038E-001  5.3518E-001
 608   28.51   34.61   126.76  1.2038E-001  5.3518E-001
 609   28.01   36.74   124.54  1.2038E-001  5.3518E-001
 610   33.45   37.36   148.73  1.2038E-001  5.3518E-001
 611   37.06   38.52   164.75  1.2038E-001  5.3518E-001
 612   36.98   45.75   164.41  1.2038E-001  5.3518E-001
 613   36.83   38.81   163.73  1.2038E-001  5.3518E-001
 614   37.98   41.86   168.84  1.2038E-001  5.3518E-001
 615   31.16   41.13   138.55  1.2038E-001  5.3518E-001
 616   52.45   42.61   233.17  1.2038E-001  5.3518E-001
 617   67.07   49.49   298.20  1.2038E-001  5.3518E-001
 618  180.14   65.93   800.87  1.2038E-001  5.3518E-001
 619   30.71   37.58   136.51  1.2038E-001  5.3518E-001
 620   24.38   33.65   108.37  1.2038E-001  5.3518E-001
 621   22.84   34.58   101.55  1.2038E-001  5.3518E-001
 622   35.54   35.70   158.02  1.2038E-001  5.3518E-001
 623   30.82   30.35   137.00  1.2038E-001  5.3518E-001
 624   31.60   35.59   140.51  1.2038E-001  5.3518E-001
 625   19.66   34.48    87.40  1.2038E-001  5.3518E-001
 626   20.05   31.28    89.13  1.2038E-001  5.3518E-001
 627   23.88   34.83   106.16  1.2038E-001  5.3518E-001
 628   28.25   36.04   125.59  1.2038E-001  5.3518E-001
 629   20.30   24.40    90.23  1.2038E-001  5.3518E-001
 630   18.42   22.98    81.90  1.2038E-001  5.3518E-001
 631   25.98   41.05   115.52  1.2038E-001  5.3518E-001
 632   26.32   46.08   117.00  1.2038E-001  5.3518E-001
 633   29.67   45.48   131.90  1.2038E-001  5.3518E-001
 634   44.71   46.87   198.77  1.2038E-001  5.3518E-001
 635   39.02   51.89   173.46  1.2038E-001  5.3518E-001
 636   35.05   46.33   155.85  1.2038E-001  5.3518E-001
 637   40.38   47.54   179.52  1.2038E-001  5.3518E-001
 638   31.93   48.27   141.96  1.2038E-001  5.3518E-001
 639   53.30   52.21   236.98  1.2038E-001  5.3518E-001
 640   26.09   43.87   116.00  1.2038E-001  5.3518E-001
 641   21.54   40.46    95.77  1.2038E-001  5.3518E-001
 642   22.82   38.77   101.46  1.2038E-001  5.3518E-001
 643   29.16   38.23   129.63  1.2038E-001  5.3518E-001
 644   24.21   42.24   107.64  1.2038E-001  5.3518E-001
 645   35.01   59.46   155.63  1.2038E-001  5.3518E-001
 646   23.42   36.57   104.14  1.2038E-001  5.3518E-001
 647   16.50   33.76    73.36  1.2038E-001  5.3518E-001
 648   17.06   31.68    75.87  1.2038E-001  5.3518E-001
 649   21.04   27.98    93.54  1.2038E-001  5.3518E-001
 650   24.62   38.14   109.45  1.2038E-001  5.3518E-001
 651   43.89   50.75   195.12  1.2038E-001  5.3518E-001
 652   17.77   30.03    79.00  1.2038E-001  5.3518E-001
 653   12.91   27.17    57.41  1.2038E-001  5.3518E-001
 654   16.15   26.46    71.79  1.2038E-001  5.3518E-001
 655   23.73   28.87   105.49  1.2038E-001  5.3518E-001
 656   16.89   25.43    75.07  1.2038E-001  5.3518E-001
 657   18.28   24.55    81.29  1.2038E-001  5.3518E-001
 658   16.32   25.66    72.56  1.2038E-001  5.3518E-001
 659   14.86   21.40    66.07  1.2038E-001  5.3518E-001
 660   13.98   23.75    62.14  1.2038E-001  5.3518E-001
 661   21.82   22.39    97.00  1.2038E-001  5.3518E-001
 662   15.42   25.70    68.55  1.2038E-001  5.3518E-001
 663   12.65   26.58    56.25  1.2038E-001  5.3518E-001
 664   14.88   28.14    66.16  1.2038E-001  5.3518E-001
 665   21.35   28.75    94.90  1.2038E-001  5.3518E-001
 666   16.28   26.53    72.39  1.2038E-001  5.3518E-001
 667   16.02   24.24    71.22  1.2038E-001  5.3518E-001
 668   17.60   28.86    78.25  1.2038E-001  5.3518E-001
 669   15.19   31.66    67.52  1.2038E-001  5.3518E-001
 670   18.01   31.82    80.06  1.2038E-001  5.3518E-001
 671   24.19   30.61   107.55  1.2038E-001  5.3518E-001
 672   20.37   28.14    90.54  1.2038E-001  5.3518E-001
 673   20.59   34.22    91.52  1.2038E-001  5.3518E-001
 674   20.75   31.91    92.24  1.2038E-001  5.3518E-001
 675   19.26   32.63    85.64  1.2038E-001  5.3518E-001
 676   20.40   30.64    90.69  1.2038E-001  5.3518E-001
 677   22.65   29.42   100.70  1.2038E-001  5.3518E-001
 678   25.89   33.51   115.09  1.2038E-001  5.3518E-001
 679   59.28   43.37   263.56  1.2038E-001  5.3518E-001
 680   27.49   31.05   122.20  1.2038E-001  5.3518E-001
 681   29.07   33.87   129.25  1.2038E-001  5.3518E-001
 682   23.18   36.08   103.05  1.2038E-001  5.3518E-001
 683   40.11   35.30   178.33  1.2038E-001  5.3518E-001
 684   20.91   35.22    92.97  1.2038E-001  5.3518E-001
 685   21.34   32.03    94.89  1.2038E-001  5.3518E-001
 686   23.34   30.69   103.76  1.2038E-001  5.3518E-001
 687   21.58   29.31    95.93  1.2038E-001  5.3518E-001
 688   24.01   34.67   106.75  1.2038E-001  5.3518E-001
 689   24.39   29.16   108.44  1.2038E-001  5.3518E-001
 690   34.05   29.77   151.36  1.2038E-001  5.3518E-001
 691   21.43   28.77    95.29  1.2038E-001  5.3518E-001
 692   18.35   24.99    81.60  1.2038E-001  5.3518E-001
 693   23.41   29.29   104.08  1.2038E-001  5.3518E-001
 694   30.07   28.37   133.71  1.2038E-001  5.3518E-001
 695   22.53   31.46   100.18  1.2038E-001  5.3518E-001
 696   21.27   26.57    94.56  1.2038E-001  5.3518E-001
 697   16.40   26.25    72.89  1.2038E-001  5.3518E-001
 698   16.33   25.55    72.59  1.2038E-001  5.3518E-001
 699   18.67   26.60    82.98  1.2038E-001  5.3518E-001
 700   17.14   22.72    76.22  1.2038E-001  5.3518E-001
 701   18.39   24.53    81.76  1.2038E-001  5.3518E-001
 702   15.83   28.09    70.40  1.2038E-001  5.3518E-001
 703   14.77   27.20    65.67  1.2038E-001  5.3518E-001
 704   17.50   25.65    77.80  1.2038E-001  5.3518E-001
 705   22.36   25.60    99.39  1.2038E-001  5.3518E-001
 706   19.16   25.46    85.20  1.2038E-001  5.3518E-001
 707   21.50   34.22    95.59  1.2038E-001  5.3518E-001
 708   16.55   26.43    73.58  1.2038E-001  5.3518E-001
 709   18.59   25.89    82.63  1.2038E-001  5.3518E-001
 710   19.09   25.12    84.85  1.2038E-001  5.3518E-001
 711   25.18   27.75   111.94  1.2038E-001  5.3518E-001
 712   30.39   25.04   135.12  1.2038E-001  5.3518E-001
 713   16.60   26.91    73.81  1.2038E-001  5.3518E-001
 714   18.32   27.11    81.43  1.2038E-001  5.3518E-001
 715   18.29   27.41    81.33  1.2038E-001  5.3518E-001
 716   28.64   27.94   127.34  1.2038E-001  5.3518E-001
 717   25.39   25.84   112.88  1.2038E-001  5.3518E-001
 718   38.41   32.35   170.75  1.2038E-001  5.3518E-001
 719   15.37   30.78    68.32  1.2038E-001  5.3518E-001
 720   14.81   30.61    65.85  1.2038E-001  5.3518E-001
 721   16.38   30.48    72.81  1.2038E-001  5.3518E-001
 722   21.37   32.86    94.99  1.2038E-001  5.3518E-001
 723   21.52   28.35    95.66  1.2038E-001  5.3518E-001
 724   16.54   33.11    73.55  1.2038E-001  5.3518E-001
 725   19.17   35.20    85.22  1.2038E-001  5.3518E-001
 726   21.35   32.89    94.93  1.2038E-001  5.3518E-001
 727   31.20   31.13   138.72  1.2038E-001  5.3518E-001
 728   29.38   38.43   130.63  1.2038E-001  5.3518E-001
 729   29.92   43.64   133.00  1.2038E-001  5.3518E-001
 730   24.88   36.51   110.62  1.2038E-001  5.3518E-001
 731   26.37   38.76   117.25  1.2038E-001  5.3518E-001
 732   25.79   38.36   114.65  1.2038E-001  5.3518E-001
 733   40.33   40.15   179.32  1.2038E-001  5.3518E-001
 734   38.62   42.16   171.72  1.2038E-001  5.3518E-001
 735   60.05   50.82   266.99  1.2038E-001  5.3518E-001
 736   24.98   37.40   111.05  1.2038E-001  5.3518E-001
 737   26.51   35.89   117.87  1.2038E-001  5.3518E-001
 738   22.26   35.65    98.97  1.2038E-001  5.3518E-001
 739   36.54   36.00   162.45  1.2038E-001  5.3518E-001
 740   36.57   39.94   162.60  1.2038E-001  5.3518E-001
 741   57.02   46.47   253.52  1.2038E-001  5.3518E-001
 742   22.93   31.59   101.96  1.2038E-001  5.3518E-001
 743   19.21   29.40    85.40  1.2038E-001  5.3518E-001
 744   20.52   26.40    91.21  1.2038E-001  5.3518E-001
 745   24.51   26.12   108.98  1.2038E-001  5.3518E-001
 746   21.71   29.76    96.51  1.2038E-001  5.3518E-001
 747   24.74   23.96   109.97  1.2038E-001  5.3518E-001
 748   19.82   26.95    88.12  1.2038E-001  5.3518E-001
 749   18.01   28.43    80.08  1.2038E-001  5.3518E-001
 750   24.51   29.82   108.96  1.2038E-001  5.3518E-001
 751   30.54   30.29   135.78  1.2038E-001  5.3518E-001
 752   27.27   29.78   121.22  1.2038E-001  5.3518E-001
 753   24.07   48.18   107.01  1.2038E-001  5.3518E-001
 754   28.19   28.34   125.33  1.2038E-001  5.3518E-001
 755   32.24   28.40   143.35  1.2038E-001  5.3518E-001
 756   37.53   30.04   166.85  1.2038E-001  5.3518E-001
 757   76.37   29.65   339.52  1.2038E-001  5.3518E-001
 758   46.36   25.39   206.11  1.2038E-001  5.3518E-001
 759   49.62   28.10   220.60  1.2038E-001  5.3518E-001
 760   32.81   31.74   145.86  1.2038E-001  5.3518E-001
 761   31.02   29.76   137.92  1.2038E-001  5.3518E-001
 762   35.59   33.12   158.23  1.2038E-001  5.3518E-001
 763   50.59   37.46   224.92  1.2038E-001  5.3518E-001
 764   36.70   28.08   163.14  1.2038E-001  5.3518E-001
 765   66.42   35.67   295.27  1.2038E-001  5.3518E-001
 766   35.31   35.59   157.00  1.2038E-001  5.3518E-001
 767   44.37   36.64   197.25  1.2038E-001  5.3518E-001
 768   28.87   38.80   128.37  1.2038E-001  5.3518E-001
 769   38.77   43.50   172.38  1.2038E-001  5.3518E-001
 770   24.94   35.53   110.87  1.2038E-001  5.3518E-001
 771   19.27   32.75    85.69  1.2038E-001  5.3518E-001
 772   23.59   32.91   104.86  1.2038E-001  5.3518E-001
 773   32.33   28.90   143.72  1.2038E-001  5.3518E-001
 774   20.68   30.82    91.95  1.2038E-001  5.3518E-001
 775   20.81   27.93    92.51  1.2038E-001  5.3518E-001
 776   24.70   31.50   109.82  1.2038E-001  5.3518E-001
 777   20.05   29.93    89.14  1.2038E-001  5.3518E-001
 778   20.52   28.19    91.24  1.2038E-001  5.3518E-001
 779   26.57   27.36   118.13  1.2038E-001  5.3518E-001
 780   28.28   36.85   125.71  1.2038E-001  5.3518E-001
 781   42.73   51.52   189.96  1.2038E-001  5.3518E-001
 782   22.47   25.72    99.89  1.2038E-001  5.3518E-001
 783   16.90   27.98    75.13  1.2038E-001  5.3518E-001
 784   21.73   29.98    96.61  1.2038E-001  5.3518E-001
 785   25.38   32.96   112.83  1.2038E-001  5.3518E-001
 786   19.70   28.60    87.60  1.2038E-001  5.3518E-001
 787   19.90   25.91    88.47  1.2038E-001  5.3518E-001
 788   20.28   30.11    90.14  1.2038E-001  5.3518E-001
 789   19.57   28.42    87.00  1.2038E-001  5.3518E-001
 790   22.25   25.79    98.93  1.2038E-001  5.3518E-001
 791   23.96   27.25   106.52  1.2038E-001  5.3518E-001
 792   26.92   31.36   119.67  1.2038E-001  5.3518E-001
 793   34.48   28.71   153.30  1.2038E-001  5.3518E-001
 794   26.41   25.66   117.40  1.2038E-001  5.3518E-001
 795   19.26   27.22    85.63  1.2038E-001  5.3518E-001
 796   22.20   28.49    98.69  1.2038E-001  5.3518E-001
 797   45.56   27.66   202.55  1.2038E-001  5.3518E-001
 798   27.29   29.67   121.34  1.2038E-001  5.3518E-001
 799   19.52   28.17    86.79  1.2038E-001  5.3518E-001
 800   17.44   30.32    77.52  1.2038E-001  5.3518E-001
 801   21.39   32.17    95.10  1.2038E-001  5.3518E-001
 802   26.52   31.46   117.92  1.2038E-001  5.3518E-001
 803   20.89   26.16    92.86  1.2038E-001  5.3518E-001
 804   21.76   26.92    96.76  1.2038E-001  5.3518E-001
 805   28.52   32.26   126.80  1.2038E-001  5.3518E-001
 806   26.36   32.78   117.21  1.2038E-001  5.3518E-001
 807   21.38   34.35    95.03  1.2038E-001  5.3518E-001
 808   32.13   37.75   142.83  1.2038E-001  5.3518E-001
 809   59.99   34.20   266.71  1.2038E-001  5.3518E-001
 810   29.59   37.97   131.54  1.2038E-001  5.3518E-001
 811   24.49   40.84   108.90  1.2038E-001  5.3518E-001
 812   20.97   42.14    93.23  1.2038E-001  5.3518E-001
 813   24.36   41.10   108.31  1.2038E-001  5.3518E-001
 814   29.58   45.52   131.51  1.2038E-001  5.3518E-001
 815   35.39   55.26   157.35  1.2038E-001  5.3518E-001
 816   23.76   43.63   105.65  1.2038E-001  5.3518E-001
 817   18.59   43.98    82.64  1.2038E-001  5.3518E-001
 818   19.78   42.88    87.93  1.2038E-001  5.3518E-001
 819   25.52   40.16   113.44  1.2038E-001  5.3518E-001
 820   22.52   46.02   100.12  1.2038E-001  5.3518E-001
 821   25.90   57.61   115.13  1.2038E-001  5.3518E-001
 822   23.66   43.42   105.19  1.2038E-001  5.3518E-001
 823   25.24   44.71   112.19  1.2038E-001  5.3518E-001
 824   22.96   41.51   102.10  1.2038E-001  5.3518E-001
 825   27.49   41.53   122.24  1.2038E-001  5.3518E-001
 826   38.62   50.97   171.71  1.2038E-001  5.3518E-001
 827   71.77   64.59   319.08  1.2038E-001  5.3518E-001
 828   23.02   38.86   102.32  1.2038E-001  5.3518E-001
 829   21.63   37.24    96.15  1.2038E-001  5.3518E-001
 830   20.41   36.39    90.75  1.2038E-001  5.3518E-001
 831   22.50   35.11   100.04  1.2038E-001  5.3518E-001
 832   31.35   39.38   139.38  1.2038E-001  5.3518E-001
 833   61.52   45.96   273.51  1.2038E-001  5.3518E-001
 834   17.86   36.09    79.39  1.2038E-001  5.3518E-001
 835   16.39   34.85    72.88  1.2038E-001  5.3518E-001
 836   18.52   32.19    82.35  1.2038E-001  5.3518E-001
 837   22.79   31.41   101.33  1.2038E-001  5.3518E-001
 838   20.76   35.11    92.27  1.2038E-001  5.3518E-001
 839   18.79   34.31    83.54  1.2038E-001  5.3518E-001
 840   17.78   30.89    79.02  1.2038E-001  5.3518E-001
 841   20.49   32.92    91.11  1.2038E-001  5.3518E-001
 842   22.57   34.65   100.35  1.2038E-001  5.3518E-001
 843   27.47   33.55   122.14  1.2038E-001  5.3518E-001
 844   26.87   33.87   119.45  1.2038E-001  5.3518E-001
 845   32.41   40.52   144.08  1.2038E-001  5.3518E-001
 846   25.36   36.65   112.76  1.2038E-001  5.3518E-001
 847   23.28   38.60   103.48  1.2038E-001  5.3518E-001
 848   23.22   35.84   103.25  1.2038E-001  5.3518E-001
 849   32.61   37.18   144.97  1.2038E-001  5.3518E-001
 850   34.42   40.43   153.02  1.2038E-001  5.3518E-001
 851   33.60   53.00   149.38  1.2038E-001  5.3518E-001
 852   19.40   33.83    86.24  1.2038E-001  5.3518E-001
 853   19.47   34.74    86.56  1.2038E-001  5.3518E-001
 854   18.93   32.48    84.14  1.2038E-001  5.3518E-001
 855   23.61   31.41   104.97  1.2038E-001  5.3518E-001
 856   23.80   36.55   105.81  1.2038E-001  5.3518E-001
 857   38.72   42.36   172.13  1.2038E-001  5.3518E-001
 858   16.93   34.15    75.28  1.2038E-001  5.3518E-001
 859   16.74   35.69    74.40  1.2038E-001  5.3518E-001
 860   21.55   35.93    95.79  1.2038E-001  5.3518E-001
 861   26.36   35.58   117.21  1.2038E-001  5.3518E-001
 862   20.20   34.65    89.81  1.2038E-001  5.3518E-001
 863   20.63   30.51    91.73  1.2038E-001  5.3518E-001
 864   24.82   37.51   110.33  1.2038E-001  5.3518E-001
 865   28.78   40.47   127.96  1.2038E-001  5.3518E-001
 866   32.81   40.86   145.89  1.2038E-001  5.3518E-001
 867   58.84   43.00   261.61  1.2038E-001  5.3518E-001
 868   37.82   42.92   168.16  1.2038E-001  5.3518E-001
 869   52.74   45.93   234.45  1.2038E-001  5.3518E-001
 870   25.41   41.44   112.97  1.2038E-001  5.3518E-001
 871   33.99   40.44   151.10  1.2038E-001  5.3518E-001
 872   37.71   40.19   167.67  1.2038E-001  5.3518E-001
 873   58.97   40.65   262.15  1.2038E-001  5.3518E-001
 874   44.45   42.07   197.62  1.2038E-001  5.3518E-001
 875   32.73   37.70   145.53  1.2038E-001  5.3518E-001
 876   41.02   35.16   182.39  1.2038E-001  5.3518E-001
 877   35.60   37.36   158.28  1.2038E-001  5.3518E-001
 878   66.03   37.11   293.54  1.2038E-001  5.3518E-001
 879   28.62   37.56   127.26  1.2038E-001  5.3518E-001
 880   28.80   39.45   128.05  1.2038E-001  5.3518E-001
 881   29.58   37.67   131.52  1.2038E-001  5.3518E-001
 882   47.68   38.81   211.98  1.2038E-001  5.3518E-001
 883   42.73   42.13   189.98  1.2038E-001  5.3518E-001
 884   85.66   65.44   380.84  1.2038E-001  5.3518E-001
 885   26.67   34.60   118.57  1.2038E-001  5.3518E-001
 886   18.49   29.78    82.21  1.2038E-001  5.3518E-001
 887   22.24   29.79    98.87  1.2038E-001  5.3518E-001
 888   29.57   29.65   131.47  1.2038E-001  5.3518E-001
 889   18.51   28.06    82.31  1.2038E-001  5.3518E-001
 890   21.58   22.94    95.92  1.2038E-001  5.3518E-001
 891   20.12   28.30    89.44  1.2038E-001  5.3518E-001
 892   17.40   29.30    77.35  1.2038E-001  5.3518E-001
 893   17.37   28.38    77.24  1.2038E-001  5.3518E-001
 894   29.89   28.84   132.90  1.2038E-001  5.3518E-001
 895   25.99   31.82   115.55  1.2038E-001  5.3518E-001
 896   33.56   38.05   149.20  1.2038E-001  5.3518E-001
 897   18.84   25.52    83.77  1.2038E-001  5.3518E-001
 898   13.74   25.68    61.09  1.2038E-001  5.3518E-001
 899   17.74   25.99    78.88  1.2038E-001  5.3518E-001
 900   21.96   26.52    97.64  1.2038E-001  5.3518E-001
 901   18.88   21.79    83.92  1.2038E-001  5.3518E-001
 902   20.58   23.79    91.49  1.2038E-001  5.3518E-001
 903   12.26   24.18    54.52  1.2038E-001  5.3518E-001
 904   15.17   24.34    67.46  1.2038E-001  5.3518E-001
 905   23.58   24.24   104.84  1.2038E-001  5.3518E-001
 906   17.73   24.98    78.81  1.2038E-001  5.3518E-001
 907   18.45   22.98    82.04  1.2038E-001  5.3518E-001
 908   12.61   23.30    56.08  1.2038E-001  5.3518E-001
 909   15.61   24.71    69.41  1.2038E-001  5.3518E-001
 910   24.57   25.18   109.22  1.2038E-001  5.3518E-001
 911   19.10   23.61    84.90  1.2038E-001  5.3518E-001
 912   15.85   21.20    70.48  1.2038E-001  5.3518E-001
 913   18.96   24.83    84.28  1.2038E-001  5.3518E-001
 914   14.67   27.98    65.20  1.2038E-001  5.3518E-001
 915   13.70   25.67    60.89  1.2038E-001  5.3518E-001
 916   19.44   26.85    86.41  1.2038E-001  5.3518E-001
 917   19.73   34.39    87.71  1.2038E-001  5.3518E-001
 918   18.21   47.49    80.96  1.2038E-001  5.3518E-001
 919   20.99   22.09    93.30  1.2038E-001  5.3518E-001
 920   16.07   22.81    71.42  1.2038E-001  5.3518E-001
 921   16.03   23.28    71.28  1.2038E-001  5.3518E-001
 922   21.01   23.07    93.39  1.2038E-001  5.3518E-001
 923   21.36   22.27    94.98  1.2038E-001  5.3518E-001
 924   22.46   26.16    99.87  1.2038E-001  5.3518E-001
 925   17.51   23.48    77.84  1.2038E-001  5.3518E-001
 926   15.36   25.07    68.31  1.2038E-001  5.3518E-001
 927   17.85   24.42    79.37  1.2038E-001  5.3518E-001
 928   23.13   25.46   102.84  1.2038E-001  5.3518E-001
 929   21.93   26.53    97.51  1.2038E-001  5.3518E-001
 930   32.62   29.67   145.02  1.2038E-001  5.3518E-001
 931   21.50   26.72    95.60  1.2038E-001  5.3518E-001
 932   19.31   26.27    85.87  1.2038E-001  5.3518E-001
 933   19.17   27.68    85.23  1.2038E-001  5.3518E-001
 934   21.60   27.58    96.04  1.2038E-001  5.3518E-001
 935   30.34   23.32   134.89  1.2038E-001  5.3518E-001
 936   31.93   25.32   141.96  1.2038E-001  5.3518E-001
 937   19.08   29.01    84.85  1.2038E-001  5.3518E-001
 938   16.70   30.47    74.25  1.2038E-001  5.3518E-001
 939   16.91   31.24    75.19  1.2038E-001  5.3518E-001
 940   23.27   34.02   103.47  1.2038E-001  5.3518E-001
 941   29.00   31.12   128.92  1.2038E-001  5.3518E-001
 942   15.17   29.45    67.43  1.2038E-001  5.3518E-001
 943   15.23   28.38    67.70  1.2038E-001  5.3518E-001
 944   17.45   29.30    77.57  1.2038E-001  5.3518E-001
 945   27.88   30.70   123.97  1.2038E-001  5.3518E-001
 946   19.52   27.93    86.78  1.2038E-001  5.3518E-001
 947   20.39   30.63    90.66  1.2038E-001  5.3518E-001
 948   17.51   36.41    77.87  1.2038E-001  5.3518E-001
 949   18.14   37.00    80.66  1.2038E-001  5.3518E-001
 950   22.06   36.47    98.06  1.2038E-001  5.3518E-001
 951   20.83   38.04    92.60  1.2038E-001  5.3518E-001
 952   22.41   48.50    99.61  1.2038E-001  5.3518E-001
 953   20.41   37.70    90.74  1.2038E-001  5.3518E-001
 954   17.07   41.21    75.87  1.2038E-001  5.3518E-001
 955   17.76   41.75    78.95  1.2038E-001  5.3518E-001
 956   28.14   45.12   125.12  1.2038E-001  5.3518E-001
 957   22.39   40.64    99.54  1.2038E-001  5.3518E-001
 958   33.40   43.77   148.51  1.2038E-001  5.3518E-001
 959   16.64   42.38    73.96  1.2038E-001  5.3518E-001
 960   23.01   42.68   102.31  1.2038E-001  5.3518E-001
 961   20.56   42.57    91.42  1.2038E-001  5.3518E-001
 962   32.92   49.34   146.35  1.2038E-001  5.3518E-001
 963   21.85   36.50    97.15  1.2038E-001  5.3518E-001
 964   19.80   33.75    88.04  1.2038E-001  5.3518E-001
 965   21.45   35.55    95.35  1.2038E-001  5.3518E-001
 966   26.76   37.98   118.96  1.2038E-001  5.3518E-001
 967   24.97   29.05   111.01  1.2038E-001  5.3518E-001
 968   32.97   31.12   146.56  1.2038E-001  5.3518E-001
 969   21.17   33.36    94.14  1.2038E-001  5.3518E-001
 970   18.81   35.06    83.63  1.2038E-001  5.3518E-001
 971   22.63   38.99   100.61  1.2038E-001  5.3518E-001
 972   32.18   40.32   143.06  1.2038E-001  5.3518E-001
 973   23.76   32.91   105.64  1.2038E-001  5.3518E-001
 974   29.49   31.03   131.11  1.2038E-001  5.3518E-001
 975   23.30   42.16   103.59  1.2038E-001  5.3518E-001
 976   26.70   45.86   118.72  1.2038E-001  5.3518E-001
 977   31.11   48.66   138.32  1.2038E-001  5.3518E-001
 978   58.64   52.35   260.72  1.2038E-001  5.3518E-001
 979   40.79   48.18   181.33  1.2038E-001  5.3518E-001
 980   72.33   57.52   321.58  1.2038E-001  5.3518E-001
 981   28.95   50.65   128.69  1.2038E-001  5.3518E-001
 982   33.82   52.39   150.35  1.2038E-001  5.3518E-001
 983   39.60   52.64   176.05  1.2038E-001  5.3518E-001
 984   33.43   50.99   148.64  1.2038E-001  5.3518E-001
 985   38.25   55.75   170.07  1.2038E-001  5.3518E-001
 986   57.57   67.81   255.95  1.2038E-001  5.3518E-001
 987   63.07   54.36   280.40  1.2038E-001  5.3518E-001
 988   58.50   51.71   260.10  1.2038E-001  5.3518E-001
 989   48.44   48.99   215.36  1.2038E-001  5.3518E-001
 990   51.13   47.14   227.31  1.2038E-001  5.3518E-001
 991  105.37   54.90   468.46  1.2038E-001  5.3518E-001
 992  133.78   55.53   594.78  1.2038E-001  5.3518E-001
 993   51.04   49.31   226.90  1.2038E-001  5.3518E-001
 994   45.73   49.18   203.29  1.2038E-001  5.3518E-001
 995   35.47   47.89   157.71  1.2038E-001  5.3518E-001
 996   47.01   50.63   208.98  1.2038E-001  5.3518E-001
 997   63.59   49.65   282.70  1.2038E-001  5.3518E-001
 998   27.22   43.00   120.99  1.2038E-001  5.3518E-001
 999   26.18   42.99   116.41  1.2038E-001  5.3518E-001
1000   26.55   42.66   118.05  1.2038E-001  5.3518E-001
1001   33.30   40.22   148.06  1.2038E-001  5.3518E-001
1002   32.87   41.76   146.13  1.2038E-001  5.3518E-001
1003   37.43   41.82   166.39  1.2038E-001  5.3518E-001
1004   38.73   39.53   172.17  1.2038E-001  5.3518E-001
1005   50.57   39.55   224.84  1.2038E-001  5.3518E-001
1006   73.85   47.08   328.34  1.2038E-001  5.3518E-001
1007   43.82   36.46   194.81  1.2038E-001  5.3518E-001
1008   39.12   36.65   173.93  1.2038E-001  5.3518E-001
1009   28.36   33.59   126.09  1.2038E-001  5.3518E-001
1010   39.48   31.58   175.52  1.2038E-001  5.3518E-001
1011   66.47   43.63   295.51  1.2038E-001  5.3518E-001
1012   27.88   31.38   123.95  1.2038E-001  5.3518E-001
1013   20.94   30.48    93.09  1.2038E-001  5.3518E-001
1014   21.97   29.53    97.67  1.2038E-001  5.3518E-001
1015   30.88   29.65   137.27  1.2038E-001  5.3518E-001
1016   22.59   30.58   100.42  1.2038E-001  5.3518E-001
1017   34.48   32.25   153.29  1.2038E-001  5.3518E-001
1018   23.22   28.09   103.22  1.2038E-001  5.3518E-001
1019   21.11   23.47    93.85  1.2038E-001  5.3518E-001
1020   26.20   23.07   116.49  1.2038E-001  5.3518E-001
1021   28.34   23.81   126.01  1.2038E-001  5.3518E-001
1022   31.14   21.72   138.44  1.2038E-001  5.3518E-001
1023   32.16   22.35   142.99  1.2038E-001  5.3518E-001
1024   19.47   22.60    86.57  1.2038E-001  5.3518E-001
1025   20.86   22.28    92.74  1.2038E-001  5.3518E-001
1026   34.17   23.46   151.91  1.2038E-001  5.3518E-001
1027   20.60   20.56    91.57  1.2038E-001  5.3518E-001
1028   20.19   22.65    89.76  1.2038E-001  5.3518E-001
1029   18.43   21.73    81.95  1.2038E-001  5.3518E-001
1030   17.17   21.55    76.33  1.2038E-001  5.3518E-001
1031   18.40   23.68    81.81  1.2038E-001  5.3518E-001
1032   22.47   25.81    99.91  1.2038E-001  5.3518E-001
1033   22.66   20.04   100.76  1.2038E-001  5.3518E-001
1034   25.68   23.85   114.18  1.2038E-001  5.3518E-001
1035   30.14   21.36   134.01  1.2038E-001  5.3518E-001
1036   28.09   20.47   124.90  1.2038E-001  5.3518E-001
1037   30.51   22.23   135.64  1.2038E-001  5.3518E-001
1038   34.32   17.52   152.57  1.2038E-001  5.3518E-001
1039   32.87   20.99   146.15  1.2038E-001  5.3518E-001
1040   29.96   22.90   133.22  1.2038E-001  5.3518E-001
1041   30.91   22.89   137.42  1.2038E-001  5.3518E-001
1042   52.99   21.14   235.58  1.2038E-001  5.3518E-001
1043   50.48   17.79   224.42  1.2038E-001  5.3518E-001
1044   33.01   24.95   146.74  1.2038E-001  5.3518E-001
1045   21.81   26.86    96.98  1.2038E-001  5.3518E-001
1046   24.16   28.46   107.43  1.2038E-001  5.3518E-001
1047   42.74   27.33   190.01  1.2038E-001  5.3518E-001
1048   24.44   25.97   108.66  1.2038E-001  5.3518E-001
1049   30.61   29.65   136.07  1.2038E-001  5.3518E-001
1050   22.50   29.95   100.03  1.2038E-001  5.3518E-001
1051   21.50   32.49    95.60  1.2038E-001  5.3518E-001
1052   23.86   33.07   106.07  1.2038E-001  5.3518E-001
1053   32.10   31.06   142.72  1.2038E-001  5.3518E-001
1054   26.52   32.30   117.89  1.2038E-001  5.3518E-001
1055   28.13   37.65   125.06  1.2038E-001  5.3518E-001
1056   33.90   33.48   150.73  1.2038E-001  5.3518E-001
1057   28.56   36.63   126.96  1.2038E-001  5.3518E-001
1058   29.33   37.91   130.38  1.2038E-001  5.3518E-001
1059   54.21   42.31   240.99  1.2038E-001  5.3518E-001
1060   41.66   35.66   185.21  1.2038E-001  5.3518E-001
1061  113.94   49.30   506.56  1.2038E-001  5.3518E-001
1062   35.36   38.49   157.19  1.2038E-001  5.3518E-001
1063   25.24   39.69   112.21  1.2038E-001  5.3518E-001
1064   25.45   39.41   113.15  1.2038E-001  5.3518E-001
1065   25.66   40.44   114.10  1.2038E-001  5.3518E-001
1066   30.72   43.48   136.57  1.2038E-001  5.3518E-001
1067   35.74   51.15   158.88  1.2038E-001  5.3518E-001
1068   32.72   39.61   145.48  1.2038E-001  5.3518E-001
1069   22.92   38.22   101.89  1.2038E-001  5.3518E-001
1070   22.64   33.37   100.63  1.2038E-001  5.3518E-001
1071   23.76   33.08   105.65  1.2038E-001  5.3518E-001
1072   48.37   43.72   215.05  1.2038E-001  5.3518E-001
1073   27.38   32.63   121.71  1.2038E-001  5.3518E-001
1074   29.17   34.44   129.68  1.2038E-001  5.3518E-001
1075   25.88   36.32   115.06  1.2038E-001  5.3518E-001
1076   39.31   37.87   174.76  1.2038E-001  5.3518E-001
1077   67.02   37.70   297.97  1.2038E-001  5.3518E-001
1078   23.90   35.91   106.24  1.2038E-001  5.3518E-001
1079   21.84   32.90    97.11  1.2038E-001  5.3518E-001
1080   20.84   30.44    92.66  1.2038E-001  5.3518E-001
1081   29.41   32.84   130.73  1.2038E-001  5.3518E-001
1082   30.28   34.31   134.61  1.2038E-001  5.3518E-001
1083   50.35   36.00   223.84  1.2038E-001  5.3518E-001
1084   19.83   28.03    88.16  1.2038E-001  5.3518E-001
1085   14.61   27.58    64.95  1.2038E-001  5.3518E-001
1086   16.26   28.09    72.29  1.2038E-001  5.3518E-001
1087   20.37   30.10    90.58  1.2038E-001  5.3518E-001
1088   18.45   25.48    82.03  1.2038E-001  5.3518E-001
1089   16.60   29.78    73.81  1.2038E-001  5.3518E-001
1090   18.77   29.68    83.46  1.2038E-001  5.3518E-001
1091   18.58   28.78    82.59  1.2038E-001  5.3518E-001
1092   17.97   30.65    79.89  1.2038E-001  5.3518E-001
1093   23.37   34.04   103.90  1.2038E-001  5.3518E-001
1094   19.03   31.76    84.60  1.2038E-001  5.3518E-001
1095   20.92   32.50    93.01  1.2038E-001  5.3518E-001
1096   19.77   29.25    87.87  1.2038E-001  5.3518E-001
1097   25.57   30.42   113.66  1.2038E-001  5.3518E-001
1098   35.08   38.58   155.97  1.2038E-001  5.3518E-001
1099   94.63   51.01   420.72  1.2038E-001  5.3518E-001
1100   19.68   26.80    87.48  1.2038E-001  5.3518E-001
1101   16.87   24.42    75.00  1.2038E-001  5.3518E-001
1102   13.98   22.49    62.13  1.2038E-001  5.3518E-001
1103   19.16   24.37    85.18  1.2038E-001  5.3518E-001
1104   13.98   22.30    62.13  1.2038E-001  5.3518E-001
1105   11.33   21.33    50.38  1.2038E-001  5.3518E-001
1106   14.94   21.07    66.42  1.2038E-001  5.3518E-001
1107   19.54   22.45    86.87  1.2038E-001  5.3518E-001
1108   17.09   22.80    75.99  1.2038E-001  5.3518E-001
1109   17.62   22.49    78.35  1.2038E-001  5.3518E-001
1110   15.84   18.48    70.43  1.2038E-001  5.3518E-001
1111   15.64   17.92    69.53  1.2038E-001  5.3518E-001
1112   12.68   20.22    56.39  1.2038E-001  5.3518E-001
1113   18.45   21.64    82.02  1.2038E-001  5.3518E-001
1114   14.74   19.42    65.55  1.2038E-001  5.3518E-001
1115   12.67   18.01    56.34  1.2038E-001  5.3518E-001
1116   15.31   20.46    68.07  1.2038E-001  5.3518E-001
1117   25.59   23.59   113.76  1.2038E-001  5.3518E-001
1118   19.47   18.07    86.54  1.2038E-001  5.3518E-001
1119   16.38   16.75    72.84  1.2038E-001  5.3518E-001
1120   17.17   17.56    76.32  1.2038E-001  5.3518E-001
1121   15.81   19.78    70.28  1.2038E-001  5.3518E-001
1122   14.60   21.20    64.92  1.2038E-001  5.3518E-001
1123   23.82   22.04   105.89  1.2038E-001  5.3518E-001
1124   19.79   21.78    88.00  1.2038E-001  5.3518E-001
1125   13.18   22.17    58.58  1.2038E-001  5.3518E-001
1126   15.22   23.98    67.65  1.2038E-001  5.3518E-001
1127   24.79   24.71   110.21  1.2038E-001  5.3518E-001
1128   15.29   22.61    67.96  1.2038E-001  5.3518E-001
1129   13.13   24.07    58.36  1.2038E-001  5.3518E-001
1130   20.84   25.67    92.64  1.2038E-001  5.3518E-001
1131   18.23   25.89    81.04  1.2038E-001  5.3518E-001
1132   19.48   25.55    86.62  1.2038E-001  5.3518E-001
1133   27.76   24.76   123.42  1.2038E-001  5.3518E-001
1134   25.63   23.94   113.95  1.2038E-001  5.3518E-001
1135   24.19   19.91   107.56  1.2038E-001  5.3518E-001
1136   29.79   26.35   132.43  1.2038E-001  5.3518E-001
1137   31.05   29.67   138.05  1.2038E-001  5.3518E-001
1138   31.67   31.19   140.81  1.2038E-001  5.3518E-001
1139   46.02   35.37   204.59  1.2038E-001  5.3518E-001
1140   56.16   31.47   249.67  1.2038E-001  5.3518E-001
1141  136.44   41.79   606.59  1.2038E-001  5.3518E-001
1142   37.43   33.46   166.40  1.2038E-001  5.3518E-001
1143   36.57   34.40   162.58  1.2038E-001  5.3518E-001
1144   39.79   31.20   176.89  1.2038E-001  5.3518E-001
1145   53.35   28.14   237.20  1.2038E-001  5.3518E-001
1146   56.97   43.33   253.27  1.2038E-001  5.3518E-001
1147  145.13   51.68   645.24  1.2038E-001  5.3518E-001
1148   33.40   31.82   148.47  1.2038E-001  5.3518E-001
1149   24.26   32.56   107.85  1.2038E-001  5.3518E-001
1150   26.54   32.96   118.00  1.2038E-001  5.3518E-001
1151   25.07   35.60   111.48  1.2038E-001  5.3518E-001
1152   26.26   31.03   116.76  1.2038E-001  5.3518E-001
1153   33.39   35.66   148.44  1.2038E-001  5.3518E-001
1154   34.16   31.91   151.88  1.2038E-001  5.3518E-001
1155   28.32   30.61   125.89  1.2038E-001  5.3518E-001
1156   26.04   28.73   115.79  1.2038E-001  5.3518E-001
1157   30.66   32.12   136.33  1.2038E-001  5.3518E-001
1158   50.22   34.36   223.26  1.2038E-001  5.3518E-001
1159   64.89   36.08   288.48  1.2038E-001  5.3518E-001
1160   32.23   28.58   143.28  1.2038E-001  5.3518E-001
1161   23.97   31.15   106.59  1.2038E-001  5.3518E-001
1162   19.75   31.39    87.80  1.2038E-001  5.3518E-001
1163   28.59   28.22   127.13  1.2038E-001  5.3518E-001
1164   44.55   38.12   198.07  1.2038E-001  5.3518E-001
1165  148.82   57.77   661.61  1.2038E-001  5.3518E-001
1166   20.10   28.22    89.38  1.2038E-001  5.3518E-001
1167   17.88   28.25    79.49  1.2038E-001  5.3518E-001
1168   17.98   26.39    79.92  1.2038E-001  5.3518E-001
1169   23.85   27.53   106.04  1.2038E-001  5.3518E-001
1170   22.90   27.45   101.79  1.2038E-001  5.3518E-001
1171   22.77   25.07   101.24  1.2038E-001  5.3518E-001
1172   16.86   25.84    74.94  1.2038E-001  5.3518E-001
1173   16.29   28.59    72.43  1.2038E-001  5.3518E-001
1174   18.55   30.25    82.47  1.2038E-001  5.3518E-001
1175   25.94   30.52   115.32  1.2038E-001  5.3518E-001
1176   19.31   28.35    85.85  1.2038E-001  5.3518E-001
1177   27.47   30.23   122.11  1.2038E-001  5.3518E-001
1178   18.92   28.72    84.13  1.2038E-001  5.3518E-001
1179   20.73   25.77    92.17  1.2038E-001  5.3518E-001
1180   20.38   24.96    90.62  1.2038E-001  5.3518E-001
1181   28.63   26.74   127.27  1.2038E-001  5.3518E-001
1182   41.78   26.14   185.74  1.2038E-001  5.3518E-001
1183   18.22   22.79    81.01  1.2038E-001  5.3518E-001
1184   17.80   23.16    79.14  1.2038E-001  5.3518E-001
1185   15.49   23.12    68.85  1.2038E-001  5.3518E-001
1186   22.84   26.30   101.54  1.2038E-001  5.3518E-001
1187   31.62   21.83   140.57  1.2038E-001  5.3518E-001
1188   18.44   23.36    82.00  1.2038E-001  5.3518E-001
1189   13.91   25.09    61.85  1.2038E-001  5.3518E-001
1190   15.58   26.57    69.25  1.2038E-001  5.3518E-001
1191   19.54   29.74    86.89  1.2038E-001  5.3518E-001
1192   18.16   22.77    80.76  1.2038E-001  5.3518E-001
1193   18.78   26.30    83.48  1.2038E-001  5.3518E-001
1194   15.04   26.60    66.87  1.2038E-001  5.3518E-001
1195   16.90   27.15    75.14  1.2038E-001  5.3518E-001
1196   18.98   27.83    84.36  1.2038E-001  5.3518E-001
1197   23.62   25.90   105.02  1.2038E-001  5.3518E-001
1198   21.34   26.29    94.86  1.2038E-001  5.3518E-001
1199   26.23   28.50   116.63  1.2038E-001  5.3518E-001
1200   24.40   27.94   108.47  1.2038E-001  5.3518E-001
1201   20.55   30.60    91.38  1.2038E-001  5.3518E-001
1202   19.12   29.26    85.01  1.2038E-001  5.3518E-001
1203   26.94   29.45   119.78  1.2038E-001  5.3518E-001
1204   41.04   33.32   182.47  1.2038E-001  5.3518E-001
1205  109.06   41.81   484.86  1.2038E-001  5.3518E-001
1206   15.83   28.13    70.36  1.2038E-001  5.3518E-001
1207   15.30   27.40    68.01  1.2038E-001  5.3518E-001
1208   15.93   26.26    70.81  1.2038E-001  5.3518E-001
1209   22.16   28.53    98.51  1.2038E-001  5.3518E-001
1210   21.21   28.32    94.30  1.2038E-001  5.3518E-001
1211   15.76   25.81    70.07  1.2038E-001  5.3518E-001
1212   16.30   25.91    72.45  1.2038E-001  5.3518E-001
1213   20.27   28.72    90.12  1.2038E-001  5.3518E-001
1214   27.05   26.77   120.24  1.2038E-001  5.3518E-001
1215   22.96   26.10   102.06  1.2038E-001  5.3518E-001
1216   22.56   28.60   100.28  1.2038E-001  5.3518E-001
1217   19.70   32.22    87.59  1.2038E-001  5.3518E-001
1218   23.16   33.15   102.97  1.2038E-001  5.3518E-001
1219   23.36   32.88   103.83  1.2038E-001  5.3518E-001
1220   36.69   33.64   163.13  1.2038E-001  5.3518E-001
1221   34.83   35.14   154.84  1.2038E-001  5.3518E-001
1222   33.72   37.81   149.92  1.2038E-001  5.3518E-001
1223   19.94   33.97    88.64  1.2038E-001  5.3518E-001
1224   20.79   36.33    92.41  1.2038E-001  5.3518E-001
1225   22.22   37.55    98.79  1.2038E-001  5.3518E-001
1226   29.14   36.18   129.54  1.2038E-001  5.3518E-001
1227   32.81   38.81   145.88  1.2038E-001  5.3518E-001
1228   44.13   48.54   196.21  1.2038E-001  5.3518E-001
1229   18.48   35.83    82.17  1.2038E-001  5.3518E-001
1230   19.80   30.91    88.03  1.2038E-001  5.3518E-001
1231   21.44   30.18    95.32  1.2038E-001  5.3518E-001
1232   28.28   31.92   125.75  1.2038E-001  5.3518E-001
1233   22.92   30.58   101.91  1.2038E-001  5.3518E-001
1234   26.02   28.97   115.70  1.2038E-001  5.3518E-001
1235   22.09   29.70    98.19  1.2038E-001  5.3518E-001
1236   22.57   33.81   100.36  1.2038E-001  5.3518E-001
1237   28.28   40.62   125.73  1.2038E-001  5.3518E-001
1238   34.02   42.35   151.24  1.2038E-001  5.3518E-001
1239   36.22   32.90   161.04  1.2038E-001  5.3518E-001
1240   40.37   43.23   179.48  1.2038E-001  5.3518E-001
1241   28.09   42.31   124.86  1.2038E-001  5.3518E-001
1242   40.90   43.39   181.82  1.2038E-001  5.3518E-001
1243   42.66   41.69   189.66  1.2038E-001  5.3518E-001
1244   70.56   45.27   313.70  1.2038E-001  5.3518E-001
1245   58.89   46.33   261.80  1.2038E-001  5.3518E-001
1246  109.91   63.45   488.65  1.2038E-001  5.3518E-001
1247   38.25   39.53   170.04  1.2038E-001  5.3518E-001
1248   39.89   37.10   177.32  1.2038E-001  5.3518E-001
1249   42.04   38.84   186.90  1.2038E-001  5.3518E-001
1250   73.34   39.32   326.04  1.2038E-001  5.3518E-001
1251   50.32   39.43   223.70  1.2038E-001  5.3518E-001
1252   36.60   40.32   162.73  1.2038E-001  5.3518E-001
1253   34.78   38.05   154.64  1.2038E-001  5.3518E-001
1254   39.26   36.83   174.56  1.2038E-001  5.3518E-001
1255   33.08   37.71   147.07  1.2038E-001  5.3518E-001
1256   37.18   36.98   165.28  1.2038E-001  5.3518E-001
1257   25.33   36.76   112.62  1.2038E-001  5.3518E-001
1258   25.80   33.27   114.71  1.2038E-001  5.3518E-001
1259   26.19   32.25   116.42  1.2038E-001  5.3518E-001
1260   32.30   32.95   143.60  1.2038E-001  5.3518E-001
1261   34.17   32.08   151.93  1.2038E-001  5.3518E-001
1262   42.81   34.87   190.33  1.2038E-001  5.3518E-001
1263   29.13   29.13   129.50  1.2038E-001  5.3518E-001
1264   25.93   29.54   115.27  1.2038E-001  5.3518E-001
1265   26.27   33.21   116.80  1.2038E-001  5.3518E-001
1266   33.54   32.57   149.11  1.2038E-001  5.3518E-001
1267   37.93   26.47   168.62  1.2038E-001  5.3518E-001
1268   42.95   21.71   190.97  1.2038E-001  5.3518E-001
1269   28.87   34.34   128.34  1.2038E-001  5.3518E-001
1270   30.52   34.77   135.67  1.2038E-001  5.3518E-001
1271   29.51   31.76   131.18  1.2038E-001  5.3518E-001
1272   38.70   34.43   172.04  1.2038E-001  5.3518E-001
1273   46.50   38.94   206.75  1.2038E-001  5.3518E-001
1274   69.30   45.22   308.11  1.2038E-001  5.3518E-001
1275   28.25   33.00   125.59  1.2038E-001  5.3518E-001
1276   30.77   33.66   136.79  1.2038E-001  5.3518E-001
1277   29.27   36.46   130.12  1.2038E-001  5.3518E-001
1278   40.17   40.92   178.57  1.2038E-001  5.3518E-001
1279   53.60   28.36   238.29  1.2038E-001  5.3518E-001
1280   25.25   35.37   112.25  1.2038E-001  5.3518E-001
1281   25.52   33.44   113.47  1.2038E-001  5.3518E-001
1282   25.63   30.65   113.96  1.2038E-001  5.3518E-001
1283   33.65   29.62   149.59  1.2038E-001  5.3518E-001
1284   29.65   35.25   131.83  1.2038E-001  5.3518E-001
1285   44.46   39.65   197.66  1.2038E-001  5.3518E-001
1286   22.87   30.91   101.68  1.2038E-001  5.3518E-001
1287   23.10   32.81   102.70  1.2038E-001  5.3518E-001
1288   26.12   35.09   116.13  1.2038E-001  5.3518E-001
1289   32.39   34.07   144.00  1.2038E-001  5.3518E-001
1290   28.07   27.62   124.80  1.2038E-001  5.3518E-001
1291   27.69   37.99   123.12  1.2038E-001  5.3518E-001
1292   30.69   40.99   136.43  1.2038E-001  5.3518E-001
1293   32.31   39.78   143.63  1.2038E-001  5.3518E-001
1294   42.51   41.62   189.01  1.2038E-001  5.3518E-001
1295   53.84   44.64   239.37  1.2038E-001  5.3518E-001
1296  241.37   63.58  1073.10  1.2038E-001  5.3518E-001
1297   33.61   38.61   149.44  1.2038E-001  5.3518E-001
1298   37.98   37.64   168.84  1.2038E-001  5.3518E-001
1299   41.46   36.27   184.34  1.2038E-001  5.3518E-001
1300   76.49   39.53   340.04  1.2038E-001  5.3518E-001
1301   57.02   39.70   253.51  1.2038E-001  5.3518E-001
1302  108.88   52.03   484.08  1.2038E-001  5.3518E-001
1303   31.93   35.40   141.94  1.2038E-001  5.3518E-001
1304   28.28   31.38   125.72  1.2038E-001  5.3518E-001
1305   39.88   31.44   177.29  1.2038E-001  5.3518E-001
1306   53.30   30.83   236.97  1.2038E-001  5.3518E-001
1307   31.29   29.01   139.11  1.2038E-001  5.3518E-001
1308   31.14   27.18   138.43  1.2038E-001  5.3518E-001
1309   36.15   33.94   160.73  1.2038E-001  5.3518E-001
1310   28.71   34.98   127.63  1.2038E-001  5.3518E-001
1311   34.36   36.68   152.75  1.2038E-001  5.3518E-001
1312   42.72   37.51   189.91  1.2038E-001  5.3518E-001
1313   29.45   33.09   130.94  1.2038E-001  5.3518E-001
1314   24.92   31.69   110.79  1.2038E-001  5.3518E-001
1315   51.61   40.80   229.45  1.2038E-001  5.3518E-001
1316   55.84   44.43   248.24  1.2038E-001  5.3518E-001
1317   75.52   43.60   335.74  1.2038E-001  5.3518E-001
1318  142.42   47.96   633.19  1.2038E-001  5.3518E-001
1319  100.91   51.75   448.63  1.2038E-001  5.3518E-001
1320  108.89   68.86   484.11  1.2038E-001  5.3518E-001
1321   73.06   39.81   324.82  1.2038E-001  5.3518E-001
1322   48.72   37.52   216.61  1.2038E-001  5.3518E-001
1323   52.47   36.69   233.26  1.2038E-001  5.3518E-001
1324   44.68   37.24   198.65  1.2038E-001  5.3518E-001
1325   56.16   36.29   249.68  1.2038E-001  5.3518E-001
1326   50.11   40.91   222.76  1.2038E-001  5.3518E-001
1327   74.00   34.87   329.00  1.2038E-001  5.3518E-001
1328   51.63   32.53   229.54  1.2038E-001  5.3518E-001
1329   43.19   29.08   192.02  1.2038E-001  5.3518E-001
1330   52.20   27.19   232.07  1.2038E-001  5.3518E-001
1331   76.21   33.89   338.83  1.2038E-001  5.3518E-001
1332   60.42   36.14   268.63  1.2038E-001  5.3518E-001
1333   41.74   28.28   185.58  1.2038E-001  5.3518E-001
1334   27.44   28.29   122.00  1.2038E-001  5.3518E-001
1335   26.34   26.34   117.12  1.2038E-001  5.3518E-001
1336   34.38   26.41   152.83  1.2038E-001  5.3518E-001
1337   30.59   30.68   136.01  1.2038E-001  5.3518E-001
1338   24.86   28.56   110.51  1.2038E-001  5.3518E-001
1339   29.84   24.89   132.67  1.2038E-001  5.3518E-001
1340   24.00   24.60   106.72  1.2038E-001  5.3518E-001
1341   26.26   27.25   116.75  1.2038E-001  5.3518E-001
1342   30.94   24.16   137.57  1.2038E-001  5.3518E-001
1343   34.75   25.78   154.49  1.2038E-001  5.3518E-001
1344   36.27   31.65   161.24  1.2038E-001  5.3518E-001
1345   33.92   31.30   150.79  1.2038E-001  5.3518E-001
1346   43.63   35.43   193.99  1.2038E-001  5.3518E-001
1347   51.04   41.74   226.91  1.2038E-001  5.3518E-001
1348   70.53   42.67   313.55  1.2038E-001  5.3518E-001
1349   80.33   47.86   357.14  1.2038E-001  5.3518E-001
1350  107.38   53.26   477.41  1.2038E-001  5.3518E-001
1351   89.36   54.11   397.29  1.2038E-001  5.3518E-001
1352  108.80   54.48   483.72  1.2038E-001  5.3518E-001
1353  200.99   57.29   893.58  1.2038E-001  5.3518E-001
1354  570.25   62.67  2535.24  1.2038E-001  5.3518E-001
