    1  1.361502304E+003
    2  1.027373100E+003
    3  6.145759087E+002
    4  6.543587507E+002
    5  2.184845835E+003
    6  5.754040682E+002
    7  3.820543965E+002
    8  4.110414916E+002
    9  8.301831104E+002
   10  4.481740317E+002
   11  3.589885180E+002
   12  4.281330359E+002
   13  3.441615550E+002
   14  3.601614111E+002
   15  4.369983996E+002
   16  3.473627276E+002
   17  3.452736802E+002
   18  4.721945345E+002
   19  4.824797782E+002
   20  3.483194278E+002
   21  3.748038873E+002
   22  1.125339343E+003
   23  3.714174916E+002
   24  2.736291157E+002
   25  2.469555021E+002
   26  3.444582105E+002
   27  3.759906342E+002
   28  3.721472148E+002
   29  2.259927850E+002
   30  1.785416809E+002
   31  1.980604822E+002
   32  2.698701949E+002
   33  1.863298169E+002
   34  1.678634355E+002
   35  2.194335638E+002
   36  1.711457097E+002
   37  1.683621856E+002
   38  1.973659613E+002
   39  2.549639629E+002
   40  3.807681943E+002
   41  1.719438014E+002
   42  1.337838755E+002
   43  1.655166792E+002
   44  2.319628054E+002
   45  1.610015152E+002
   46  1.258985501E+002
   47  1.655522505E+002
   48  1.698227722E+002
   49  1.500454598E+002
   50  2.186235679E+002
   51  1.911512170E+002
   52  1.629737469E+002
   53  2.058179912E+002
   54  2.487491771E+002
   55  1.807344475E+002
   56  1.868966651E+002
   57  2.050519729E+002
   58  2.155393306E+002
   59  2.372099402E+002
   60  2.763882966E+002
   61  2.773470879E+002
   62  3.489701924E+002
   63  2.726168158E+002
   64  2.368004568E+002
   65  2.648660972E+002
   66  3.565045652E+002
   67  3.037984684E+002
   68  3.167181098E+002
   69  3.317217844E+002
   70  3.434887974E+002
   71  3.408482399E+002
   72  6.146253830E+002
   73  5.980882565E+002
   74  5.361550005E+002
   75  3.107453924E+002
   76  2.762012839E+002
   77  2.694276666E+002
   78  2.815403465E+002
   79  3.199576038E+002
   80  4.689176069E+002
   81  3.146314782E+002
   82  2.637601198E+002
   83  2.948440115E+002
   84  4.005085403E+002
   85  4.569275234E+002
   86  3.469297481E+002
   87  2.472003895E+002
   88  2.221303846E+002
   89  2.455275298E+002
   90  2.829046732E+002
   91  2.682005978E+002
   92  2.101945083E+002
   93  1.646407369E+002
   94  1.571114563E+002
   95  1.909018342E+002
   96  2.086425420E+002
   97  2.952740624E+002
   98  1.873008566E+002
   99  1.465032939E+002
  100  1.737554523E+002
  101  2.598344062E+002
  102  1.713100670E+002
  103  1.940656813E+002
  104  2.160338251E+002
  105  2.138037258E+002
  106  2.459936790E+002
  107  2.544001569E+002
  108  2.460134967E+002
  109  2.803513308E+002
  110  3.289261898E+002
  111  3.068856569E+002
  112  3.790880402E+002
  113  5.613250997E+002
  114  4.098642729E+002
  115  4.841104756E+002
  116  3.900355901E+002
  117  4.773829790E+002
  118  6.438154108E+002
  119  6.495461474E+002
  120  5.003925613E+002
  121  5.619511550E+002
  122  8.877902358E+002
  123  1.124912285E+003
  124  1.002990545E+003
  125  1.464012798E+003
  126  1.865323347E+003
  127  9.200841328E+002
  128  9.637949203E+002
  129  8.733211921E+002
  130  1.257744336E+003
  131  1.192243681E+003
  132  2.860523971E+003
  133  7.541848195E+002
  134  6.867658850E+002
  135  5.491084392E+002
  136  6.362521886E+002
  137  5.264482853E+002
  138  4.536571057E+002
  139  3.603350573E+002
  140  3.999577156E+002
  141  5.971553010E+002
  142  1.566934828E+003
  143  3.839199892E+002
  144  2.455267819E+002
  145  2.373866965E+002
  146  3.464663009E+002
  147  2.509825266E+002
  148  2.836159505E+002
  149  2.217015914E+002
  150  2.059772819E+002
  151  1.800840027E+002
  152  2.338340551E+002
  153  3.241629003E+002
  154  3.464601467E+002
  155  1.993182482E+002
  156  1.892624586E+002
  157  1.739075621E+002
  158  1.710973113E+002
  159  1.802675465E+002
  160  1.495344968E+002
  161  1.507269615E+002
  162  2.074805304E+002
  163  2.005319849E+002
  164  2.228487659E+002
  165  1.507817045E+002
  166  1.299283592E+002
  167  1.326188113E+002
  168  1.904968398E+002
  169  1.446888118E+002
  170  1.805927746E+002
  171  1.412833494E+002
  172  1.363312472E+002
  173  1.462337027E+002
  174  2.182078529E+002
  175  1.735610091E+002
  176  1.905020051E+002
  177  1.395637983E+002
  178  1.466621582E+002
  179  1.359418358E+002
  180  2.090378637E+002
  181  2.070954383E+002
  182  2.923136856E+002
  183  1.705510337E+002
  184  1.364728834E+002
  185  1.374117221E+002
  186  1.896951839E+002
  187  1.839664025E+002
  188  2.170872767E+002
  189  1.279401004E+002
  190  1.608623465E+002
  191  1.425837421E+002
  192  1.879093943E+002
  193  1.402091035E+002
  194  1.608656969E+002
  195  1.682886608E+002
  196  2.150840705E+002
  197  2.107193855E+002
  198  2.473883173E+002
  199  1.490941649E+002
  200  1.512406219E+002
  201  1.539514179E+002
  202  2.003525224E+002
  203  2.229242742E+002
  204  2.383721086E+002
  205  1.306070728E+002
  206  1.236895882E+002
  207  1.448726869E+002
  208  1.749789181E+002
  209  1.661070540E+002
  210  1.268170201E+002
  211  1.380773767E+002
  212  1.566712434E+002
  213  1.751418729E+002
  214  2.356751807E+002
  215  1.890261189E+002
  216  2.164580275E+002
  217  1.725601655E+002
  218  2.113726496E+002
  219  2.184537098E+002
  220  3.393162857E+002
  221  3.363647591E+002
  222  1.103311324E+003
  223  1.921017783E+002
  224  2.035374168E+002
  225  2.287151879E+002
  226  3.993233773E+002
  227  2.277270539E+002
  228  2.221704525E+002
  229  1.856190509E+002
  230  2.060752554E+002
  231  2.710627262E+002
  232  4.037374697E+002
  233  2.305002049E+002
  234  1.688564022E+002
  235  2.364407116E+002
  236  3.195437088E+002
  237  4.011250147E+002
  238  6.608797509E+002
  239  4.670047941E+002
  240  7.681150303E+002
  241  3.498522105E+002
  242  2.469174767E+002
  243  2.899950733E+002
  244  3.208090429E+002
  245  2.650129414E+002
  246  2.523265382E+002
  247  3.072130681E+002
  248  2.815110185E+002
  249  2.311716170E+002
  250  2.921358634E+002
  251  4.261307409E+002
  252  2.680836033E+002
  253  2.033392137E+002
  254  2.570665248E+002
  255  3.211053794E+002
  256  1.957836309E+002
  257  1.715200042E+002
  258  2.490727992E+002
  259  2.578992970E+002
  260  2.821186548E+002
  261  3.146615577E+002
  262  3.393280151E+002
  263  3.949635945E+002
  264  3.374856686E+002
  265  2.204676313E+002
  266  2.595738119E+002
  267  4.257213269E+002
  268  2.452476405E+002
  269  1.699250721E+002
  270  2.519573181E+002
  271  2.455466035E+002
  272  2.769824821E+002
  273  2.818809632E+002
  274  2.931754804E+002
  275  3.525056028E+002
  276  3.443831442E+002
  277  2.748680181E+002
  278  3.005888522E+002
  279  5.028881363E+002
  280  3.677283639E+002
  281  3.098309751E+002
  282  3.015027887E+002
  283  3.368730965E+002
  284  3.411078138E+002
  285  2.984550888E+002
  286  3.249376984E+002
  287  3.658685216E+002
  288  3.870169063E+002
  289  3.583261811E+002
  290  3.849382536E+002
  291  6.120754692E+002
  292  1.061270595E+003
  293  3.697785947E+002
  294  3.550006848E+002
  295  3.684734500E+002
  296  3.869238324E+002
  297  4.063295376E+002
  298  4.797136077E+002
  299  4.841235734E+002
  300  5.294021037E+002
  301  4.508326505E+002
  302  5.976264730E+002
  303  8.591915169E+002
  304  1.626121287E+003
  305  4.189675093E+002
  306  3.773175278E+002
  307  3.198632384E+002
  308  4.033006406E+002
  309  5.031583852E+002
  310  2.952850516E+002
  311  2.621269733E+002
  312  2.348227439E+002
  313  2.611766788E+002
  314  2.526488313E+002
  315  2.182907546E+002
  316  3.112582051E+002
  317  2.808197451E+002
  318  3.017832537E+002
  319  3.217941129E+002
  320  3.736891796E+002
  321  4.834671823E+002
  322  3.675116137E+002
  323  3.492408080E+002
  324  3.493883151E+002
  325  3.664266265E+002
  326  4.814464161E+002
  327  4.237925597E+002
  328  3.274369483E+002
  329  2.841703643E+002
  330  2.594903774E+002
  331  2.984835533E+002
  332  3.109075116E+002
  333  2.908449413E+002
  334  2.258847047E+002
  335  1.996710655E+002
  336  2.373440793E+002
  337  2.639192587E+002
  338  2.001211708E+002
  339  1.614322702E+002
  340  2.602271742E+002
  341  3.198130402E+002
  342  3.569608975E+002
  343  5.117562764E+002
  344  4.414097248E+002
  345  5.128875415E+002
  346  3.565023165E+002
  347  4.073161839E+002
  348  4.080611497E+002
  349  6.339400891E+002
  350  5.269618059E+002
  351  3.077381196E+002
  352  3.249742075E+002
  353  3.622011388E+002
  354  4.424823192E+002
  355  5.016698835E+002
  356  1.092730772E+003
  357  3.476806250E+002
  358  3.529829650E+002
  359  3.137050171E+002
  360  3.833375104E+002
  361  4.794443136E+002
  362  8.554929342E+002
  363  2.925453187E+002
  364  1.986449440E+002
  365  2.211203674E+002
  366  2.525944669E+002
  367  2.271346652E+002
  368  2.187070538E+002
  369  2.009046819E+002
  370  1.600338617E+002
  371  1.477140890E+002
  372  2.103009416E+002
  373  2.205476652E+002
  374  2.875996954E+002
  375  1.606961693E+002
  376  1.267241544E+002
  377  1.595076409E+002
  378  1.806829687E+002
  379  1.385156324E+002
  380  1.647622149E+002
  381  1.253277753E+002
  382  1.335432644E+002
  383  1.971938234E+002
  384  1.743457172E+002
  385  1.852032745E+002
  386  1.467797229E+002
  387  1.165049036E+002
  388  1.485754719E+002
  389  1.760170358E+002
  390  1.656291173E+002
  391  1.334936492E+002
  392  1.911931423E+002
  393  1.592050468E+002
  394  2.045923848E+002
  395  2.806783859E+002
  396  1.955080899E+002
  397  2.054156721E+002
  398  1.959622587E+002
  399  2.228905930E+002
  400  1.915452836E+002
  401  3.062413795E+002
  402  3.162749504E+002
  403  3.792282767E+002
  404  2.055698842E+002
  405  1.825734411E+002
  406  1.707863582E+002
  407  2.051217489E+002
  408  2.089601647E+002
  409  2.156105721E+002
  410  2.325304640E+002
  411  1.802904914E+002
  412  1.842906019E+002
  413  2.433360641E+002
  414  2.258228024E+002
  415  2.066413363E+002
  416  1.786207637E+002
  417  1.627778522E+002
  418  2.020319243E+002
  419  2.599425888E+002
  420  2.053554954E+002
  421  1.856588186E+002
  422  2.234926148E+002
  423  2.409041617E+002
  424  2.947960641E+002
  425  2.903893635E+002
  426  2.864561238E+002
  427  3.215123545E+002
  428  3.918324975E+002
  429  3.676139711E+002
  430  3.612011543E+002
  431  4.049723317E+002
  432  5.481668543E+002
  433  6.357570962E+002
  434  4.488010097E+002
  435  4.362358647E+002
  436  3.528155269E+002
  437  4.372712524E+002
  438  7.475096435E+002
  439  2.039075119E+003
  440  3.035435468E+002
  441  2.465944661E+002
  442  2.371966272E+002
  443  2.865404810E+002
  444  2.600685170E+002
  445  2.742542406E+002
  446  2.262639041E+002
  447  2.280756658E+002
  448  2.780147118E+002
  449  3.782290731E+002
  450  2.941039547E+002
  451  3.033777465E+002
  452  3.073244340E+002
  453  3.776421842E+002
  454  3.857329519E+002
  455  6.344501884E+002
  456  5.547786477E+002
  457  1.010667934E+003
  458  3.651657854E+002
  459  3.195637823E+002
  460  2.801959032E+002
  461  4.066029613E+002
  462  4.564238316E+002
  463  6.699317440E+002
  464  2.775894339E+002
  465  1.894171124E+002
  466  2.312588343E+002
  467  2.992919843E+002
  468  2.209588460E+002
  469  1.939682606E+002
  470  2.228016452E+002
  471  1.726410201E+002
  472  1.673620561E+002
  473  1.920171837E+002
  474  2.435481718E+002
  475  2.008886894E+002
  476  1.388645040E+002
  477  1.620677459E+002
  478  2.173631804E+002
  479  1.626165608E+002
  480  1.497428271E+002
  481  1.610672037E+002
  482  1.399004946E+002
  483  1.737294016E+002
  484  2.286356180E+002
  485  1.444690104E+002
  486  1.408981962E+002
  487  1.982715532E+002
  488  1.948286742E+002
  489  2.008712513E+002
  490  1.937146167E+002
  491  2.793122686E+002
  492  4.231140029E+002
  493  2.107932924E+002
  494  1.584152114E+002
  495  1.627133589E+002
  496  3.068627649E+002
  497  2.250663135E+002
  498  2.180337270E+002
  499  1.690985485E+002
  500  1.640052369E+002
  501  1.922995509E+002
  502  2.714695039E+002
  503  2.025518913E+002
  504  1.496647566E+002
  505  2.231129013E+002
  506  1.598953083E+002
  507  1.760563592E+002
  508  2.552091929E+002
  509  1.913548161E+002
  510  2.352442195E+002
  511  1.839543335E+002
  512  1.971865420E+002
  513  2.162615132E+002
  514  2.721756702E+002
  515  2.843288860E+002
  516  2.464511471E+002
  517  2.102915957E+002
  518  2.448253886E+002
  519  3.156028487E+002
  520  2.445902233E+002
  521  2.429897333E+002
  522  2.015132591E+002
  523  2.081924126E+002
  524  2.591019450E+002
  525  2.444982111E+002
  526  2.592340119E+002
  527  1.926700253E+002
  528  1.370122552E+002
  529  1.550163387E+002
  530  2.154628519E+002
  531  1.582237764E+002
  532  1.674248425E+002
  533  1.446516190E+002
  534  1.167316197E+002
  535  1.199834101E+002
  536  1.743147928E+002
  537  1.577972018E+002
  538  1.847993096E+002
  539  1.447732055E+002
  540  1.044126373E+002
  541  1.363381660E+002
  542  1.739747952E+002
  543  1.346706432E+002
  544  1.297238147E+002
  545  1.425164308E+002
  546  1.110053861E+002
  547  1.447609101E+002
  548  2.272563769E+002
  549  1.700797408E+002
  550  1.403174436E+002
  551  1.788698271E+002
  552  1.448263993E+002
  553  1.857518623E+002
  554  2.335079342E+002
  555  1.880102546E+002
  556  2.432790312E+002
  557  2.555788219E+002
  558  2.792819002E+002
  559  3.318954235E+002
  560  4.184760161E+002
  561  3.421432962E+002
  562  3.646599118E+002
  563  4.503242409E+002
  564  5.258553101E+002
  565  5.210987812E+002
  566  1.355806438E+003
  567  5.704677510E+002
  568  9.442628847E+002
  569  7.423547114E+002
  570  1.227686329E+003
  571  5.572614224E+002
  572  4.117871699E+002
  573  4.250602408E+002
  574  4.786757656E+002
  575  3.766828782E+002
  576  3.614248494E+002
  577  5.658759718E+002
  578  5.836307792E+002
  579  4.618516909E+002
  580  5.931401402E+002
  581  9.578678448E+002
  582  8.402793535E+002
  583  3.502818594E+002
  584  2.463170797E+002
  585  2.673486068E+002
  586  3.409322776E+002
  587  2.612110027E+002
  588  2.368671731E+002
  589  3.013973517E+002
  590  2.399215199E+002
  591  2.227035174E+002
  592  2.693939825E+002
  593  3.201692529E+002
  594  4.284172754E+002
  595  2.728696186E+002
  596  2.253497792E+002
  597  2.670455244E+002
  598  5.198112440E+002
  599  2.032103441E+002
  600  2.305248460E+002
  601  3.269604288E+002
  602  3.028464417E+002
  603  3.246260216E+002
  604  3.331330718E+002
  605  4.123625932E+002
  606  4.066452404E+002
  607  3.663837036E+002
  608  3.327713911E+002
  609  3.512331082E+002
  610  3.843562256E+002
  611  3.978204521E+002
  612  4.172261650E+002
  613  4.387024310E+002
  614  4.734918729E+002
  615  4.075083543E+002
  616  5.937025195E+002
  617  7.591916417E+002
  618  2.070776661E+003
  619  3.815862849E+002
  620  3.187246015E+002
  621  2.907674679E+002
  622  4.035093710E+002
  623  3.592311385E+002
  624  3.620323748E+002
  625  2.522356165E+002
  626  2.458493352E+002
  627  3.000685384E+002
  628  3.344998633E+002
  629  2.275967137E+002
  630  1.972497474E+002
  631  3.369859529E+002
  632  3.563171865E+002
  633  3.998902764E+002
  634  5.353747971E+002
  635  4.907231167E+002
  636  4.424262221E+002
  637  4.906438730E+002
  638  4.131346734E+002
  639  5.729942758E+002
  640  3.405261396E+002
  641  2.868176157E+002
  642  2.945124587E+002
  643  3.552894401E+002
  644  2.882908174E+002
  645  4.021304562E+002
  646  2.944133292E+002
  647  2.356180833E+002
  648  2.176460280E+002
  649  2.466678134E+002
  650  3.282288565E+002
  651  5.312890812E+002
  652  2.148027391E+002
  653  1.561661626E+002
  654  1.934527882E+002
  655  2.707289079E+002
  656  1.759487838E+002
  657  1.919636508E+002
  658  1.896603714E+002
  659  1.928960567E+002
  660  1.742959765E+002
  661  2.221129864E+002
  662  2.067767138E+002
  663  1.814300847E+002
  664  2.317221994E+002
  665  3.157693500E+002
  666  2.067675861E+002
  667  1.893621030E+002
  668  2.690838519E+002
  669  2.834111796E+002
  670  3.235601571E+002
  671  3.617476049E+002
  672  3.590794292E+002
  673  4.580745207E+002
  674  3.868049755E+002
  675  4.096095487E+002
  676  4.711916869E+002
  677  5.837109787E+002
  678  5.115800196E+002
  679  9.714440981E+002
  680  5.216186804E+002
  681  6.284223126E+002
  682  5.097934025E+002
  683  8.591783934E+002
  684  4.156510786E+002
  685  3.731355842E+002
  686  3.408558143E+002
  687  3.154802000E+002
  688  3.911214002E+002
  689  3.391314659E+002
  690  4.103426254E+002
  691  2.954617007E+002
  692  2.388754777E+002
  693  2.835848300E+002
  694  4.266273160E+002
  695  3.323161292E+002
  696  2.309786689E+002
  697  1.861675800E+002
  698  1.879252532E+002
  699  1.948206970E+002
  700  2.026739945E+002
  701  2.330973852E+002
  702  2.083763371E+002
  703  2.123907993E+002
  704  2.319805093E+002
  705  2.694776192E+002
  706  2.817789298E+002
  707  3.348274831E+002
  708  2.365167407E+002
  709  2.519362302E+002
  710  2.306466234E+002
  711  2.838304114E+002
  712  3.432155249E+002
  713  1.909838344E+002
  714  1.888749896E+002
  715  1.900242592E+002
  716  2.730169822E+002
  717  2.291644151E+002
  718  2.029877006E+002
  719  1.673436870E+002
  720  1.557130565E+002
  721  1.854347575E+002
  722  2.284199023E+002
  723  2.058669960E+002
  724  2.037677651E+002
  725  2.393424834E+002
  726  2.558109877E+002
  727  3.382957284E+002
  728  3.454780846E+002
  729  3.775213253E+002
  730  2.797494981E+002
  731  2.869145834E+002
  732  2.753459085E+002
  733  4.030562951E+002
  734  3.899360618E+002
  735  5.728412351E+002
  736  2.559302624E+002
  737  2.664987664E+002
  738  2.326049981E+002
  739  3.522335361E+002
  740  3.290122956E+002
  741  4.781632922E+002
  742  2.399386899E+002
  743  2.147239320E+002
  744  2.393324612E+002
  745  2.873238153E+002
  746  2.242696777E+002
  747  2.031733880E+002
  748  2.405168529E+002
  749  2.457937779E+002
  750  3.142191078E+002
  751  3.796847637E+002
  752  3.298833882E+002
  753  3.398675146E+002
  754  3.433509112E+002
  755  3.932716511E+002
  756  4.279691687E+002
  757  7.683456494E+002
  758  5.081898199E+002
  759  5.245611074E+002
  760  3.901812006E+002
  761  3.980378861E+002
  762  4.311246252E+002
  763  5.738782628E+002
  764  4.419584336E+002
  765  7.751752104E+002
  766  4.395601475E+002
  767  5.261169624E+002
  768  3.866897161E+002
  769  4.729041457E+002
  770  3.259527390E+002
  771  2.626212866E+002
  772  3.016755931E+002
  773  3.797369658E+002
  774  2.500229313E+002
  775  2.534084489E+002
  776  3.234702083E+002
  777  2.927474747E+002
  778  2.782409468E+002
  779  3.160424585E+002
  780  3.804447031E+002
  781  5.311405809E+002
  782  2.973614294E+002
  783  2.374484321E+002
  784  2.961225239E+002
  785  3.540220205E+002
  786  2.563467530E+002
  787  2.406547286E+002
  788  2.910314185E+002
  789  3.135348328E+002
  790  3.369550189E+002
  791  3.342921259E+002
  792  3.831071810E+002
  793  4.599194318E+002
  794  3.897549080E+002
  795  3.411609296E+002
  796  3.978290390E+002
  797  6.161313312E+002
  798  4.137346334E+002
  799  3.626116013E+002
  800  3.800886233E+002
  801  4.339504682E+002
  802  4.597674657E+002
  803  3.827319698E+002
  804  3.340371769E+002
  805  5.690963475E+002
  806  6.059332529E+002
  807  5.580090219E+002
  808  7.290692026E+002
  809  1.001256500E+003
  810  5.438953909E+002
  811  5.523123527E+002
  812  4.413817967E+002
  813  4.523567820E+002
  814  6.867715380E+002
  815  8.925683572E+002
  816  5.098369720E+002
  817  4.137979995E+002
  818  4.079617827E+002
  819  4.094021067E+002
  820  5.569351203E+002
  821  7.825977777E+002
  822  5.005966361E+002
  823  4.895967582E+002
  824  4.421568838E+002
  825  4.565138421E+002
  826  6.918578150E+002
  827  1.125433538E+003
  828  4.523071143E+002
  829  4.283233862E+002
  830  3.697859746E+002
  831  4.337230024E+002
  832  5.314214619E+002
  833  8.323536726E+002
  834  3.230804524E+002
  835  2.723698401E+002
  836  2.720665777E+002
  837  2.999396030E+002
  838  2.921006237E+002
  839  2.484657518E+002
  840  2.775288792E+002
  841  2.810303369E+002
  842  3.085960460E+002
  843  3.373550381E+002
  844  3.257522033E+002
  845  3.053407329E+002
  846  3.648508261E+002
  847  3.668055298E+002
  848  3.577076220E+002
  849  4.360157262E+002
  850  5.055070929E+002
  851  6.337553705E+002
  852  3.241578728E+002
  853  3.217397156E+002
  854  2.873057457E+002
  855  3.341759962E+002
  856  3.573369729E+002
  857  4.596734483E+002
  858  2.482447449E+002
  859  2.245995673E+002
  860  2.726393627E+002
  861  3.123033989E+002
  862  2.334148152E+002
  863  2.088049965E+002
  864  3.059183316E+002
  865  3.479276784E+002
  866  4.042084289E+002
  867  6.266555687E+002
  868  4.265826380E+002
  869  5.370539239E+002
  870  3.588929514E+002
  871  4.598581136E+002
  872  4.879943772E+002
  873  7.524278360E+002
  874  5.782609459E+002
  875  4.167872363E+002
  876  4.954887498E+002
  877  4.590260139E+002
  878  7.082221234E+002
  879  4.179385698E+002
  880  4.215455765E+002
  881  3.935359803E+002
  882  5.457844229E+002
  883  5.533367151E+002
  884  1.095489404E+003
  885  3.405346316E+002
  886  2.508491282E+002
  887  2.693865033E+002
  888  3.255863537E+002
  889  2.402735403E+002
  890  2.832972689E+002
  891  2.375972243E+002
  892  2.160887131E+002
  893  1.962188820E+002
  894  2.907981633E+002
  895  2.959097790E+002
  896  3.903054135E+002
  897  1.882245261E+002
  898  1.404488975E+002
  899  1.675666837E+002
  900  2.233248649E+002
  901  1.853483605E+002
  902  1.761178417E+002
  903  1.204088581E+002
  904  1.299257680E+002
  905  2.031412779E+002
  906  1.716429428E+002
  907  1.587670359E+002
  908  1.106136481E+002
  909  1.460441647E+002
  910  2.309977887E+002
  911  1.370969280E+002
  912  1.413379591E+002
  913  1.733542156E+002
  914  1.492442603E+002
  915  1.445815364E+002
  916  1.916029591E+002
  917  1.952732822E+002
  918  1.787310698E+002
  919  2.171795602E+002
  920  1.888198278E+002
  921  1.825301999E+002
  922  2.545314528E+002
  923  2.230642588E+002
  924  2.452960380E+002
  925  1.941954044E+002
  926  1.802071364E+002
  927  2.010264480E+002
  928  2.458381194E+002
  929  2.338535655E+002
  930  2.403204384E+002
  931  2.260393579E+002
  932  2.389561300E+002
  933  2.451027151E+002
  934  2.989385303E+002
  935  3.452773523E+002
  936  2.555689280E+002
  937  2.613809053E+002
  938  2.330248713E+002
  939  2.175930474E+002
  940  2.923766901E+002
  941  3.605660837E+002
  942  1.858509892E+002
  943  1.749086317E+002
  944  1.975156594E+002
  945  2.677124063E+002
  946  1.823444323E+002
  947  1.943740658E+002
  948  2.081862129E+002
  949  2.273783245E+002
  950  3.189723390E+002
  951  2.428686352E+002
  952  2.927912886E+002
  953  2.650480127E+002
  954  2.485974031E+002
  955  2.675725449E+002
  956  3.895112193E+002
  957  2.823028399E+002
  958  3.780364690E+002
  959  2.659244214E+002
  960  3.215119876E+002
  961  2.794223709E+002
  962  4.349490478E+002
  963  2.740341148E+002
  964  2.364698619E+002
  965  2.455640446E+002
  966  2.955708732E+002
  967  2.916067690E+002
  968  3.501634878E+002
  969  2.309536733E+002
  970  2.103569896E+002
  971  2.527070332E+002
  972  3.364089250E+002
  973  2.466810225E+002
  974  2.637246939E+002
  975  2.691305513E+002
  976  3.059609739E+002
  977  3.482781320E+002
  978  5.690177184E+002
  979  4.210914616E+002
  980  7.602785582E+002
  981  3.280185653E+002
  982  3.768231354E+002
  983  4.135898720E+002
  984  3.645548512E+002
  985  4.227210174E+002
  986  6.263863517E+002
  987  6.119056800E+002
  988  5.503907025E+002
  989  4.717873877E+002
  990  5.682182596E+002
  991  9.416914814E+002
  992  1.218064587E+003
  993  4.912829991E+002
  994  4.486147190E+002
  995  3.481278884E+002
  996  4.329136729E+002
  997  6.156658142E+002
  998  3.135173176E+002
  999  2.756775280E+002
 1000  2.799920341E+002
 1001  3.480147517E+002
 1002  3.375282325E+002
 1003  3.780136332E+002
 1004  4.003375657E+002
 1005  5.451938906E+002
 1006  6.921127197E+002
 1007  4.391107344E+002
 1008  4.034096926E+002
 1009  3.477936066E+002
 1010  3.932594738E+002
 1011  6.280985264E+002
 1012  2.880605211E+002
 1013  2.141700907E+002
 1014  2.244611022E+002
 1015  3.199761546E+002
 1016  2.163619720E+002
 1017  3.133970957E+002
 1018  2.262671488E+002
 1019  2.178979858E+002
 1020  2.485041408E+002
 1021  2.491859955E+002
 1022  3.335987806E+002
 1023  2.976065835E+002
 1024  1.936248924E+002
 1025  2.066288078E+002
 1026  3.270533676E+002
 1027  2.063547882E+002
 1028  1.886235097E+002
 1029  1.800812777E+002
 1030  1.795628699E+002
 1031  1.893291577E+002
 1032  2.108546932E+002
 1033  2.155420279E+002
 1034  2.669222305E+002
 1035  3.048407443E+002
 1036  2.709826805E+002
 1037  2.943577911E+002
 1038  3.366145138E+002
 1039  3.323333253E+002
 1040  2.871367503E+002
 1041  2.738986689E+002
 1042  5.162628174E+002
 1043  4.769509871E+002
 1044  3.124380407E+002
 1045  2.155704932E+002
 1046  2.348226091E+002
 1047  3.863091376E+002
 1048  2.590031967E+002
 1049  3.374530221E+002
 1050  2.116763616E+002
 1051  1.974759369E+002
 1052  2.314355554E+002
 1053  2.902438661E+002
 1054  2.358406344E+002
 1055  2.306072357E+002
 1056  2.958807466E+002
 1057  2.681227221E+002
 1058  2.735003153E+002
 1059  4.616882277E+002
 1060  3.291187344E+002
 1061  4.246995625E+002
 1062  3.217341588E+002
 1063  2.496672402E+002
 1064  2.777433750E+002
 1065  2.859946685E+002
 1066  2.868503037E+002
 1067  3.289070846E+002
 1068  3.292635785E+002
 1069  2.621324967E+002
 1070  2.692542014E+002
 1071  2.835363645E+002
 1072  4.436934880E+002
 1073  3.113577699E+002
 1074  3.565059258E+002
 1075  3.128617757E+002
 1076  4.259151374E+002
 1077  6.444988000E+002
 1078  2.924067645E+002
 1079  2.661268554E+002
 1080  2.585259643E+002
 1081  3.572680176E+002
 1082  3.084467417E+002
 1083  3.872223870E+002
 1084  2.539008352E+002
 1085  2.006143145E+002
 1086  2.300674889E+002
 1087  2.588859326E+002
 1088  2.263592882E+002
 1089  1.993348169E+002
 1090  2.471080245E+002
 1091  2.347477086E+002
 1092  2.165953474E+002
 1093  2.557511936E+002
 1094  2.189917152E+002
 1095  2.173832559E+002
 1096  2.034308221E+002
 1097  2.529516433E+002
 1098  3.165971627E+002
 1099  5.315649755E+002
 1100  2.006065629E+002
 1101  1.802476744E+002
 1102  1.604767549E+002
 1103  1.841151556E+002
 1104  1.519871951E+002
 1105  1.254308097E+002
 1106  1.478859299E+002
 1107  1.846395818E+002
 1108  1.721714701E+002
 1109  1.803686326E+002
 1110  1.510966097E+002
 1111  1.440368898E+002
 1112  1.300197572E+002
 1113  1.604366837E+002
 1114  1.295167577E+002
 1115  1.117325977E+002
 1116  1.351982898E+002
 1117  2.113012717E+002
 1118  1.641614368E+002
 1119  1.186844754E+002
 1120  1.397230185E+002
 1121  1.446543085E+002
 1122  1.387181125E+002
 1123  2.480904404E+002
 1124  1.713050233E+002
 1125  1.275854483E+002
 1126  1.521424125E+002
 1127  2.488284995E+002
 1128  1.443397381E+002
 1129  1.218992891E+002
 1130  2.031317471E+002
 1131  1.862552378E+002
 1132  1.899040638E+002
 1133  2.532638112E+002
 1134  2.561679136E+002
 1135  2.715094464E+002
 1136  2.759706462E+002
 1137  2.781443646E+002
 1138  2.933460053E+002
 1139  4.132030974E+002
 1140  4.951864884E+002
 1141  1.153194566E+003
 1142  3.464954041E+002
 1143  3.586983524E+002
 1144  3.686089174E+002
 1145  4.863153490E+002
 1146  5.278726404E+002
 1147  1.261907213E+003
 1148  3.086844923E+002
 1149  2.277708277E+002
 1150  2.512505466E+002
 1151  2.349275590E+002
 1152  2.526753975E+002
 1153  3.224644653E+002
 1154  3.186424843E+002
 1155  2.667381081E+002
 1156  2.498623765E+002
 1157  2.871421093E+002
 1158  4.579050438E+002
 1159  5.799150032E+002
 1160  3.055529583E+002
 1161  2.404440656E+002
 1162  2.018294284E+002
 1163  2.746475955E+002
 1164  4.071357614E+002
 1165  9.584398618E+002
 1166  2.003901964E+002
 1167  1.762406055E+002
 1168  1.697661817E+002
 1169  2.155862224E+002
 1170  2.144676888E+002
 1171  2.179794425E+002
 1172  1.582160718E+002
 1173  1.501751988E+002
 1174  1.728531557E+002
 1175  1.917705537E+002
 1176  1.749643137E+002
 1177  2.301949475E+002
 1178  1.824773945E+002
 1179  2.022397815E+002
 1180  1.998227602E+002
 1181  2.592805626E+002
 1182  3.949732436E+002
 1183  1.820947362E+002
 1184  1.831138038E+002
 1185  1.528530837E+002
 1186  2.163573442E+002
 1187  2.924884799E+002
 1188  1.454705210E+002
 1189  1.291329224E+002
 1190  1.474541946E+002
 1191  1.734763924E+002
 1192  1.603255517E+002
 1193  1.734238636E+002
 1194  1.398266253E+002
 1195  1.613986370E+002
 1196  1.894605935E+002
 1197  2.261196572E+002
 1198  2.048087890E+002
 1199  2.370131981E+002
 1200  2.333838436E+002
 1201  2.074507124E+002
 1202  1.944716432E+002
 1203  2.578513613E+002
 1204  3.741616910E+002
 1205  9.777173844E+002
 1206  1.589993004E+002
 1207  1.533462238E+002
 1208  1.534392253E+002
 1209  2.058844478E+002
 1210  1.980682261E+002
 1211  1.474603662E+002
 1212  1.496278344E+002
 1213  1.867590402E+002
 1214  2.426375076E+002
 1215  1.649429366E+002
 1216  1.794463518E+002
 1217  1.897643128E+002
 1218  2.265734786E+002
 1219  2.384708610E+002
 1220  3.413137591E+002
 1221  3.245635184E+002
 1222  3.211510490E+002
 1223  2.108242329E+002
 1224  2.253739991E+002
 1225  2.326671486E+002
 1226  2.948037237E+002
 1227  2.916590632E+002
 1228  3.795202418E+002
 1229  1.877528485E+002
 1230  1.865096515E+002
 1231  2.117666955E+002
 1232  2.709189946E+002
 1233  1.870920656E+002
 1234  1.710725544E+002
 1235  2.178734165E+002
 1236  2.245350190E+002
 1237  2.840064962E+002
 1238  3.337842622E+002
 1239  3.211688633E+002
 1240  3.277008495E+002
 1241  2.914733468E+002
 1242  4.008185364E+002
 1243  4.167441607E+002
 1244  6.409960139E+002
 1245  5.548564770E+002
 1246  9.899073041E+002
 1247  3.718252608E+002
 1248  3.726568334E+002
 1249  4.015248350E+002
 1250  6.334145198E+002
 1251  4.367616851E+002
 1252  2.966956675E+002
 1253  3.433865386E+002
 1254  3.810302423E+002
 1255  3.197154604E+002
 1256  3.501765622E+002
 1257  2.463234913E+002
 1258  2.393300393E+002
 1259  2.330042834E+002
 1260  2.850564505E+002
 1261  2.921895161E+002
 1262  2.714264994E+002
 1263  2.614016338E+002
 1264  2.213943202E+002
 1265  2.412024281E+002
 1266  2.854374463E+002
 1267  2.850094970E+002
 1268  2.617892501E+002
 1269  2.761102440E+002
 1270  3.015481115E+002
 1271  2.896927179E+002
 1272  3.730260836E+002
 1273  4.496058875E+002
 1274  6.407502868E+002
 1275  2.752838587E+002
 1276  2.949675653E+002
 1277  2.718969717E+002
 1278  3.619597403E+002
 1279  4.953128435E+002
 1280  2.305347879E+002
 1281  2.113093278E+002
 1282  2.271892711E+002
 1283  3.010950749E+002
 1284  2.639317395E+002
 1285  2.004081231E+002
 1286  2.120308921E+002
 1287  2.178501566E+002
 1288  2.402404107E+002
 1289  2.842071313E+002
 1290  3.051232389E+002
 1291  2.633590352E+002
 1292  2.879766105E+002
 1293  2.991322748E+002
 1294  3.715224453E+002
 1295  4.852543017E+002
 1296  2.045042411E+003
 1297  3.035193274E+002
 1298  3.453230326E+002
 1299  3.483944765E+002
 1300  6.686136099E+002
 1301  5.129477258E+002
 1302  1.390057177E+003
 1303  2.827306109E+002
 1304  2.659785313E+002
 1305  3.776236922E+002
 1306  4.953721242E+002
 1307  2.641288734E+002
 1308  2.782663596E+002
 1309  3.270717755E+002
 1310  2.880673182E+002
 1311  3.401496143E+002
 1312  3.870306258E+002
 1313  2.952098894E+002
 1314  2.622153947E+002
 1315  4.508034774E+002
 1316  5.177406564E+002
 1317  6.655734221E+002
 1318  1.431270293E+003
 1319  1.053912197E+003
 1320  1.047572778E+003
 1321  6.501529358E+002
 1322  4.439828666E+002
 1323  5.214945579E+002
 1324  4.488550777E+002
 1325  5.080139619E+002
 1326  4.250069322E+002
 1327  6.580495742E+002
 1328  4.906616805E+002
 1329  4.046753243E+002
 1330  4.787716162E+002
 1331  7.322295731E+002
 1332  5.234249357E+002
 1333  3.897955364E+002
 1334  2.786799297E+002
 1335  2.598072573E+002
 1336  3.299914689E+002
 1337  2.927797462E+002
 1338  2.391446008E+002
 1339  2.801892425E+002
 1340  2.453445944E+002
 1341  2.687188707E+002
 1342  2.940735964E+002
 1343  3.418319313E+002
 1344  3.454621358E+002
 1345  3.241131330E+002
 1346  4.107145614E+002
 1347  4.670586672E+002
 1348  6.300319718E+002
 1349  6.486709278E+002
 1350  6.090774334E+002
 1351  5.264124017E+002
 1352  6.431829039E+002
 1353  1.223477418E+003
 1354  1.381892226E+003
