    1  1.272226804E+003
    2  9.517116781E+002
    3  5.225341736E+002
    4  5.561394519E+002
    5  2.046147337E+003
    6  5.076909782E+002
    7  3.626155906E+002
    8  3.878029606E+002
    9  7.921312936E+002
   10  4.337917190E+002
   11  3.437102101E+002
   12  4.097143772E+002
   13  3.198597966E+002
   14  3.389187868E+002
   15  4.184530635E+002
   16  3.076312273E+002
   17  3.305800616E+002
   18  4.477047964E+002
   19  4.562328677E+002
   20  3.235810741E+002
   21  3.508986106E+002
   22  1.095771842E+003
   23  3.437886713E+002
   24  2.560610693E+002
   25  2.431462983E+002
   26  3.283106029E+002
   27  3.548782757E+002
   28  3.508714375E+002
   29  2.135840891E+002
   30  1.681160873E+002
   31  1.877516347E+002
   32  2.604647842E+002
   33  1.782053181E+002
   34  1.574521512E+002
   35  2.090298805E+002
   36  1.602885296E+002
   37  1.576075620E+002
   38  1.898640425E+002
   39  2.410963354E+002
   40  3.577871358E+002
   41  1.643520072E+002
   42  1.283720526E+002
   43  1.584431546E+002
   44  2.226126067E+002
   45  1.573495471E+002
   46  1.257869985E+002
   47  1.576931404E+002
   48  1.601534320E+002
   49  1.405928681E+002
   50  2.101430905E+002
   51  1.817229261E+002
   52  1.535660794E+002
   53  1.900764940E+002
   54  2.326629767E+002
   55  1.749124829E+002
   56  1.822297038E+002
   57  1.894018623E+002
   58  1.949341425E+002
   59  2.137885975E+002
   60  2.506590817E+002
   61  2.529867241E+002
   62  3.144369973E+002
   63  2.488544176E+002
   64  2.112299132E+002
   65  2.597871333E+002
   66  3.291568774E+002
   67  2.618989998E+002
   68  2.748789342E+002
   69  2.977089315E+002
   70  3.006506426E+002
   71  2.994465347E+002
   72  5.598800432E+002
   73  5.469186102E+002
   74  5.116769244E+002
   75  2.831790990E+002
   76  2.497302341E+002
   77  2.437583241E+002
   78  2.597803764E+002
   79  2.879801828E+002
   80  3.967431063E+002
   81  2.820037413E+002
   82  2.342082250E+002
   83  2.446617902E+002
   84  3.214427907E+002
   85  3.730958572E+002
   86  2.782398049E+002
   87  2.137801176E+002
   88  2.085524337E+002
   89  2.288653110E+002
   90  2.493068569E+002
   91  2.382038306E+002
   92  1.975167961E+002
   93  1.519504714E+002
   94  1.504900014E+002
   95  1.848390802E+002
   96  1.986132615E+002
   97  2.775360222E+002
   98  1.785434191E+002
   99  1.359861975E+002
  100  1.624839340E+002
  101  2.372949078E+002
  102  1.587967718E+002
  103  1.809824035E+002
  104  1.966926919E+002
  105  1.929725197E+002
  106  2.124125303E+002
  107  2.452565691E+002
  108  2.256401337E+002
  109  2.907843447E+002
  110  2.658576285E+002
  111  2.710459394E+002
  112  3.507885450E+002
  113  4.871017608E+002
  114  3.562617192E+002
  115  3.495960440E+002
  116  3.704483343E+002
  117  4.666583286E+002
  118  6.238017765E+002
  119  6.136568519E+002
  120  5.436700325E+002
  121  5.967195827E+002
  122  9.360921657E+002
  123  1.106071310E+003
  124  9.908625715E+002
  125  1.428515030E+003
  126  1.863980497E+003
  127  8.915287824E+002
  128  9.672629726E+002
  129  8.713161351E+002
  130  1.278644267E+003
  131  1.243839947E+003
  132  3.161680872E+003
  133  7.275867698E+002
  134  6.565417100E+002
  135  5.269037313E+002
  136  6.119189803E+002
  137  5.144049975E+002
  138  4.564849238E+002
  139  3.695034536E+002
  140  3.805199144E+002
  141  6.229826807E+002
  142  1.637728215E+003
  143  4.087983454E+002
  144  2.568432120E+002
  145  2.577643646E+002
  146  4.084960983E+002
  147  2.845871219E+002
  148  3.030114819E+002
  149  2.312894948E+002
  150  2.134286586E+002
  151  1.882214030E+002
  152  2.328969041E+002
  153  3.318180598E+002
  154  3.744055874E+002
  155  1.998514963E+002
  156  1.841447872E+002
  157  1.730173518E+002
  158  1.715056196E+002
  159  1.758053780E+002
  160  1.442060350E+002
  161  1.482693641E+002
  162  2.031665815E+002
  163  2.019203363E+002
  164  2.348514409E+002
  165  1.488356772E+002
  166  1.324567106E+002
  167  1.350361979E+002
  168  2.023776504E+002
  169  1.396200013E+002
  170  1.745876906E+002
  171  1.451892650E+002
  172  1.444514841E+002
  173  1.551249482E+002
  174  2.248452841E+002
  175  1.839110815E+002
  176  2.095393094E+002
  177  1.442806133E+002
  178  1.471823718E+002
  179  1.502178610E+002
  180  2.125732805E+002
  181  2.148131369E+002
  182  3.185938129E+002
  183  1.710663494E+002
  184  1.384376339E+002
  185  1.386614505E+002
  186  1.986461840E+002
  187  2.035002995E+002
  188  2.495374269E+002
  189  1.323842675E+002
  190  1.670659591E+002
  191  1.439910301E+002
  192  1.920657107E+002
  193  1.404151167E+002
  194  1.606067783E+002
  195  1.697239482E+002
  196  2.155043619E+002
  197  2.084855744E+002
  198  2.551628782E+002
  199  1.470037635E+002
  200  1.560945810E+002
  201  1.540969269E+002
  202  2.017594694E+002
  203  1.821880775E+002
  204  2.712302701E+002
  205  1.302619555E+002
  206  1.252306087E+002
  207  1.434024536E+002
  208  1.722798607E+002
  209  1.714799602E+002
  210  1.548613417E+002
  211  1.341102038E+002
  212  1.503214328E+002
  213  1.679548628E+002
  214  2.226544431E+002
  215  1.827118259E+002
  216  2.164110754E+002
  217  1.668770336E+002
  218  2.017943472E+002
  219  2.106531461E+002
  220  3.106220296E+002
  221  3.034013353E+002
  222  6.172196534E+002
  223  1.840086902E+002
  224  1.961987181E+002
  225  2.170733930E+002
  226  3.725775961E+002
  227  2.335643334E+002
  228  3.338135326E+002
  229  1.745577723E+002
  230  1.914653204E+002
  231  2.529428215E+002
  232  3.887996913E+002
  233  2.208657573E+002
  234  1.744626735E+002
  235  2.180811436E+002
  236  2.978164268E+002
  237  3.790563358E+002
  238  6.399085841E+002
  239  4.404349758E+002
  240  7.421866389E+002
  241  3.309561630E+002
  242  2.326539499E+002
  243  2.770219596E+002
  244  3.090010910E+002
  245  2.514888854E+002
  246  2.395959491E+002
  247  2.912972824E+002
  248  2.661144360E+002
  249  2.188273943E+002
  250  2.791750261E+002
  251  4.391558379E+002
  252  2.579422651E+002
  253  1.952705815E+002
  254  2.489720466E+002
  255  3.164682235E+002
  256  1.896534102E+002
  257  1.654985952E+002
  258  2.409160108E+002
  259  2.468677451E+002
  260  2.734432261E+002
  261  3.069016416E+002
  262  3.283632065E+002
  263  3.838366859E+002
  264  3.310866038E+002
  265  2.150220447E+002
  266  2.476660640E+002
  267  4.213708172E+002
  268  2.406155138E+002
  269  1.679581903E+002
  270  2.366652786E+002
  271  2.272579431E+002
  272  2.588378699E+002
  273  2.671968346E+002
  274  2.776943782E+002
  275  3.338858240E+002
  276  3.196031945E+002
  277  2.469655774E+002
  278  2.745243056E+002
  279  4.871677976E+002
  280  3.384694108E+002
  281  2.886777054E+002
  282  2.720830271E+002
  283  3.012440843E+002
  284  3.096409033E+002
  285  2.755384828E+002
  286  3.266160855E+002
  287  3.739995476E+002
  288  3.599428986E+002
  289  3.158847967E+002
  290  3.548628574E+002
  291  5.875523525E+002
  292  1.085498811E+003
  293  3.386060375E+002
  294  3.261545404E+002
  295  3.399524545E+002
  296  3.697586477E+002
  297  3.432660859E+002
  298  4.041278718E+002
  299  4.511595696E+002
  300  4.954740619E+002
  301  4.163261553E+002
  302  5.896913812E+002
  303  8.233214419E+002
  304  1.609108508E+003
  305  3.855088226E+002
  306  3.412037084E+002
  307  2.897490806E+002
  308  3.701374947E+002
  309  4.648026668E+002
  310  2.694287674E+002
  311  2.428166313E+002
  312  2.184074628E+002
  313  2.434223003E+002
  314  2.349438992E+002
  315  2.038677791E+002
  316  2.909040712E+002
  317  2.610407552E+002
  318  2.770439061E+002
  319  3.028618729E+002
  320  3.583287181E+002
  321  4.438644796E+002
  322  3.402133104E+002
  323  3.191013230E+002
  324  3.214876790E+002
  325  3.405471455E+002
  326  4.506881872E+002
  327  3.925894851E+002
  328  3.059305015E+002
  329  2.617317001E+002
  330  2.409672417E+002
  331  2.794293812E+002
  332  2.884806576E+002
  333  2.716858395E+002
  334  2.115326595E+002
  335  1.902178194E+002
  336  2.246456970E+002
  337  2.525158741E+002
  338  2.025605782E+002
  339  1.574335293E+002
  340  2.442820293E+002
  341  3.014405460E+002
  342  3.361394603E+002
  343  4.928791272E+002
  344  4.267652947E+002
  345  4.993139150E+002
  346  3.340172290E+002
  347  3.835612843E+002
  348  3.872458413E+002
  349  6.057430324E+002
  350  4.973185966E+002
  351  2.885836714E+002
  352  3.071226330E+002
  353  3.442041210E+002
  354  4.216923998E+002
  355  4.813143840E+002
  356  1.067123979E+003
  357  3.249490504E+002
  358  3.285281402E+002
  359  2.950775008E+002
  360  3.622032384E+002
  361  4.519313924E+002
  362  8.141388385E+002
  363  2.712257593E+002
  364  1.887508203E+002
  365  2.167903268E+002
  366  2.671934543E+002
  367  2.136759249E+002
  368  2.055966556E+002
  369  1.929210955E+002
  370  1.545385434E+002
  371  1.444530577E+002
  372  2.123396207E+002
  373  2.154090295E+002
  374  2.750980980E+002
  375  1.607708229E+002
  376  1.254958587E+002
  377  1.563800357E+002
  378  1.763331217E+002
  379  1.381928015E+002
  380  1.644246175E+002
  381  1.226409824E+002
  382  1.302994897E+002
  383  1.937515761E+002
  384  1.693161426E+002
  385  1.840479851E+002
  386  1.429960676E+002
  387  1.134810698E+002
  388  1.436621878E+002
  389  1.715768889E+002
  390  1.681371989E+002
  391  1.348882192E+002
  392  1.840843167E+002
  393  1.482127524E+002
  394  1.933840955E+002
  395  2.591884396E+002
  396  1.847005098E+002
  397  1.923140217E+002
  398  1.867911704E+002
  399  2.045086712E+002
  400  1.796080982E+002
  401  2.826796959E+002
  402  2.834808079E+002
  403  3.424494068E+002
  404  1.929709497E+002
  405  1.713065938E+002
  406  1.589094433E+002
  407  1.883418563E+002
  408  2.015166687E+002
  409  1.982208232E+002
  410  2.162174744E+002
  411  1.632044773E+002
  412  1.701391281E+002
  413  2.407840944E+002
  414  2.027622376E+002
  415  1.613818076E+002
  416  1.445718926E+002
  417  1.492075150E+002
  418  2.015458425E+002
  419  2.359537364E+002
  420  1.921120035E+002
  421  1.747021794E+002
  422  2.247625112E+002
  423  2.097635026E+002
  424  2.600514619E+002
  425  2.651723145E+002
  426  2.400715785E+002
  427  2.679382868E+002
  428  3.464349022E+002
  429  3.182578339E+002
  430  3.219235687E+002
  431  3.711616711E+002
  432  4.748613545E+002
  433  5.864685610E+002
  434  4.060372346E+002
  435  3.976259960E+002
  436  3.224973072E+002
  437  4.143343525E+002
  438  6.806538889E+002
  439  1.687944867E+003
  440  2.784665998E+002
  441  2.252229465E+002
  442  2.189179107E+002
  443  2.733105376E+002
  444  2.352076121E+002
  445  2.292750854E+002
  446  2.068862099E+002
  447  2.140513495E+002
  448  2.602188532E+002
  449  3.571762648E+002
  450  2.824055831E+002
  451  2.935060397E+002
  452  2.903545123E+002
  453  3.570409172E+002
  454  3.559420463E+002
  455  4.863420724E+002
  456  5.306704767E+002
  457  8.942560376E+002
  458  3.407473110E+002
  459  3.060911786E+002
  460  2.560880250E+002
  461  3.789441961E+002
  462  4.213192645E+002
  463  8.813429197E+002
  464  2.641667696E+002
  465  1.828141171E+002
  466  1.986373368E+002
  467  2.853251174E+002
  468  2.138048425E+002
  469  1.856072144E+002
  470  2.115542540E+002
  471  1.681586328E+002
  472  1.651811457E+002
  473  1.896664999E+002
  474  2.410992419E+002
  475  2.060867855E+002
  476  1.358688650E+002
  477  1.608628857E+002
  478  1.990123710E+002
  479  1.611752437E+002
  480  1.429475895E+002
  481  1.595086079E+002
  482  1.331571040E+002
  483  1.665389791E+002
  484  2.223220213E+002
  485  1.413492275E+002
  486  1.375927343E+002
  487  1.891371552E+002
  488  1.816692555E+002
  489  1.920783446E+002
  490  1.854446737E+002
  491  2.683711744E+002
  492  4.268375792E+002
  493  2.143228421E+002
  494  1.487976887E+002
  495  1.541571673E+002
  496  2.979757841E+002
  497  2.127971768E+002
  498  2.003656040E+002
  499  1.562335652E+002
  500  1.555786467E+002
  501  1.894599952E+002
  502  2.799532519E+002
  503  2.005244884E+002
  504  1.481874565E+002
  505  2.210144441E+002
  506  1.480930080E+002
  507  1.626908587E+002
  508  2.377376111E+002
  509  1.828579889E+002
  510  2.322021457E+002
  511  1.704717927E+002
  512  1.787075623E+002
  513  1.967638255E+002
  514  2.554203187E+002
  515  2.845962970E+002
  516  2.206380581E+002
  517  1.855010878E+002
  518  2.244895464E+002
  519  2.856417251E+002
  520  2.195940269E+002
  521  2.227149166E+002
  522  1.834006581E+002
  523  1.901542094E+002
  524  2.444261061E+002
  525  2.273967409E+002
  526  2.560307214E+002
  527  1.790863544E+002
  528  1.292245023E+002
  529  1.479266280E+002
  530  2.063177563E+002
  531  1.516132310E+002
  532  1.580299912E+002
  533  1.420191430E+002
  534  1.136026388E+002
  535  1.174161246E+002
  536  1.711942972E+002
  537  1.542625560E+002
  538  1.889182621E+002
  539  1.428948786E+002
  540  1.041132258E+002
  541  1.360301008E+002
  542  1.717587614E+002
  543  1.332438378E+002
  544  1.505294785E+002
  545  1.431007732E+002
  546  1.101529289E+002
  547  1.395287070E+002
  548  2.214070977E+002
  549  1.777227153E+002
  550  1.424359551E+002
  551  1.825026812E+002
  552  1.409703203E+002
  553  1.999504234E+002
  554  2.273853550E+002
  555  1.790433033E+002
  556  2.424641716E+002
  557  2.474908384E+002
  558  2.666197550E+002
  559  2.971464432E+002
  560  4.380790275E+002
  561  3.243104559E+002
  562  3.427785524E+002
  563  4.325796535E+002
  564  5.470372203E+002
  565  4.907139398E+002
  566  1.302122873E+003
  567  5.622077944E+002
  568  9.116036049E+002
  569  6.961820796E+002
  570  1.145131618E+003
  571  5.832253623E+002
  572  3.765936685E+002
  573  3.889434804E+002
  574  4.001558984E+002
  575  3.491795379E+002
  576  3.105941203E+002
  577  5.392858081E+002
  578  5.488302938E+002
  579  4.519098842E+002
  580  5.295859691E+002
  581  8.454078376E+002
  582  7.036638111E+002
  583  3.290079686E+002
  584  2.247977912E+002
  585  2.503317017E+002
  586  3.229139433E+002
  587  2.417292666E+002
  588  2.271124626E+002
  589  2.851066979E+002
  590  2.304773603E+002
  591  2.519000945E+002
  592  2.599536568E+002
  593  3.019271651E+002
  594  4.099666874E+002
  595  2.650916796E+002
  596  2.232874943E+002
  597  2.586761731E+002
  598  5.148381748E+002
  599  2.524739522E+002
  600  2.605163564E+002
  601  3.150364598E+002
  602  2.874483893E+002
  603  3.100197498E+002
  604  3.094315685E+002
  605  3.907889003E+002
  606  3.841292880E+002
  607  3.560240729E+002
  608  3.191889544E+002
  609  3.309920231E+002
  610  3.633269847E+002
  611  3.800089897E+002
  612  3.964585668E+002
  613  4.138829176E+002
  614  4.434857148E+002
  615  3.783102529E+002
  616  5.630156072E+002
  617  7.234093062E+002
  618  2.018615756E+003
  619  3.572334280E+002
  620  2.962220950E+002
  621  2.730211637E+002
  622  3.808586350E+002
  623  3.381999207E+002
  624  3.415761099E+002
  625  2.359888192E+002
  626  2.336159421E+002
  627  2.844065328E+002
  628  3.202770615E+002
  629  2.180507550E+002
  630  1.914215222E+002
  631  3.182301312E+002
  632  3.370184309E+002
  633  3.786577985E+002
  634  5.071465424E+002
  635  4.726182060E+002
  636  4.202704212E+002
  637  4.642320733E+002
  638  3.905928556E+002
  639  5.474145473E+002
  640  3.215802393E+002
  641  2.721327368E+002
  642  2.815134582E+002
  643  3.423570582E+002
  644  2.767094208E+002
  645  3.945212563E+002
  646  2.856157602E+002
  647  2.239279134E+002
  648  2.088797011E+002
  649  2.374256313E+002
  650  3.155766027E+002
  651  4.772840713E+002
  652  2.080306662E+002
  653  1.526111938E+002
  654  1.897320177E+002
  655  2.657663200E+002
  656  1.745835478E+002
  657  1.926312688E+002
  658  1.832898932E+002
  659  1.885729358E+002
  660  1.705936768E+002
  661  2.197442426E+002
  662  1.999805294E+002
  663  1.754536968E+002
  664  2.220848764E+002
  665  2.974188994E+002
  666  1.999628876E+002
  667  1.900120437E+002
  668  2.520857307E+002
  669  2.652133671E+002
  670  3.046217682E+002
  671  3.462794538E+002
  672  3.353201903E+002
  673  4.298370996E+002
  674  3.631592142E+002
  675  3.847563888E+002
  676  4.383989430E+002
  677  5.482733705E+002
  678  4.835177483E+002
  679  8.836167241E+002
  680  4.587128766E+002
  681  6.091692100E+002
  682  4.983512576E+002
  683  8.677592652E+002
  684  4.046938555E+002
  685  3.539953802E+002
  686  3.231485805E+002
  687  2.954139599E+002
  688  3.711721614E+002
  689  3.247800496E+002
  690  3.863809124E+002
  691  2.741053912E+002
  692  2.234124256E+002
  693  2.716826062E+002
  694  3.850933639E+002
  695  2.951512212E+002
  696  2.145990746E+002
  697  1.791837430E+002
  698  1.841901273E+002
  699  1.946818078E+002
  700  2.025540683E+002
  701  2.274877319E+002
  702  2.017277920E+002
  703  2.016511196E+002
  704  2.278287737E+002
  705  2.696714993E+002
  706  2.941266078E+002
  707  3.302510351E+002
  708  2.294789916E+002
  709  2.405277411E+002
  710  2.271932513E+002
  711  2.846928349E+002
  712  3.287187316E+002
  713  1.875965062E+002
  714  1.871047716E+002
  715  1.873393399E+002
  716  2.733861693E+002
  717  2.285762583E+002
  718  2.358977116E+002
  719  1.696037194E+002
  720  1.602695921E+002
  721  1.909745371E+002
  722  2.375747700E+002
  723  2.111231617E+002
  724  2.071295444E+002
  725  2.471148593E+002
  726  2.619381457E+002
  727  3.105095214E+002
  728  3.217862780E+002
  729  3.928473075E+002
  730  2.864163603E+002
  731  2.930525380E+002
  732  2.799345236E+002
  733  4.169684174E+002
  734  4.013182515E+002
  735  6.137142039E+002
  736  2.608198618E+002
  737  2.671435228E+002
  738  2.328015897E+002
  739  3.553414806E+002
  740  3.305036688E+002
  741  4.889357887E+002
  742  2.409099401E+002
  743  2.140122398E+002
  744  2.387302452E+002
  745  2.834285639E+002
  746  2.218928741E+002
  747  2.017137521E+002
  748  2.259616862E+002
  749  2.530875933E+002
  750  3.161631083E+002
  751  3.805922503E+002
  752  2.921046588E+002
  753  4.071115972E+002
  754  3.444272470E+002
  755  3.892743732E+002
  756  4.314222872E+002
  757  7.585928089E+002
  758  5.166795191E+002
  759  5.441093119E+002
  760  3.879504977E+002
  761  3.927904462E+002
  762  4.229527659E+002
  763  5.621875872E+002
  764  4.355572201E+002
  765  6.581767305E+002
  766  4.326904176E+002
  767  4.980846625E+002
  768  3.689628059E+002
  769  4.485590602E+002
  770  3.131928075E+002
  771  2.518005364E+002
  772  2.929241102E+002
  773  3.382192160E+002
  774  2.427239670E+002
  775  2.470976081E+002
  776  3.102492319E+002
  777  2.793715962E+002
  778  2.719048165E+002
  779  3.094351742E+002
  780  3.629825893E+002
  781  4.307096777E+002
  782  2.894705743E+002
  783  2.298184267E+002
  784  2.850088755E+002
  785  4.399037672E+002
  786  2.465420279E+002
  787  2.318590102E+002
  788  2.838635746E+002
  789  3.039081648E+002
  790  3.235490012E+002
  791  3.163171158E+002
  792  3.707009480E+002
  793  4.414291513E+002
  794  3.887042087E+002
  795  3.207396404E+002
  796  3.704932444E+002
  797  5.660296804E+002
  798  4.043384175E+002
  799  3.379766723E+002
  800  3.517323810E+002
  801  4.020669929E+002
  802  4.289444859E+002
  803  3.551482076E+002
  804  3.117706898E+002
  805  5.372596478E+002
  806  5.598472715E+002
  807  5.119480073E+002
  808  6.805637499E+002
  809  9.462353550E+002
  810  5.001595238E+002
  811  5.082067530E+002
  812  4.037940190E+002
  813  4.168023643E+002
  814  6.346361030E+002
  815  8.417426259E+002
  816  4.682837052E+002
  817  3.896683779E+002
  818  3.784623325E+002
  819  3.870905193E+002
  820  5.292489301E+002
  821  6.961183840E+002
  822  4.663097959E+002
  823  4.562357726E+002
  824  4.055027505E+002
  825  4.286544696E+002
  826  6.623909304E+002
  827  1.085934367E+003
  828  4.154190435E+002
  829  3.918195145E+002
  830  3.416357699E+002
  831  4.052072245E+002
  832  4.883648918E+002
  833  7.752142240E+002
  834  2.985481333E+002
  835  2.534175267E+002
  836  2.568338929E+002
  837  2.825651221E+002
  838  2.737259084E+002
  839  2.330308188E+002
  840  2.623644431E+002
  841  2.728028950E+002
  842  2.948661804E+002
  843  3.263710284E+002
  844  3.269931985E+002
  845  3.515226084E+002
  846  3.453904893E+002
  847  3.444741024E+002
  848  3.344721549E+002
  849  4.128957779E+002
  850  4.747933605E+002
  851  6.017043135E+002
  852  2.983709828E+002
  853  2.978259909E+002
  854  2.687135281E+002
  855  3.134282912E+002
  856  3.327621849E+002
  857  4.209446838E+002
  858  2.342250119E+002
  859  2.147521731E+002
  860  2.628396234E+002
  861  3.095020887E+002
  862  2.289359353E+002
  863  2.229262166E+002
  864  2.951040479E+002
  865  3.326194127E+002
  866  3.863632392E+002
  867  6.029913439E+002
  868  4.170538470E+002
  869  5.283655559E+002
  870  3.391044612E+002
  871  4.354279074E+002
  872  4.637533529E+002
  873  7.208823574E+002
  874  5.488369736E+002
  875  3.962851699E+002
  876  4.705724245E+002
  877  4.319820905E+002
  878  6.792506706E+002
  879  3.904711524E+002
  880  3.920211898E+002
  881  3.691862995E+002
  882  5.206235345E+002
  883  5.204554751E+002
  884  1.038154481E+003
  885  3.188670679E+002
  886  2.363345872E+002
  887  2.576451544E+002
  888  3.126155142E+002
  889  2.284722092E+002
  890  2.707682359E+002
  891  2.260460687E+002
  892  2.046986018E+002
  893  1.891033777E+002
  894  2.961950445E+002
  895  2.875746068E+002
  896  3.728291836E+002
  897  1.850202055E+002
  898  1.386028173E+002
  899  1.676928747E+002
  900  2.209253347E+002
  901  1.856842489E+002
  902  1.767359031E+002
  903  1.216128391E+002
  904  1.320748487E+002
  905  2.041299528E+002
  906  1.692465946E+002
  907  1.599711842E+002
  908  1.117769540E+002
  909  1.452978766E+002
  910  2.357435410E+002
  911  1.405241562E+002
  912  1.436082671E+002
  913  1.701107607E+002
  914  1.445369362E+002
  915  1.373096687E+002
  916  1.838626844E+002
  917  1.918855986E+002
  918  1.708297753E+002
  919  2.072781718E+002
  920  1.733792088E+002
  921  1.658688436E+002
  922  2.340682257E+002
  923  2.262237069E+002
  924  2.294166081E+002
  925  1.792802235E+002
  926  1.643853055E+002
  927  1.845397930E+002
  928  2.326714541E+002
  929  2.263441082E+002
  930  3.553177840E+002
  931  2.130542136E+002
  932  2.123396268E+002
  933  2.127960957E+002
  934  2.599877256E+002
  935  3.299889075E+002
  936  2.598939637E+002
  937  2.329240784E+002
  938  2.015801099E+002
  939  1.917190033E+002
  940  2.457455751E+002
  941  3.287915627E+002
  942  1.666963867E+002
  943  1.597605045E+002
  944  1.805815500E+002
  945  2.462574174E+002
  946  1.727702676E+002
  947  1.741976591E+002
  948  1.884548384E+002
  949  1.993669027E+002
  950  2.857371811E+002
  951  2.260758772E+002
  952  2.808460755E+002
  953  2.282110683E+002
  954  2.035808346E+002
  955  2.136861236E+002
  956  3.186800645E+002
  957  2.490225737E+002
  958  3.423539396E+002
  959  2.182280523E+002
  960  2.756266205E+002
  961  2.417223176E+002
  962  4.143575078E+002
  963  2.457426627E+002
  964  2.153026046E+002
  965  2.274581358E+002
  966  2.458976305E+002
  967  2.670379241E+002
  968  3.424701199E+002
  969  2.138497657E+002
  970  1.961195018E+002
  971  2.340352562E+002
  972  3.181823215E+002
  973  2.315702654E+002
  974  2.571797608E+002
  975  2.216571111E+002
  976  2.845618520E+002
  977  3.229788812E+002
  978  5.650505346E+002
  979  3.598904458E+002
  980  5.578833502E+002
  981  3.002637471E+002
  982  3.538967698E+002
  983  3.938758061E+002
  984  3.483475263E+002
  985  3.969172810E+002
  986  5.846574876E+002
  987  5.956703146E+002
  988  5.381615112E+002
  989  4.631155310E+002
  990  5.595278660E+002
  991  9.356852284E+002
  992  1.208207539E+003
  993  4.873065559E+002
  994  4.584759619E+002
  995  3.402151302E+002
  996  4.199127556E+002
  997  6.283114421E+002
  998  3.045709643E+002
  999  2.664149905E+002
 1000  2.685572339E+002
 1001  3.269150712E+002
 1002  3.266002837E+002
 1003  3.711546251E+002
 1004  3.872247955E+002
 1005  5.258232760E+002
 1006  6.810633380E+002
 1007  4.262878532E+002
 1008  3.871843156E+002
 1009  3.348689785E+002
 1010  3.821778599E+002
 1011  6.092613644E+002
 1012  2.753624774E+002
 1013  2.057001031E+002
 1014  2.143467700E+002
 1015  3.074990257E+002
 1016  2.179145500E+002
 1017  3.678256070E+002
 1018  2.173778239E+002
 1019  2.084193204E+002
 1020  2.381367659E+002
 1021  2.497724617E+002
 1022  3.065902790E+002
 1023  2.916371744E+002
 1024  1.839731718E+002
 1025  1.961890283E+002
 1026  3.140031024E+002
 1027  1.941714475E+002
 1028  1.840066309E+002
 1029  1.722936146E+002
 1030  1.714573604E+002
 1031  1.794393294E+002
 1032  2.039754566E+002
 1033  2.080292822E+002
 1034  2.502125255E+002
 1035  2.923562933E+002
 1036  2.695932948E+002
 1037  2.898961378E+002
 1038  3.224641580E+002
 1039  3.157243698E+002
 1040  2.748949421E+002
 1041  2.655410396E+002
 1042  4.955257389E+002
 1043  4.616370071E+002
 1044  2.990648049E+002
 1045  2.027604557E+002
 1046  2.214184220E+002
 1047  3.719842538E+002
 1048  2.450497735E+002
 1049  3.335161847E+002
 1050  1.994819092E+002
 1051  1.900285532E+002
 1052  2.160013680E+002
 1053  2.738317120E+002
 1054  2.309234127E+002
 1055  2.292350187E+002
 1056  2.821457877E+002
 1057  2.508476682E+002
 1058  2.540901063E+002
 1059  4.371279246E+002
 1060  3.309521000E+002
 1061  6.011232390E+002
 1062  3.001387164E+002
 1063  2.443950922E+002
 1064  2.533308952E+002
 1065  2.593138707E+002
 1066  2.909648513E+002
 1067  3.235912376E+002
 1068  3.087681988E+002
 1069  2.355338549E+002
 1070  2.408772684E+002
 1071  2.532794789E+002
 1072  4.507763722E+002
 1073  2.849488409E+002
 1074  3.155754902E+002
 1075  2.719292911E+002
 1076  3.730360429E+002
 1077  6.055861172E+002
 1078  2.559718692E+002
 1079  2.361432584E+002
 1080  2.267004245E+002
 1081  3.132943063E+002
 1082  2.899389093E+002
 1083  3.872834276E+002
 1084  2.160175979E+002
 1085  1.717521711E+002
 1086  1.958559703E+002
 1087  2.290411398E+002
 1088  1.973149124E+002
 1089  1.803896547E+002
 1090  2.125608169E+002
 1091  2.075853091E+002
 1092  1.919238846E+002
 1093  2.307769716E+002
 1094  1.994493982E+002
 1095  2.098080650E+002
 1096  1.875404911E+002
 1097  2.374225264E+002
 1098  3.235858838E+002
 1099  6.820652140E+002
 1100  1.901871042E+002
 1101  1.656998409E+002
 1102  1.445033451E+002
 1103  1.676426872E+002
 1104  1.362415156E+002
 1105  1.142944776E+002
 1106  1.388234366E+002
 1107  1.713694164E+002
 1108  1.612636244E+002
 1109  1.666728802E+002
 1110  1.426140388E+002
 1111  1.382794706E+002
 1112  1.266789557E+002
 1113  1.563202405E+002
 1114  1.273962927E+002
 1115  1.120900025E+002
 1116  1.348004565E+002
 1117  2.157455012E+002
 1118  1.677040454E+002
 1119  1.403639926E+002
 1120  1.389213995E+002
 1121  1.427873816E+002
 1122  1.375425662E+002
 1123  2.473308427E+002
 1124  1.698790547E+002
 1125  1.257382721E+002
 1126  1.493779890E+002
 1127  2.441850879E+002
 1128  1.407231006E+002
 1129  1.181784629E+002
 1130  1.998419206E+002
 1131  1.826507627E+002
 1132  1.869829772E+002
 1133  2.496204049E+002
 1134  2.578394827E+002
 1135  2.951563330E+002
 1136  2.736504702E+002
 1137  2.609741223E+002
 1138  2.851451434E+002
 1139  4.093903688E+002
 1140  4.999278649E+002
 1141  4.971069787E+002
 1142  3.398339184E+002
 1143  3.500979837E+002
 1144  3.216377527E+002
 1145  4.726811157E+002
 1146  5.358008560E+002
 1147  1.253059512E+003
 1148  3.028548682E+002
 1149  2.202423186E+002
 1150  2.429334608E+002
 1151  2.298091912E+002
 1152  2.413270835E+002
 1153  3.075815084E+002
 1154  3.120008850E+002
 1155  2.600602602E+002
 1156  2.412509941E+002
 1157  2.795777081E+002
 1158  4.944226459E+002
 1159  5.853160370E+002
 1160  2.932578511E+002
 1161  2.263134702E+002
 1162  1.905305118E+002
 1163  2.568421723E+002
 1164  3.877512560E+002
 1165  9.101477551E+002
 1166  1.911641707E+002
 1167  1.682300068E+002
 1168  1.640255285E+002
 1169  2.039286905E+002
 1170  2.025135021E+002
 1171  1.856868630E+002
 1172  1.517417025E+002
 1173  1.483389082E+002
 1174  1.715712600E+002
 1175  1.924700092E+002
 1176  1.683746578E+002
 1177  2.066713556E+002
 1178  1.754681481E+002
 1179  1.903626828E+002
 1180  1.908480646E+002
 1181  2.484719374E+002
 1182  3.638440170E+002
 1183  1.723845804E+002
 1184  1.716740244E+002
 1185  1.557091467E+002
 1186  2.107187491E+002
 1187  2.475094684E+002
 1188  1.448164304E+002
 1189  1.265462737E+002
 1190  1.450264672E+002
 1191  1.713637546E+002
 1192  1.586773550E+002
 1193  1.648064137E+002
 1194  1.434562696E+002
 1195  1.545407853E+002
 1196  1.752989962E+002
 1197  2.137317607E+002
 1198  1.944661899E+002
 1199  2.287568406E+002
 1200  2.237016552E+002
 1201  1.953092716E+002
 1202  1.838401562E+002
 1203  2.515271669E+002
 1204  3.699646676E+002
 1205  9.612655372E+002
 1206  1.527372989E+002
 1207  1.490328150E+002
 1208  1.498721977E+002
 1209  2.034425271E+002
 1210  1.915227001E+002
 1211  1.437066347E+002
 1212  1.453363119E+002
 1213  1.838740066E+002
 1214  2.408826121E+002
 1215  1.938844106E+002
 1216  1.838184715E+002
 1217  1.828762593E+002
 1218  2.174705913E+002
 1219  2.268430547E+002
 1220  3.308507259E+002
 1221  3.199082772E+002
 1222  3.211338230E+002
 1223  1.983884954E+002
 1224  2.117162527E+002
 1225  2.188825178E+002
 1226  2.811744675E+002
 1227  3.110101646E+002
 1228  3.900167985E+002
 1229  1.799469134E+002
 1230  1.899008935E+002
 1231  2.060806636E+002
 1232  2.672692526E+002
 1233  2.022070000E+002
 1234  2.206092764E+002
 1235  2.111276983E+002
 1236  2.187648620E+002
 1237  2.741168358E+002
 1238  3.239040338E+002
 1239  3.240609824E+002
 1240  3.645124982E+002
 1241  2.760901956E+002
 1242  3.854719099E+002
 1243  4.011166547E+002
 1244  6.266910489E+002
 1245  5.354433742E+002
 1246  9.639134961E+002
 1247  3.571612021E+002
 1248  3.613815525E+002
 1249  3.908815726E+002
 1250  6.264449701E+002
 1251  4.327319101E+002
 1252  3.019997936E+002
 1253  3.319629709E+002
 1254  3.704607754E+002
 1255  3.111125866E+002
 1256  3.430480869E+002
 1257  2.398494975E+002
 1258  2.374699653E+002
 1259  2.353950369E+002
 1260  2.852794827E+002
 1261  2.958651981E+002
 1262  3.604150993E+002
 1263  2.604309199E+002
 1264  2.277872486E+002
 1265  2.410003381E+002
 1266  2.916026510E+002
 1267  3.037111538E+002
 1268  3.643561257E+002
 1269  2.717294623E+002
 1270  2.945116881E+002
 1271  2.808502445E+002
 1272  3.486748142E+002
 1273  4.535726266E+002
 1274  6.805830402E+002
 1275  2.671632412E+002
 1276  2.875318635E+002
 1277  2.653427573E+002
 1278  3.499708311E+002
 1279  4.942632913E+002
 1280  2.274181736E+002
 1281  2.164830205E+002
 1282  2.248092974E+002
 1283  2.921282624E+002
 1284  2.855934385E+002
 1285  3.104366173E+002
 1286  2.065835578E+002
 1287  2.180450050E+002
 1288  2.321254466E+002
 1289  2.800948676E+002
 1290  3.200632634E+002
 1291  2.514205374E+002
 1292  2.760657691E+002
 1293  2.902690405E+002
 1294  3.689121132E+002
 1295  4.498872958E+002
 1296  2.017253380E+003
 1297  2.952173668E+002
 1298  3.515536350E+002
 1299  3.503582645E+002
 1300  6.310114736E+002
 1301  5.033329172E+002
 1302  7.636515883E+002
 1303  2.735198803E+002
 1304  2.588100472E+002
 1305  3.345899494E+002
 1306  4.790436883E+002
 1307  2.609999157E+002
 1308  2.625798205E+002
 1309  3.223769735E+002
 1310  2.888200295E+002
 1311  3.368557016E+002
 1312  3.844072176E+002
 1313  3.035880186E+002
 1314  2.580522257E+002
 1315  4.732015098E+002
 1316  5.506690291E+002
 1317  7.794253134E+002
 1318  1.214753744E+003
 1319  1.133804132E+003
 1320  8.157227085E+002
 1321  6.887447355E+002
 1322  5.636719785E+002
 1323  5.747098265E+002
 1324  4.791371636E+002
 1325  8.676640190E+002
 1326  1.523343543E+003
 1327  7.954819892E+002
 1328  6.056429110E+002
 1329  4.791445042E+002
 1330  5.852479298E+002
 1331  8.654123501E+002
 1332  6.224833248E+002
 1333  4.132906547E+002
 1334  2.804126222E+002
 1335  2.519539981E+002
 1336  3.097576170E+002
 1337  2.907403703E+002
 1338  2.341790128E+002
 1339  2.754568653E+002
 1340  2.344336356E+002
 1341  2.548334395E+002
 1342  2.686802446E+002
 1343  3.379494036E+002
 1344  3.437354780E+002
 1345  3.204548930E+002
 1346  3.956040005E+002
 1347  4.482125223E+002
 1348  6.085959443E+002
 1349  6.055228569E+002
 1350  6.063346093E+002
 1351  5.613365993E+002
 1352  6.781670341E+002
 1353  1.196916907E+003
 1354  2.032228877E+003
