   1  133.86   53.66   671.86  1.0845E-001  5.4432E-001
   2   98.13   53.06   492.50  1.0845E-001  5.4432E-001
   3   52.60   53.22   263.98  1.0845E-001  5.4432E-001
   4   56.54   55.56   283.80  1.0845E-001  5.4432E-001
   5  216.39   50.98  1086.07  1.0845E-001  5.4432E-001
   6   51.07   51.61   256.33  1.0845E-001  5.4432E-001
   7   35.44   49.38   177.89  1.0845E-001  5.4432E-001
   8   38.27   49.23   192.08  1.0845E-001  5.4432E-001
   9   81.78   51.91   410.43  1.0845E-001  5.4432E-001
  10   42.61   45.80   213.86  1.0845E-001  5.4432E-001
  11   34.01   43.26   170.69  1.0845E-001  5.4432E-001
  12   40.75   46.73   204.51  1.0845E-001  5.4432E-001
  13   30.52   45.78   153.18  1.0845E-001  5.4432E-001
  14   32.14   46.63   161.31  1.0845E-001  5.4432E-001
  15   40.95   47.34   205.55  1.0845E-001  5.4432E-001
  16   29.66   46.99   148.88  1.0845E-001  5.4432E-001
  17   32.82   44.56   164.72  1.0845E-001  5.4432E-001
  18   43.20   46.47   216.85  1.0845E-001  5.4432E-001
  19   43.59   46.45   218.76  1.0845E-001  5.4432E-001
  20   29.68   45.04   148.99  1.0845E-001  5.4432E-001
  21   32.73   45.78   164.27  1.0845E-001  5.4432E-001
  22  112.03   46.63   562.29  1.0845E-001  5.4432E-001
  23   32.08   42.61   161.01  1.0845E-001  5.4432E-001
  24   22.98   40.11   115.32  1.0845E-001  5.4432E-001
  25   22.19   35.37   111.35  1.0845E-001  5.4432E-001
  26   31.21   35.94   156.65  1.0845E-001  5.4432E-001
  27   33.06   43.37   165.92  1.0845E-001  5.4432E-001
  28   32.48   46.50   163.01  1.0845E-001  5.4432E-001
  29   19.66   32.53    98.67  1.0845E-001  5.4432E-001
  30   15.25   29.27    76.52  1.0845E-001  5.4432E-001
  31   17.29   28.08    86.78  1.0845E-001  5.4432E-001
  32   25.15   24.45   126.23  1.0845E-001  5.4432E-001
  33   17.00   30.89    85.31  1.0845E-001  5.4432E-001
  34   14.95   29.59    75.02  1.0845E-001  5.4432E-001
  35   19.43   23.76    97.50  1.0845E-001  5.4432E-001
  36   13.96   22.99    70.07  1.0845E-001  5.4432E-001
  37   14.53   20.20    72.91  1.0845E-001  5.4432E-001
  38   17.91   21.62    89.91  1.0845E-001  5.4432E-001
  39   21.94   26.36   110.11  1.0845E-001  5.4432E-001
  40   32.56   53.98   163.44  1.0845E-001  5.4432E-001
  41   15.25   20.96    76.55  1.0845E-001  5.4432E-001
  42   11.78   22.87    59.10  1.0845E-001  5.4432E-001
  43   14.39   22.26    72.21  1.0845E-001  5.4432E-001
  44   21.41   23.20   107.46  1.0845E-001  5.4432E-001
  45   15.48   22.87    77.69  1.0845E-001  5.4432E-001
  46   12.29   21.09    61.68  1.0845E-001  5.4432E-001
  47   14.51   19.88    72.84  1.0845E-001  5.4432E-001
  48   14.34   19.68    71.98  1.0845E-001  5.4432E-001
  49   12.73   22.33    63.90  1.0845E-001  5.4432E-001
  50   20.94   21.18   105.10  1.0845E-001  5.4432E-001
  51   16.85   22.30    84.56  1.0845E-001  5.4432E-001
  52   13.97   24.40    70.09  1.0845E-001  5.4432E-001
  53   17.33   25.03    86.96  1.0845E-001  5.4432E-001
  54   21.13   27.09   106.05  1.0845E-001  5.4432E-001
  55   16.64   21.31    83.51  1.0845E-001  5.4432E-001
  56   16.78   21.66    84.22  1.0845E-001  5.4432E-001
  57   16.99   25.18    85.26  1.0845E-001  5.4432E-001
  58   16.77   24.50    84.18  1.0845E-001  5.4432E-001
  59   19.41   24.99    97.41  1.0845E-001  5.4432E-001
  60   24.00   24.16   120.46  1.0845E-001  5.4432E-001
  61   22.51   26.75   112.96  1.0845E-001  5.4432E-001
  62   28.03   36.09   140.68  1.0845E-001  5.4432E-001
  63   22.62   27.78   113.55  1.0845E-001  5.4432E-001
  64   18.94   27.66    95.07  1.0845E-001  5.4432E-001
  65   23.67   25.82   118.79  1.0845E-001  5.4432E-001
  66   31.02   25.56   155.68  1.0845E-001  5.4432E-001
  67   24.53   29.46   123.12  1.0845E-001  5.4432E-001
  68   22.85   29.48   114.68  1.0845E-001  5.4432E-001
  69   28.04   25.10   140.74  1.0845E-001  5.4432E-001
  70   27.57   26.54   138.39  1.0845E-001  5.4432E-001
  71   27.47   29.29   137.87  1.0845E-001  5.4432E-001
  72   52.48   30.00   263.40  1.0845E-001  5.4432E-001
  73   52.16   27.43   261.79  1.0845E-001  5.4432E-001
  74   44.81   29.09   224.88  1.0845E-001  5.4432E-001
  75   26.74   31.38   134.23  1.0845E-001  5.4432E-001
  76   23.22   32.43   116.52  1.0845E-001  5.4432E-001
  77   23.36   30.15   117.27  1.0845E-001  5.4432E-001
  78   25.53   27.41   128.16  1.0845E-001  5.4432E-001
  79   28.15   38.74   141.27  1.0845E-001  5.4432E-001
  80   36.42   57.79   182.81  1.0845E-001  5.4432E-001
  81   27.95   27.28   140.28  1.0845E-001  5.4432E-001
  82   22.89   28.02   114.89  1.0845E-001  5.4432E-001
  83   24.03   27.58   120.60  1.0845E-001  5.4432E-001
  84   33.70   29.46   169.14  1.0845E-001  5.4432E-001
  85   42.11   29.77   211.36  1.0845E-001  5.4432E-001
  86   26.97   28.98   135.36  1.0845E-001  5.4432E-001
  87   21.19   27.18   106.36  1.0845E-001  5.4432E-001
  88   20.24   24.48   101.59  1.0845E-001  5.4432E-001
  89   23.23   23.71   116.60  1.0845E-001  5.4432E-001
  90   23.52   28.19   118.07  1.0845E-001  5.4432E-001
  91   21.16   26.18   106.18  1.0845E-001  5.4432E-001
  92   19.01   22.73    95.41  1.0845E-001  5.4432E-001
  93   14.98   23.93    75.19  1.0845E-001  5.4432E-001
  94   14.76   24.39    74.06  1.0845E-001  5.4432E-001
  95   18.68   22.15    93.77  1.0845E-001  5.4432E-001
  96   19.93   23.16   100.02  1.0845E-001  5.4432E-001
  97   26.92   26.38   135.12  1.0845E-001  5.4432E-001
  98   17.51   24.94    87.88  1.0845E-001  5.4432E-001
  99   12.88   24.18    64.66  1.0845E-001  5.4432E-001
 100   15.23   22.29    76.42  1.0845E-001  5.4432E-001
 101   23.67   23.79   118.78  1.0845E-001  5.4432E-001
 102   15.37   24.21    77.14  1.0845E-001  5.4432E-001
 103   17.50   23.83    87.82  1.0845E-001  5.4432E-001
 104   19.15   24.29    96.10  1.0845E-001  5.4432E-001
 105   18.35   28.24    92.12  1.0845E-001  5.4432E-001
 106   19.71   28.39    98.93  1.0845E-001  5.4432E-001
 107   23.68   32.39   118.86  1.0845E-001  5.4432E-001
 108   21.61   26.55   108.47  1.0845E-001  5.4432E-001
 109   25.92   43.12   130.08  1.0845E-001  5.4432E-001
 110   28.60   29.46   143.56  1.0845E-001  5.4432E-001
 111   26.35   30.56   132.23  1.0845E-001  5.4432E-001
 112   34.11   29.98   171.18  1.0845E-001  5.4432E-001
 113   51.37   28.18   257.81  1.0845E-001  5.4432E-001
 114   34.84   34.46   174.85  1.0845E-001  5.4432E-001
 115   33.54   46.24   168.33  1.0845E-001  5.4432E-001
 116   36.11   30.02   181.21  1.0845E-001  5.4432E-001
 117   46.26   33.49   232.20  1.0845E-001  5.4432E-001
 118   63.26   34.06   317.51  1.0845E-001  5.4432E-001
 119   62.90   32.45   315.71  1.0845E-001  5.4432E-001
 120   50.50   32.36   253.46  1.0845E-001  5.4432E-001
 121   56.92   34.87   285.70  1.0845E-001  5.4432E-001
 122   92.72   33.73   465.35  1.0845E-001  5.4432E-001
 123  114.64   34.60   575.41  1.0845E-001  5.4432E-001
 124  102.49   36.66   514.41  1.0845E-001  5.4432E-001
 125  154.83   39.74   777.09  1.0845E-001  5.4432E-001
 126  197.67   33.09   992.10  1.0845E-001  5.4432E-001
 127   92.59   37.50   464.72  1.0845E-001  5.4432E-001
 128   98.03   39.55   492.03  1.0845E-001  5.4432E-001
 129   88.03   37.92   441.83  1.0845E-001  5.4432E-001
 130  130.37   39.91   654.31  1.0845E-001  5.4432E-001
 131  126.67   44.15   635.77  1.0845E-001  5.4432E-001
 132  333.28   64.87  1672.75  1.0845E-001  5.4432E-001
 133   73.56   35.86   369.19  1.0845E-001  5.4432E-001
 134   65.34   34.95   327.92  1.0845E-001  5.4432E-001
 135   52.07   34.55   261.34  1.0845E-001  5.4432E-001
 136   61.41   34.78   308.20  1.0845E-001  5.4432E-001
 137   51.11   32.10   256.52  1.0845E-001  5.4432E-001
 138   45.09   31.38   226.29  1.0845E-001  5.4432E-001
 139   35.52   29.23   178.25  1.0845E-001  5.4432E-001
 140   39.53   29.37   198.42  1.0845E-001  5.4432E-001
 141   62.81   38.44   315.24  1.0845E-001  5.4432E-001
 142  170.08   59.78   853.64  1.0845E-001  5.4432E-001
 143   39.63   26.77   198.92  1.0845E-001  5.4432E-001
 144   24.13   25.24   121.09  1.0845E-001  5.4432E-001
 145   23.97   24.05   120.31  1.0845E-001  5.4432E-001
 146   37.57   23.24   188.55  1.0845E-001  5.4432E-001
 147   27.49   25.15   137.98  1.0845E-001  5.4432E-001
 148   28.33   27.53   142.19  1.0845E-001  5.4432E-001
 149   21.85   21.75   109.68  1.0845E-001  5.4432E-001
 150   20.69   22.54   103.86  1.0845E-001  5.4432E-001
 151   18.55   24.64    93.13  1.0845E-001  5.4432E-001
 152   23.13   24.41   116.11  1.0845E-001  5.4432E-001
 153   32.95   23.21   165.40  1.0845E-001  5.4432E-001
 154   34.38   28.06   172.53  1.0845E-001  5.4432E-001
 155   20.08   24.72   100.80  1.0845E-001  5.4432E-001
 156   18.68   23.44    93.75  1.0845E-001  5.4432E-001
 157   17.75   21.98    89.09  1.0845E-001  5.4432E-001
 158   17.38   23.10    87.24  1.0845E-001  5.4432E-001
 159   18.16   22.24    91.15  1.0845E-001  5.4432E-001
 160   14.90   23.61    74.77  1.0845E-001  5.4432E-001
 161   15.43   21.23    77.43  1.0845E-001  5.4432E-001
 162   21.46   21.92   107.69  1.0845E-001  5.4432E-001
 163   21.56   24.27   108.22  1.0845E-001  5.4432E-001
 164   25.00   24.27   125.46  1.0845E-001  5.4432E-001
 165   15.23   18.81    76.45  1.0845E-001  5.4432E-001
 166   13.66   19.33    68.58  1.0845E-001  5.4432E-001
 167   13.93   18.92    69.92  1.0845E-001  5.4432E-001
 168   20.45   18.08   102.63  1.0845E-001  5.4432E-001
 169   14.36   20.25    72.06  1.0845E-001  5.4432E-001
 170   17.93   25.50    90.00  1.0845E-001  5.4432E-001
 171   14.65   21.22    73.52  1.0845E-001  5.4432E-001
 172   14.30   23.29    71.79  1.0845E-001  5.4432E-001
 173   15.74   23.07    79.02  1.0845E-001  5.4432E-001
 174   23.26   22.53   116.76  1.0845E-001  5.4432E-001
 175   18.13   22.95    90.98  1.0845E-001  5.4432E-001
 176   20.57   22.65   103.24  1.0845E-001  5.4432E-001
 177   14.90   22.79    74.80  1.0845E-001  5.4432E-001
 178   15.42   23.95    77.40  1.0845E-001  5.4432E-001
 179   15.74   24.22    79.01  1.0845E-001  5.4432E-001
 180   22.75   25.49   114.17  1.0845E-001  5.4432E-001
 181   22.73   23.66   114.06  1.0845E-001  5.4432E-001
 182   32.73   26.30   164.25  1.0845E-001  5.4432E-001
 183   18.18   23.55    91.26  1.0845E-001  5.4432E-001
 184   14.31   24.21    71.81  1.0845E-001  5.4432E-001
 185   14.75   23.80    74.04  1.0845E-001  5.4432E-001
 186   20.55   24.95   103.12  1.0845E-001  5.4432E-001
 187   22.58   21.18   113.32  1.0845E-001  5.4432E-001
 188   25.41   25.46   127.55  1.0845E-001  5.4432E-001
 189   13.76   25.04    69.07  1.0845E-001  5.4432E-001
 190   17.40   22.57    87.33  1.0845E-001  5.4432E-001
 191   14.98   22.51    75.18  1.0845E-001  5.4432E-001
 192   19.35   23.63    97.10  1.0845E-001  5.4432E-001
 193   14.77   21.42    74.15  1.0845E-001  5.4432E-001
 194   16.57   23.24    83.19  1.0845E-001  5.4432E-001
 195   17.49   23.83    87.77  1.0845E-001  5.4432E-001
 196   21.62   27.57   108.53  1.0845E-001  5.4432E-001
 197   21.70   27.69   108.91  1.0845E-001  5.4432E-001
 198   25.15   32.98   126.22  1.0845E-001  5.4432E-001
 199   15.27   24.43    76.65  1.0845E-001  5.4432E-001
 200   15.07   26.49    75.62  1.0845E-001  5.4432E-001
 201   15.31   26.24    76.85  1.0845E-001  5.4432E-001
 202   20.19   25.04   101.35  1.0845E-001  5.4432E-001
 203   22.79   27.33   114.38  1.0845E-001  5.4432E-001
 204   24.12   40.35   121.07  1.0845E-001  5.4432E-001
 205   13.03   25.89    65.40  1.0845E-001  5.4432E-001
 206   12.46   25.46    62.54  1.0845E-001  5.4432E-001
 207   14.18   26.94    71.19  1.0845E-001  5.4432E-001
 208   16.93   28.87    84.96  1.0845E-001  5.4432E-001
 209   17.97   22.39    90.18  1.0845E-001  5.4432E-001
 210   14.50   23.70    72.75  1.0845E-001  5.4432E-001
 211   13.44   27.09    67.46  1.0845E-001  5.4432E-001
 212   14.83   27.94    74.42  1.0845E-001  5.4432E-001
 213   16.19   29.04    81.24  1.0845E-001  5.4432E-001
 214   22.07   28.15   110.78  1.0845E-001  5.4432E-001
 215   18.32   24.84    91.97  1.0845E-001  5.4432E-001
 216   22.09   29.17   110.89  1.0845E-001  5.4432E-001
 217   15.97   31.00    80.14  1.0845E-001  5.4432E-001
 218   19.35   32.46    97.12  1.0845E-001  5.4432E-001
 219   19.92   30.54    99.99  1.0845E-001  5.4432E-001
 220   31.87   32.08   159.96  1.0845E-001  5.4432E-001
 221   33.06   34.80   165.94  1.0845E-001  5.4432E-001
 222   93.05   54.44   467.02  1.0845E-001  5.4432E-001
 223   17.25   30.78    86.56  1.0845E-001  5.4432E-001
 224   18.08   32.21    90.74  1.0845E-001  5.4432E-001
 225   20.59   34.71   103.35  1.0845E-001  5.4432E-001
 226   37.68   36.23   189.10  1.0845E-001  5.4432E-001
 227   21.87   32.40   109.76  1.0845E-001  5.4432E-001
 228   23.42   44.56   117.56  1.0845E-001  5.4432E-001
 229   16.38   32.89    82.21  1.0845E-001  5.4432E-001
 230   18.30   30.91    91.83  1.0845E-001  5.4432E-001
 231   24.57   32.59   123.32  1.0845E-001  5.4432E-001
 232   38.62   34.20   193.81  1.0845E-001  5.4432E-001
 233   21.95   29.39   110.16  1.0845E-001  5.4432E-001
 234   17.70   32.27    88.86  1.0845E-001  5.4432E-001
 235   20.50   33.45   102.91  1.0845E-001  5.4432E-001
 236   28.42   34.53   142.64  1.0845E-001  5.4432E-001
 237   36.90   35.33   185.20  1.0845E-001  5.4432E-001
 238   64.53   37.36   323.89  1.0845E-001  5.4432E-001
 239   43.23   38.86   216.99  1.0845E-001  5.4432E-001
 240   75.27   56.00   377.77  1.0845E-001  5.4432E-001
 241   32.26   34.35   161.90  1.0845E-001  5.4432E-001
 242   21.21   35.59   106.46  1.0845E-001  5.4432E-001
 243   26.01   34.54   130.56  1.0845E-001  5.4432E-001
 244   29.91   36.23   150.14  1.0845E-001  5.4432E-001
 245   23.86   35.67   119.74  1.0845E-001  5.4432E-001
 246   22.94   38.73   115.15  1.0845E-001  5.4432E-001
 247   27.41   34.98   137.58  1.0845E-001  5.4432E-001
 248   24.66   33.40   123.77  1.0845E-001  5.4432E-001
 249   20.04   33.73   100.60  1.0845E-001  5.4432E-001
 250   26.57   33.61   133.34  1.0845E-001  5.4432E-001
 251   39.06   35.05   196.02  1.0845E-001  5.4432E-001
 252   24.65   33.53   123.71  1.0845E-001  5.4432E-001
 253   18.19   32.20    91.29  1.0845E-001  5.4432E-001
 254   23.66   32.24   118.75  1.0845E-001  5.4432E-001
 255   30.52   34.66   153.18  1.0845E-001  5.4432E-001
 256   18.34   32.25    92.06  1.0845E-001  5.4432E-001
 257   16.07   31.91    80.64  1.0845E-001  5.4432E-001
 258   22.70   28.56   113.95  1.0845E-001  5.4432E-001
 259   22.98   29.49   115.35  1.0845E-001  5.4432E-001
 260   26.01   29.26   130.54  1.0845E-001  5.4432E-001
 261   30.34   30.59   152.27  1.0845E-001  5.4432E-001
 262   30.55   28.25   153.35  1.0845E-001  5.4432E-001
 263   36.22   32.26   181.78  1.0845E-001  5.4432E-001
 264   32.35   28.75   162.34  1.0845E-001  5.4432E-001
 265   19.93   26.78   100.00  1.0845E-001  5.4432E-001
 266   22.87   27.68   114.78  1.0845E-001  5.4432E-001
 267   40.47   25.38   203.12  1.0845E-001  5.4432E-001
 268   22.72   24.94   114.04  1.0845E-001  5.4432E-001
 269   16.70   25.08    83.82  1.0845E-001  5.4432E-001
 270   21.58   27.45   108.33  1.0845E-001  5.4432E-001
 271   19.79   25.37    99.32  1.0845E-001  5.4432E-001
 272   23.09   25.45   115.89  1.0845E-001  5.4432E-001
 273   24.57   25.44   123.31  1.0845E-001  5.4432E-001
 274   25.05   26.35   125.73  1.0845E-001  5.4432E-001
 275   30.66   25.84   153.89  1.0845E-001  5.4432E-001
 276   29.39   26.91   147.53  1.0845E-001  5.4432E-001
 277   21.41   27.12   107.46  1.0845E-001  5.4432E-001
 278   23.77   27.72   119.31  1.0845E-001  5.4432E-001
 279   44.56   31.78   223.66  1.0845E-001  5.4432E-001
 280   29.97   28.27   150.42  1.0845E-001  5.4432E-001
 281   25.12   27.89   126.09  1.0845E-001  5.4432E-001
 282   22.53   31.54   113.10  1.0845E-001  5.4432E-001
 283   26.36   30.55   132.29  1.0845E-001  5.4432E-001
 284   27.87   30.91   139.88  1.0845E-001  5.4432E-001
 285   23.12   31.30   116.06  1.0845E-001  5.4432E-001
 286   24.84   35.38   124.68  1.0845E-001  5.4432E-001
 287   27.73   30.27   139.20  1.0845E-001  5.4432E-001
 288   29.45   34.29   147.82  1.0845E-001  5.4432E-001
 289   27.06   33.92   135.79  1.0845E-001  5.4432E-001
 290   30.12   35.49   151.15  1.0845E-001  5.4432E-001
 291   51.05   44.83   256.22  1.0845E-001  5.4432E-001
 292  104.86   58.86   526.30  1.0845E-001  5.4432E-001
 293   28.79   31.12   144.51  1.0845E-001  5.4432E-001
 294   28.61   30.64   143.61  1.0845E-001  5.4432E-001
 295   28.79   31.68   144.49  1.0845E-001  5.4432E-001
 296   32.89   33.14   165.05  1.0845E-001  5.4432E-001
 297   33.34   30.75   167.33  1.0845E-001  5.4432E-001
 298   43.04   32.51   216.00  1.0845E-001  5.4432E-001
 299   38.66   35.06   194.03  1.0845E-001  5.4432E-001
 300   41.83   38.09   209.94  1.0845E-001  5.4432E-001
 301   33.90   35.30   170.15  1.0845E-001  5.4432E-001
 302   53.10   36.86   266.54  1.0845E-001  5.4432E-001
 303   64.51   46.64   323.80  1.0845E-001  5.4432E-001
 304  108.23   59.72   543.19  1.0845E-001  5.4432E-001
 305   31.12   29.90   156.21  1.0845E-001  5.4432E-001
 306   26.84   26.94   134.71  1.0845E-001  5.4432E-001
 307   23.63   25.31   118.59  1.0845E-001  5.4432E-001
 308   33.36   24.11   167.41  1.0845E-001  5.4432E-001
 309   39.19   26.03   196.69  1.0845E-001  5.4432E-001
 310   22.51   25.30   112.96  1.0845E-001  5.4432E-001
 311   20.85   24.52   104.65  1.0845E-001  5.4432E-001
 312   18.62   24.35    93.45  1.0845E-001  5.4432E-001
 313   21.63   25.65   108.57  1.0845E-001  5.4432E-001
 314   21.17   23.85   106.28  1.0845E-001  5.4432E-001
 315   17.89   22.78    89.81  1.0845E-001  5.4432E-001
 316   26.41   23.52   132.57  1.0845E-001  5.4432E-001
 317   23.83   28.70   119.59  1.0845E-001  5.4432E-001
 318   24.95   29.66   125.24  1.0845E-001  5.4432E-001
 319   27.80   29.66   139.52  1.0845E-001  5.4432E-001
 320   34.79   26.92   174.62  1.0845E-001  5.4432E-001
 321   43.68   28.87   219.25  1.0845E-001  5.4432E-001
 322   30.50   30.13   153.08  1.0845E-001  5.4432E-001
 323   27.41   29.99   137.59  1.0845E-001  5.4432E-001
 324   27.90   28.52   140.05  1.0845E-001  5.4432E-001
 325   29.91   27.94   150.14  1.0845E-001  5.4432E-001
 326   39.73   27.55   199.43  1.0845E-001  5.4432E-001
 327   34.20   27.93   171.67  1.0845E-001  5.4432E-001
 328   26.30   27.40   132.01  1.0845E-001  5.4432E-001
 329   21.66   26.97   108.72  1.0845E-001  5.4432E-001
 330   20.44   24.86   102.59  1.0845E-001  5.4432E-001
 331   24.47   25.44   122.83  1.0845E-001  5.4432E-001
 332   24.59   28.82   123.43  1.0845E-001  5.4432E-001
 333   23.73   37.68   119.11  1.0845E-001  5.4432E-001
 334   18.07   23.94    90.71  1.0845E-001  5.4432E-001
 335   16.55   25.37    83.09  1.0845E-001  5.4432E-001
 336   20.08   21.64   100.76  1.0845E-001  5.4432E-001
 337   23.14   21.96   116.14  1.0845E-001  5.4432E-001
 338   18.65   22.72    93.61  1.0845E-001  5.4432E-001
 339   14.72   17.68    73.86  1.0845E-001  5.4432E-001
 340   21.88   21.74   109.82  1.0845E-001  5.4432E-001
 341   27.84   25.85   139.72  1.0845E-001  5.4432E-001
 342   31.28   27.03   156.98  1.0845E-001  5.4432E-001
 343   47.65   27.94   239.18  1.0845E-001  5.4432E-001
 344   40.91   25.47   205.32  1.0845E-001  5.4432E-001
 345   48.86   40.83   245.25  1.0845E-001  5.4432E-001
 346   29.92   24.76   150.17  1.0845E-001  5.4432E-001
 347   34.36   23.52   172.43  1.0845E-001  5.4432E-001
 348   34.90   24.61   175.15  1.0845E-001  5.4432E-001
 349   57.82   25.71   290.21  1.0845E-001  5.4432E-001
 350   45.71   22.26   229.40  1.0845E-001  5.4432E-001
 351   25.05   26.01   125.70  1.0845E-001  5.4432E-001
 352   27.91   24.30   140.07  1.0845E-001  5.4432E-001
 353   30.99   22.36   155.56  1.0845E-001  5.4432E-001
 354   39.05   23.21   196.01  1.0845E-001  5.4432E-001
 355   47.36   24.82   237.70  1.0845E-001  5.4432E-001
 356  109.46   25.49   549.37  1.0845E-001  5.4432E-001
 357   28.57   23.17   143.37  1.0845E-001  5.4432E-001
 358   28.55   25.14   143.29  1.0845E-001  5.4432E-001
 359   25.88   24.80   129.87  1.0845E-001  5.4432E-001
 360   33.12   24.72   166.22  1.0845E-001  5.4432E-001
 361   41.37   27.83   207.64  1.0845E-001  5.4432E-001
 362   78.28   42.53   392.90  1.0845E-001  5.4432E-001
 363   24.14   24.42   121.17  1.0845E-001  5.4432E-001
 364   15.81   21.04    79.33  1.0845E-001  5.4432E-001
 365   19.21   21.51    96.39  1.0845E-001  5.4432E-001
 366   22.29   21.68   111.87  1.0845E-001  5.4432E-001
 367   19.19   19.55    96.34  1.0845E-001  5.4432E-001
 368   18.29   17.29    91.80  1.0845E-001  5.4432E-001
 369   17.78   21.85    89.24  1.0845E-001  5.4432E-001
 370   14.16   21.61    71.05  1.0845E-001  5.4432E-001
 371   13.74   22.87    68.96  1.0845E-001  5.4432E-001
 372   20.73   23.73   104.03  1.0845E-001  5.4432E-001
 373   20.69   22.34   103.84  1.0845E-001  5.4432E-001
 374   26.23   22.83   131.64  1.0845E-001  5.4432E-001
 375   15.60   20.86    78.28  1.0845E-001  5.4432E-001
 376   12.29   22.68    61.68  1.0845E-001  5.4432E-001
 377   15.50   21.91    77.81  1.0845E-001  5.4432E-001
 378   17.76   22.83    89.12  1.0845E-001  5.4432E-001
 379   13.99   19.81    70.22  1.0845E-001  5.4432E-001
 380   16.58   22.11    83.21  1.0845E-001  5.4432E-001
 381   11.90   21.07    59.75  1.0845E-001  5.4432E-001
 382   13.13   21.39    65.91  1.0845E-001  5.4432E-001
 383   20.34   21.82   102.08  1.0845E-001  5.4432E-001
 384   16.68   18.22    83.69  1.0845E-001  5.4432E-001
 385   17.71   17.27    88.91  1.0845E-001  5.4432E-001
 386   14.56   20.85    73.09  1.0845E-001  5.4432E-001
 387   11.57   21.28    58.08  1.0845E-001  5.4432E-001
 388   14.55   20.96    73.04  1.0845E-001  5.4432E-001
 389   17.17   24.84    86.18  1.0845E-001  5.4432E-001
 390   17.66   19.96    88.64  1.0845E-001  5.4432E-001
 391   13.94   17.38    69.99  1.0845E-001  5.4432E-001
 392   19.05   20.49    95.61  1.0845E-001  5.4432E-001
 393   14.69   22.46    73.71  1.0845E-001  5.4432E-001
 394   19.01   21.40    95.40  1.0845E-001  5.4432E-001
 395   26.71   21.63   134.07  1.0845E-001  5.4432E-001
 396   18.00   20.88    90.35  1.0845E-001  5.4432E-001
 397   18.22   29.43    91.44  1.0845E-001  5.4432E-001
 398   18.77   20.86    94.21  1.0845E-001  5.4432E-001
 399   20.46   21.21   102.68  1.0845E-001  5.4432E-001
 400   17.43   23.56    87.49  1.0845E-001  5.4432E-001
 401   30.13   25.04   151.22  1.0845E-001  5.4432E-001
 402   28.73   19.72   144.17  1.0845E-001  5.4432E-001
 403   36.90   26.34   185.21  1.0845E-001  5.4432E-001
 404   19.59   24.94    98.35  1.0845E-001  5.4432E-001
 405   16.82   23.19    84.40  1.0845E-001  5.4432E-001
 406   15.40   22.46    77.31  1.0845E-001  5.4432E-001
 407   19.52   23.19    97.96  1.0845E-001  5.4432E-001
 408   19.77   21.26    99.23  1.0845E-001  5.4432E-001
 409   19.73   24.26    99.02  1.0845E-001  5.4432E-001
 410   21.28   22.19   106.80  1.0845E-001  5.4432E-001
 411   15.47   25.12    77.63  1.0845E-001  5.4432E-001
 412   16.75   25.51    84.05  1.0845E-001  5.4432E-001
 413   26.70   24.55   134.01  1.0845E-001  5.4432E-001
 414   18.69   24.52    93.80  1.0845E-001  5.4432E-001
 415   14.58   31.90    73.20  1.0845E-001  5.4432E-001
 416   13.72   26.49    68.84  1.0845E-001  5.4432E-001
 417   14.26   26.87    71.55  1.0845E-001  5.4432E-001
 418   19.37   29.92    97.22  1.0845E-001  5.4432E-001
 419   22.95   29.79   115.19  1.0845E-001  5.4432E-001
 420   19.18   25.84    96.26  1.0845E-001  5.4432E-001
 421   17.85   21.01    89.61  1.0845E-001  5.4432E-001
 422   21.16   30.75   106.20  1.0845E-001  5.4432E-001
 423   19.13   32.96    96.00  1.0845E-001  5.4432E-001
 424   24.74   35.15   124.17  1.0845E-001  5.4432E-001
 425   25.79   33.89   129.43  1.0845E-001  5.4432E-001
 426   21.90   35.05   109.90  1.0845E-001  5.4432E-001
 427   24.95   34.31   125.23  1.0845E-001  5.4432E-001
 428   33.45   37.91   167.88  1.0845E-001  5.4432E-001
 429   30.07   44.06   150.93  1.0845E-001  5.4432E-001
 430   30.17   41.17   151.41  1.0845E-001  5.4432E-001
 431   36.14   37.60   181.37  1.0845E-001  5.4432E-001
 432   46.26   53.71   232.16  1.0845E-001  5.4432E-001
 433   59.24   68.06   297.31  1.0845E-001  5.4432E-001
 434   37.16   41.84   186.52  1.0845E-001  5.4432E-001
 435   35.85   43.86   179.95  1.0845E-001  5.4432E-001
 436   30.37   41.18   152.43  1.0845E-001  5.4432E-001
 437   39.26   41.31   197.03  1.0845E-001  5.4432E-001
 438   62.15   48.63   311.94  1.0845E-001  5.4432E-001
 439  140.91   68.98   707.21  1.0845E-001  5.4432E-001
 440   26.64   38.06   133.68  1.0845E-001  5.4432E-001
 441   21.58   36.26   108.29  1.0845E-001  5.4432E-001
 442   21.09   35.96   105.87  1.0845E-001  5.4432E-001
 443   27.45   37.90   137.76  1.0845E-001  5.4432E-001
 444   23.23   35.35   116.60  1.0845E-001  5.4432E-001
 445   24.44   32.54   122.66  1.0845E-001  5.4432E-001
 446   19.99   35.53   100.33  1.0845E-001  5.4432E-001
 447   21.22   36.70   106.53  1.0845E-001  5.4432E-001
 448   26.05   38.04   130.75  1.0845E-001  5.4432E-001
 449   37.40   37.77   187.72  1.0845E-001  5.4432E-001
 450   28.60   35.00   143.53  1.0845E-001  5.4432E-001
 451   34.25   42.29   171.88  1.0845E-001  5.4432E-001
 452   28.46   41.08   142.84  1.0845E-001  5.4432E-001
 453   35.80   44.98   179.67  1.0845E-001  5.4432E-001
 454   37.25   44.86   186.97  1.0845E-001  5.4432E-001
 455   62.90   44.97   315.70  1.0845E-001  5.4432E-001
 456   53.71   50.71   269.58  1.0845E-001  5.4432E-001
 457   88.45   68.17   443.94  1.0845E-001  5.4432E-001
 458   35.42   42.79   177.79  1.0845E-001  5.4432E-001
 459   30.94   41.83   155.30  1.0845E-001  5.4432E-001
 460   27.18   37.90   136.43  1.0845E-001  5.4432E-001
 461   39.16   34.40   196.54  1.0845E-001  5.4432E-001
 462   42.16   48.44   211.58  1.0845E-001  5.4432E-001
 463   91.57   65.94   459.59  1.0845E-001  5.4432E-001
 464   27.42   33.82   137.62  1.0845E-001  5.4432E-001
 465   18.37   29.05    92.20  1.0845E-001  5.4432E-001
 466   23.06   25.87   115.72  1.0845E-001  5.4432E-001
 467   30.39   27.22   152.54  1.0845E-001  5.4432E-001
 468   22.23   27.37   111.56  1.0845E-001  5.4432E-001
 469   18.31   23.41    91.92  1.0845E-001  5.4432E-001
 470   20.22   23.21   101.47  1.0845E-001  5.4432E-001
 471   16.98   24.57    85.25  1.0845E-001  5.4432E-001
 472   17.99   23.88    90.27  1.0845E-001  5.4432E-001
 473   23.28   23.49   116.84  1.0845E-001  5.4432E-001
 474   25.90   22.45   129.99  1.0845E-001  5.4432E-001
 475   22.04   24.16   110.64  1.0845E-001  5.4432E-001
 476   14.34   24.86    71.97  1.0845E-001  5.4432E-001
 477   17.21   25.24    86.37  1.0845E-001  5.4432E-001
 478   21.22   27.16   106.51  1.0845E-001  5.4432E-001
 479   16.87   22.66    84.69  1.0845E-001  5.4432E-001
 480   15.14   22.33    76.00  1.0845E-001  5.4432E-001
 481   17.23   24.28    86.46  1.0845E-001  5.4432E-001
 482   14.27   23.81    71.61  1.0845E-001  5.4432E-001
 483   17.59   22.23    88.27  1.0845E-001  5.4432E-001
 484   23.60   20.11   118.47  1.0845E-001  5.4432E-001
 485   15.22   23.47    76.37  1.0845E-001  5.4432E-001
 486   14.91   20.22    74.82  1.0845E-001  5.4432E-001
 487   19.92   23.09    99.96  1.0845E-001  5.4432E-001
 488   19.13   23.67    96.03  1.0845E-001  5.4432E-001
 489   20.11   25.37   100.92  1.0845E-001  5.4432E-001
 490   19.65   25.13    98.61  1.0845E-001  5.4432E-001
 491   28.68   25.96   143.97  1.0845E-001  5.4432E-001
 492   41.17   29.74   206.65  1.0845E-001  5.4432E-001
 493   21.70   26.85   108.90  1.0845E-001  5.4432E-001
 494   15.76   26.19    79.09  1.0845E-001  5.4432E-001
 495   17.16   24.69    86.11  1.0845E-001  5.4432E-001
 496   31.91   24.39   160.17  1.0845E-001  5.4432E-001
 497   21.54   31.85   108.11  1.0845E-001  5.4432E-001
 498   19.97   37.06   100.24  1.0845E-001  5.4432E-001
 499   16.32   25.90    81.91  1.0845E-001  5.4432E-001
 500   16.55   25.00    83.05  1.0845E-001  5.4432E-001
 501   19.78   25.78    99.27  1.0845E-001  5.4432E-001
 502   29.93   24.26   150.21  1.0845E-001  5.4432E-001
 503   21.88   24.49   109.83  1.0845E-001  5.4432E-001
 504   15.19   25.89    76.22  1.0845E-001  5.4432E-001
 505   22.84   25.48   114.63  1.0845E-001  5.4432E-001
 506   14.67   25.06    73.64  1.0845E-001  5.4432E-001
 507   16.23   24.27    81.47  1.0845E-001  5.4432E-001
 508   24.79   26.64   124.42  1.0845E-001  5.4432E-001
 509   18.28   22.94    91.75  1.0845E-001  5.4432E-001
 510   24.24   19.52   121.66  1.0845E-001  5.4432E-001
 511   16.35   24.46    82.08  1.0845E-001  5.4432E-001
 512   17.64   24.18    88.55  1.0845E-001  5.4432E-001
 513   19.04   22.89    95.55  1.0845E-001  5.4432E-001
 514   25.67   23.12   128.82  1.0845E-001  5.4432E-001
 515   29.36   22.80   147.38  1.0845E-001  5.4432E-001
 516   21.20   25.53   106.42  1.0845E-001  5.4432E-001
 517   17.54   25.10    88.01  1.0845E-001  5.4432E-001
 518   21.01   24.64   105.46  1.0845E-001  5.4432E-001
 519   26.63   23.09   133.64  1.0845E-001  5.4432E-001
 520   20.36   24.32   102.18  1.0845E-001  5.4432E-001
 521   21.19   25.08   106.36  1.0845E-001  5.4432E-001
 522   17.27   22.36    86.67  1.0845E-001  5.4432E-001
 523   18.09   18.87    90.79  1.0845E-001  5.4432E-001
 524   23.88   19.83   119.87  1.0845E-001  5.4432E-001
 525   22.48   26.60   112.84  1.0845E-001  5.4432E-001
 526   26.11   31.76   131.06  1.0845E-001  5.4432E-001
 527   17.51   21.33    87.88  1.0845E-001  5.4432E-001
 528   12.73   24.17    63.90  1.0845E-001  5.4432E-001
 529   15.01   23.52    75.35  1.0845E-001  5.4432E-001
 530   21.10   20.68   105.92  1.0845E-001  5.4432E-001
 531   16.18   22.66    81.20  1.0845E-001  5.4432E-001
 532   17.70   28.83    88.85  1.0845E-001  5.4432E-001
 533   14.64   22.24    73.46  1.0845E-001  5.4432E-001
 534   11.63   20.46    58.39  1.0845E-001  5.4432E-001
 535   12.36   23.59    62.06  1.0845E-001  5.4432E-001
 536   18.18   22.33    91.27  1.0845E-001  5.4432E-001
 537   15.85   16.00    79.56  1.0845E-001  5.4432E-001
 538   18.04   23.37    90.53  1.0845E-001  5.4432E-001
 539   15.19   25.18    76.21  1.0845E-001  5.4432E-001
 540   11.31   25.34    56.77  1.0845E-001  5.4432E-001
 541   14.69   25.96    73.73  1.0845E-001  5.4432E-001
 542   18.80   22.08    94.36  1.0845E-001  5.4432E-001
 543   14.62   18.99    73.38  1.0845E-001  5.4432E-001
 544   15.67   20.63    78.64  1.0845E-001  5.4432E-001
 545   15.35   27.75    77.04  1.0845E-001  5.4432E-001
 546   11.39   27.75    57.17  1.0845E-001  5.4432E-001
 547   14.78   25.76    74.17  1.0845E-001  5.4432E-001
 548   23.82   21.90   119.53  1.0845E-001  5.4432E-001
 549   17.42   34.05    87.43  1.0845E-001  5.4432E-001
 550   14.63   41.30    73.42  1.0845E-001  5.4432E-001
 551   19.27   25.56    96.74  1.0845E-001  5.4432E-001
 552   14.70   25.04    73.79  1.0845E-001  5.4432E-001
 553   18.33   27.19    92.02  1.0845E-001  5.4432E-001
 554   23.55   28.84   118.19  1.0845E-001  5.4432E-001
 555   18.44   18.49    92.54  1.0845E-001  5.4432E-001
 556   25.35   27.40   127.25  1.0845E-001  5.4432E-001
 557   24.69   26.76   123.90  1.0845E-001  5.4432E-001
 558   26.52   27.91   133.13  1.0845E-001  5.4432E-001
 559   29.26   26.56   146.88  1.0845E-001  5.4432E-001
 560   45.66   24.48   229.18  1.0845E-001  5.4432E-001
 561   32.61   30.07   163.65  1.0845E-001  5.4432E-001
 562   33.88   31.33   170.04  1.0845E-001  5.4432E-001
 563   41.68   31.70   209.20  1.0845E-001  5.4432E-001
 564   50.00   31.00   250.97  1.0845E-001  5.4432E-001
 565   49.79   34.69   249.89  1.0845E-001  5.4432E-001
 566  135.05   47.52   677.82  1.0845E-001  5.4432E-001
 567   53.92   32.69   270.63  1.0845E-001  5.4432E-001
 568   94.29   32.59   473.27  1.0845E-001  5.4432E-001
 569   70.96   32.75   356.15  1.0845E-001  5.4432E-001
 570  137.28   33.80   688.99  1.0845E-001  5.4432E-001
 571   51.12   32.47   256.59  1.0845E-001  5.4432E-001
 572   36.51   32.14   183.22  1.0845E-001  5.4432E-001
 573   36.72   29.04   184.31  1.0845E-001  5.4432E-001
 574   38.35   28.24   192.46  1.0845E-001  5.4432E-001
 575   34.57   33.68   173.51  1.0845E-001  5.4432E-001
 576   30.39   38.84   152.55  1.0845E-001  5.4432E-001
 577   53.54   28.58   268.74  1.0845E-001  5.4432E-001
 578   53.68   30.11   269.43  1.0845E-001  5.4432E-001
 579   42.98   34.81   215.71  1.0845E-001  5.4432E-001
 580   55.00   37.96   276.03  1.0845E-001  5.4432E-001
 581   90.65   30.33   454.97  1.0845E-001  5.4432E-001
 582   79.23   31.38   397.66  1.0845E-001  5.4432E-001
 583   30.99   32.04   155.52  1.0845E-001  5.4432E-001
 584   20.34   29.39   102.08  1.0845E-001  5.4432E-001
 585   23.56   27.81   118.26  1.0845E-001  5.4432E-001
 586   31.67   24.93   158.97  1.0845E-001  5.4432E-001
 587   23.00   31.79   115.43  1.0845E-001  5.4432E-001
 588   21.93   34.97   110.04  1.0845E-001  5.4432E-001
 589   27.53   27.21   138.16  1.0845E-001  5.4432E-001
 590   20.94   28.46   105.10  1.0845E-001  5.4432E-001
 591   20.27   26.91   101.72  1.0845E-001  5.4432E-001
 592   25.39   24.00   127.42  1.0845E-001  5.4432E-001
 593   27.90   29.62   140.01  1.0845E-001  5.4432E-001
 594   37.85   37.11   189.95  1.0845E-001  5.4432E-001
 595   27.35   25.26   137.27  1.0845E-001  5.4432E-001
 596   23.44   27.04   117.65  1.0845E-001  5.4432E-001
 597   25.73   29.17   129.16  1.0845E-001  5.4432E-001
 598   50.91   31.27   255.50  1.0845E-001  5.4432E-001
 599   27.28   26.80   136.91  1.0845E-001  5.4432E-001
 600   27.58   23.71   138.44  1.0845E-001  5.4432E-001
 601   30.94   28.97   155.27  1.0845E-001  5.4432E-001
 602   27.34   29.73   137.21  1.0845E-001  5.4432E-001
 603   29.48   31.28   147.94  1.0845E-001  5.4432E-001
 604   30.06   31.77   150.89  1.0845E-001  5.4432E-001
 605   36.96   30.12   185.53  1.0845E-001  5.4432E-001
 606   36.15   31.15   181.42  1.0845E-001  5.4432E-001
 607   33.94   32.24   170.32  1.0845E-001  5.4432E-001
 608   29.00   34.61   145.58  1.0845E-001  5.4432E-001
 609   29.16   36.74   146.35  1.0845E-001  5.4432E-001
 610   32.46   37.36   162.90  1.0845E-001  5.4432E-001
 611   35.38   38.52   177.59  1.0845E-001  5.4432E-001
 612   38.81   45.75   194.81  1.0845E-001  5.4432E-001
 613   37.44   38.81   187.90  1.0845E-001  5.4432E-001
 614   39.32   41.86   197.37  1.0845E-001  5.4432E-001
 615   32.76   41.13   164.42  1.0845E-001  5.4432E-001
 616   51.92   42.61   260.61  1.0845E-001  5.4432E-001
 617   68.96   49.49   346.11  1.0845E-001  5.4432E-001
 618  207.38   65.93  1040.87  1.0845E-001  5.4432E-001
 619   31.94   37.58   160.30  1.0845E-001  5.4432E-001
 620   25.76   33.65   129.31  1.0845E-001  5.4432E-001
 621   23.65   34.58   118.70  1.0845E-001  5.4432E-001
 622   35.12   35.70   176.26  1.0845E-001  5.4432E-001
 623   31.15   30.35   156.36  1.0845E-001  5.4432E-001
 624   31.62   35.59   158.70  1.0845E-001  5.4432E-001
 625   20.40   34.48   102.40  1.0845E-001  5.4432E-001
 626   20.61   31.28   103.43  1.0845E-001  5.4432E-001
 627   25.07   34.83   125.85  1.0845E-001  5.4432E-001
 628   28.98   36.04   145.43  1.0845E-001  5.4432E-001
 629   19.92   24.40    99.98  1.0845E-001  5.4432E-001
 630   18.61   22.98    93.41  1.0845E-001  5.4432E-001
 631   27.54   41.05   138.21  1.0845E-001  5.4432E-001
 632   28.24   46.08   141.75  1.0845E-001  5.4432E-001
 633   31.90   45.48   160.09  1.0845E-001  5.4432E-001
 634   45.39   46.87   227.81  1.0845E-001  5.4432E-001
 635   42.01   51.89   210.84  1.0845E-001  5.4432E-001
 636   36.36   46.33   182.48  1.0845E-001  5.4432E-001
 637   40.31   47.54   202.34  1.0845E-001  5.4432E-001
 638   33.63   48.27   168.81  1.0845E-001  5.4432E-001
 639   50.10   52.21   251.46  1.0845E-001  5.4432E-001
 640   27.52   43.87   138.14  1.0845E-001  5.4432E-001
 641   23.02   40.46   115.53  1.0845E-001  5.4432E-001
 642   24.19   38.77   121.40  1.0845E-001  5.4432E-001
 643   30.15   38.23   151.33  1.0845E-001  5.4432E-001
 644   24.78   42.24   124.35  1.0845E-001  5.4432E-001
 645   36.25   59.46   181.94  1.0845E-001  5.4432E-001
 646   24.86   36.57   124.79  1.0845E-001  5.4432E-001
 647   18.22   33.76    91.47  1.0845E-001  5.4432E-001
 648   17.88   31.68    89.76  1.0845E-001  5.4432E-001
 649   21.48   27.98   107.82  1.0845E-001  5.4432E-001
 650   27.02   38.14   135.62  1.0845E-001  5.4432E-001
 651   45.14   50.75   226.58  1.0845E-001  5.4432E-001
 652   18.27   30.03    91.71  1.0845E-001  5.4432E-001
 653   13.32   27.17    66.88  1.0845E-001  5.4432E-001
 654   16.94   26.46    85.00  1.0845E-001  5.4432E-001
 655   24.39   28.87   122.42  1.0845E-001  5.4432E-001
 656   16.28   25.43    81.71  1.0845E-001  5.4432E-001
 657   18.59   24.55    93.30  1.0845E-001  5.4432E-001
 658   16.63   25.66    83.44  1.0845E-001  5.4432E-001
 659   16.47   21.40    82.67  1.0845E-001  5.4432E-001
 660   14.83   23.75    74.43  1.0845E-001  5.4432E-001
 661   22.10   22.39   110.95  1.0845E-001  5.4432E-001
 662   17.29   25.70    86.80  1.0845E-001  5.4432E-001
 663   14.74   26.58    73.99  1.0845E-001  5.4432E-001
 664   18.45   28.14    92.62  1.0845E-001  5.4432E-001
 665   25.69   28.75   128.94  1.0845E-001  5.4432E-001
 666   17.93   26.53    89.97  1.0845E-001  5.4432E-001
 667   16.91   24.24    84.87  1.0845E-001  5.4432E-001
 668   21.60   28.86   108.44  1.0845E-001  5.4432E-001
 669   20.65   31.66   103.66  1.0845E-001  5.4432E-001
 670   23.76   31.82   119.24  1.0845E-001  5.4432E-001
 671   29.06   30.61   145.88  1.0845E-001  5.4432E-001
 672   27.40   28.14   137.54  1.0845E-001  5.4432E-001
 673   33.62   34.22   168.72  1.0845E-001  5.4432E-001
 674   28.27   31.91   141.89  1.0845E-001  5.4432E-001
 675   29.01   32.63   145.59  1.0845E-001  5.4432E-001
 676   34.32   30.64   172.26  1.0845E-001  5.4432E-001
 677   44.52   29.42   223.45  1.0845E-001  5.4432E-001
 678   37.81   33.51   189.76  1.0845E-001  5.4432E-001
 679   82.51   43.37   414.10  1.0845E-001  5.4432E-001
 680   40.84   31.05   204.98  1.0845E-001  5.4432E-001
 681   47.81   33.87   239.96  1.0845E-001  5.4432E-001
 682   40.07   36.08   201.11  1.0845E-001  5.4432E-001
 683   73.62   35.30   369.52  1.0845E-001  5.4432E-001
 684   33.43   35.22   167.80  1.0845E-001  5.4432E-001
 685   29.46   32.03   147.88  1.0845E-001  5.4432E-001
 686   27.91   30.69   140.09  1.0845E-001  5.4432E-001
 687   25.45   29.31   127.71  1.0845E-001  5.4432E-001
 688   32.30   34.67   162.14  1.0845E-001  5.4432E-001
 689   28.67   29.16   143.89  1.0845E-001  5.4432E-001
 690   35.15   29.77   176.43  1.0845E-001  5.4432E-001
 691   24.26   28.77   121.77  1.0845E-001  5.4432E-001
 692   20.55   24.99   103.12  1.0845E-001  5.4432E-001
 693   26.02   29.29   130.60  1.0845E-001  5.4432E-001
 694   33.43   28.37   167.76  1.0845E-001  5.4432E-001
 695   24.75   31.46   124.20  1.0845E-001  5.4432E-001
 696   19.56   26.57    98.19  1.0845E-001  5.4432E-001
 697   16.74   26.25    84.04  1.0845E-001  5.4432E-001
 698   17.13   25.55    85.97  1.0845E-001  5.4432E-001
 699   19.19   26.60    96.32  1.0845E-001  5.4432E-001
 700   19.25   22.72    96.62  1.0845E-001  5.4432E-001
 701   20.59   24.53   103.34  1.0845E-001  5.4432E-001
 702   17.94   28.09    90.05  1.0845E-001  5.4432E-001
 703   17.72   27.20    88.93  1.0845E-001  5.4432E-001
 704   20.20   25.65   101.39  1.0845E-001  5.4432E-001
 705   24.73   25.60   124.12  1.0845E-001  5.4432E-001
 706   23.38   25.46   117.37  1.0845E-001  5.4432E-001
 707   27.93   34.22   140.20  1.0845E-001  5.4432E-001
 708   20.13   26.43   101.06  1.0845E-001  5.4432E-001
 709   21.57   25.89   108.28  1.0845E-001  5.4432E-001
 710   21.33   25.12   107.08  1.0845E-001  5.4432E-001
 711   27.11   27.75   136.06  1.0845E-001  5.4432E-001
 712   32.33   25.04   162.25  1.0845E-001  5.4432E-001
 713   18.04   26.91    90.54  1.0845E-001  5.4432E-001
 714   18.58   27.11    93.28  1.0845E-001  5.4432E-001
 715   18.76   27.41    94.15  1.0845E-001  5.4432E-001
 716   28.22   27.94   141.64  1.0845E-001  5.4432E-001
 717   23.45   25.84   117.68  1.0845E-001  5.4432E-001
 718   25.51   32.35   128.04  1.0845E-001  5.4432E-001
 719   16.25   30.78    81.56  1.0845E-001  5.4432E-001
 720   14.92   30.61    74.87  1.0845E-001  5.4432E-001
 721   17.52   30.48    87.96  1.0845E-001  5.4432E-001
 722   22.17   32.86   111.25  1.0845E-001  5.4432E-001
 723   20.10   28.35   100.87  1.0845E-001  5.4432E-001
 724   18.57   33.11    93.19  1.0845E-001  5.4432E-001
 725   21.50   35.20   107.93  1.0845E-001  5.4432E-001
 726   23.51   32.89   118.00  1.0845E-001  5.4432E-001
 727   32.54   31.13   163.33  1.0845E-001  5.4432E-001
 728   31.86   38.43   159.93  1.0845E-001  5.4432E-001
 729   33.68   43.64   169.06  1.0845E-001  5.4432E-001
 730   26.74   36.51   134.20  1.0845E-001  5.4432E-001
 731   27.65   38.76   138.78  1.0845E-001  5.4432E-001
 732   26.82   38.36   134.59  1.0845E-001  5.4432E-001
 733   40.39   40.15   202.73  1.0845E-001  5.4432E-001
 734   38.98   42.16   195.62  1.0845E-001  5.4432E-001
 735   59.61   50.82   299.17  1.0845E-001  5.4432E-001
 736   25.29   37.40   126.93  1.0845E-001  5.4432E-001
 737   26.34   35.89   132.18  1.0845E-001  5.4432E-001
 738   22.05   35.65   110.68  1.0845E-001  5.4432E-001
 739   35.53   36.00   178.32  1.0845E-001  5.4432E-001
 740   33.88   39.94   170.03  1.0845E-001  5.4432E-001
 741   52.22   46.47   262.10  1.0845E-001  5.4432E-001
 742   23.36   31.59   117.23  1.0845E-001  5.4432E-001
 743   19.74   29.40    99.06  1.0845E-001  5.4432E-001
 744   21.74   26.40   109.13  1.0845E-001  5.4432E-001
 745   25.73   26.12   129.15  1.0845E-001  5.4432E-001
 746   21.28   29.76   106.79  1.0845E-001  5.4432E-001
 747   20.62   23.96   103.50  1.0845E-001  5.4432E-001
 748   21.40   26.95   107.42  1.0845E-001  5.4432E-001
 749   20.49   28.43   102.83  1.0845E-001  5.4432E-001
 750   26.98   29.82   135.41  1.0845E-001  5.4432E-001
 751   33.26   30.29   166.91  1.0845E-001  5.4432E-001
 752   29.33   29.78   147.23  1.0845E-001  5.4432E-001
 753   28.57   48.18   143.40  1.0845E-001  5.4432E-001
 754   30.57   28.34   153.41  1.0845E-001  5.4432E-001
 755   35.15   28.40   176.40  1.0845E-001  5.4432E-001
 756   39.39   30.04   197.72  1.0845E-001  5.4432E-001
 757   76.37   29.65   383.30  1.0845E-001  5.4432E-001
 758   48.22   25.39   242.03  1.0845E-001  5.4432E-001
 759   50.72   28.10   254.59  1.0845E-001  5.4432E-001
 760   34.94   31.74   175.34  1.0845E-001  5.4432E-001
 761   34.64   29.76   173.85  1.0845E-001  5.4432E-001
 762   37.20   33.12   186.73  1.0845E-001  5.4432E-001
 763   51.61   37.46   259.03  1.0845E-001  5.4432E-001
 764   41.14   28.08   206.46  1.0845E-001  5.4432E-001
 765   76.18   35.67   382.35  1.0845E-001  5.4432E-001
 766   37.93   35.59   190.38  1.0845E-001  5.4432E-001
 767   46.94   36.64   235.58  1.0845E-001  5.4432E-001
 768   31.66   38.80   158.90  1.0845E-001  5.4432E-001
 769   39.76   43.50   199.57  1.0845E-001  5.4432E-001
 770   27.09   35.53   135.98  1.0845E-001  5.4432E-001
 771   20.83   32.75   104.56  1.0845E-001  5.4432E-001
 772   24.74   32.91   124.18  1.0845E-001  5.4432E-001
 773   33.15   28.90   166.36  1.0845E-001  5.4432E-001
 774   21.30   30.82   106.90  1.0845E-001  5.4432E-001
 775   22.00   27.93   110.41  1.0845E-001  5.4432E-001
 776   26.49   31.50   132.93  1.0845E-001  5.4432E-001
 777   22.53   29.93   113.06  1.0845E-001  5.4432E-001
 778   23.18   28.19   116.36  1.0845E-001  5.4432E-001
 779   26.93   27.36   135.14  1.0845E-001  5.4432E-001
 780   30.54   36.85   153.30  1.0845E-001  5.4432E-001
 781   44.88   51.52   225.26  1.0845E-001  5.4432E-001
 782   24.78   25.72   124.39  1.0845E-001  5.4432E-001
 783   19.44   27.98    97.56  1.0845E-001  5.4432E-001
 784   24.24   29.98   121.67  1.0845E-001  5.4432E-001
 785   28.89   32.96   145.00  1.0845E-001  5.4432E-001
 786   22.09   28.60   110.85  1.0845E-001  5.4432E-001
 787   21.61   25.91   108.46  1.0845E-001  5.4432E-001
 788   23.60   30.11   118.44  1.0845E-001  5.4432E-001
 789   24.23   28.42   121.61  1.0845E-001  5.4432E-001
 790   27.03   25.79   135.65  1.0845E-001  5.4432E-001
 791   28.53   27.25   143.18  1.0845E-001  5.4432E-001
 792   31.14   31.36   156.31  1.0845E-001  5.4432E-001
 793   37.90   28.71   190.24  1.0845E-001  5.4432E-001
 794   30.82   25.66   154.69  1.0845E-001  5.4432E-001
 795   25.54   27.22   128.18  1.0845E-001  5.4432E-001
 796   29.61   28.49   148.63  1.0845E-001  5.4432E-001
 797   51.57   27.66   258.83  1.0845E-001  5.4432E-001
 798   35.98   29.67   180.58  1.0845E-001  5.4432E-001
 799   26.04   28.17   130.71  1.0845E-001  5.4432E-001
 800   26.00   30.32   130.51  1.0845E-001  5.4432E-001
 801   29.83   32.17   149.74  1.0845E-001  5.4432E-001
 802   33.45   31.46   167.88  1.0845E-001  5.4432E-001
 803   27.99   26.16   140.50  1.0845E-001  5.4432E-001
 804   24.96   26.92   125.26  1.0845E-001  5.4432E-001
 805   41.01   32.26   205.82  1.0845E-001  5.4432E-001
 806   42.27   32.78   212.16  1.0845E-001  5.4432E-001
 807   37.40   34.35   187.73  1.0845E-001  5.4432E-001
 808   57.17   37.75   286.94  1.0845E-001  5.4432E-001
 809   87.34   34.20   438.38  1.0845E-001  5.4432E-001
 810   37.76   37.97   189.52  1.0845E-001  5.4432E-001
 811   37.86   40.84   190.00  1.0845E-001  5.4432E-001
 812   29.60   42.14   148.58  1.0845E-001  5.4432E-001
 813   32.02   41.10   160.73  1.0845E-001  5.4432E-001
 814   44.18   45.52   221.72  1.0845E-001  5.4432E-001
 815   57.73   55.26   289.77  1.0845E-001  5.4432E-001
 816   36.17   43.63   181.55  1.0845E-001  5.4432E-001
 817   30.04   43.98   150.78  1.0845E-001  5.4432E-001
 818   29.78   42.88   149.46  1.0845E-001  5.4432E-001
 819   32.05   40.16   160.85  1.0845E-001  5.4432E-001
 820   35.83   46.02   179.81  1.0845E-001  5.4432E-001
 821   38.92   57.61   195.35  1.0845E-001  5.4432E-001
 822   37.56   43.42   188.50  1.0845E-001  5.4432E-001
 823   36.17   44.71   181.52  1.0845E-001  5.4432E-001
 824   31.55   41.51   158.36  1.0845E-001  5.4432E-001
 825   35.32   41.53   177.27  1.0845E-001  5.4432E-001
 826   53.77   50.97   269.88  1.0845E-001  5.4432E-001
 827   97.00   64.59   486.86  1.0845E-001  5.4432E-001
 828   31.58   38.86   158.49  1.0845E-001  5.4432E-001
 829   29.67   37.24   148.90  1.0845E-001  5.4432E-001
 830   26.73   36.39   134.14  1.0845E-001  5.4432E-001
 831   33.90   35.11   170.16  1.0845E-001  5.4432E-001
 832   38.21   39.38   191.79  1.0845E-001  5.4432E-001
 833   63.99   45.96   321.15  1.0845E-001  5.4432E-001
 834   23.49   36.09   117.88  1.0845E-001  5.4432E-001
 835   20.42   34.85   102.47  1.0845E-001  5.4432E-001
 836   21.67   32.19   108.76  1.0845E-001  5.4432E-001
 837   25.45   31.41   127.74  1.0845E-001  5.4432E-001
 838   23.84   35.11   119.67  1.0845E-001  5.4432E-001
 839   19.72   34.31    98.96  1.0845E-001  5.4432E-001
 840   21.93   30.89   110.08  1.0845E-001  5.4432E-001
 841   23.67   32.92   118.80  1.0845E-001  5.4432E-001
 842   26.07   34.65   130.85  1.0845E-001  5.4432E-001
 843   30.26   33.55   151.86  1.0845E-001  5.4432E-001
 844   28.26   33.87   141.84  1.0845E-001  5.4432E-001
 845   33.50   40.52   168.15  1.0845E-001  5.4432E-001
 846   29.82   36.65   149.67  1.0845E-001  5.4432E-001
 847   28.95   38.60   145.29  1.0845E-001  5.4432E-001
 848   28.03   35.84   140.70  1.0845E-001  5.4432E-001
 849   36.57   37.18   183.54  1.0845E-001  5.4432E-001
 850   40.94   40.43   205.47  1.0845E-001  5.4432E-001
 851   54.31   53.00   272.57  1.0845E-001  5.4432E-001
 852   24.15   33.83   121.19  1.0845E-001  5.4432E-001
 853   24.13   34.74   121.11  1.0845E-001  5.4432E-001
 854   22.42   32.48   112.51  1.0845E-001  5.4432E-001
 855   26.87   31.41   134.86  1.0845E-001  5.4432E-001
 856   27.80   36.55   139.52  1.0845E-001  5.4432E-001
 857   34.52   42.36   173.26  1.0845E-001  5.4432E-001
 858   19.97   34.15   100.26  1.0845E-001  5.4432E-001
 859   19.10   35.69    95.86  1.0845E-001  5.4432E-001
 860   23.63   35.93   118.58  1.0845E-001  5.4432E-001
 861   28.86   35.58   144.84  1.0845E-001  5.4432E-001
 862   21.87   34.65   109.75  1.0845E-001  5.4432E-001
 863   20.68   30.51   103.78  1.0845E-001  5.4432E-001
 864   27.15   37.51   136.25  1.0845E-001  5.4432E-001
 865   31.01   40.47   155.65  1.0845E-001  5.4432E-001
 866   35.58   40.86   178.60  1.0845E-001  5.4432E-001
 867   58.70   43.00   294.60  1.0845E-001  5.4432E-001
 868   39.50   42.92   198.25  1.0845E-001  5.4432E-001
 869   51.78   45.93   259.87  1.0845E-001  5.4432E-001
 870   29.39   41.44   147.52  1.0845E-001  5.4432E-001
 871   38.49   40.44   193.19  1.0845E-001  5.4432E-001
 872   41.41   40.19   207.86  1.0845E-001  5.4432E-001
 873   67.66   40.65   339.57  1.0845E-001  5.4432E-001
 874   49.14   42.07   246.64  1.0845E-001  5.4432E-001
 875   35.37   37.70   177.51  1.0845E-001  5.4432E-001
 876   43.25   35.16   217.06  1.0845E-001  5.4432E-001
 877   38.28   37.36   192.14  1.0845E-001  5.4432E-001
 878   64.43   37.11   323.39  1.0845E-001  5.4432E-001
 879   33.68   37.56   169.04  1.0845E-001  5.4432E-001
 880   33.03   39.45   165.76  1.0845E-001  5.4432E-001
 881   31.86   37.67   159.92  1.0845E-001  5.4432E-001
 882   48.39   38.81   242.88  1.0845E-001  5.4432E-001
 883   46.16   42.13   231.67  1.0845E-001  5.4432E-001
 884   97.10   65.44   487.36  1.0845E-001  5.4432E-001
 885   27.77   34.60   139.40  1.0845E-001  5.4432E-001
 886   20.20   29.78   101.38  1.0845E-001  5.4432E-001
 887   23.24   29.79   116.62  1.0845E-001  5.4432E-001
 888   31.08   29.65   156.01  1.0845E-001  5.4432E-001
 889   19.99   28.06   100.32  1.0845E-001  5.4432E-001
 890   23.55   22.94   118.18  1.0845E-001  5.4432E-001
 891   19.99   28.30   100.33  1.0845E-001  5.4432E-001
 892   18.27   29.30    91.71  1.0845E-001  5.4432E-001
 893   17.90   28.38    89.86  1.0845E-001  5.4432E-001
 894   30.07   28.84   150.90  1.0845E-001  5.4432E-001
 895   26.65   31.82   133.76  1.0845E-001  5.4432E-001
 896   34.05   38.05   170.88  1.0845E-001  5.4432E-001
 897   18.22   25.52    91.46  1.0845E-001  5.4432E-001
 898   13.96   25.68    70.08  1.0845E-001  5.4432E-001
 899   16.88   25.99    84.70  1.0845E-001  5.4432E-001
 900   22.28   26.52   111.80  1.0845E-001  5.4432E-001
 901   18.94   21.79    95.08  1.0845E-001  5.4432E-001
 902   19.02   23.79    95.49  1.0845E-001  5.4432E-001
 903   12.08   24.18    60.65  1.0845E-001  5.4432E-001
 904   13.84   24.34    69.49  1.0845E-001  5.4432E-001
 905   21.44   24.24   107.61  1.0845E-001  5.4432E-001
 906   16.94   24.98    85.00  1.0845E-001  5.4432E-001
 907   16.34   22.98    82.00  1.0845E-001  5.4432E-001
 908   11.44   23.30    57.43  1.0845E-001  5.4432E-001
 909   14.54   24.71    72.97  1.0845E-001  5.4432E-001
 910   22.49   25.18   112.86  1.0845E-001  5.4432E-001
 911   14.96   23.61    75.07  1.0845E-001  5.4432E-001
 912   16.84   21.20    84.50  1.0845E-001  5.4432E-001
 913   17.33   24.83    86.95  1.0845E-001  5.4432E-001
 914   13.94   27.98    69.96  1.0845E-001  5.4432E-001
 915   13.12   25.67    65.86  1.0845E-001  5.4432E-001
 916   18.57   26.85    93.22  1.0845E-001  5.4432E-001
 917   18.76   34.39    94.18  1.0845E-001  5.4432E-001
 918   16.53   47.49    82.98  1.0845E-001  5.4432E-001
 919   19.17   22.09    96.19  1.0845E-001  5.4432E-001
 920   15.81   22.81    79.33  1.0845E-001  5.4432E-001
 921   15.53   23.28    77.93  1.0845E-001  5.4432E-001
 922   20.27   23.07   101.76  1.0845E-001  5.4432E-001
 923   21.34   22.27   107.11  1.0845E-001  5.4432E-001
 924   22.57   26.16   113.29  1.0845E-001  5.4432E-001
 925   16.93   23.48    84.99  1.0845E-001  5.4432E-001
 926   15.36   25.07    77.10  1.0845E-001  5.4432E-001
 927   17.29   24.42    86.76  1.0845E-001  5.4432E-001
 928   22.34   25.46   112.12  1.0845E-001  5.4432E-001
 929   21.76   26.53   109.21  1.0845E-001  5.4432E-001
 930   27.19   29.67   136.47  1.0845E-001  5.4432E-001
 931   21.12   26.72   105.98  1.0845E-001  5.4432E-001
 932   18.71   26.27    93.91  1.0845E-001  5.4432E-001
 933   19.69   27.68    98.81  1.0845E-001  5.4432E-001
 934   20.83   27.58   104.55  1.0845E-001  5.4432E-001
 935   30.60   23.32   153.58  1.0845E-001  5.4432E-001
 936   23.49   25.32   117.92  1.0845E-001  5.4432E-001
 937   19.35   29.01    97.11  1.0845E-001  5.4432E-001
 938   17.80   30.47    89.32  1.0845E-001  5.4432E-001
 939   17.38   31.24    87.23  1.0845E-001  5.4432E-001
 940   23.72   34.02   119.03  1.0845E-001  5.4432E-001
 941   29.63   31.12   148.72  1.0845E-001  5.4432E-001
 942   15.13   29.45    75.95  1.0845E-001  5.4432E-001
 943   14.86   28.38    74.57  1.0845E-001  5.4432E-001
 944   16.92   29.30    84.90  1.0845E-001  5.4432E-001
 945   25.27   30.70   126.85  1.0845E-001  5.4432E-001
 946   18.60   27.93    93.37  1.0845E-001  5.4432E-001
 947   19.59   30.63    98.31  1.0845E-001  5.4432E-001
 948   17.16   36.41    86.11  1.0845E-001  5.4432E-001
 949   17.86   37.00    89.65  1.0845E-001  5.4432E-001
 950   22.30   36.47   111.93  1.0845E-001  5.4432E-001
 951   20.13   38.04   101.03  1.0845E-001  5.4432E-001
 952   21.66   48.50   108.69  1.0845E-001  5.4432E-001
 953   20.09   37.70   100.84  1.0845E-001  5.4432E-001
 954   17.13   41.21    86.00  1.0845E-001  5.4432E-001
 955   18.36   41.75    92.13  1.0845E-001  5.4432E-001
 956   29.64   45.12   148.78  1.0845E-001  5.4432E-001
 957   22.80   40.64   114.44  1.0845E-001  5.4432E-001
 958   32.89   43.77   165.09  1.0845E-001  5.4432E-001
 959   17.72   42.38    88.96  1.0845E-001  5.4432E-001
 960   24.81   42.68   124.52  1.0845E-001  5.4432E-001
 961   21.64   42.57   108.63  1.0845E-001  5.4432E-001
 962   39.34   49.34   197.44  1.0845E-001  5.4432E-001
 963   22.35   36.50   112.19  1.0845E-001  5.4432E-001
 964   19.55   33.75    98.15  1.0845E-001  5.4432E-001
 965   21.33   35.55   107.04  1.0845E-001  5.4432E-001
 966   23.06   37.98   115.76  1.0845E-001  5.4432E-001
 967   23.97   29.05   120.32  1.0845E-001  5.4432E-001
 968   27.88   31.12   139.91  1.0845E-001  5.4432E-001
 969   20.92   33.36   105.00  1.0845E-001  5.4432E-001
 970   18.67   35.06    93.69  1.0845E-001  5.4432E-001
 971   22.04   38.99   110.63  1.0845E-001  5.4432E-001
 972   31.07   40.32   155.94  1.0845E-001  5.4432E-001
 973   22.85   32.91   114.68  1.0845E-001  5.4432E-001
 974   27.07   31.03   135.86  1.0845E-001  5.4432E-001
 975   19.91   42.16    99.94  1.0845E-001  5.4432E-001
 976   25.26   45.86   126.76  1.0845E-001  5.4432E-001
 977   29.44   48.66   147.78  1.0845E-001  5.4432E-001
 978   54.36   52.35   272.82  1.0845E-001  5.4432E-001
 979   37.91   48.18   190.27  1.0845E-001  5.4432E-001
 980   70.58   57.52   354.24  1.0845E-001  5.4432E-001
 981   27.37   50.65   137.35  1.0845E-001  5.4432E-001
 982   32.49   52.39   163.06  1.0845E-001  5.4432E-001
 983   36.88   52.64   185.10  1.0845E-001  5.4432E-001
 984   32.62   50.99   163.71  1.0845E-001  5.4432E-001
 985   36.77   55.75   184.56  1.0845E-001  5.4432E-001
 986   55.15   67.81   276.80  1.0845E-001  5.4432E-001
 987   57.90   54.36   290.59  1.0845E-001  5.4432E-001
 988   52.57   51.71   263.87  1.0845E-001  5.4432E-001
 989   44.43   48.99   222.99  1.0845E-001  5.4432E-001
 990   55.50   47.14   278.56  1.0845E-001  5.4432E-001
 991   95.45   54.90   479.07  1.0845E-001  5.4432E-001
 992  122.47   55.53   614.67  1.0845E-001  5.4432E-001
 993   46.89   49.31   235.37  1.0845E-001  5.4432E-001
 994   43.31   49.18   217.37  1.0845E-001  5.4432E-001
 995   33.12   47.89   166.21  1.0845E-001  5.4432E-001
 996   43.14   50.63   216.52  1.0845E-001  5.4432E-001
 997   58.88   49.65   295.54  1.0845E-001  5.4432E-001
 998   28.78   43.00   144.43  1.0845E-001  5.4432E-001
 999   26.14   42.99   131.19  1.0845E-001  5.4432E-001
1000   26.45   42.66   132.76  1.0845E-001  5.4432E-001
1001   32.66   40.22   163.91  1.0845E-001  5.4432E-001
1002   32.20   41.76   161.59  1.0845E-001  5.4432E-001
1003   36.87   41.82   185.04  1.0845E-001  5.4432E-001
1004   38.91   39.53   195.29  1.0845E-001  5.4432E-001
1005   50.01   39.55   251.00  1.0845E-001  5.4432E-001
1006   69.45   47.08   348.57  1.0845E-001  5.4432E-001
1007   43.52   36.46   218.42  1.0845E-001  5.4432E-001
1008   39.39   36.65   197.68  1.0845E-001  5.4432E-001
1009   34.14   33.59   171.35  1.0845E-001  5.4432E-001
1010   39.10   31.58   196.22  1.0845E-001  5.4432E-001
1011   63.20   43.63   317.19  1.0845E-001  5.4432E-001
1012   27.93   31.38   140.17  1.0845E-001  5.4432E-001
1013   20.59   30.48   103.33  1.0845E-001  5.4432E-001
1014   21.65   29.53   108.64  1.0845E-001  5.4432E-001
1015   31.32   29.65   157.19  1.0845E-001  5.4432E-001
1016   21.74   30.58   109.13  1.0845E-001  5.4432E-001
1017   36.68   32.25   184.08  1.0845E-001  5.4432E-001
1018   22.11   28.09   110.95  1.0845E-001  5.4432E-001
1019   20.78   23.47   104.27  1.0845E-001  5.4432E-001
1020   24.65   23.07   123.72  1.0845E-001  5.4432E-001
1021   24.93   23.81   125.13  1.0845E-001  5.4432E-001
1022   31.28   21.72   156.98  1.0845E-001  5.4432E-001
1023   30.31   22.35   152.15  1.0845E-001  5.4432E-001
1024   18.62   22.60    93.46  1.0845E-001  5.4432E-001
1025   19.71   22.28    98.94  1.0845E-001  5.4432E-001
1026   31.75   23.46   159.37  1.0845E-001  5.4432E-001
1027   19.39   20.56    97.33  1.0845E-001  5.4432E-001
1028   18.45   22.65    92.58  1.0845E-001  5.4432E-001
1029   17.37   21.73    87.19  1.0845E-001  5.4432E-001
1030   16.82   21.55    84.44  1.0845E-001  5.4432E-001
1031   17.58   23.68    88.25  1.0845E-001  5.4432E-001
1032   20.97   25.81   105.27  1.0845E-001  5.4432E-001
1033   20.96   20.04   105.21  1.0845E-001  5.4432E-001
1034   24.81   23.85   124.51  1.0845E-001  5.4432E-001
1035   28.99   21.36   145.48  1.0845E-001  5.4432E-001
1036   26.68   20.47   133.90  1.0845E-001  5.4432E-001
1037   29.02   22.23   145.65  1.0845E-001  5.4432E-001
1038   32.01   17.52   160.66  1.0845E-001  5.4432E-001
1039   30.96   20.99   155.38  1.0845E-001  5.4432E-001
1040   28.04   22.90   140.73  1.0845E-001  5.4432E-001
1041   28.54   22.89   143.24  1.0845E-001  5.4432E-001
1042   49.41   21.14   247.98  1.0845E-001  5.4432E-001
1043   46.57   17.79   233.74  1.0845E-001  5.4432E-001
1044   30.55   24.95   153.35  1.0845E-001  5.4432E-001
1045   20.67   26.86   103.74  1.0845E-001  5.4432E-001
1046   22.46   28.46   112.74  1.0845E-001  5.4432E-001
1047   38.49   27.33   193.18  1.0845E-001  5.4432E-001
1048   24.55   25.97   123.21  1.0845E-001  5.4432E-001
1049   32.98   29.65   165.52  1.0845E-001  5.4432E-001
1050   21.19   29.95   106.35  1.0845E-001  5.4432E-001
1051   19.71   32.49    98.95  1.0845E-001  5.4432E-001
1052   22.19   33.07   111.35  1.0845E-001  5.4432E-001
1053   28.04   31.06   140.73  1.0845E-001  5.4432E-001
1054   24.28   32.30   121.86  1.0845E-001  5.4432E-001
1055   22.78   37.65   114.33  1.0845E-001  5.4432E-001
1056   30.48   33.48   153.00  1.0845E-001  5.4432E-001
1057   25.53   36.63   128.15  1.0845E-001  5.4432E-001
1058   27.39   37.91   137.48  1.0845E-001  5.4432E-001
1059   45.03   42.31   226.02  1.0845E-001  5.4432E-001
1060   35.98   35.66   180.59  1.0845E-001  5.4432E-001
1061   78.33   49.30   393.12  1.0845E-001  5.4432E-001
1062   33.70   38.49   169.16  1.0845E-001  5.4432E-001
1063   24.08   39.69   120.84  1.0845E-001  5.4432E-001
1064   24.88   39.41   124.90  1.0845E-001  5.4432E-001
1065   24.85   40.44   124.73  1.0845E-001  5.4432E-001
1066   29.32   43.48   147.18  1.0845E-001  5.4432E-001
1067   34.31   51.15   172.18  1.0845E-001  5.4432E-001
1068   30.74   39.61   154.26  1.0845E-001  5.4432E-001
1069   22.34   38.22   112.14  1.0845E-001  5.4432E-001
1070   22.55   33.37   113.15  1.0845E-001  5.4432E-001
1071   23.67   33.08   118.80  1.0845E-001  5.4432E-001
1072   45.04   43.72   226.08  1.0845E-001  5.4432E-001
1073   27.09   32.63   135.95  1.0845E-001  5.4432E-001
1074   30.06   34.44   150.88  1.0845E-001  5.4432E-001
1075   25.43   36.32   127.64  1.0845E-001  5.4432E-001
1076   34.84   37.87   174.85  1.0845E-001  5.4432E-001
1077   60.04   37.70   301.33  1.0845E-001  5.4432E-001
1078   24.06   35.91   120.76  1.0845E-001  5.4432E-001
1079   22.52   32.90   113.03  1.0845E-001  5.4432E-001
1080   20.11   30.44   100.92  1.0845E-001  5.4432E-001
1081   30.82   32.84   154.70  1.0845E-001  5.4432E-001
1082   29.59   34.31   148.50  1.0845E-001  5.4432E-001
1083   51.34   36.00   257.70  1.0845E-001  5.4432E-001
1084   20.10   28.03   100.87  1.0845E-001  5.4432E-001
1085   15.19   27.58    76.25  1.0845E-001  5.4432E-001
1086   17.20   28.09    86.32  1.0845E-001  5.4432E-001
1087   21.25   30.10   106.64  1.0845E-001  5.4432E-001
1088   17.91   25.48    89.90  1.0845E-001  5.4432E-001
1089   16.38   29.78    82.20  1.0845E-001  5.4432E-001
1090   19.10   29.68    95.87  1.0845E-001  5.4432E-001
1091   18.92   28.78    94.98  1.0845E-001  5.4432E-001
1092   17.47   30.65    87.68  1.0845E-001  5.4432E-001
1093   22.00   34.04   110.40  1.0845E-001  5.4432E-001
1094   17.96   31.76    90.14  1.0845E-001  5.4432E-001
1095   19.74   32.50    99.07  1.0845E-001  5.4432E-001
1096   18.52   29.25    92.95  1.0845E-001  5.4432E-001
1097   24.09   30.42   120.93  1.0845E-001  5.4432E-001
1098   31.99   38.58   160.56  1.0845E-001  5.4432E-001
1099   75.46   51.01   378.73  1.0845E-001  5.4432E-001
1100   18.51   26.80    92.88  1.0845E-001  5.4432E-001
1101   15.93   24.42    79.97  1.0845E-001  5.4432E-001
1102   13.84   22.49    69.49  1.0845E-001  5.4432E-001
1103   16.12   24.37    80.89  1.0845E-001  5.4432E-001
1104   13.37   22.30    67.11  1.0845E-001  5.4432E-001
1105   11.19   21.33    56.17  1.0845E-001  5.4432E-001
1106   14.14   21.07    70.95  1.0845E-001  5.4432E-001
1107   17.73   22.45    89.00  1.0845E-001  5.4432E-001
1108   16.41   22.80    82.35  1.0845E-001  5.4432E-001
1109   16.50   22.49    82.80  1.0845E-001  5.4432E-001
1110   14.70   18.48    73.79  1.0845E-001  5.4432E-001
1111   14.51   17.92    72.84  1.0845E-001  5.4432E-001
1112   11.81   20.22    59.26  1.0845E-001  5.4432E-001
1113   16.34   21.64    82.04  1.0845E-001  5.4432E-001
1114   13.57   19.42    68.13  1.0845E-001  5.4432E-001
1115   11.95   18.01    59.99  1.0845E-001  5.4432E-001
1116   14.27   20.46    71.61  1.0845E-001  5.4432E-001
1117   21.35   23.59   107.17  1.0845E-001  5.4432E-001
1118   18.06   18.07    90.63  1.0845E-001  5.4432E-001
1119   15.09   16.75    75.72  1.0845E-001  5.4432E-001
1120   14.47   17.56    72.64  1.0845E-001  5.4432E-001
1121   14.72   19.78    73.86  1.0845E-001  5.4432E-001
1122   14.19   21.20    71.20  1.0845E-001  5.4432E-001
1123   25.86   22.04   129.77  1.0845E-001  5.4432E-001
1124   18.54   21.78    93.06  1.0845E-001  5.4432E-001
1125   12.93   22.17    64.89  1.0845E-001  5.4432E-001
1126   14.60   23.98    73.29  1.0845E-001  5.4432E-001
1127   23.09   24.71   115.90  1.0845E-001  5.4432E-001
1128   14.67   22.61    73.61  1.0845E-001  5.4432E-001
1129   12.56   24.07    63.02  1.0845E-001  5.4432E-001
1130   20.16   25.67   101.16  1.0845E-001  5.4432E-001
1131   18.19   25.89    91.28  1.0845E-001  5.4432E-001
1132   18.90   25.55    94.88  1.0845E-001  5.4432E-001
1133   26.08   24.76   130.91  1.0845E-001  5.4432E-001
1134   25.72   23.94   129.09  1.0845E-001  5.4432E-001
1135   26.30   19.91   132.00  1.0845E-001  5.4432E-001
1136   28.09   26.35   140.98  1.0845E-001  5.4432E-001
1137   28.50   29.67   143.03  1.0845E-001  5.4432E-001
1138   30.19   31.19   151.51  1.0845E-001  5.4432E-001
1139   43.17   35.37   216.66  1.0845E-001  5.4432E-001
1140   51.98   31.47   260.88  1.0845E-001  5.4432E-001
1141  124.61   41.79   625.41  1.0845E-001  5.4432E-001
1142   35.61   33.46   178.72  1.0845E-001  5.4432E-001
1143   37.14   34.40   186.40  1.0845E-001  5.4432E-001
1144   38.11   31.20   191.29  1.0845E-001  5.4432E-001
1145   50.30   28.14   252.48  1.0845E-001  5.4432E-001
1146   54.93   43.33   275.70  1.0845E-001  5.4432E-001
1147  134.54   51.68   675.27  1.0845E-001  5.4432E-001
1148   31.56   31.82   158.42  1.0845E-001  5.4432E-001
1149   22.57   32.56   113.29  1.0845E-001  5.4432E-001
1150   24.97   32.96   125.32  1.0845E-001  5.4432E-001
1151   23.98   35.60   120.36  1.0845E-001  5.4432E-001
1152   24.62   31.03   123.59  1.0845E-001  5.4432E-001
1153   31.12   35.66   156.19  1.0845E-001  5.4432E-001
1154   32.79   31.91   164.59  1.0845E-001  5.4432E-001
1155   27.06   30.61   135.80  1.0845E-001  5.4432E-001
1156   24.59   28.73   123.41  1.0845E-001  5.4432E-001
1157   29.15   32.12   146.29  1.0845E-001  5.4432E-001
1158   52.49   34.36   263.46  1.0845E-001  5.4432E-001
1159   62.34   36.08   312.87  1.0845E-001  5.4432E-001
1160   30.29   28.58   152.01  1.0845E-001  5.4432E-001
1161   22.90   31.15   114.92  1.0845E-001  5.4432E-001
1162   19.16   31.39    96.15  1.0845E-001  5.4432E-001
1163   26.36   28.22   132.31  1.0845E-001  5.4432E-001
1164   40.81   38.12   204.81  1.0845E-001  5.4432E-001
1165   96.94   57.77   486.52  1.0845E-001  5.4432E-001
1166   19.41   28.22    97.43  1.0845E-001  5.4432E-001
1167   17.07   28.25    85.68  1.0845E-001  5.4432E-001
1168   16.96   26.39    85.12  1.0845E-001  5.4432E-001
1169   21.45   27.53   107.64  1.0845E-001  5.4432E-001
1170   20.76   27.45   104.19  1.0845E-001  5.4432E-001
1171   18.91   25.07    94.93  1.0845E-001  5.4432E-001
1172   15.76   25.84    79.09  1.0845E-001  5.4432E-001
1173   15.62   28.59    78.38  1.0845E-001  5.4432E-001
1174   17.75   30.25    89.11  1.0845E-001  5.4432E-001
1175   20.22   30.52   101.48  1.0845E-001  5.4432E-001
1176   17.87   28.35    89.68  1.0845E-001  5.4432E-001
1177   22.03   30.23   110.55  1.0845E-001  5.4432E-001
1178   18.09   28.72    90.80  1.0845E-001  5.4432E-001
1179   19.56   25.77    98.17  1.0845E-001  5.4432E-001
1180   19.57   24.96    98.22  1.0845E-001  5.4432E-001
1181   25.69   26.74   128.92  1.0845E-001  5.4432E-001
1182   37.97   26.14   190.57  1.0845E-001  5.4432E-001
1183   17.65   22.79    88.57  1.0845E-001  5.4432E-001
1184   17.42   23.16    87.42  1.0845E-001  5.4432E-001
1185   16.10   23.12    80.83  1.0845E-001  5.4432E-001
1186   21.74   26.30   109.10  1.0845E-001  5.4432E-001
1187   25.38   21.83   127.39  1.0845E-001  5.4432E-001
1188   15.06   23.36    75.57  1.0845E-001  5.4432E-001
1189   13.19   25.09    66.22  1.0845E-001  5.4432E-001
1190   15.19   26.57    76.26  1.0845E-001  5.4432E-001
1191   18.06   29.74    90.63  1.0845E-001  5.4432E-001
1192   16.69   22.77    83.77  1.0845E-001  5.4432E-001
1193   16.64   26.30    83.51  1.0845E-001  5.4432E-001
1194   14.95   26.60    75.04  1.0845E-001  5.4432E-001
1195   16.10   27.15    80.79  1.0845E-001  5.4432E-001
1196   18.02   27.83    90.44  1.0845E-001  5.4432E-001
1197   22.22   25.90   111.55  1.0845E-001  5.4432E-001
1198   20.27   26.29   101.73  1.0845E-001  5.4432E-001
1199   24.14   28.50   121.14  1.0845E-001  5.4432E-001
1200   22.85   27.94   114.70  1.0845E-001  5.4432E-001
1201   19.72   30.60    98.99  1.0845E-001  5.4432E-001
1202   18.46   29.26    92.65  1.0845E-001  5.4432E-001
1203   25.40   29.45   127.50  1.0845E-001  5.4432E-001
1204   38.33   33.32   192.40  1.0845E-001  5.4432E-001
1205  100.76   41.81   505.72  1.0845E-001  5.4432E-001
1206   15.01   28.13    75.34  1.0845E-001  5.4432E-001
1207   14.64   27.40    73.50  1.0845E-001  5.4432E-001
1208   15.00   26.26    75.28  1.0845E-001  5.4432E-001
1209   20.39   28.53   102.36  1.0845E-001  5.4432E-001
1210   19.47   28.32    97.70  1.0845E-001  5.4432E-001
1211   14.63   25.81    73.44  1.0845E-001  5.4432E-001
1212   14.76   25.91    74.06  1.0845E-001  5.4432E-001
1213   18.97   28.72    95.19  1.0845E-001  5.4432E-001
1214   24.34   26.77   122.15  1.0845E-001  5.4432E-001
1215   20.62   26.10   103.48  1.0845E-001  5.4432E-001
1216   19.83   28.60    99.54  1.0845E-001  5.4432E-001
1217   18.87   32.22    94.73  1.0845E-001  5.4432E-001
1218   22.24   33.15   111.64  1.0845E-001  5.4432E-001
1219   22.75   32.88   114.19  1.0845E-001  5.4432E-001
1220   33.39   33.64   167.58  1.0845E-001  5.4432E-001
1221   33.70   35.14   169.16  1.0845E-001  5.4432E-001
1222   37.01   37.81   185.75  1.0845E-001  5.4432E-001
1223   19.72   33.97    98.99  1.0845E-001  5.4432E-001
1224   20.64   36.33   103.60  1.0845E-001  5.4432E-001
1225   21.19   37.55   106.37  1.0845E-001  5.4432E-001
1226   27.59   36.18   138.48  1.0845E-001  5.4432E-001
1227   31.51   38.81   158.16  1.0845E-001  5.4432E-001
1228   34.84   48.54   174.87  1.0845E-001  5.4432E-001
1229   17.21   35.83    86.37  1.0845E-001  5.4432E-001
1230   17.16   30.91    86.15  1.0845E-001  5.4432E-001
1231   19.68   30.18    98.78  1.0845E-001  5.4432E-001
1232   25.45   31.92   127.71  1.0845E-001  5.4432E-001
1233   18.13   30.58    90.99  1.0845E-001  5.4432E-001
1234   17.27   28.97    86.67  1.0845E-001  5.4432E-001
1235   20.54   29.70   103.11  1.0845E-001  5.4432E-001
1236   21.16   33.81   106.23  1.0845E-001  5.4432E-001
1237   26.48   40.62   132.90  1.0845E-001  5.4432E-001
1238   31.28   42.35   156.99  1.0845E-001  5.4432E-001
1239   32.41   32.90   162.67  1.0845E-001  5.4432E-001
1240   40.57   43.23   203.63  1.0845E-001  5.4432E-001
1241   26.74   42.31   134.22  1.0845E-001  5.4432E-001
1242   37.88   43.39   190.11  1.0845E-001  5.4432E-001
1243   39.11   41.69   196.31  1.0845E-001  5.4432E-001
1244   62.68   45.27   314.62  1.0845E-001  5.4432E-001
1245   54.31   46.33   272.60  1.0845E-001  5.4432E-001
1246  101.92   63.45   511.52  1.0845E-001  5.4432E-001
1247   34.56   39.53   173.46  1.0845E-001  5.4432E-001
1248   33.91   37.10   170.20  1.0845E-001  5.4432E-001
1249   37.47   38.84   188.04  1.0845E-001  5.4432E-001
1250   64.35   39.32   322.96  1.0845E-001  5.4432E-001
1251   40.62   39.43   203.85  1.0845E-001  5.4432E-001
1252   27.37   40.32   137.38  1.0845E-001  5.4432E-001
1253   31.53   38.05   158.23  1.0845E-001  5.4432E-001
1254   35.83   36.83   179.81  1.0845E-001  5.4432E-001
1255   29.97   37.71   150.44  1.0845E-001  5.4432E-001
1256   33.63   36.98   168.81  1.0845E-001  5.4432E-001
1257   22.35   36.76   112.19  1.0845E-001  5.4432E-001
1258   22.63   33.27   113.59  1.0845E-001  5.4432E-001
1259   22.53   32.25   113.09  1.0845E-001  5.4432E-001
1260   28.45   32.95   142.77  1.0845E-001  5.4432E-001
1261   28.86   32.08   144.86  1.0845E-001  5.4432E-001
1262   30.80   34.87   154.56  1.0845E-001  5.4432E-001
1263   25.56   29.13   128.31  1.0845E-001  5.4432E-001
1264   22.27   29.54   111.79  1.0845E-001  5.4432E-001
1265   23.77   33.21   119.29  1.0845E-001  5.4432E-001
1266   29.70   32.57   149.09  1.0845E-001  5.4432E-001
1267   30.87   26.47   154.95  1.0845E-001  5.4432E-001
1268   39.42   21.71   197.83  1.0845E-001  5.4432E-001
1269   26.70   34.34   134.01  1.0845E-001  5.4432E-001
1270   29.13   34.77   146.22  1.0845E-001  5.4432E-001
1271   27.85   31.76   139.79  1.0845E-001  5.4432E-001
1272   36.82   34.43   184.78  1.0845E-001  5.4432E-001
1273   45.66   38.94   229.18  1.0845E-001  5.4432E-001
1274   70.17   45.22   352.20  1.0845E-001  5.4432E-001
1275   26.45   33.00   132.76  1.0845E-001  5.4432E-001
1276   29.03   33.66   145.70  1.0845E-001  5.4432E-001
1277   27.25   36.46   136.77  1.0845E-001  5.4432E-001
1278   37.05   40.92   185.94  1.0845E-001  5.4432E-001
1279   50.76   28.36   254.79  1.0845E-001  5.4432E-001
1280   23.17   35.37   116.29  1.0845E-001  5.4432E-001
1281   22.26   33.44   111.71  1.0845E-001  5.4432E-001
1282   23.33   30.65   117.08  1.0845E-001  5.4432E-001
1283   31.17   29.62   156.45  1.0845E-001  5.4432E-001
1284   29.82   35.25   149.65  1.0845E-001  5.4432E-001
1285   25.48   39.65   127.86  1.0845E-001  5.4432E-001
1286   21.16   30.91   106.20  1.0845E-001  5.4432E-001
1287   22.20   32.81   111.43  1.0845E-001  5.4432E-001
1288   23.91   35.09   120.02  1.0845E-001  5.4432E-001
1289   28.72   34.07   144.15  1.0845E-001  5.4432E-001
1290   33.18   27.62   166.55  1.0845E-001  5.4432E-001
1291   25.70   37.99   128.99  1.0845E-001  5.4432E-001
1292   28.25   40.99   141.80  1.0845E-001  5.4432E-001
1293   29.71   39.78   149.13  1.0845E-001  5.4432E-001
1294   38.56   41.62   193.55  1.0845E-001  5.4432E-001
1295   49.50   44.64   248.44  1.0845E-001  5.4432E-001
1296  218.26   63.58  1095.45  1.0845E-001  5.4432E-001
1297   30.71   38.61   154.16  1.0845E-001  5.4432E-001
1298   36.21   37.64   181.72  1.0845E-001  5.4432E-001
1299   36.88   36.27   185.12  1.0845E-001  5.4432E-001
1300   66.34   39.53   332.94  1.0845E-001  5.4432E-001
1301   56.25   39.70   282.34  1.0845E-001  5.4432E-001
1302  150.47   52.03   755.21  1.0845E-001  5.4432E-001
1303   28.16   35.40   141.32  1.0845E-001  5.4432E-001
1304   24.93   31.38   125.12  1.0845E-001  5.4432E-001
1305   32.22   31.44   161.73  1.0845E-001  5.4432E-001
1306   44.69   30.83   224.29  1.0845E-001  5.4432E-001
1307   25.50   29.01   127.97  1.0845E-001  5.4432E-001
1308   27.48   27.18   137.90  1.0845E-001  5.4432E-001
1309   31.51   33.94   158.16  1.0845E-001  5.4432E-001
1310   27.13   34.98   136.17  1.0845E-001  5.4432E-001
1311   33.36   36.68   167.42  1.0845E-001  5.4432E-001
1312   40.05   37.51   201.02  1.0845E-001  5.4432E-001
1313   27.99   33.09   140.47  1.0845E-001  5.4432E-001
1314   24.19   31.69   121.42  1.0845E-001  5.4432E-001
1315   45.90   40.80   230.37  1.0845E-001  5.4432E-001
1316   50.70   44.43   254.48  1.0845E-001  5.4432E-001
1317   81.77   43.60   410.38  1.0845E-001  5.4432E-001
1318  159.17   47.96   798.88  1.0845E-001  5.4432E-001
1319   92.67   51.75   465.09  1.0845E-001  5.4432E-001
1320   84.44   68.86   423.82  1.0845E-001  5.4432E-001
1321   74.74   39.81   375.11  1.0845E-001  5.4432E-001
1322   69.19   37.52   347.27  1.0845E-001  5.4432E-001
1323   62.61   36.69   314.25  1.0845E-001  5.4432E-001
1324   49.70   37.24   249.45  1.0845E-001  5.4432E-001
1325  106.66   36.29   535.34  1.0845E-001  5.4432E-001
1326  465.76   40.91  2337.69  1.0845E-001  5.4432E-001
1327   88.92   34.87   446.30  1.0845E-001  5.4432E-001
1328   64.50   32.53   323.72  1.0845E-001  5.4432E-001
1329   48.89   29.08   245.36  1.0845E-001  5.4432E-001
1330   61.12   27.19   306.78  1.0845E-001  5.4432E-001
1331   91.99   33.89   461.70  1.0845E-001  5.4432E-001
1332   66.07   36.14   331.62  1.0845E-001  5.4432E-001
1333   41.13   28.28   206.45  1.0845E-001  5.4432E-001
1334   26.39   28.29   132.44  1.0845E-001  5.4432E-001
1335   24.89   26.34   124.93  1.0845E-001  5.4432E-001
1336   31.36   26.41   157.40  1.0845E-001  5.4432E-001
1337   29.57   30.68   148.41  1.0845E-001  5.4432E-001
1338   24.09   28.56   120.93  1.0845E-001  5.4432E-001
1339   27.35   24.89   137.29  1.0845E-001  5.4432E-001
1340   23.65   24.60   118.68  1.0845E-001  5.4432E-001
1341   26.11   27.25   131.06  1.0845E-001  5.4432E-001
1342   26.46   24.16   132.81  1.0845E-001  5.4432E-001
1343   34.97   25.78   175.52  1.0845E-001  5.4432E-001
1344   44.14   31.65   221.52  1.0845E-001  5.4432E-001
1345   33.50   31.30   168.13  1.0845E-001  5.4432E-001
1346   41.80   35.43   209.82  1.0845E-001  5.4432E-001
1347   49.02   41.74   246.02  1.0845E-001  5.4432E-001
1348   66.91   42.67   335.82  1.0845E-001  5.4432E-001
1349   71.54   47.86   359.06  1.0845E-001  5.4432E-001
1350   77.36   53.26   388.28  1.0845E-001  5.4432E-001
1351   84.80   54.11   425.62  1.0845E-001  5.4432E-001
1352  102.82   54.48   516.05  1.0845E-001  5.4432E-001
1353  131.78   57.29   661.43  1.0845E-001  5.4432E-001
1354  252.17   62.67  1265.67  1.0845E-001  5.4432E-001
