 beta=   0.0000000000000000     
   1.7935652054930145E-016
   5.6798880012645313E-016
   7.1120089187201676E-016
   7.5310244361941631E-016
   1.2830977343645239E-015
   1.6824689358464023E-015
   1.7664221601419228E-002
   2.2190350589517537E-002
   2.9350639889997480E-002
   4.6627657392836017E-002
   5.1803406731400936E-002
   5.2525450907762880E-002
   5.4419488556944687E-002
   6.0643405392685645E-002
   6.2756586074179110E-002
   6.3398738160755308E-002
   6.5622586268098110E-002
   7.1104919796076416E-002
   7.2823504693860244E-002
   7.6099198728745904E-002
   7.6834825998504427E-002
   7.7518594877952138E-002
   8.0594305858919357E-002
   8.2084783534834227E-002
   8.2458633561699288E-002
   8.4306739626272650E-002
   8.6586866908898330E-002
   8.8109314935488486E-002
   8.8737074128849999E-002
   8.9897852486261559E-002
   9.1582186896648821E-002
   9.2532899570130792E-002
   9.4002253185409668E-002
   9.4772854108796198E-002
   9.6143237487486030E-002
   9.7734766380640395E-002
   9.8355621486582237E-002
  0.10129746747677588     
  0.10258698205567751     
  0.10453783212012197     
  0.10533748286410261     
  0.10745143137973043     
  0.10923776362725114     
  0.10956650114393557     
  0.11081006418805533     
  0.11271653153558936     
  0.11379387089067262     
  0.11621365894163767     
  0.11673139350318458     
  0.11826349464531315     
  0.11994431507986714     
  0.12157380834448647     
  0.12387438608814368     
  0.12409633119111867     
  0.12520234842540823     
  0.12701385733488008     
  0.12768168103105357     
  0.13020512737183601     
  0.13026950940701226     
  0.13136956542967518     
  0.13305365081681506     
  0.13402285911258310     
  0.13555715649787439     
  0.13735133575749062     
  0.13782071455281891     
  0.13901476902675652     
  0.13953197072564855     
  0.14075341311812323     
  0.14101307161354187     
  0.14202505909871468     
  0.14359262725043967     
  0.14407957193867457     
  0.14519809274269471     
  0.14590221822274721     
  0.14694311195689644     
  0.14733357231403857     
  0.14767205589424517     
  0.14834892752027726     
  0.14857908535620948     
  0.14910623126932537     
  0.15079751967113825     
  0.15179369044695379     
  0.15212163975771908     
  0.15396181652243685     
  0.15471027747726451     
  0.15482739804606888     
  0.15533825040449450     
  0.15661170275233086     
  0.15758078216983087     
  0.15896171493593658     
  0.15947928564650860     
  0.16001192466695685     
  0.16111554009626872     
  0.16132420160487407     
  0.16212758400225463     
  0.16363385216756687     
  0.16446412558558393     
  0.16516528549013373     
  0.16567252417997760     
  0.16597372600748031     
  0.16688499333431595     
  0.16803796753117226     
  0.16897788123624960     
  0.17001815919324897     
  0.17027918349942814     
  0.17057266125909112     
  0.17092215835819238     
  0.17115066826916170     
  0.17240415726745328     
  0.17254182393821429     
  0.17329184292141389     
  0.17415741887468864     
  0.17477218884874743     
  0.17534693991415434     
  0.17585809486380297     
  0.17658066023149638     
  0.17758117472885110     
  0.17831753965180983     
  0.17858628376503766     
  0.17914445830322334     
  0.18013053219000000     
  0.18075508131871973     
  0.18154778089938750     
  0.18174255578751386     
  0.18208775436632968     
  0.18268758865797258     
  0.18316087608489318     
  0.18399207094141240     
  0.18451570154646529     
  0.18529316664115458     
  0.18596597878763887     
  0.18695319853595194     
  0.18734741984726533     
  0.18782320823712537     
  0.18790600522258127     
  0.18858386925030740     
  0.18950429394027080     
  0.18978721389461733     
  0.19061333413379436     
  0.19095277660211424     
  0.19125987914189427     
  0.19177674050379628     
  0.19253677661931345     
  0.19272684843293544     
  0.19385058851677545     
  0.19393900312197609     
  0.19521023830310477     
  0.19546407327536114     
  0.19601845955392455     
  0.19656144747360199     
  0.19702843852378008     
  0.19811178982838565     
  0.19826562313111912     
  0.19845849168562968     
  0.19919623340961312     
  0.19936690068894858     
  0.20000591928715936     
  0.20066657214243888     
  0.20131792972369517     
  0.20199546407596472     
  0.20275165463005787     
  0.20343905611530841     
  0.20391905260559148     
  0.20491096372691356     
  0.20510312598985525     
  0.20583610399600122     
  0.20596820695449389     
  0.20619776102237797     
  0.20744481771796336     
  0.20809554220108706     
  0.20876356807005086     
  0.20963366456619115     
  0.21014803700924162     
  0.21070466484120942     
  0.21119157508522238     
  0.21204391668981568     
  0.21255526777688433     
  0.21334122404347736     
  0.21429296448423096     
  0.21549166443508042     
  0.21605550679900651     
  0.21680791647225575     
  0.21751226153660710     
  0.21782059081584465     
  0.21834166867513483     
  0.21912818865036410     
  0.21974722042229961     
  0.22028203920473663     
  0.22185328265883092     
  0.22242859543517970     
  0.22292314136073435     
  0.22359542455617470     
  0.22444267880414223     
  0.22551430786895157     
  0.22632360789946562     
  0.22662250289915109     
  0.22746075096133225     
  0.22842260694037184     
  0.22934250324243993     
  0.22969025347634400     
  0.23112702717971742     
  0.23183183824828280     
  0.23290993175325922     
  0.23437415551888277     
  0.23499947424526446     
  0.23589726448552187     
  0.23778984521263410     
  0.23851980702599718     
  0.23888395057174674     
  0.23946213942106992     
  0.23973473829913219     
  0.24075539856876735     
  0.24173085522325041     
  0.24243845659458288     
  0.24288371748580589     
  0.24401468658065995     
  0.24516562623013255     
  0.24539095336261449     
  0.24714212933868401     
  0.24776010019415429     
  0.24851615081139380     
  0.24871795787056775     
  0.25035748999881696     
  0.25191019220612065     
  0.25283037886723009     
  0.25387322663233136     
  0.25463233428382603     
  0.25639329592593851     
  0.25744119666071957     
  0.25883238671552916     
  0.25925901905181931     
  0.26026364370761096     
  0.26113970763664329     
  0.26325434349712912     
  0.26442137278961730     
  0.26502936698304785     
  0.26594043349268109     
  0.26660925747537145     
  0.26680310006420160     
  0.26854814770256918     
  0.26969153674573260     
  0.27085954967184056     
  0.27204963161577750     
  0.27312809229628809     
  0.27361125921173024     
  0.27489699655651978     
  0.27599642028565879     
  0.27610533503995149     
  0.27751472969953389     
  0.27807578628137392     
  0.27904862450862111     
  0.27996216116281203     
  0.28105574791956617     
  0.28118730381138335     
  0.28341216528382379     
  0.28433257210209079     
  0.28511769150118699     
  0.28606591267790837     
  0.28722759598653158     
  0.28750701968567494     
  0.28782649561089219     
  0.28906917140433069     
  0.29117293937875366     
  0.29312717284591744     
  0.29381002712065557     
  0.29415392685073577     
  0.29524835085715517     
  0.29574804819026868     
  0.29744563586578521     
  0.29914532351178380     
  0.30083324023117919     
  0.30215029319239112     
  0.30418346932096346     
  0.30498090546858114     
  0.30670294745185644     
  0.30959532153516972     
  0.31149202480351107     
  0.31379129112872950     
  0.31514575938138029     
  0.31549016709539174     
  0.31716951249243286     
  0.31846182764794728     
  0.31995328406394202     
  0.32304192519382535     
  0.32371837970421896     
  0.32505646181560860     
  0.32625031513385261     
  0.32925077924392815     
  0.33090239672672789     
  0.33330492914065962     
  0.33388595565827162     
  0.33560337167937210     
  0.33686062931386357     
  0.33782961707697318     
  0.33988023267718431     
  0.34216719967141046     
  0.34320572093516305     
  0.34416582115416944     
  0.34801446377548673     
  0.34998707544249941     
  0.35149189622959304     
  0.35435221030464287     
  0.35528999084571039     
  0.35821839580276782     
  0.36235427664646491     
  0.36468707618385277     
  0.36609249566957608     
  0.36947257394775090     
  0.37092938641687517     
  0.37356148234045261     
  0.37425568252614744     
  0.37582587222177471     
  0.37639741587720071     
  0.38042116944518023     
  0.38092001958265242     
  0.38424512517192205     
  0.38795385780947950     
  0.39043232595683536     
  0.39242905136881906     
  0.39304875234628234     
  0.39512125710998902     
  0.39792227076438935     
  0.40033814237278614     
  0.40129569391657605     
  0.40220137057284633     
  0.41264056931788590     
  0.41448962131991229     
  0.41626266429917841     
  0.42159193398073058     
  0.42353757144592413     
  0.42505880377636346     
  0.43092198821136790     
  0.43440490392687686     
  0.43556568108362154     
  0.43781052184707908     
  0.43838582128592979     
  0.44247468577634497     
  0.44571279067974273     
  0.44840155636814649     
  0.45237000380930853     
  0.45316317133385581     
  0.45520852060589290     
  0.45760352831412499     
  0.46101619431725188     
  0.46158320441640416     
  0.46471682798133307     
  0.46660286174876875     
  0.47045085445380841     
  0.47589050552435463     
  0.47648456004841816     
  0.47778509861616331     
  0.48146514517525707     
  0.48398217524892251     
  0.48621879168318516     
  0.49191728411603447     
  0.50069955892535878     
  0.50643456599982251     
  0.51277340812631089     
  0.51564748500497615     
  0.51869736252143894     
  0.52085738525374026     
  0.52571260485839177     
  0.52641475827375273     
  0.54007304789239019     
  0.56012611306537663     
  0.56891370013628495     
  0.57161261604797686     
  0.58441403492411692     
  0.59467598930665233     
  0.59677743852370635     
  0.61199218898381746     
  0.62795560137234108     
  0.63642979113955611     
  0.64263734632568092     
  0.65399215268320099     
  0.65857958897513424     
  0.71348656645047648     
  0.74968335285944876     
  0.74974371691956587     
  0.92590802813079587     
  0.94849874699839321     
  0.96927567396784320     
  0.97311982295402766     
   1.0222251720376923     
   1.0290022473593718     
   1.0363358823939672     
   1.0536770693412685     
   1.0709848991727813     
   1.0800309760700098     
   1.1063641179805122     
   1.1458496550468891     
   1.1491916926800858     
   1.1511741292485245     
   1.1996866227653544     
   1.2024479987193701     
   1.2400589553275942     
   1.2447569022321820     
   1.2938015741428006     
   1.2939576008619369     
   1.3041205460851475     
   1.3478086092472470     
   1.3536577357234223     
   1.3538287174758601     
   1.3663910693233714     
   1.3767428018140631     
   1.3916851041723881     
   1.4179443980432700     
   1.4596160403855378     
   1.4753800853552910     
   1.5046619548436133     
   1.5541977103300810     
   1.5615590934783463     
   1.5707861656746127     
   1.5782374853637187     
   1.6001911261543593     
   1.6374907218005610     
   1.6395715778398057     
   1.6673987650009336     
   1.6862783711425864     
   1.7361096642005587     
   1.7790812402912650     
   1.7924703173970475     
   1.7975790211153895     
   1.8221609881368406     
   1.8412939471192349     
   1.8493194175810546     
   1.8542433636891575     
   1.8740815201092960     
   1.8794076361738441     
   1.9257176926168511     
   1.9553236376494370     
   1.9723467368911107     
   1.9876638884254874     
   1.9993512569557692     
   2.0191028066146020     
   2.0256172199016804     
   2.0463405639401113     
   2.0525185300125126     
   2.0596450987551238     
   2.0658567117888147     
   2.0680115585976528     
   2.0755807534495698     
   2.0819624583700889     
   2.0860381507117554     
   2.0904853857472085     
   2.0924498733229782     
   2.1008386461773165     
   2.1051973106953019     
   2.1123334560661728     
   2.1183467294822171     
   2.1276752945531889     
   2.1360763810686803     
   2.1387454534485704     
   2.1417035116068894     
   2.1436669582253245     
   2.1468185582659398     
   2.1510326730896976     
   2.1520065187329700     
   2.1543387661178546     
   2.1629510875860816     
   2.1702623788527093     
   2.1718139720780427     
   2.1742209955399798     
   2.1750898014492974     
   2.1753017655189999     
   2.1781428408000800     
   2.1887397127608699     
   2.1961152258482999     
   2.2022436107266929     
   2.2038782934846801     
   2.2077988419700323     
   2.2082799632524819     
   2.2128261121695467     
   2.2146130088417677     
   2.2175845027248546     
   2.2191282666187035     
   2.2204460658529661     
   2.2232269727999729     
   2.2313394366684429     
   2.2314295547673804     
   2.2405697807113483     
   2.2432432312906374     
   2.2538019715264563     
   2.2564437116647791     
   2.2608774235615425     
   2.2656742087284476     
   2.2740240314206894     
   2.2789668101159140     
   2.3010194400533694     
   2.3103218509766790     
   2.3233692655750193     
   2.3282450869862621     
   2.3295380559995209     
   2.3351054143323347     
   2.3378168891270752     
   2.3398415715070113     
   2.3490788413872297     
   2.3550375644103343     
   2.3684127464587217     
   2.3727836242070546     
   2.3824510148734404     
   2.3901608306671100     
   2.3980031290189219     
   2.4034333659967180     
   2.4037497510896118     
   2.4095742277810710     
   2.4127780242101204     
   2.4138684426041217     
   2.4153679058093096     
   2.4201961507620093     
   2.4255141115917431     
   2.4277790065363423     
   2.4346219195002679     
   2.4402950306491911     
   2.4439451834288026     
   2.4447012943222308     
   2.4579131059898707     
   2.4812615773767179     
   2.5088294593044997     
   2.5231557261797470     
   2.5259646329201844     
   2.7154936442590532     
   2.7173832433346479     
   2.7353301899453744     
   2.7478188714888097     
   2.7688347675033520     
   2.7742300906963573     
   2.8120542027080937     
   2.8225683432793125     
   2.8342103020863396     
   2.8636135584810063     
   2.8893923880053918     
   2.9115460201632195     
   2.9119505494988691     
   2.9283804063822574     
   2.9426419603707297     
   2.9833687870679921     
   3.0042075933940464     
   3.0043644197722261     
   3.0395775139007610     
   3.0814041438865596     
   3.1076744251569077     
   3.1543750074563417     
   3.1737701335676127     
   3.1785029069620432     
   3.1927115782377595     
   3.1971932924190782     
   3.2108897202191202     
   3.2136329888608861     
   3.2206728602539192     
   3.3132499002549793     
   3.3362964816525351     
   3.3400407885535124     
   3.3548992053899602     
   3.3563327366980409     
   3.3945073183139911     
   3.5044064857176971     
   3.5311209839637487     
   3.5675442657045604     
   3.5731752015062783     
   3.5770787393955921     
   3.5830318857483250     
   3.5954339318645037     
   3.6056124874053896     
