 1.4218E+000
 1.9644E+000
-1.6044E+000
 1.3304E+000
 1.7664E+000
-1.5802E+000
 1.2346E+000
 1.6722E+000
-1.5200E+000
 1.0754E+000
 1.7654E+000
-1.5331E+000
 1.1776E+000
 1.7852E+000
-1.6325E+000
 1.1228E+000
 1.6208E+000
-1.4795E+000
 1.2845E+000
 1.4628E+000
-1.4590E+000
 1.1805E+000
 1.3647E+000
-1.4168E+000
 1.0638E+000
 1.1587E+000
-1.3477E+000
 1.1691E+000
 1.0468E+000
-1.2924E+000
 1.4202E+000
 1.3548E+000
-1.3026E+000
 2.5092E+000
 1.5384E+000
-1.2193E+000
 8.5410E-001
 1.1531E+000
-1.3441E+000
 6.9155E-001
 9.7491E-001
-1.2640E+000
 5.4558E-001
 8.5399E-001
-1.1877E+000
 4.7848E-001
 9.4410E-001
-1.2568E+000
 4.1570E-001
 9.8156E-001
-1.4175E+000
 3.0989E-001
 9.2732E-001
-1.4981E+000
 5.1214E-001
 6.3492E-001
-1.0775E+000
 3.3695E-001
 4.7115E-001
-9.5422E-001
 9.8321E-002
 3.7025E-001
-9.4664E-001
 1.3143E-001
 3.3615E-001
-9.3953E-001
 5.9500E-001
 2.1144E-001
-6.9633E-001
 1.5695E+000
 4.1254E-001
-5.5755E-001
-1.0104E-001
 4.1107E-001
-9.7533E-001
-2.9641E-001
 3.4796E-001
-9.7783E-001
-4.6107E-001
 1.2566E-001
-8.3432E-001
-5.4297E-001
 1.4531E-001
-8.4600E-001
-4.5068E-001
 5.2447E-001
-1.1336E+000
-8.4640E-001
 8.5692E-001
-1.1335E+000
-5.1812E-001
-1.8510E-002
-6.4836E-001
-6.6696E-001
-2.5675E-001
-4.1586E-001
-9.4340E-001
-3.1478E-001
-4.0932E-001
-8.8099E-001
-1.1702E-001
-4.7990E-001
-3.9288E-001
-4.9745E-001
-1.8322E-001
 8.0802E-002
-3.0912E-001
-5.7492E-002
-1.1967E+000
-4.4281E-001
-2.0921E-001
-1.3518E+000
-3.8603E-001
-1.5971E-001
-1.5016E+000
-5.4116E-001
 1.1046E-001
-1.4949E+000
-6.0478E-001
 1.3850E-001
-1.6515E+000
-4.5366E-001
 2.8950E-001
-1.6554E+000
-5.2788E-001
 6.6659E-001
-1.6655E+000
-5.3331E-001
 7.3612E-001
-1.6608E+000
-4.3686E-001
 7.4699E-001
-1.8447E+000
-3.4306E-001
 9.2774E-001
-1.5244E+000
-7.6519E-001
 1.0928E+000
-1.3857E+000
-9.5585E-001
 1.3061E+000
-1.5620E+000
-7.2361E-001
 1.3742E+000
-1.6169E+000
-6.5605E-001
 1.4812E+000
-1.1685E+000
-1.1455E+000
 1.6159E+000
-1.3370E+000
-7.6801E-001
 1.3462E+000
-1.5765E+000
-7.0321E-001
 1.3219E+000
-1.8208E+000
-5.0000E-001
 1.3440E+000
-1.9921E+000
-1.1443E-001
 1.0428E+000
-2.1129E+000
-1.0516E-001
 1.0238E+000
-1.9459E+000
-1.8325E-001
 7.6044E-001
-2.0182E+000
 9.6146E-002
 5.0011E-001
-2.0439E+000
 2.9033E-001
 2.9369E-001
-2.1176E+000
 4.7950E-001
 1.8036E-001
-1.8838E+000
-5.6125E-002
 2.4416E-001
-1.9936E+000
 2.4462E-001
 2.5786E-001
-2.0670E+000
 6.6997E-001
-9.2357E-002
-1.8678E+000
 6.9489E-001
-3.9455E-001
-1.8859E+000
 9.2888E-001
-5.6453E-001
-1.6898E+000
 5.3303E-001
-4.1747E-001
-1.4104E+000
 5.6196E-001
-7.1362E-001
-1.3876E+000
 8.2877E-001
-8.2889E-001
-1.2521E+000
 9.2173E-001
-9.9898E-001
-1.1907E+000
 2.1662E-001
-7.6423E-001
-7.2724E-001
-5.3161E-001
-5.1449E-001
-1.4655E+000
 8.4506E-001
-7.9683E-001
-1.4934E+000
 1.1681E+000
-8.8489E-001
-1.5575E+000
 1.4060E+000
-9.9187E-001
-1.4606E+000
 1.6483E+000
-1.1881E+000
-1.7776E+000
 1.3483E+000
-9.2030E-001
-1.7874E+000
 1.7084E+000
-9.6016E-001
-1.5334E+000
 1.8233E+000
-1.1594E+000
-1.5399E+000
 2.0579E+000
-1.2875E+000
-1.8503E+000
 1.8348E+000
-8.9736E-001
-1.8782E+000
 1.7761E+000
-8.4451E-001
-1.3533E+000
 1.6930E+000
-1.1411E+000
-1.1843E+000
 1.7493E+000
-1.3202E+000
-9.4980E-001
 1.7237E+000
-1.4481E+000
-7.7826E-001
 1.7918E+000
-1.5381E+000
-1.1000E+000
 1.5609E+000
-1.1555E+000
-1.5581E+000
 1.6327E+000
-1.1986E+000
-9.7060E-001
 1.7083E+000
-1.4278E+000
-7.9185E-001
 1.6859E+000
-1.5116E+000
-7.5703E-001
 1.9498E+000
-1.7020E+000
-5.9295E-001
 1.9898E+000
-1.7619E+000
-8.1941E-001
 1.5710E+000
-1.3718E+000
-9.4022E-001
 2.0771E+000
-1.7373E+000
-9.2139E-001
 2.2540E+000
-1.8647E+000
-7.9880E-001
 2.3157E+000
-1.9276E+000
-6.9627E-001
 2.4111E+000
-2.0228E+000
-1.1385E+000
 2.3886E+000
-1.8678E+000
-8.9087E-001
 1.0931E+000
-6.1369E-001
-8.5832E-001
 2.2562E+000
-1.8550E+000
-7.7573E-001
 2.3011E+000
-1.9107E+000
-5.1654E-001
 2.2457E+000
-1.9341E+000
-4.0781E-001
 2.3365E+000
-2.0113E+000
-8.7709E-001
 2.1779E+000
-1.8128E+000
-3.2096E-001
 2.3690E+000
-2.2280E+000
-4.4981E-001
 2.0648E+000
-1.8332E+000
-2.3940E-001
 2.0048E+000
-1.8294E+000
-1.3739E-001
 2.1069E+000
-1.9154E+000
 2.1551E-002
 2.1600E+000
-1.9273E+000
-2.0164E-001
 1.8095E+000
-1.6581E+000
-2.0230E-001
 1.6632E+000
-1.4590E+000
-2.3329E-001
 2.1511E+000
-1.9304E+000
-1.5410E-001
 2.2783E+000
-2.0143E+000
-1.1736E-001
 2.4406E+000
-2.1298E+000
 3.8136E-002
 2.5084E+000
-2.1807E+000
-3.2865E-001
 2.2889E+000
-1.9939E+000
-1.0895E-002
 1.8644E+000
-1.4566E+000
-2.8295E-001
 2.5106E+000
-2.1639E+000
-2.6909E-001
 2.6671E+000
-2.2653E+000
-1.3555E-001
 2.6702E+000
-2.2879E+000
-6.9459E-002
 2.7847E+000
-2.3651E+000
-4.5407E-001
 2.6862E+000
-2.3092E+000
-1.8688E+000
 3.9868E+000
-1.9618E+000
-1.0162E-001
 2.5449E+000
-2.2050E+000
 2.0077E-002
 2.5270E+000
-2.1735E+000
 2.4299E-001
 2.5363E+000
-2.1730E+000
 3.4561E-001
 2.6052E+000
-2.2421E+000
-3.7119E-002
 2.3611E+000
-2.0164E+000
-1.2223E+000
 3.2022E+000
-1.2612E+000
 3.0651E-001
 2.4089E+000
-2.0842E+000
 5.1566E-001
 2.4224E+000
-2.0525E+000
 5.6839E-001
 2.4888E+000
-2.1071E+000
 7.6139E-001
 2.5572E+000
-2.0655E+000
 5.9004E-001
 2.3662E+000
-1.7952E+000
 7.0799E-002
 1.9038E+000
-1.0918E+000
 4.1904E-001
 2.5691E+000
-2.1792E+000
 4.5974E-001
 2.6605E+000
-2.2348E+000
 5.5220E-001
 2.5523E+000
-2.1429E+000
 6.8873E-001
 2.6263E+000
-2.1474E+000
 4.4804E-001
 2.4369E+000
-2.0816E+000
 5.0350E-001
 2.3608E+000
-2.0006E+000
 2.9056E-001
 2.3233E+000
-2.0107E+000
 1.2952E-001
 2.3325E+000
-2.0435E+000
 5.8020E-001
 2.1746E+000
-1.7657E+000
 4.9663E-001
 2.0011E+000
-1.5421E+000
 3.0151E-001
 2.3384E+000
-2.0181E+000
 9.9448E-002
 2.3009E+000
-2.0532E+000
 2.8642E-002
 2.0871E+000
-1.8897E+000
 1.5360E-001
 1.9722E+000
-1.8263E+000
 1.8351E-001
 2.4857E+000
-2.1365E+000
 4.7761E-001
 2.4894E+000
-1.9602E+000
-1.6504E-001
 2.0468E+000
-1.8849E+000
-2.8379E-001
 1.7629E+000
-1.7924E+000
-2.7555E-001
 1.8291E+000
-1.8296E+000
-3.8772E-001
 1.9722E+000
-1.9648E+000
-6.1291E-001
 1.5466E+000
-1.9489E+000
-1.1690E+000
 8.6454E-001
-2.0670E+000
-2.2687E-001
 1.6537E+000
-1.8307E+000
-1.8381E-001
 1.7990E+000
-1.8819E+000
-3.5339E-001
 1.4611E+000
-1.7974E+000
-2.9889E-001
 1.1835E+000
-1.5858E+000
 3.1518E-001
 2.0924E+000
-1.5413E+000
 6.9162E-001
 2.5779E+000
-1.4592E+000
-5.3930E-001
 1.5024E+000
-1.9676E+000
-6.7578E-001
 1.2283E+000
-2.0302E+000
-6.9871E-001
 1.3623E+000
-2.0807E+000
-6.9733E-001
 1.7028E+000
-2.2323E+000
-9.3237E-001
 1.0768E+000
-2.2558E+000
-1.2954E+000
 1.5375E+000
-2.3431E+000
-6.7352E-001
 1.1519E+000
-1.9895E+000
-6.8466E-001
 1.2460E+000
-2.0200E+000
-1.1126E+000
 1.3382E+000
-2.4713E+000
-1.1738E+000
 1.5615E+000
-2.5333E+000
-5.3519E-001
 9.1275E-001
-1.8119E+000
-4.6645E-001
 6.6655E-001
-1.6667E+000
-1.3917E+000
 1.1560E+000
-2.5728E+000
-1.7969E+000
 1.2102E+000
-3.0962E+000
-1.7820E+000
 1.5141E+000
-3.3074E+000
-2.1200E+000
 1.6969E+000
-3.4239E+000
-1.5701E+000
 1.7176E+000
-3.1116E+000
-1.6130E+000
 2.1656E+000
-3.2377E+000
-1.4990E+000
 2.5068E+000
-3.1370E+000
-1.7469E+000
 2.8881E+000
-3.3579E+000
-1.4848E+000
 2.2834E+000
-3.1780E+000
-2.0598E+000
 1.8882E+000
-3.4058E+000
-1.0593E+000
 2.4527E+000
-2.7754E+000
-8.4878E-001
 2.7340E+000
-2.6237E+000
-1.0835E+000
 2.8486E+000
-2.8217E+000
-9.6820E-001
 3.3004E+000
-2.8622E+000
-4.5669E-001
 2.4568E+000
-2.2827E+000
-4.3461E-001
 2.5817E+000
-1.5104E+000
-1.2741E+000
 2.5234E+000
-2.9864E+000
-1.6892E+000
 2.4954E+000
-3.2572E+000
-2.1263E+000
 2.8346E+000
-3.6723E+000
-2.2504E+000
 3.3208E+000
-3.8003E+000
-1.7829E+000
 1.7326E+000
-3.3899E+000
-1.6051E+000
 3.1804E+000
-2.5452E+000
-2.2445E+000
 2.7515E+000
-3.7734E+000
-2.7598E+000
 3.1039E+000
-4.2293E+000
-2.6670E+000
 3.6698E+000
-4.1586E+000
-3.0398E+000
 4.1154E+000
-4.4533E+000
-2.9859E+000
 2.7123E+000
-4.4084E+000
-3.8818E+000
 2.8867E+000
-4.2617E+000
-2.2204E+000
 3.8595E+000
-3.8018E+000
-2.0996E+000
 4.4625E+000
-3.7290E+000
-2.0292E+000
 4.8381E+000
-3.6488E+000
-2.3053E+000
 5.5361E+000
-3.8581E+000
-1.7526E+000
 4.4694E+000
-3.3492E+000
-1.7720E+000
 4.5592E+000
-3.4843E+000
-1.6958E+000
 4.8939E+000
-3.3932E+000
-2.1434E+000
 5.0765E+000
-3.7912E+000
-2.1698E+000
 5.6066E+000
-3.7853E+000
-1.3851E+000
 4.5981E+000
-3.1077E+000
-2.5098E+000
 4.7319E+000
-4.0011E+000
-3.0807E+000
 4.7928E+000
-4.4409E+000
-3.3880E+000
 5.3742E+000
-4.6415E+000
-3.5981E+000
 5.8157E+000
-4.7854E+000
-3.4051E+000
 4.0447E+000
-4.7317E+000
-3.5798E+000
 3.7248E+000
-4.8909E+000
-3.3979E+000
 5.3945E+000
-4.6523E+000
-3.7186E+000
 5.9770E+000
-4.8929E+000
-3.5455E+000
 6.6603E+000
-4.7238E+000
-3.9223E+000
 7.0380E+000
-4.9424E+000
-3.6061E+000
 5.9294E+000
-4.8027E+000
-3.1299E+000
 9.0097E+000
-5.6735E+000
-3.0349E+000
 6.8153E+000
-4.3818E+000
-2.8618E+000
 7.5537E+000
-4.1596E+000
-2.6277E+000
 7.3275E+000
-4.0361E+000
-2.1243E+000
 7.1436E+000
-3.6974E+000
-2.3501E+000
 7.9749E+000
-3.8172E+000
-8.6513E-001
 8.5744E+000
-1.6259E+000
-3.0388E+000
 7.3623E+000
-4.3170E+000
-2.9114E+000
 7.1871E+000
-4.2373E+000
-2.3941E+000
 7.4601E+000
-3.8862E+000
-2.3570E+000
 8.1435E+000
-3.8030E+000
-1.9490E+000
 6.9899E+000
-3.6162E+000
-1.4480E+000
 7.0873E+000
-3.3549E+000
-1.4317E+000
 6.7280E+000
-3.3086E+000
-1.8112E+000
 6.3386E+000
-3.5444E+000
-1.0025E+000
 6.9780E+000
-3.1327E+000
-1.4419E+000
 6.0667E+000
-2.8699E+000
-1.0661E+000
 6.8249E+000
-3.0288E+000
-1.0630E+000
 6.4356E+000
-3.0546E+000
-1.1025E+000
 5.6484E+000
-3.1338E+000
-1.4995E+000
 5.3708E+000
-3.3826E+000
-5.8173E-001
 6.6251E+000
-2.6331E+000
-7.6837E-001
 6.6521E+000
-2.8921E+000
-7.2178E-001
 5.3854E+000
-2.8774E+000
-6.2053E-001
 4.6610E+000
-2.9578E+000
-1.2706E+000
 4.5079E+000
-3.1969E+000
-1.4933E+000
 4.1096E+000
-3.3107E+000
 5.4281E-002
 4.7611E+000
-2.7389E+000
 7.6399E-001
 4.6258E+000
-2.9377E+000
-1.4192E+000
 4.8375E+000
-3.2968E+000
-1.9313E+000
 4.7400E+000
-3.5632E+000
-2.4002E+000
 4.7471E+000
-3.9559E+000
-2.7977E+000
 4.4671E+000
-4.2101E+000
-2.3588E+000
 5.1086E+000
-3.9219E+000
-2.7627E+000
 5.1385E+000
-4.2227E+000
-2.7124E+000
 4.5635E+000
-4.1825E+000
-3.0754E+000
 4.2899E+000
-4.4973E+000
-2.6800E+000
 5.7562E+000
-4.2141E+000
-5.3010E+000
 5.7159E+000
-1.8080E+000
-2.1751E+000
 4.3577E+000
-3.8339E+000
-2.1218E+000
 3.8496E+000
-3.7567E+000
-2.3030E+000
 3.3050E+000
-3.8821E+000
-2.5215E+000
 2.9436E+000
-4.0269E+000
-1.6214E+000
 3.7986E+000
-3.3532E+000
-8.3479E-001
 4.0675E+000
-3.0580E+000
-2.1833E+000
 3.2791E+000
-3.7841E+000
-2.3575E+000
 2.8072E+000
-3.8826E+000
-2.9579E+000
 2.7259E+000
-4.3517E+000
-3.1671E+000
 2.2326E+000
-4.4886E+000
-2.1541E+000
 2.9430E+000
-3.7629E+000
-3.1913E+000
 3.2365E+000
-4.5323E+000
-3.7696E+000
 3.2589E+000
-4.9675E+000
-4.0564E+000
 3.0016E+000
-5.1990E+000
-4.4628E+000
 2.6888E+000
-5.5161E+000
-3.9649E+000
 3.9911E+000
-5.1373E+000
-4.8767E+000
 4.6815E+000
-6.6116E+000
-3.8388E+000
 3.1248E+000
-5.0288E+000
-4.0856E+000
 2.8904E+000
-5.2234E+000
-4.0890E+000
 2.2144E+000
-5.1934E+000
-4.4671E+000
 1.8989E+000
-5.4982E+000
-3.8460E+000
 3.2071E+000
-5.0184E+000
-3.5525E+000
 3.5240E+000
-5.3952E+000
-3.6081E+000
 1.9375E+000
-4.8019E+000
-3.5566E+000
 1.3334E+000
-4.7400E+000
-3.9040E+000
 9.4111E-001
-5.0396E+000
-4.1908E+000
 4.6282E-001
-5.2824E+000
-3.1549E+000
 1.1963E+000
-4.3477E+000
-2.6340E+000
 1.0685E+000
-3.9538E+000
-3.8936E+000
 1.1248E+000
-5.0417E+000
-4.2159E+000
 8.2826E-001
-5.3074E+000
-4.7909E+000
 8.7690E-001
-5.7904E+000
-5.0961E+000
 4.4018E-001
-6.0416E+000
-4.1387E+000
 1.1745E+000
-5.2808E+000
-5.3254E+000
 6.8738E-001
-5.4572E+000
-4.9409E+000
 1.4099E+000
-5.9056E+000
-5.4987E+000
 1.4964E+000
-6.3327E+000
-5.6483E+000
 1.0535E+000
-6.4482E+000
-6.1042E+000
 8.7151E-001
-6.7772E+000
-5.6607E+000
 2.1989E+000
-6.4122E+000
-5.6308E+000
 2.0135E+000
-6.3918E+000
-5.2712E+000
 8.9502E-001
-6.1100E+000
-5.3840E+000
 4.3999E-001
-6.2266E+000
-5.3329E+000
-2.5738E-001
-6.1960E+000
-5.3631E+000
-6.8368E-001
-6.2379E+000
-5.0790E+000
 5.9797E-001
-5.9347E+000
-5.2234E+000
-3.6993E-001
-6.1298E+000
-5.1513E+000
-1.0205E+000
-6.1034E+000
-4.6791E+000
-1.3668E+000
-5.7234E+000
-4.6305E+000
-1.9833E+000
-5.7347E+000
-4.2932E+000
-9.5299E-001
-5.3862E+000
-3.8359E+000
-1.1975E+000
-5.0003E+000
-3.4389E+000
-1.1767E+000
-4.6546E+000
-3.4926E+000
-7.9925E-001
-4.6976E+000
-3.8248E+000
-7.3186E-001
-4.8423E+000
-5.0942E+000
-4.1332E-001
-5.3893E+000
-3.0259E+000
-1.5541E+000
-4.3367E+000
-2.5908E+000
-1.5551E+000
-3.9760E+000
-2.3085E+000
-9.6470E-001
-3.5740E+000
-2.2086E+000
-7.7149E-001
-3.4726E+000
-2.2400E+000
-2.2037E+000
-3.8106E+000
-2.9532E+000
-5.7698E-001
-4.1327E+000
-2.1092E+000
-6.5036E-001
-3.4003E+000
-1.7661E+000
-8.5009E-002
-3.0743E+000
-1.3155E+000
-2.6955E-001
-2.4004E+000
-1.2575E+000
-7.5368E-001
-2.1613E+000
-1.7427E+000
 1.3416E-001
-3.1298E+000
-1.7630E+000
 2.6501E-001
-3.1983E+000
-1.0737E+000
 6.1027E-002
-2.2275E+000
-6.6592E-001
-5.9532E-002
-1.7165E+000
-1.6975E-001
 7.3076E-002
-1.3039E+000
-1.5376E-001
 4.5445E-001
-1.5560E+000
-6.0232E-001
 3.8823E-001
-1.6882E+000
-1.5392E+000
 9.4812E-001
-1.6906E+000
-1.2576E-002
-3.0486E-001
-8.6469E-001
 3.2931E-001
-2.0673E-001
-7.4385E-001
 6.9154E-001
 2.3243E-001
-7.2303E-001
 8.8718E-001
 4.3127E-001
-7.2518E-001
 5.9629E-001
-5.7428E-001
-6.1039E-001
 2.9051E-001
-9.2719E-001
-5.8519E-001
 7.5726E-001
 4.6836E-001
-7.5363E-001
 1.1147E+000
 8.8369E-001
-7.3564E-001
 9.4563E-001
 1.3789E+000
-1.0586E+000
 1.1658E+000
 1.6244E+000
-1.0269E+000
 1.2893E+000
 8.9007E-001
-6.4795E-001
 1.9280E+000
 5.0798E-001
 1.8815E+000
 4.8807E-001
 1.3891E+000
-1.4051E+000
 2.7009E-001
 1.8665E+000
-1.7279E+000
 3.6827E-001
 1.7698E+000
-1.6319E+000
 5.2987E-001
 2.0911E+000
-1.6091E+000
-3.2913E-001
 1.8102E+000
-2.1999E+000
-7.7981E-002
 2.7125E+000
-3.6916E+000
 1.4614E-001
 1.3392E+000
-1.5892E+000
 2.2243E-001
 1.3007E+000
-1.5390E+000
 5.6655E-001
 1.4057E+000
-1.3392E+000
 6.1412E-001
 1.7112E+000
-1.3643E+000
 1.0528E-001
 8.0543E-001
-1.5511E+000
-7.6876E-002
 7.0554E-001
-1.6551E+000
 8.7264E-001
 1.2614E+000
-1.1010E+000
 1.2019E+000
 1.3605E+000
-8.8305E-001
 1.3468E+000
 1.8694E+000
-9.4323E-001
 1.4703E+000
 2.0043E+000
-9.9935E-001
 1.4589E+000
 1.2166E+000
-5.3449E-001
 2.0624E+000
 7.8425E-001
 5.5485E-001
 1.3270E+000
 2.1529E+000
-1.1470E+000
 1.4372E+000
 2.7199E+000
-1.2230E+000
 1.2406E+000
 2.9755E+000
-1.4128E+000
 1.4162E+000
 3.2798E+000
-1.5191E+000
 1.3335E+000
 2.9041E+000
-1.3662E+000
 8.9926E-001
 2.8203E+000
-1.5931E+000
 6.8750E-001
 2.9501E+000
-1.8278E+000
 7.8317E-001
 2.8217E+000
-1.6827E+000
 7.6907E-001
 3.0332E+000
-1.7528E+000
 2.9558E-001
 2.7413E+000
-2.0258E+000
-3.6917E-001
 2.8833E+000
-2.1849E+000
 9.0135E-001
 2.4900E+000
-1.4573E+000
 8.8099E-001
 2.3880E+000
-1.3780E+000
 1.2160E+000
 2.5985E+000
-1.3603E+000
 1.2361E+000
 2.7492E+000
-1.4434E+000
 8.2553E-001
 2.1440E+000
-1.1180E+000
 6.4769E-001
 2.0666E+000
-1.0788E+000
 1.4571E+000
 2.5478E+000
-1.2431E+000
 1.7503E+000
 2.7624E+000
-1.1282E+000
 1.6538E+000
 3.2555E+000
-1.2931E+000
 1.7727E+000
 3.3761E+000
-1.3033E+000
 1.9195E+000
 2.7002E+000
-1.0096E+000
 2.4878E+000
 2.0799E+000
-1.2129E+000
 1.5299E+000
 3.3262E+000
-1.4407E+000
 1.4154E+000
 3.8505E+000
-1.8335E+000
 1.3302E+000
 3.6185E+000
-1.9285E+000
 1.3726E+000
 3.6809E+000
-2.0747E+000
 1.1066E+000
 3.9841E+000
-2.4275E+000
 1.7950E+000
 3.5107E+000
-4.1827E+000
 1.0689E+000
 3.4257E+000
-1.9387E+000
 9.7076E-001
 3.2010E+000
-2.0425E+000
 1.1074E+000
 3.2044E+000
-1.9466E+000
 1.1149E+000
 3.2957E+000
-2.0968E+000
 8.4650E-001
 2.9195E+000
-2.1686E+000
 3.1475E-002
 4.9390E+000
 2.9809E-001
 1.1938E+000
 3.0107E+000
-1.7431E+000
 1.2494E+000
 2.9614E+000
-1.6209E+000
 1.4462E+000
 3.1597E+000
-1.6011E+000
 1.4602E+000
 3.1523E+000
-1.5709E+000
 1.2779E+000
 2.7682E+000
-1.3571E+000
 1.1758E+000
 2.8087E+000
-1.2681E+000
 1.4712E+000
 3.3910E+000
-1.7051E+000
 1.6324E+000
 3.6444E+000
-1.6481E+000
 1.6005E+000
 3.7424E+000
-1.8474E+000
 1.6765E+000
 3.8450E+000
-1.8394E+000
 1.7325E+000
 3.8504E+000
-1.7025E+000
 1.3933E+000
 3.5894E+000
-2.0404E+000
 1.3883E+000
 3.5226E+000
-2.2057E+000
 1.3020E+000
 3.3858E+000
-2.1308E+000
 1.3081E+000
 3.2447E+000
-1.9267E+000
 1.4255E+000
 3.3954E+000
-2.6535E+000
 2.0644E+000
 2.5353E+000
-1.5873E+000
 1.3212E+000
 3.3299E+000
-2.2011E+000
 1.2975E+000
 3.2758E+000
-2.1763E+000
 1.2000E+000
 3.1317E+000
-2.1701E+000
 1.1869E+000
 3.0628E+000
-2.0735E+000
 1.3206E+000
 3.2527E+000
-2.2824E+000
 3.2805E+000
-1.0451E+000
-3.5324E+000
 1.1311E+000
 3.0664E+000
-2.3033E+000
 9.6709E-001
 2.9534E+000
-2.2959E+000
 9.6065E-001
 2.8143E+000
-2.1220E+000
 8.6132E-001
 2.7121E+000
-2.1038E+000
 7.7392E-001
 2.9387E+000
-2.3662E+000
 3.7233E+000
 2.9504E+000
-3.4014E+000
 1.0420E+000
 2.8302E+000
-2.0273E+000
 1.0397E+000
 2.7030E+000
-1.8374E+000
 1.1758E+000
 2.7276E+000
-1.7362E+000
 1.2456E+000
 2.6349E+000
-1.6806E+000
 1.1122E+000
 2.6694E+000
-1.6901E+000
 8.7725E-001
 2.6282E+000
-1.8070E+000
 1.2304E+000
 2.8648E+000
-1.8025E+000
 1.2876E+000
 2.8783E+000
-1.7223E+000
 1.4133E+000
 2.7872E+000
-1.7083E+000
 1.6108E+000
 2.6769E+000
-1.5913E+000
 1.2687E+000
 2.9701E+000
-1.6028E+000
 1.3641E+000
 2.2351E+000
-1.5037E+000
 1.2998E+000
 2.6712E+000
-1.7964E+000
 1.3257E+000
 2.6182E+000
-1.7834E+000
 1.2696E+000
 2.4134E+000
-1.6939E+000
 1.3528E+000
 2.2963E+000
-1.6647E+000
 1.2356E+000
 2.7134E+000
-1.8029E+000
 1.3030E+000
 2.8968E+000
-1.8289E+000
 1.2295E+000
 2.3540E+000
-1.6510E+000
 1.1716E+000
 2.1431E+000
-1.5795E+000
 9.7460E-001
 2.1155E+000
-1.6177E+000
 9.1623E-001
 2.2513E+000
-1.7121E+000
 8.8133E-001
 1.8963E+000
-1.6146E+000
 6.7923E-001
 1.8499E+000
-1.6196E+000
 5.5643E-001
 1.6368E+000
-1.5645E+000
 6.4266E-001
 1.5269E+000
-1.4873E+000
 7.3917E-001
 1.8572E+000
-1.5790E+000
 8.5195E-001
 1.7691E+000
-1.4263E+000
 3.5779E-001
 1.6202E+000
-1.5869E+000
 2.0422E-001
 1.4161E+000
-1.5198E+000
 1.0932E-001
 1.3060E+000
-1.4666E+000
-2.5898E-002
 1.3854E+000
-1.5466E+000
 3.4679E-002
 1.4077E+000
-1.6162E+000
-2.7770E-001
 7.6574E-001
-1.6412E+000
 2.1107E-001
 1.1104E+000
-1.3547E+000
 1.8195E-001
 1.0095E+000
-1.2675E+000
-7.3330E-002
 7.5528E-001
-1.2164E+000
-6.2905E-002
 6.1364E-001
-1.1079E+000
 4.9290E-001
 9.4698E-001
-1.0862E+000
 3.0742E-001
 1.0459E+000
-1.2479E+000
-2.8066E-001
 7.8815E-001
-1.3080E+000
-5.4251E-001
 6.0959E-001
-1.2960E+000
-5.7930E-001
 3.9624E-001
-1.1456E+000
-6.9126E-001
 4.7705E-001
-1.2222E+000
-8.6127E-001
 7.7566E-001
-1.5763E+000
-1.3331E+000
 3.8447E-001
-1.7021E+000
-6.0148E-001
 1.5700E-001
-8.9870E-001
-6.8553E-001
-9.1252E-002
-8.1927E-001
-5.4627E-001
-5.5110E-002
-7.5984E-001
-6.8244E-001
-1.4443E-001
-7.4290E-001
-2.2841E-001
-1.3878E-002
-8.1166E-001
-1.0553E-001
 2.3269E-002
-7.5233E-001
 1.9933E-001
 1.7088E-002
-6.9501E-001
 2.7209E-001
 1.6991E-001
-7.4914E-001
-1.4150E-001
 4.0668E-001
-9.2387E-001
 5.1761E-001
 2.4891E-001
-6.6915E-001
 3.2986E-001
-1.3864E-001
-5.7028E-001
 2.8927E-001
-3.1521E-001
-4.4194E-001
 4.2337E-002
-4.7843E-001
-3.4271E-001
-6.8083E-002
-5.2808E-001
-3.4785E-001
 5.0624E-001
-4.0456E-001
-3.5077E-001
 5.8178E-001
-3.4371E-001
-5.3820E-001
-2.1993E-002
-6.3442E-001
-2.1859E-001
-2.3758E-001
-7.7863E-001
-8.4270E-002
-1.0413E-001
-1.0049E+000
 1.6275E-001
-2.9621E-001
-1.1702E+000
 3.3187E-001
-3.2813E-001
-7.4982E-001
-1.5174E-001
-1.1878E-002
-2.3765E-001
-2.1055E+000
 1.1443E-001
-1.0811E+000
 1.4049E-001
 2.2685E-001
-1.2895E+000
 2.9947E-001
 5.3027E-001
-1.2830E+000
 2.8171E-001
 6.6103E-001
-1.0947E+000
 1.3950E-001
 2.0199E-001
-1.3588E+000
 3.4148E-001
 2.0137E-001
-1.3544E+000
 3.6146E-001
 6.6325E-001
-1.4905E+000
 4.1741E-001
 9.9774E-001
-1.4910E+000
 4.1572E-001
 1.2129E+000
-1.4522E+000
 3.6116E-001
 1.4461E+000
-1.2946E+000
 3.0004E-001
 1.0915E+000
-1.7171E+000
 6.5766E-001
 1.0447E+000
-1.8048E+000
 8.2602E-001
 1.1189E+000
-1.5498E+000
 4.0699E-001
 1.2991E+000
-1.4230E+000
 3.6947E-001
 1.2777E+000
-1.0701E+000
 1.9620E-001
 1.5130E+000
-8.3849E-001
 1.7535E-001
 1.1333E+000
-1.5971E+000
 4.6566E-001
 9.4487E-001
-1.7540E+000
 4.9670E-001
 1.0290E+000
-9.8147E-001
 9.7051E-002
 9.8849E-001
-6.4143E-001
-8.7144E-002
 1.1984E+000
-5.0342E-001
-1.2438E-001
 1.3536E+000
-1.6318E-001
-2.0650E-001
 6.2438E-001
-5.4735E-001
-1.5186E-001
-1.5486E-002
-5.1560E-001
-2.6152E-001
 1.2284E+000
-6.7532E-001
-3.1151E-002
 1.3742E+000
-5.9001E-001
-6.6194E-002
 1.7616E+000
-5.4455E-001
 2.8287E-002
 1.9651E+000
-2.6914E-001
 7.1067E-002
 1.2374E+000
-8.5246E-001
 7.0370E-002
 1.8641E+000
-7.3230E-001
 1.9326E-001
 2.2638E+000
-7.2262E-001
 3.0996E-001
 2.3574E+000
-4.0841E-001
 1.7817E-001
 2.6247E+000
-2.3260E-001
 2.0918E-001
 2.2632E+000
-1.1698E+000
 4.4128E-001
 2.2558E+000
-5.8969E-001
-6.4991E-001
 2.1536E+000
-3.6958E-001
 1.3063E-001
 2.1904E+000
-2.7197E-002
-2.3992E-002
 2.2437E+000
 3.0089E-001
-1.4946E-001
 2.4534E+000
 6.0429E-001
-2.4437E-001
 1.8266E+000
-2.9810E-002
-1.5613E-001
 2.0545E+000
 2.3802E-001
-2.0370E-001
 2.1179E+000
 5.8221E-001
-2.9908E-001
 2.4320E+000
 6.1869E-001
-2.9094E-001
 2.6331E+000
 9.4595E-001
-4.0407E-001
 1.9103E+000
 7.0848E-001
-3.1907E-001
 9.6145E-001
 1.3823E+000
-3.6188E-001
 2.5653E+000
 3.3705E-001
-9.0468E-002
 2.8024E+000
 3.4976E-001
-6.1633E-003
 3.1882E+000
 4.9680E-001
 2.4403E-002
 3.4584E+000
 7.3041E-001
 5.0259E-002
 2.7199E+000
 1.2570E-001
 3.4075E-001
 3.0534E+000
 1.4449E+000
-1.6170E+000
 3.1829E+000
 3.8756E-001
 9.5357E-002
 3.4988E+000
 5.0681E-001
 1.3210E-001
 3.5360E+000
 8.9074E-001
-9.4980E-002
 3.8347E+000
 1.0496E+000
-9.8847E-002
 3.5214E+000
 3.9813E-001
 2.7942E-001
 3.6049E+000
 3.4634E-001
 9.1571E-001
 3.2443E+000
 1.0152E+000
-2.5700E-001
 3.2515E+000
 1.4382E+000
-5.3205E-001
 3.3387E+000
 1.5899E+000
-5.8741E-001
 3.3043E+000
 1.8802E+000
-8.0537E-001
 2.8342E+000
 1.4742E+000
-8.2757E-001
 3.4505E+000
 1.4217E+000
-4.4048E-001
 3.5387E+000
 1.5645E+000
-5.0270E-001
 3.1994E+000
 1.6412E+000
-6.8300E-001
 3.2181E+000
 1.7781E+000
-8.4112E-001
 2.9085E+000
 1.5491E+000
-7.0710E-001
 2.4961E+000
 1.5640E+000
-9.2427E-001
 2.4988E+000
 1.2172E+000
-7.5905E-001
 2.3437E+000
 8.8602E-001
-6.1786E-001
 2.0710E+000
 1.4817E+000
-1.0123E+000
 1.9910E+000
 1.6531E+000
-1.3202E+000
 2.2998E+000
 1.1678E+000
-8.7089E-001
 2.2087E+000
 9.7099E-001
-7.3764E-001
 1.9110E+000
 9.2070E-001
-9.3302E-001
 1.8727E+000
 1.0761E+000
-1.0659E+000
 2.4477E+000
 9.9464E-001
-5.9740E-001
 2.9590E+000
 9.2746E-001
-1.6775E-001
 1.7837E+000
 7.4411E-001
-8.5440E-001
 1.5730E+000
 7.2891E-001
-9.6272E-001
 1.6555E+000
 7.2445E-001
-9.7302E-001
 1.7814E+000
 5.8461E-001
-8.5552E-001
 1.3553E+000
 6.5214E-001
-9.3256E-001
 1.3813E+000
 6.3887E-001
-8.5379E-001
 1.5565E+000
 8.0959E-001
-1.0789E+000
 1.6131E+000
 8.4291E-001
-1.1113E+000
 1.4645E+000
 6.8257E-001
-1.0703E+000
 1.4856E+000
 6.3560E-001
-1.0331E+000
 1.6004E+000
 1.0091E+000
-1.2337E+000
 1.7266E+000
 7.7497E-001
-1.4311E+000
 1.2240E+000
 6.7689E-001
-1.0897E+000
 1.0295E+000
 5.5143E-001
-1.0308E+000
 8.3858E-001
 4.3742E-001
-9.6557E-001
 8.0248E-001
 4.9646E-001
-1.0047E+000
 8.6771E-001
 6.0362E-001
-1.1595E+000
 1.2960E+000
 7.3463E-001
-9.3214E-001
 7.6018E-001
 2.7730E-001
-8.6940E-001
 5.3593E-001
 1.3546E-001
-7.8715E-001
 3.4208E-001
 1.1230E-001
-7.7681E-001
 3.5329E-001
 6.3399E-002
-7.4054E-001
 6.6017E-001
-1.1805E-001
-5.3608E-001
 6.7235E-001
-1.8895E-001
-4.9270E-001
 1.3631E-001
 2.1371E-001
-8.4889E-001
-1.3137E-001
 2.1547E-001
-8.4155E-001
-3.4590E-001
 7.3901E-002
-7.4219E-001
-3.7986E-001
 8.3330E-002
-7.4104E-001
-2.6834E-001
 4.1781E-001
-1.0297E+000
-2.1060E-001
 5.2205E-001
-1.1415E+000
-4.5478E-001
-2.8593E-004
-5.9720E-001
-6.7345E-001
-1.2886E-001
-4.5788E-001
-9.3076E-001
 1.1233E-002
-4.7790E-001
-1.0046E+000
 1.1987E-001
-5.2994E-001
-6.0717E-001
-4.2088E-001
-2.7672E-001
 3.7052E-001
 3.9932E-001
 1.1971E+000
-1.0740E+000
 7.5606E-002
-5.1185E-001
-1.3078E+000
 2.8752E-001
-4.7087E-001
-1.5073E+000
 1.4750E-001
-2.6039E-001
-1.5914E+000
 5.1872E-002
-1.1862E-001
-1.3680E+000
 4.2086E-001
-5.5151E-001
-2.3177E+000
 1.2913E+000
-6.9878E-001
-1.6649E+000
 2.2580E-001
-2.1393E-001
-1.7484E+000
 2.3067E-001
-3.9543E-002
-2.0638E+000
 4.1820E-001
 1.0998E-001
-2.0953E+000
 5.8306E-001
 4.3497E-002
-1.7285E+000
 3.2024E-001
-2.6702E-001
-1.6639E+000
 4.7577E-001
-3.0416E-001
-2.1458E+000
 3.6371E-001
 2.5685E-001
-2.3569E+000
 5.4223E-001
 4.7245E-001
-2.3206E+000
 5.7603E-001
 7.0100E-001
-2.2082E+000
 4.1306E-001
 7.9041E-001
-2.2483E+000
 4.4451E-001
 4.1271E-001
-2.3534E+000
 5.3392E-001
 3.1827E-001
-2.4421E+000
 8.2455E-001
 8.3692E-001
-2.3688E+000
 9.4325E-001
 1.1974E+000
-2.4223E+000
 8.8410E-001
 1.3630E+000
-2.4285E+000
 8.8185E-001
 1.3283E+000
-2.6789E+000
 1.1776E+000
 1.3100E+000
-2.8551E+000
 1.0480E+000
 8.5636E-001
-2.2739E+000
 8.8716E-001
 1.5890E+000
-2.1794E+000
 7.8992E-001
 1.8065E+000
-2.1753E+000
 1.0249E+000
 2.1108E+000
-2.1384E+000
 9.6499E-001
 2.2377E+000
-2.1455E+000
 7.4256E-001
 1.8659E+000
-2.0898E+000
 6.0131E-001
 1.7486E+000
-2.3425E+000
 1.2890E+000
 2.1243E+000
-2.3827E+000
 1.5241E+000
 2.3706E+000
-2.4338E+000
 1.5393E+000
 2.1713E+000
-2.3373E+000
 1.5266E+000
 2.3802E+000
-2.5729E+000
 1.9079E+000
 2.4144E+000
-2.3921E+000
 1.9741E+000
 2.7067E+000
-2.6317E+000
 1.4326E+000
 1.9003E+000
-2.7073E+000
 1.2919E+000
 1.6120E+000
-2.5236E+000
 1.0092E+000
 1.6203E+000
-2.5349E+000
 1.0189E+000
 1.5966E+000
-2.9928E+000
 1.2767E+000
 1.3132E+000
-3.1553E+000
 1.6231E+000
 1.1885E+000
-2.3670E+000
 8.2021E-001
 1.6335E+000
-2.2094E+000
 5.0465E-001
 1.6738E+000
-2.0721E+000
 5.2782E-001
 1.9556E+000
-1.9360E+000
 3.4430E-001
 2.0158E+000
-2.2124E+000
 2.4883E-001
 1.5210E+000
-2.2823E+000
 6.2319E-002
 1.3234E+000
-2.0092E+000
 7.7947E-001
 2.3479E+000
-1.6330E+000
 8.4642E-001
 2.6765E+000
-1.6507E+000
 9.7647E-001
 2.7509E+000
-1.4282E+000
 7.5114E-001
 2.8974E+000
-1.5913E+000
 1.2985E+000
 2.9840E+000
-1.3951E+000
 1.3459E+000
 3.1506E+000
-2.0086E+000
 1.1652E+000
 2.6569E+000
-2.0655E+000
 1.4064E+000
 2.7454E+000
-1.9754E+000
 1.0832E+000
 2.4429E+000
-1.7422E+000
 9.7206E-001
 2.6775E+000
-2.4704E+000
 1.9484E+000
 2.4915E+000
-2.5372E+000
 2.7470E+000
 2.8724E+000
-2.2080E+000
 8.1865E-001
 2.0311E+000
-2.1785E+000
 3.1663E-001
 1.6606E+000
-1.8164E+000
-1.9963E-001
 1.9633E+000
-1.6773E+000
-6.7639E-001
 1.8741E+000
-2.4967E+000
 1.2852E-001
 1.0340E+000
-3.3623E+000
 7.4414E-001
-1.2169E-001
-1.5247E+000
-4.1845E-002
 2.2323E+000
-1.0488E+000
-6.0209E-001
 2.5230E+000
-6.7952E-001
-4.6703E-001
 3.0666E+000
-2.9947E-001
-1.0417E+000
 3.2777E+000
-1.0405E+000
-8.0351E-001
 2.4584E+000
-1.2442E+000
-1.1838E+000
 2.1130E+000
-6.8110E-001
-2.9275E-002
 3.3279E+000
 8.1506E-003
 1.0331E-001
 3.9282E+000
 1.7228E-001
 1.0407E-001
 4.1044E+000
 7.7501E-001
-2.2118E-001
 4.5690E+000
 2.0507E-001
 8.8619E-001
 4.1897E+000
 3.5438E-001
 2.0965E+000
 4.9093E+000
-2.4371E-001
 3.0525E-001
 3.7830E+000
-9.8901E-002
 2.3408E-001
 3.8902E+000
-1.2154E-001
-5.0096E-001
 3.5786E+000
-4.5618E-001
-5.8451E-001
 3.2558E+000
 2.2171E-001
-1.0781E+000
 3.6762E+000
 1.6909E-001
-1.9489E+000
 3.4108E+000
 8.8313E-001
-2.5466E+000
 3.8961E+000
 1.2980E+000
-2.5854E+000
 4.2558E+000
-1.9389E-001
-2.2807E+000
 2.9757E+000
-1.0380E+000
-2.7463E+000
 2.6049E+000
 1.0047E+000
-3.0772E+000
 3.8779E+000
 1.6764E+000
-3.7130E+000
 4.3482E+000
 1.5156E+000
-4.7167E+000
 4.0138E+000
 9.4144E-001
-4.8878E+000
 3.4372E+000
 1.9849E+000
-3.4417E+000
 4.7179E+000
 4.3184E+000
-4.1985E-001
 4.9770E+000
 2.0862E+000
-5.3772E+000
 4.3373E+000
 2.0216E+000
-6.3319E+000
 4.0570E+000
 2.7002E+000
-6.9378E+000
 4.4441E+000
 3.2882E+000
-6.7388E+000
 5.0086E+000
 1.8457E+000
-6.6815E+000
 3.8282E+000
 1.6710E+000
-6.1474E+000
 3.8810E+000
 2.5792E+000
-7.6694E+000
 4.1447E+000
 3.1964E+000
-8.3434E+000
 4.4247E+000
 3.4103E+000
-9.0061E+000
 4.4325E+000
 3.1121E+000
-9.6299E+000
 3.9706E+000
 2.8799E+000
-8.8007E+000
 3.9384E+000
 4.1260E+000
-1.0057E+001
 4.0745E+000
 3.9545E+000
-8.8788E+000
 4.9712E+000
 4.2325E+000
-9.4593E+000
 5.0502E+000
 4.2750E+000
-1.0438E+001
 4.7197E+000
 3.9730E+000
-1.0816E+001
 4.3185E+000
 5.0721E+000
-9.3384E+000
 5.7588E+000
 4.6474E+000
-1.0953E+001
 4.8846E+000
 4.6890E+000
-1.1938E+001
 4.5862E+000
 3.9904E+000
-1.2292E+001
 3.8624E+000
 4.0250E+000
-1.3103E+001
 3.5704E+000
 5.1637E+000
-1.2262E+001
 4.8274E+000
 5.4329E+000
-1.1166E+001
 5.2800E+000
 3.3767E+000
-1.1709E+001
 3.5388E+000
 2.6833E+000
-1.2007E+001
 2.8471E+000
 2.0720E+000
-1.1447E+001
 2.5141E+000
 1.5010E+000
-1.1686E+001
 1.9166E+000
 2.5040E+000
-1.1944E+001
 2.7013E+000
 2.5069E+000
-1.1163E+001
 2.8802E+000
 2.2290E+000
-1.0683E+001
 2.8694E+000
 1.6840E+000
-1.0066E+001
 2.6395E+000
 1.0750E+000
-9.5276E+000
 2.2916E+000
 4.7078E-001
-9.0640E+000
 1.9773E+000
 1.1838E+000
-9.5424E+000
 2.3679E+000
 6.6201E-001
-9.0207E+000
 2.0509E+000
 5.6240E-001
-7.9757E+000
 2.3204E+000
 1.1002E+000
-7.5814E+000
 2.8641E+000
 8.2399E-001
-9.2272E+000
 2.1409E+000
 7.6987E-001
-1.2389E+001
 2.8408E-001
-9.3445E-002
-7.5623E+000
 1.8919E+000
-2.2027E-001
-6.4943E+000
 2.0133E+000
-4.1319E-001
-5.9457E+000
 2.0144E+000
-7.2976E-001
-6.2025E+000
 1.6965E+000
-9.4647E-001
-6.1257E+000
 1.5520E+000
-9.1990E-001
-5.7657E+000
 1.6218E+000
-1.6202E-001
-5.1054E+000
 2.4336E+000
-2.4762E-001
-4.4537E+000
 2.5019E+000
-4.0032E-001
-3.4795E+000
 2.5985E+000
-1.5896E-001
-3.3658E+000
 2.8133E+000
 5.8786E-001
-4.6229E+000
 2.9645E+000
 8.5834E-001
-6.7186E+000
 2.9612E+000
-7.7872E-001
-2.8493E+000
 2.4119E+000
-9.2757E-001
-1.9382E+000
 2.4914E+000
-8.8065E-001
-1.2535E+000
 2.6919E+000
-1.3635E+000
-1.0191E+000
 2.3687E+000
-1.6105E+000
-1.7500E+000
 1.9577E+000
-1.7063E+000
-4.8214E-001
 1.8094E+000
-3.3258E-001
-8.7105E-001
 3.2847E+000
-2.0518E-001
-2.0228E-001
 3.5843E+000
-7.7815E-001
 4.3300E-001
 3.2657E+000
-7.3847E-001
 6.6075E-001
 3.3454E+000
 1.7377E-001
 1.2795E-001
 4.0887E+000
-2.8214E-002
 1.8409E-001
 3.0065E+000
-1.3235E+000
 7.2944E-001
 2.8553E+000
-1.9024E+000
 1.2827E+000
 2.5717E+000
-2.4217E+000
 8.5188E-001
 1.9675E+000
-2.7742E+000
 1.0851E+000
 1.7512E+000
-2.1356E+000
 1.8798E+000
 2.5980E+000
-2.2791E+000
 1.9185E+000
 1.8962E+000
-2.4920E+000
 1.7602E-001
 1.6988E+000
-3.0552E+000
-3.1568E-001
 1.0668E+000
-2.7659E+000
-9.6779E-001
 1.1994E+000
-2.7151E+000
-7.2203E-001
 1.3082E+000
-3.4448E+000
-8.3645E-001
 6.4978E-001
-4.0230E+000
 2.0656E-001
-1.0585E-001
-2.6064E+000
-1.7902E+000
 1.1706E+000
-2.3312E+000
-2.5113E+000
 1.2122E+000
-1.5617E+000
-2.6042E+000
 1.8423E+000
-1.1744E+000
-3.1571E+000
 2.0290E+000
-2.5330E+000
-3.3314E+000
 7.9026E-001
 4.9693E-001
-3.5711E+000
-7.8860E-001
-1.3211E+000
-2.1039E+000
 2.1656E+000
-5.8974E-001
-2.1827E+000
 2.7677E+000
-2.9543E-001
-3.0290E+000
 2.8043E+000
-6.8116E-001
-3.4589E+000
 2.3482E+000
-4.9847E-001
-1.3578E+000
 3.0724E+000
-1.6566E+000
-1.3732E+000
 2.2930E+000
 3.7777E-001
-3.3079E+000
 3.3102E+000
 6.6305E-001
-4.1011E+000
 3.3258E+000
 6.5866E-001
-3.7624E+000
 3.4165E+000
 7.8930E-001
-3.0082E+000
 3.7245E+000
 1.3865E+000
-4.4687E+000
 3.9100E+000
 1.2619E+000
-3.3222E+000
 4.1678E+000
 4.7141E-001
-4.2808E+000
 3.0752E+000
 4.6300E-001
-3.9881E+000
 3.1479E+000
 1.1443E+000
-3.6803E+000
 3.8514E+000
 1.1365E+000
-2.9803E+000
 4.0661E+000
 3.2994E-001
-4.7530E+000
 2.8063E+000
 2.3302E-001
-3.0655E+000
 2.1112E-002
 1.7161E+000
-4.2153E+000
 4.2062E+000
 2.4105E+000
-4.0296E+000
 4.8766E+000
 2.5838E+000
-3.5651E+000
 5.1760E+000
 2.6843E+000
-3.9972E+000
 5.1390E+000
 2.9517E+000
-4.8787E+000
 4.9575E+000
 2.8663E+000
-4.7465E+000
 4.9421E+000
 2.6083E+000
-2.7135E+000
 5.4712E+000
 2.7445E+000
-2.1919E+000
 5.7646E+000
 3.3927E+000
-2.5535E+000
 6.2018E+000
 3.9946E+000
-2.6444E+000
 6.7087E+000
 2.8700E+000
-1.1756E+000
 6.1456E+000
 1.6635E+000
-1.1686E+000
 7.6440E+000
 3.2306E+000
-2.7399E+000
 6.0141E+000
 3.7826E+000
-3.0754E+000
 6.3613E+000
 4.0379E+000
-4.0785E+000
 6.3000E+000
 4.5025E+000
-4.4822E+000
 6.5750E+000
 3.7022E+000
-4.4916E+000
 5.8858E+000
 3.9204E+000
-5.4437E+000
 5.8024E+000
 3.3432E+000
-6.0173E+000
 5.1404E+000
 2.7272E+000
-5.7055E+000
 4.6944E+000
 4.2689E+000
-5.5490E+000
 6.0906E+000
 6.7417E+000
-5.1513E+000
 6.6668E+000
 3.5707E+000
-6.8828E+000
 5.0925E+000
 3.1169E+000
-7.5577E+000
 4.5005E+000
 2.9797E+000
-7.8070E+000
 4.3033E+000
 3.4518E+000
-8.2535E+000
 4.5675E+000
 3.4059E+000
-8.4219E+000
 4.5469E+000
 2.9477E+000
-9.1529E+000
 3.6506E+000
 2.3406E+000
-7.4962E+000
 3.8242E+000
 2.1132E+000
-7.6482E+000
 3.5712E+000
 2.3814E+000
-8.6145E+000
 3.5037E+000
 2.5705E+000
-8.7826E+000
 3.6080E+000
 1.3447E+000
-7.3753E+000
 2.9182E+000
 1.3202E+000
-5.9587E+000
 2.3708E+000
 2.3544E+000
-9.2570E+000
 3.3014E+000
 2.5886E+000
-1.0219E+001
 3.2200E+000
 3.4041E+000
-1.0496E+001
 3.8359E+000
 3.7307E+000
-1.0534E+001
 4.0944E+000
 2.1397E+000
-1.0678E+001
 2.7876E+000
 2.9107E+000
-1.1536E+001
 1.9689E+000
 3.7225E+000
-1.0646E+001
 4.0784E+000
 4.4899E+000
-1.0942E+001
 4.6544E+000
 4.9164E+000
-1.0258E+001
 5.2161E+000
 5.4838E+000
-1.0504E+001
 5.6097E+000
 4.7252E+000
-1.1140E+001
 4.7869E+000
 4.4676E+000
-1.1105E+001
 4.5812E+000
 4.6219E+000
-9.3926E+000
 5.2283E+000
 4.9853E+000
-8.6828E+000
 5.7451E+000
 5.3361E+000
-8.3477E+000
 6.1574E+000
 5.4087E+000
-7.5533E+000
 6.4525E+000
 5.5338E+000
-8.9523E+000
 6.1541E+000
 5.8896E+000
-8.7465E+000
 6.5332E+000
 5.5060E+000
-7.8832E+000
 6.4586E+000
 4.8400E+000
-7.7393E+000
 5.9427E+000
 5.8998E+000
-9.5843E+000
 6.3437E+000
 4.0588E+000
-1.0879E+001
 6.9532E+000
 5.9338E+000
-7.3272E+000
 6.9887E+000
 5.6647E+000
-6.4490E+000
 7.0062E+000
 5.2609E+000
-6.4910E+000
 6.6647E+000
 5.4666E+000
-7.0777E+000
 6.6754E+000
 6.2820E+000
-5.9874E+000
 7.7432E+000
 6.6901E+000
-4.5737E+000
 8.5146E+000
 4.6834E+000
-5.8223E+000
 6.3614E+000
 4.2105E+000
-5.7331E+000
 6.0060E+000
 4.5392E+000
-5.3429E+000
 6.3973E+000
 4.9627E+000
-4.7713E+000
 6.8991E+000
 3.5303E+000
-5.1228E+000
 5.6013E+000
 2.8024E+000
-5.6756E+000
 5.1670E+000
 4.3530E+000
-5.6677E+000
 6.1614E+000
 4.5944E+000
-5.3745E+000
 6.4475E+000
 3.8838E+000
-4.9378E+000
 5.9703E+000
 3.2846E+000
-4.9947E+000
 5.4398E+000
 4.9858E+000
-6.1078E+000
 6.5260E+000
 5.0666E+000
-6.6880E+000
 6.4352E+000
 3.9598E+000
-4.5183E+000
 6.1045E+000
 3.2515E+000
-3.9705E+000
 5.6134E+000
 3.2401E+000
-4.4616E+000
 5.5235E+000
 3.8439E+000
-4.9146E+000
 5.9483E+000
 3.4262E+000
-2.8647E+000
 5.8838E+000
 4.3002E+000
-1.9628E+000
 5.4290E+000
 2.5844E+000
-4.5098E+000
 4.9956E+000
 2.4619E+000
-4.8468E+000
 4.9037E+000
 2.5450E+000
-4.2860E+000
 5.0322E+000
 2.2575E+000
-3.4413E+000
 5.0003E+000
 1.8098E+000
-5.1569E+000
 4.4051E+000
-5.3996E-001
-6.7633E+000
 4.1225E+000
 2.8198E+000
-4.5433E+000
 5.2395E+000
 2.9650E+000
-4.1358E+000
 5.4649E+000
 2.3223E+000
-3.7041E+000
 5.0326E+000
 2.2444E+000
-3.0783E+000
 5.1858E+000
 3.2436E+000
-4.7027E+000
 5.5807E+000
 4.3072E+000
-5.3275E+000
 7.6294E+000
 1.8785E+000
-4.1137E+000
 4.5887E+000
 1.3275E+000
-3.9035E+000
 4.1690E+000
 9.7410E-001
-3.1301E+000
 3.9855E+000
 5.6021E-001
-2.6845E+000
 3.8254E+000
 1.0090E+000
-4.5387E+000
 3.6257E+000
 1.0583E+000
-5.7109E+000
 3.7993E+000
 1.0279E+000
-2.9576E+000
 4.0882E+000
 6.8352E-001
-2.2713E+000
 3.9386E+000
 8.8468E-001
-1.5667E+000
 4.3480E+000
 7.0089E-001
-1.0259E+000
 4.3494E+000
 6.0072E-001
-2.3276E+000
 3.8146E+000
 1.3459E-001
-3.3682E+000
 2.9419E+000
 1.2406E+000
-1.5753E+000
 4.7048E+000
 1.3626E+000
-1.0386E+000
 5.0712E+000
 9.5924E-001
-5.2159E-001
 4.8982E+000
 7.5672E-001
-6.6102E-001
 4.6545E+000
 1.8180E+000
-1.1746E+000
 5.4618E+000
 2.7249E+000
-1.7033E+000
 6.2717E+000
 7.7862E-001
-3.5859E-004
 4.9909E+000
 4.3330E-001
 5.5061E-001
 4.7959E+000
 4.6079E-001
 4.8180E-001
 4.8098E+000
 1.0629E-001
 6.2284E-001
 4.4891E+000
 4.4074E-001
 1.2318E+000
 5.1718E+000
-2.4625E-001
 2.6138E+000
 5.5216E+000
 8.8000E-001
 3.3462E-001
 5.1923E+000
 9.1566E-001
 3.2972E-001
 5.2322E+000
 6.7671E-001
-2.1600E-001
 4.8455E+000
 3.9744E-001
-1.2094E-001
 4.5469E+000
 1.4153E+000
 2.2958E-001
 5.7208E+000
 1.7905E+000
 2.3264E-001
 5.9724E+000
 8.7039E-001
-7.0392E-001
 4.7904E+000
 7.5280E-001
-1.1769E+000
 4.5125E+000
 1.9519E-001
-1.0985E+000
 4.0271E+000
-1.9458E-001
-1.1279E+000
 3.7593E+000
 1.0237E+000
-1.7481E+000
 4.5222E+000
 1.2715E+000
-2.1588E+000
 4.6270E+000
-6.9098E-003
-7.9466E-001
 3.9157E+000
-4.9943E-001
-6.3733E-001
 3.3763E+000
-7.1451E-001
-3.0633E-001
 3.3203E+000
-9.9302E-001
-3.9611E-001
 2.9971E+000
-7.4922E-001
-2.8156E-001
 3.3219E+000
-9.0718E-001
-3.4529E-001
 3.0352E+000
-6.0069E-001
 1.0418E-001
 3.5736E+000
-7.4584E-001
 3.1500E-001
 3.5375E+000
-7.8250E-001
 5.5564E-002
 3.4320E+000
-8.3504E-001
 7.6492E-002
 3.2132E+000
-7.9524E-001
 7.1270E-001
 3.8778E+000
-1.4595E+000
 1.9048E+000
 4.0166E+000
-5.2652E-001
-1.7034E-001
 3.5529E+000
-5.4427E-001
-5.2389E-001
 3.4313E+000
-8.5675E-001
-8.7178E-001
 3.1273E+000
-9.5688E-001
-9.5297E-001
 2.8295E+000
-2.7181E-001
-8.8150E-001
 3.8385E+000
-7.1591E-001
-7.1932E-001
 4.9466E+000
-8.4681E-001
-1.0266E+000
 3.0290E+000
-1.0061E+000
-1.2708E+000
 2.8109E+000
-1.1655E+000
-1.0088E+000
 2.3989E+000
-1.2075E+000
-1.1398E+000
 2.2076E+000
-9.5979E-001
-1.3219E+000
 3.0675E+000
-7.1331E-001
-8.7161E-001
 4.9135E+000
-1.2556E+000
-6.9503E-001
 2.4062E+000
-1.4599E+000
-4.6505E-001
 2.1222E+000
-1.4644E+000
-4.8136E-001
 2.0872E+000
-1.4870E+000
-5.5537E-001
 1.7998E+000
-1.6875E+000
 6.8797E-004
 2.2195E+000
-1.8815E+000
 1.4006E-001
 1.9962E+000
-1.3310E+000
-3.0904E-001
 2.2575E+000
-1.2496E+000
-4.4555E-001
 2.2933E+000
-1.3248E+000
-9.2403E-001
 2.0519E+000
-1.3004E+000
-9.7361E-001
 1.8238E+000
-1.1979E+000
-4.4006E-001
 2.7798E+000
-2.0102E+000
-1.2768E+000
 2.7225E+000
-1.2339E+000
-1.0113E+000
 2.0716E+000
-1.2906E+000
-1.3589E+000
 1.9553E+000
-1.2895E+000
-1.3700E+000
 1.7450E+000
-1.2995E+000
-1.4887E+000
 1.5450E+000
-1.3503E+000
-1.5741E+000
 2.2680E+000
-2.0072E+000
-3.1818E-001
 1.3081E+000
-1.3141E+000
-1.2793E+000
 1.7020E+000
-1.3020E+000
-1.2314E+000
 1.3007E+000
-1.3641E+000
-1.1290E+000
 1.1351E+000
-1.2583E+000
-1.2434E+000
 8.9249E-001
-1.4393E+000
-9.8553E-001
 1.2139E+000
-1.0266E+000
-5.7406E-001
 6.3904E-001
-1.3848E+000
-9.3161E-001
 1.1739E+000
-1.3809E+000
-9.3646E-001
 1.1831E+000
-1.2483E+000
-1.2364E+000
 1.1237E+000
-1.0580E+000
-1.2594E+000
 1.0122E+000
-1.6857E+000
-8.3683E-001
 1.3440E+000
-2.0593E+000
-2.6915E-001
 9.5867E-001
-1.1894E+000
-1.2076E+000
 1.1548E+000
-1.0146E+000
-1.5096E+000
 1.1544E+000
-1.0267E+000
-1.7018E+000
 1.0445E+000
-8.2271E-001
-1.8454E+000
 9.8953E-001
-1.0637E+000
-1.7114E+000
 1.4957E+000
-2.7180E+000
-2.6165E+000
 4.9910E-001
-1.0516E+000
-1.6546E+000
 1.0666E+000
-9.5730E-001
-1.7062E+000
 9.8064E-001
-7.9444E-001
-1.5602E+000
 7.9037E-001
-5.6000E-001
-1.5808E+000
 7.3981E-001
-1.1642E+000
-1.6087E+000
 1.1952E+000
-4.3279E+000
-1.9895E+000
 1.2053E+000
-8.6756E-001
-1.4055E+000
 7.4889E-001
-7.6954E-001
-1.2515E+000
 5.5269E-001
-6.5091E-001
-1.3074E+000
 5.2681E-001
-5.0148E-001
-1.2252E+000
 4.6180E-001
-9.7470E-001
-1.1074E+000
 3.8800E-001
-1.7577E+000
-2.4241E-001
-4.1737E-002
-7.0194E-001
-1.2955E+000
 6.4907E-001
-5.4217E-001
-1.4705E+000
 7.8518E-001
-2.7133E-001
-1.5678E+000
 6.7768E-001
-1.3123E-001
-1.5222E+000
 6.7684E-001
-7.1515E-001
-1.8163E+000
 1.0327E+000
-1.4710E-001
-1.7116E+000
 7.4313E-001
 1.4694E-001
-1.7419E+000
 7.3562E-001
 2.5747E-001
-1.6060E+000
 6.0510E-001
 4.8082E-001
-1.5834E+000
 5.8241E-001
 3.0770E-001
-1.8734E+000
 8.9044E-001
-7.5520E-002
-1.8142E+000
 8.3805E-001
 1.4991E-001
-1.4534E+000
 5.1653E-001
 2.6064E-001
-1.2655E+000
 3.5706E-001
 2.7841E-001
-1.1398E+000
 2.7125E-001
 4.9818E-001
-1.0359E+000
 1.8920E-001
 8.6653E-002
-1.1218E+000
 3.2872E-001
 3.0928E-001
-9.2055E-001
-4.0041E-003
 9.3927E-002
-1.1139E+000
 3.1675E-001
 7.0750E-002
-1.0700E+000
 2.7710E-001
 3.0683E-001
-1.1932E+000
 3.2312E-001
 4.6119E-001
-1.0831E+000
 2.6209E-001
-9.6483E-002
-1.0789E+000
 3.2379E-001
-8.4812E-001
-7.4507E-001
-2.1425E-001
 3.3314E-001
-1.3425E+000
 4.5232E-001
 5.8742E-001
-1.4918E+000
 5.5141E-001
 8.4227E-001
-1.4440E+000
 4.8049E-001
 1.0395E+000
-1.4343E+000
 4.6888E-001
 8.3922E-001
-1.4070E+000
 4.6137E-001
 1.1294E+000
-1.2904E+000
 3.8746E-001
 1.1950E+000
-1.1040E+000
 2.3699E-001
 1.4246E+000
-1.0835E+000
 2.3831E-001
 1.1049E+000
-1.2543E+000
 3.3952E-001
 1.2196E+000
-1.1487E+000
 2.8843E-001
 1.0133E+000
-9.6089E-001
 1.3548E-001
 1.0621E+000
-7.7348E-001
 1.0775E-003
 1.1296E+000
-7.8592E-001
 5.7974E-003
 1.3083E+000
-6.9195E-001
-4.5250E-002
 7.6306E-001
-6.0344E-001
-2.1431E-001
 5.5514E-001
 2.7999E-001
-7.3571E-001
 9.8090E-001
-9.0125E-001
 1.0675E-001
 1.0235E+000
-9.5358E-001
 1.5156E-001
 1.3062E+000
-1.0284E+000
 1.9933E-001
 1.4334E+000
-9.6596E-001
 1.6748E-001
 8.6408E-001
-1.0986E+000
 2.6580E-001
 8.4491E-001
-1.2718E+000
-9.5089E-002
 1.4103E+000
-1.1528E+000
 2.8905E-001
 1.6773E+000
-1.2176E+000
 3.5089E-001
 1.8644E+000
-1.0416E+000
 2.3258E-001
 2.0689E+000
-1.0289E+000
 2.3496E-001
 1.7545E+000
-1.3433E+000
 5.0411E-001
 2.5066E+000
-2.4072E+000
-1.0779E+000
 1.8052E+000
-9.1994E-001
 1.4016E-001
 1.9764E+000
-7.2991E-001
 2.4881E-002
 2.0004E+000
-6.1273E-001
-6.9221E-002
 2.2163E+000
-5.3569E-001
-1.0815E-001
 1.7886E+000
-5.6411E-001
 9.6555E-003
 4.3882E+000
 3.6380E-001
-9.1876E-001
 1.7928E+000
-5.9731E-001
-8.8079E-002
 1.7809E+000
-4.8595E-001
-1.7002E-001
 1.9456E+000
-5.9105E-001
-8.6000E-002
 2.0892E+000
-4.8506E-001
-1.5108E-001
 1.5069E+000
-4.7644E-001
-2.1566E-001
 1.9224E+000
-7.9314E-001
 6.0230E-002
 2.0714E+000
-9.1509E-001
 1.6140E-001
 2.3501E+000
-8.7499E-001
 1.4873E-001
 2.5133E+000
-8.7509E-001
 1.5617E-001
 2.0345E+000
-1.1019E+000
 2.0891E-001
 2.0436E+000
-1.0119E+000
 3.2600E-001
 2.4041E+000
-8.6555E-001
 1.4086E-001
 2.6532E+000
-8.1846E-001
 1.3229E-001
 2.7365E+000
-6.0746E-001
-3.2254E-002
 2.9627E+000
-5.6224E-001
-5.3998E-002
 2.6056E+000
-8.6555E-001
 1.5386E-001
 2.5609E+000
-4.7633E-001
-1.3974E-001
 2.6243E+000
-2.5526E-001
-2.8520E-001
 2.6253E+000
-1.0290E-001
-3.8681E-001
 2.6898E+000
 5.6426E-002
-5.3105E-001
 2.5533E+000
-1.6946E-001
-3.3195E-001
 2.5313E+000
-2.4930E-002
-4.1243E-001
 2.3393E+000
 1.0606E-001
-5.1586E-001
 2.2867E+000
 3.0057E-001
-5.6749E-001
 2.5252E+000
-6.2051E-002
-3.9432E-001
 3.0477E+000
-1.3642E-001
 4.6952E-002
 2.1366E+000
 5.8959E-002
-4.9843E-001
 1.9073E+000
 1.6022E-001
-6.4575E-001
 1.7677E+000
 1.1327E-001
-6.1546E-001
 1.8510E+000
-3.5831E-003
-5.2712E-001
 1.8168E+000
 1.3050E-001
-6.5290E-001
 1.6542E+000
 8.7028E-002
-6.7142E-001
 1.5539E+000
 2.0078E-001
-7.1673E-001
 1.4165E+000
 1.5874E-001
-6.9246E-001
 1.1291E+000
 7.7620E-002
-7.1744E-001
 1.0739E+000
 1.4663E-001
-7.7463E-001
 1.4222E+000
 2.9529E-001
-7.6579E-001
 1.8613E+000
-2.6831E-001
-2.4806E+000
 9.9454E-001
-3.7597E-002
-5.9238E-001
 7.3801E-001
-1.2162E-001
-5.7033E-001
 5.6389E-001
-5.1168E-002
-5.8332E-001
 6.0385E-001
-7.4585E-002
-5.6846E-001
 7.5655E-001
-3.0076E-001
-4.7793E-001
 4.0379E-001
-1.0230E-001
 3.0660E-001
 2.9906E-001
 1.0620E-002
-6.7615E-001
 1.0013E-001
 1.2909E-001
-6.7708E-001
-1.7642E-001
 5.8914E-002
-7.1214E-001
-2.2745E-001
 7.6157E-002
-7.0813E-001
 1.2038E-001
 4.6230E-001
-8.4149E-001
-3.3710E-001
 9.3461E-002
-5.9727E-001
-5.9574E-001
 6.3313E-002
-5.1233E-001
-7.8219E-001
 3.2937E-001
-6.3009E-001
-6.9509E-001
 4.7300E-001
-7.5484E-001
-7.0137E-001
-8.3473E-002
-2.7800E-001
-1.4552E+000
-2.0388E+000
 3.8055E-001
-9.9752E-001
 4.0694E-001
-6.9294E-001
-1.1707E+000
 6.8197E-001
-7.7464E-001
-1.4217E+000
 6.8718E-001
-5.9956E-001
-1.5908E+000
 5.6073E-001
-5.0570E-001
-1.1594E+000
 7.4987E-001
-9.2873E-001
-1.1520E+000
 8.2880E-001
-1.0366E+000
-1.5321E+000
 8.5690E-001
-6.1443E-001
-1.7733E+000
 9.1005E-001
-4.2746E-001
-1.9079E+000
 1.0626E+000
-4.6907E-001
-1.9227E+000
 1.2794E+000
-5.8611E-001
-1.9994E+000
 1.0542E+000
-4.4025E-001
-2.4835E+000
 1.1548E+000
-8.3911E-002
-2.0847E+000
 9.6378E-001
-3.5936E-001
-2.1562E+000
 1.0403E+000
-3.7893E-001
-2.3915E+000
 1.1750E+000
-2.2329E-001
-2.4878E+000
 1.2104E+000
-1.5829E-001
-2.4829E+000
 1.2495E+000
-1.8466E-001
-2.6755E+000
 1.3902E+000
-4.8074E-002
-2.7218E+000
 1.6010E+000
-1.8623E-001
-2.9102E+000
 1.7348E+000
-1.5524E-001
-2.7323E+000
 1.3644E+000
 5.9217E-002
-2.6749E+000
 1.2992E+000
 3.7578E-002
-2.5164E+000
 1.6751E+000
-3.7029E-001
-2.5367E+000
 1.9029E+000
-5.2444E-001
-2.6233E+000
 2.0581E+000
-5.6228E-001
-2.6254E+000
 1.9815E+000
-5.0215E-001
-2.3437E+000
 1.8953E+000
-7.2037E-001
-9.9302E-001
 1.9707E+000
-1.2883E+000
-2.7012E+000
 2.3313E+000
-6.5206E-001
-2.8069E+000
 2.5256E+000
-6.8789E-001
-2.5939E+000
 2.4499E+000
-8.7198E-001
-2.3895E+000
 2.4188E+000
-9.9250E-001
-2.9332E+000
 2.8882E+000
-7.8145E-001
-2.6195E+000
 2.4880E+000
-7.2387E-001
-2.6300E+000
 2.5037E+000
-8.9831E-001
-2.4066E+000
 2.4731E+000
-1.0533E+000
-2.2455E+000
 2.5999E+000
-1.2376E+000
-2.0220E+000
 2.5083E+000
-1.3371E+000
-2.4096E+000
 2.5336E+000
-1.1028E+000
-2.2254E+000
 2.4171E+000
-1.0628E+000
-2.3537E+000
 2.8126E+000
-1.3242E+000
-2.2026E+000
 2.9474E+000
-1.4724E+000
-2.0365E+000
 2.8315E+000
-1.5012E+000
-1.8508E+000
 2.8856E+000
-1.6272E+000
-2.3004E+000
 3.1669E+000
-1.5310E+000
-2.1037E+000
 2.7005E+000
-1.3399E+000
-1.9485E+000
 2.5747E+000
-1.3416E+000
-1.7659E+000
 2.3369E+000
-1.3213E+000
-1.5464E+000
 2.2790E+000
-1.3566E+000
-2.1230E+000
 2.5797E+000
-1.1774E+000
 4.2074E-001
 2.8050E+000
-1.6257E+000
-1.8337E+000
 2.2379E+000
-1.2207E+000
-1.6570E+000
 1.9851E+000
-1.1954E+000
-1.4364E+000
 2.1251E+000
-1.3638E+000
-1.2383E+000
 2.0461E+000
-1.4060E+000
-1.9665E+000
 1.8374E+000
-1.0985E+000
-1.9800E+000
 1.5693E+000
-9.5874E-001
-1.5067E+000
 2.2905E+000
-1.4737E+000
-1.3260E+000
 2.4306E+000
-1.6591E+000
-1.1575E+000
 2.4625E+000
-1.7389E+000
-9.4207E-001
 2.4138E+000
-1.8234E+000
-1.4212E+000
 2.5551E+000
-1.7650E+000
-2.0098E+000
 3.7596E+000
-3.5894E+000
-1.2640E+000
 2.5742E+000
-1.7497E+000
-1.1294E+000
 2.6063E+000
-1.8313E+000
-9.4810E-001
 2.3816E+000
-1.7567E+000
-7.3447E-001
 2.3861E+000
-1.8183E+000
-1.2549E+000
 2.6930E+000
-1.8432E+000
-1.0341E+000
 2.2132E+000
-1.6153E+000
-8.6455E-001
 2.0094E+000
-1.4946E+000
-6.5384E-001
 1.9214E+000
-1.5561E+000
-4.4307E-001
 1.8545E+000
-1.5753E+000
-9.7129E-001
 1.8712E+000
-1.2620E+000
-1.1306E+000
 1.9950E+000
-1.1582E+000
-7.0983E-001
 1.9683E+000
-1.5623E+000
-5.1906E-001
 1.8872E+000
-1.6218E+000
-3.3646E-001
 2.0236E+000
-1.7713E+000
-1.2165E-001
 1.9732E+000
-1.7946E+000
-6.6360E-001
 1.9392E+000
-1.5238E+000
-7.9500E-001
 1.6776E+000
-8.5024E-001
-4.2027E-001
 2.2527E+000
-1.8821E+000
-2.5162E-001
 2.3891E+000
-2.0295E+000
-7.7754E-002
 2.2991E+000
-2.0474E+000
 1.2151E-001
 2.3203E+000
-2.1022E+000
-3.7916E-001
 2.6580E+000
-2.1244E+000
-6.0626E-001
 6.5684E-001
-4.5160E-001
-1.5863E-001
 2.2378E+000
-1.9625E+000
-2.4668E-002
 2.1508E+000
-1.9483E+000
 1.6680E-001
 1.9345E+000
-1.8758E+000
 3.7140E-001
 1.8904E+000
-1.9422E+000
-1.7562E-001
 2.0866E+000
-1.8474E+000
 6.1795E-001
 1.7097E+000
-2.6463E+000
 6.5769E-002
 1.8001E+000
-1.7538E+000
 2.6441E-001
 1.5458E+000
-1.6492E+000
 4.3306E-001
 1.5882E+000
-1.7241E+000
 6.4550E-001
 1.5274E+000
-1.6631E+000
 6.2417E-002
 1.3229E+000
-1.4099E+000
-1.5509E-001
 1.0987E+000
-1.1416E+000
 3.6428E-001
 1.7596E+000
-1.8129E+000
 4.9003E-001
 1.7460E+000
-1.8908E+000
 6.8062E-001
 1.9513E+000
-2.0643E+000
 8.1202E-001
 1.9903E+000
-2.0979E+000
 3.4443E-001
 1.7660E+000
-1.7398E+000
 2.3512E-001
 1.5162E+000
-1.3713E+000
 5.9509E-001
 2.1203E+000
-2.1457E+000
 6.9358E-001
 2.2528E+000
-2.3381E+000
 5.5217E-001
 2.4384E+000
-2.4409E+000
 5.7868E-001
 2.6174E+000
-2.5829E+000
 4.9314E-001
 2.4400E+000
-2.3886E+000
