 1.3048E+000
 1.7792E+000
-1.3758E+000
 1.2239E+000
 1.5923E+000
-1.3619E+000
 1.1462E+000
 1.5276E+000
-1.3298E+000
 1.0049E+000
 1.6137E+000
-1.3455E+000
 1.0864E+000
 1.5771E+000
-1.4192E+000
 1.0150E+000
 1.4171E+000
-1.2550E+000
 1.1853E+000
 1.3448E+000
-1.2873E+000
 1.0984E+000
 1.2742E+000
-1.2692E+000
 9.8922E-001
 1.0764E+000
-1.2084E+000
 1.0766E+000
 9.7952E-001
-1.1553E+000
 1.3199E+000
 1.2974E+000
-1.1500E+000
 2.3669E+000
 1.5166E+000
-1.0408E+000
 8.1004E-001
 1.0759E+000
-1.2001E+000
 6.6197E-001
 9.1801E-001
-1.1284E+000
 5.3994E-001
 8.2063E-001
-1.0662E+000
 4.8389E-001
 9.0352E-001
-1.1330E+000
 4.0437E-001
 9.0251E-001
-1.2791E+000
 2.9218E-001
 8.3195E-001
-1.3532E+000
 5.0939E-001
 6.2442E-001
-9.7440E-001
 3.5711E-001
 4.8723E-001
-8.7109E-001
 1.4673E-001
 4.0093E-001
-8.6508E-001
 1.7259E-001
 3.6822E-001
-8.5616E-001
 5.8671E-001
 2.6183E-001
-6.3089E-001
 1.5467E+000
 4.5936E-001
-4.8712E-001
-2.7037E-002
 4.3787E-001
-8.9221E-001
-1.9815E-001
 3.8233E-001
-8.9629E-001
-3.4389E-001
 1.9262E-001
-7.7075E-001
-4.1371E-001
 2.1090E-001
-7.8194E-001
-3.2886E-001
 5.3034E-001
-1.0433E+000
-6.9460E-001
 8.6074E-001
-1.0409E+000
-3.9809E-001
 6.7445E-002
-6.0445E-001
-5.3500E-001
-1.4421E-001
-3.9797E-001
-7.7622E-001
-1.8763E-001
-3.9198E-001
-7.1523E-001
-1.4198E-002
-4.5401E-001
-2.9247E-001
-3.6336E-001
-1.9229E-001
 1.2622E-001
-1.8091E-001
-6.8875E-002
-1.0107E+000
-3.0191E-001
-2.1197E-001
-1.1346E+000
-2.5158E-001
-1.7101E-001
-1.2775E+000
-3.9215E-001
 7.6152E-002
-1.2763E+000
-4.4532E-001
 1.0039E-001
-1.4200E+000
-3.1741E-001
 2.3889E-001
-1.4239E+000
-3.8201E-001
 5.8896E-001
-1.4342E+000
-3.8534E-001
 6.4565E-001
-1.4337E+000
-2.9741E-001
 6.4098E-001
-1.6039E+000
-2.1289E-001
 8.3380E-001
-1.3168E+000
-5.8978E-001
 9.6895E-001
-1.1912E+000
-7.5835E-001
 1.1653E+000
-1.3673E+000
-5.5234E-001
 1.2197E+000
-1.4267E+000
-5.0064E-001
 1.3214E+000
-9.8864E-001
-9.2966E-001
 1.4539E+000
-1.1453E+000
-5.8336E-001
 1.1964E+000
-1.3851E+000
-5.3540E-001
 1.1588E+000
-1.6142E+000
-3.5848E-001
 1.1711E+000
-1.7550E+000
-1.1249E-002
 8.9042E-001
-1.8773E+000
-1.3321E-002
 8.6849E-001
-1.6883E+000
-7.7229E-002
 6.4742E-001
-1.7419E+000
 1.7777E-001
 4.0460E-001
-1.7598E+000
 3.5956E-001
 2.2341E-001
-1.8280E+000
 5.3035E-001
 1.1873E-001
-1.6131E+000
 3.1208E-002
 1.6721E-001
-1.7113E+000
 3.2866E-001
 1.8332E-001
-1.7660E+000
 6.8160E-001
-1.3055E-001
-1.5764E+000
 7.0362E-001
-4.1179E-001
-1.5898E+000
 9.0322E-001
-5.6038E-001
-1.4177E+000
 5.6114E-001
-4.2787E-001
-1.1789E+000
 5.7813E-001
-6.7899E-001
-1.1470E+000
 7.9504E-001
-7.9886E-001
-1.0272E+000
 8.7423E-001
-9.4980E-001
-9.8531E-001
 2.9108E-001
-7.0261E-001
-5.1353E-001
-3.4483E-001
-4.6926E-001
-1.2120E+000
 8.1018E-001
-7.7536E-001
-1.2159E+000
 1.0992E+000
-8.9985E-001
-1.2665E+000
 1.2950E+000
-9.9039E-001
-1.1785E+000
 1.4815E+000
-1.1783E+000
-1.4691E+000
 1.2277E+000
-9.2656E-001
-1.4807E+000
 1.5066E+000
-9.7086E-001
-1.2813E+000
 1.5908E+000
-1.1281E+000
-1.2881E+000
 1.7629E+000
-1.2418E+000
-1.5342E+000
 1.6136E+000
-9.1759E-001
-1.5562E+000
 1.5877E+000
-8.6725E-001
-1.1237E+000
 1.4761E+000
-1.1070E+000
-9.8433E-001
 1.5195E+000
-1.2420E+000
-7.8113E-001
 1.5035E+000
-1.3475E+000
-6.4130E-001
 1.5558E+000
-1.4243E+000
-9.1887E-001
 1.3491E+000
-1.0693E+000
-1.3323E+000
 1.3551E+000
-1.1135E+000
-7.8070E-001
 1.5156E+000
-1.3558E+000
-6.2528E-001
 1.4907E+000
-1.4290E+000
-5.9255E-001
 1.6970E+000
-1.5982E+000
-4.5399E-001
 1.7310E+000
-1.6449E+000
-6.2558E-001
 1.4062E+000
-1.3095E+000
-7.4331E-001
 1.7918E+000
-1.6484E+000
-7.2654E-001
 1.9332E+000
-1.7665E+000
-6.3693E-001
 1.9742E+000
-1.8073E+000
-5.4711E-001
 2.0517E+000
-1.8942E+000
-9.1132E-001
 2.0422E+000
-1.7853E+000
-6.6424E-001
 7.1663E-001
-5.2404E-001
-6.9977E-001
 1.9200E+000
-1.7335E+000
-6.3620E-001
 1.9474E+000
-1.7650E+000
-4.1524E-001
 1.9066E+000
-1.7720E+000
-3.2531E-001
 1.9796E+000
-1.8340E+000
-7.2803E-001
 1.8286E+000
-1.6767E+000
-2.0995E-001
 1.9885E+000
-2.0454E+000
-3.5805E-001
 1.7750E+000
-1.6835E+000
-1.6991E-001
 1.7314E+000
-1.6661E+000
-7.7394E-002
 1.8232E+000
-1.7427E+000
 6.2015E-002
 1.8733E+000
-1.7433E+000
-1.3383E-001
 1.5674E+000
-1.5031E+000
-1.3943E-001
 1.4400E+000
-1.3047E+000
-1.5137E-001
 1.8663E+000
-1.7742E+000
-7.5747E-002
 1.9852E+000
-1.8535E+000
-5.0155E-002
 2.1101E+000
-1.9570E+000
 8.6864E-002
 2.1767E+000
-1.9926E+000
-2.2149E-001
 1.9976E+000
-1.8525E+000
 1.2547E-001
 1.6052E+000
-1.3450E+000
-1.8945E-001
 2.1488E+000
-1.9941E+000
-1.8584E-001
 2.2649E+000
-2.0892E+000
-8.1102E-002
 2.2612E+000
-2.0856E+000
-2.8929E-002
 2.3490E+000
-2.1507E+000
-3.5267E-001
 2.2537E+000
-2.1499E+000
-1.7184E+000
 3.5259E+000
-1.8457E+000
-5.8127E-002
 2.1568E+000
-2.0015E+000
 3.9774E-002
 2.1351E+000
-1.9507E+000
 2.3852E-001
 2.1598E+000
-1.9367E+000
 3.1736E-001
 2.2109E+000
-1.9866E+000
-1.8656E-002
 1.9833E+000
-1.7962E+000
-1.2308E+000
 2.8493E+000
-1.0309E+000
 3.0350E-001
 2.0766E+000
-1.8624E+000
 4.9444E-001
 2.1035E+000
-1.8230E+000
 5.4865E-001
 2.1755E+000
-1.8808E+000
 7.2529E-001
 2.2524E+000
-1.8316E+000
 5.6513E-001
 2.0737E+000
-1.5730E+000
 3.2403E-002
 1.6219E+000
-8.6462E-001
 4.2395E-001
 2.2439E+000
-1.9625E+000
 4.6709E-001
 2.3449E+000
-2.0232E+000
 5.4811E-001
 2.2738E+000
-1.9458E+000
 6.7627E-001
 2.3554E+000
-1.9457E+000
 4.5767E-001
 2.1743E+000
-1.8946E+000
 5.0958E-001
 2.1294E+000
-1.8270E+000
 3.1926E-001
 2.0969E+000
-1.8521E+000
 1.7755E-001
 2.0916E+000
-1.8908E+000
 5.7048E-001
 1.9660E+000
-1.5929E+000
 4.8465E-001
 1.7967E+000
-1.3702E+000
 3.3360E-001
 2.1303E+000
-1.8681E+000
 1.5716E-001
 2.0987E+000
-1.9163E+000
 9.3286E-002
 1.9196E+000
-1.7609E+000
 2.0760E-001
 1.8173E+000
-1.6876E+000
 2.4570E-001
 2.2849E+000
-2.0026E+000
 5.0752E-001
 2.2924E+000
-1.8111E+000
-7.9889E-002
 1.8814E+000
-1.7683E+000
-1.8672E-001
 1.6522E+000
-1.6550E+000
-1.7810E-001
 1.7167E+000
-1.6916E+000
-2.9228E-001
 1.8437E+000
-1.7884E+000
-4.9957E-001
 1.4666E+000
-1.7940E+000
-1.0335E+000
 8.7285E-001
-1.8757E+000
-1.3107E-001
 1.5678E+000
-1.6663E+000
-8.9630E-002
 1.7094E+000
-1.7159E+000
-2.5034E-001
 1.4032E+000
-1.6174E+000
-1.9790E-001
 1.1536E+000
-1.4449E+000
 3.8513E-001
 1.9892E+000
-1.3838E+000
 7.4608E-001
 2.4534E+000
-1.2972E+000
-4.1634E-001
 1.4381E+000
-1.7570E+000
-5.4499E-001
 1.1878E+000
-1.8086E+000
-5.8542E-001
 1.3050E+000
-1.8576E+000
-5.9383E-001
 1.6314E+000
-1.9864E+000
-7.8530E-001
 1.0598E+000
-2.0106E+000
-1.1325E+000
 1.5016E+000
-2.0738E+000
-5.6202E-001
 1.0961E+000
-1.7740E+000
-5.9268E-001
 1.1665E+000
-1.8040E+000
-1.0070E+000
 1.2616E+000
-2.2055E+000
-1.0958E+000
 1.4564E+000
-2.2503E+000
-4.5791E-001
 8.4073E-001
-1.6356E+000
-3.8725E-001
 6.0968E-001
-1.5105E+000
-1.2697E+000
 1.1159E+000
-2.2874E+000
-1.6554E+000
 1.1762E+000
-2.7811E+000
-1.6563E+000
 1.4872E+000
-2.9437E+000
-2.0070E+000
 1.6366E+000
-3.0307E+000
-1.4625E+000
 1.6503E+000
-2.7497E+000
-1.5064E+000
 2.0724E+000
-2.8362E+000
-1.4086E+000
 2.4048E+000
-2.7357E+000
-1.6974E+000
 2.7739E+000
-2.9281E+000
-1.3684E+000
 2.1829E+000
-2.7584E+000
-1.8884E+000
 1.8085E+000
-2.9799E+000
-9.8756E-001
 2.3326E+000
-2.4387E+000
-8.1030E-001
 2.5833E+000
-2.2974E+000
-1.0448E+000
 2.6692E+000
-2.4716E+000
-9.4604E-001
 3.0755E+000
-2.4952E+000
-4.3889E-001
 2.3140E+000
-1.9978E+000
-4.6487E-001
 2.4230E+000
-1.2797E+000
-1.2306E+000
 2.3648E+000
-2.6184E+000
-1.6395E+000
 2.3151E+000
-2.8604E+000
-2.0689E+000
 2.6545E+000
-3.1990E+000
-2.1897E+000
 3.0862E+000
-3.2968E+000
-1.7304E+000
 1.5963E+000
-3.0075E+000
-1.5513E+000
 3.0292E+000
-2.1497E+000
-2.1968E+000
 2.5911E+000
-3.2919E+000
-2.6894E+000
 2.9437E+000
-3.6743E+000
-2.5992E+000
 3.4814E+000
-3.5982E+000
-2.9590E+000
 3.8866E+000
-3.8364E+000
-2.8961E+000
 2.6228E+000
-3.8373E+000
-3.2803E+000
 2.2541E+000
-4.5041E+000
-2.1644E+000
 3.6634E+000
-3.2904E+000
-2.0484E+000
 4.2273E+000
-3.2092E+000
-1.9693E+000
 4.5371E+000
-3.1331E+000
-2.2224E+000
 5.1807E+000
-3.2941E+000
-1.7044E+000
 4.2487E+000
-2.8744E+000
-1.7198E+000
 4.2507E+000
-2.9996E+000
-1.6359E+000
 4.5216E+000
-2.9155E+000
-2.0694E+000
 4.6756E+000
-3.2526E+000
-2.0815E+000
 5.1422E+000
-3.2368E+000
-1.3329E+000
 4.2195E+000
-2.6762E+000
-2.4313E+000
 4.3562E+000
-3.4336E+000
-2.9722E+000
 4.4065E+000
-3.8075E+000
-3.2667E+000
 4.9671E+000
-3.9661E+000
-3.4604E+000
 5.3580E+000
-4.0787E+000
-3.3001E+000
 3.7267E+000
-4.0656E+000
-3.4696E+000
 3.4145E+000
-4.2082E+000
-3.2850E+000
 5.0201E+000
-3.9781E+000
-3.5909E+000
 5.5919E+000
-4.1627E+000
-3.4113E+000
 6.2088E+000
-4.0061E+000
-3.7670E+000
 6.5480E+000
-4.1843E+000
-3.4800E+000
 5.6001E+000
-4.0830E+000
-2.9817E+000
 8.7318E+000
-4.8812E+000
-2.9155E+000
 6.3499E+000
-3.7171E+000
-2.7339E+000
 7.0198E+000
-3.5084E+000
-2.5043E+000
 6.7609E+000
-3.4098E+000
-2.0186E+000
 6.5739E+000
-3.1278E+000
-2.2372E+000
 7.4316E+000
-3.2119E+000
-7.4376E-001
 7.9656E+000
-1.0332E+000
-2.8972E+000
 6.7761E+000
-3.6470E+000
-2.7712E+000
 6.5722E+000
-3.5801E+000
-2.2654E+000
 6.8018E+000
-3.2809E+000
-2.2200E+000
 7.4320E+000
-3.1940E+000
-1.8391E+000
 6.3497E+000
-3.0611E+000
-1.3516E+000
 6.4188E+000
-2.8496E+000
-1.3360E+000
 6.0499E+000
-2.8068E+000
-1.7057E+000
 5.6903E+000
-3.0098E+000
-9.2026E-001
 6.3411E+000
-2.6702E+000
-1.3659E+000
 5.4772E+000
-2.4171E+000
-9.7575E-001
 6.1062E+000
-2.5685E+000
-9.7135E-001
 5.7113E+000
-2.5938E+000
-1.0253E+000
 5.0015E+000
-2.6756E+000
-1.4095E+000
 4.7437E+000
-2.8865E+000
-4.9951E-001
 5.8514E+000
-2.2350E+000
-6.5659E-001
 5.8311E+000
-2.4399E+000
-6.5267E-001
 4.7730E+000
-2.4638E+000
-5.7879E-001
 4.1261E+000
-2.5480E+000
-1.2045E+000
 4.0033E+000
-2.7523E+000
-1.4233E+000
 3.6278E+000
-2.8453E+000
 4.8795E-002
 4.2300E+000
-2.3759E+000
 6.9001E-001
 4.0776E+000
-2.6497E+000
-1.3484E+000
 4.3354E+000
-2.8363E+000
-1.8491E+000
 4.2703E+000
-3.0560E+000
-2.2990E+000
 4.2608E+000
-3.3838E+000
-2.6860E+000
 4.0150E+000
-3.6022E+000
-2.2490E+000
 4.5616E+000
-3.3477E+000
-2.6308E+000
 4.5678E+000
-3.5927E+000
-2.5874E+000
 4.0156E+000
-3.5610E+000
-2.9447E+000
 3.7578E+000
-3.8260E+000
-2.5316E+000
 5.1099E+000
-3.5803E+000
-5.1029E+000
 4.9541E+000
-1.0821E+000
-2.0758E+000
 3.8077E+000
-3.2720E+000
-2.0284E+000
 3.3174E+000
-3.2094E+000
-2.2032E+000
 2.8463E+000
-3.3264E+000
-2.4219E+000
 2.4958E+000
-3.4384E+000
-1.5426E+000
 3.2481E+000
-2.8706E+000
-7.6689E-001
 3.4312E+000
-2.6474E+000
-2.0969E+000
 2.8611E+000
-3.2509E+000
-2.2677E+000
 2.4549E+000
-3.3421E+000
-2.8596E+000
 2.3957E+000
-3.7423E+000
-3.0700E+000
 1.9455E+000
-3.8545E+000
-2.0646E+000
 2.6275E+000
-3.2431E+000
-3.0790E+000
 2.8763E+000
-3.8838E+000
-3.6477E+000
 2.9128E+000
-4.2502E+000
-3.9193E+000
 2.6429E+000
-4.4288E+000
-4.3262E+000
 2.3712E+000
-4.6881E+000
-3.8229E+000
 3.6059E+000
-4.4031E+000
-4.7012E+000
 4.2882E+000
-5.7531E+000
-3.7042E+000
 2.7153E+000
-4.2797E+000
-3.9398E+000
 2.4522E+000
-4.4304E+000
-3.9524E+000
 1.8314E+000
-4.4110E+000
-4.3327E+000
 1.5297E+000
-4.6559E+000
-3.6855E+000
 2.6821E+000
-4.2578E+000
-3.3698E+000
 2.9146E+000
-4.5967E+000
-3.4894E+000
 1.5777E+000
-4.1012E+000
-3.4531E+000
 1.0248E+000
-4.0500E+000
-3.7982E+000
 7.0718E-001
-4.3111E+000
-4.0872E+000
 2.5880E-001
-4.5111E+000
-3.0722E+000
 8.9690E-001
-3.7325E+000
-2.5589E+000
 7.4784E-001
-3.3880E+000
-3.7920E+000
 9.2449E-001
-4.3136E+000
-4.1130E+000
 7.0464E-001
-4.5380E+000
-4.6832E+000
 7.4909E-001
-4.9260E+000
-5.0008E+000
 3.7569E-001
-5.1275E+000
-4.0370E+000
 1.0826E+000
-4.5160E+000
-3.5472E+000
 1.0320E+000
-4.3452E+000
-4.8219E+000
 1.2136E+000
-5.0061E+000
-5.3669E+000
 1.2899E+000
-5.3452E+000
-5.5134E+000
 8.3936E-001
-5.4390E+000
-5.9685E+000
 6.7734E-001
-5.6841E+000
-5.5126E+000
 1.9189E+000
-5.3948E+000
-5.4849E+000
 1.7482E+000
-5.3741E+000
-5.1448E+000
 6.5150E-001
-5.1611E+000
-5.2524E+000
 1.8595E-001
-5.2551E+000
-5.2167E+000
-4.2995E-001
-5.2433E+000
-5.2458E+000
-8.5660E-001
-5.2747E+000
-4.9309E+000
 2.6924E-001
-5.0145E+000
-5.1186E+000
-4.7672E-001
-5.1975E+000
-5.0629E+000
-1.0448E+000
-5.1919E+000
-4.6005E+000
-1.3892E+000
-4.8994E+000
-4.5691E+000
-1.9544E+000
-4.9154E+000
-4.2070E+000
-1.0397E+000
-4.6179E+000
-3.7584E+000
-1.2934E+000
-4.3266E+000
-3.3705E+000
-1.2309E+000
-4.0498E+000
-3.4224E+000
-8.4809E-001
-4.0711E+000
-3.7437E+000
-9.2856E-001
-4.1877E+000
-4.9972E+000
-7.6681E-001
-4.6705E+000
-2.9714E+000
-1.5852E+000
-3.8114E+000
-2.5474E+000
-1.5567E+000
-3.5125E+000
-2.2526E+000
-1.0377E+000
-3.1603E+000
-2.1612E+000
-9.0413E-001
-3.0738E+000
-2.2088E+000
-2.1590E+000
-3.3963E+000
-2.9088E+000
-4.5155E-001
-3.7068E+000
-2.0564E+000
-7.2082E-001
-3.0033E+000
-1.7157E+000
-2.1676E-001
-2.7152E+000
-1.2877E+000
-4.1561E-001
-2.1087E+000
-1.2209E+000
-8.5135E-001
-1.9149E+000
-1.6986E+000
 6.0474E-003
-2.7883E+000
-1.7108E+000
 1.0887E-001
-2.8481E+000
-1.0573E+000
-1.4470E-001
-1.9530E+000
-6.7402E-001
-2.7061E-001
-1.4774E+000
-1.7278E-001
-1.1853E-001
-1.1019E+000
-1.5693E-001
 2.5124E-001
-1.3595E+000
-6.1977E-001
 1.4231E-001
-1.4480E+000
-1.5614E+000
 7.0382E-001
-1.4601E+000
-3.7476E-002
-4.7344E-001
-6.9989E-001
 3.1236E-001
-3.4578E-001
-6.1797E-001
 6.5110E-001
 4.2154E-002
-6.0192E-001
 8.4470E-001
 2.5044E-001
-6.2586E-001
 5.8334E-001
-6.8625E-001
-5.6068E-001
 3.1084E-001
-9.5767E-001
-5.3069E-001
 7.1327E-001
 2.3436E-001
-6.2122E-001
 1.0552E+000
 5.9138E-001
-6.1691E-001
 9.0190E-001
 1.0629E+000
-9.1214E-001
 1.1203E+000
 1.3036E+000
-8.8822E-001
 1.2294E+000
 5.6388E-001
-5.2283E-001
 1.8479E+000
 1.6759E-001
 1.9772E+000
 4.5190E-001
 1.0823E+000
-1.2259E+000
 2.5665E-001
 1.5351E+000
-1.5078E+000
 3.4344E-001
 1.4821E+000
-1.4374E+000
 5.0415E-001
 1.7967E+000
-1.4284E+000
-3.0190E-001
 1.5017E+000
-1.9030E+000
-1.0024E-002
 2.3631E+000
-3.3215E+000
 1.3584E-001
 1.1040E+000
-1.4034E+000
 2.1569E-001
 1.1103E+000
-1.3648E+000
 5.4912E-001
 1.2095E+000
-1.1999E+000
 5.9650E-001
 1.5055E+000
-1.2246E+000
 1.0402E-001
 6.6544E-001
-1.3784E+000
-7.4532E-002
 5.9396E-001
-1.4662E+000
 8.3569E-001
 1.0637E+000
-9.8696E-001
 1.1522E+000
 1.1549E+000
-8.1404E-001
 1.2895E+000
 1.6177E+000
-8.6380E-001
 1.4151E+000
 1.7560E+000
-9.2176E-001
 1.3957E+000
 1.0007E+000
-5.1255E-001
 1.9833E+000
 5.7048E-001
 5.2515E-001
 1.2760E+000
 1.8547E+000
-1.0261E+000
 1.3855E+000
 2.3705E+000
-1.0906E+000
 1.1924E+000
 2.6377E+000
-1.2626E+000
 1.3652E+000
 2.9382E+000
-1.3566E+000
 1.2882E+000
 2.5119E+000
-1.2043E+000
 8.6651E-001
 2.5068E+000
-1.4173E+000
 6.6326E-001
 2.6533E+000
-1.6250E+000
 7.5968E-001
 2.5556E+000
-1.5067E+000
 7.4844E-001
 2.7684E+000
-1.5603E+000
 2.8281E-001
 2.4676E+000
-1.7880E+000
-3.7488E-001
 2.5840E+000
-1.8982E+000
 8.7482E-001
 2.2430E+000
-1.3084E+000
 8.6620E-001
 2.1656E+000
-1.2477E+000
 1.1807E+000
 2.3570E+000
-1.2359E+000
 1.2076E+000
 2.5113E+000
-1.3087E+000
 8.1758E-001
 1.9496E+000
-1.0274E+000
 6.5538E-001
 1.8966E+000
-9.9415E-001
 1.4124E+000
 2.2857E+000
-1.1369E+000
 1.6901E+000
 2.4822E+000
-1.0339E+000
 1.5987E+000
 2.9513E+000
-1.1780E+000
 1.7168E+000
 3.0701E+000
-1.1901E+000
 1.8460E+000
 2.4112E+000
-9.3018E-001
 2.3786E+000
 1.7582E+000
-1.1690E+000
 1.4817E+000
 3.0148E+000
-1.3050E+000
 1.3672E+000
 3.5252E+000
-1.6509E+000
 1.2865E+000
 3.3310E+000
-1.7424E+000
 1.3380E+000
 3.4177E+000
-1.8794E+000
 1.0602E+000
 3.6525E+000
-2.1909E+000
 1.7590E+000
 3.1989E+000
-3.8702E+000
 1.0415E+000
 3.1567E+000
-1.7521E+000
 9.4887E-001
 2.9708E+000
-1.8513E+000
 1.0845E+000
 2.9836E+000
-1.7772E+000
 1.0940E+000
 3.0784E+000
-1.9192E+000
 8.2798E-001
 2.7217E+000
-1.9616E+000
 1.7672E-003
 4.7293E+000
 5.8725E-001
 1.1740E+000
 2.7919E+000
-1.5869E+000
 1.2226E+000
 2.7430E+000
-1.4716E+000
 1.4200E+000
 2.9431E+000
-1.4506E+000
 1.4452E+000
 2.9370E+000
-1.4111E+000
 1.2472E+000
 2.5557E+000
-1.2056E+000
 1.1454E+000
 2.5987E+000
-1.1132E+000
 1.4534E+000
 3.1588E+000
-1.5474E+000
 1.6162E+000
 3.4078E+000
-1.4941E+000
 1.5831E+000
 3.5203E+000
-1.6849E+000
 1.6716E+000
 3.6397E+000
-1.6796E+000
 1.7078E+000
 3.5961E+000
-1.5440E+000
 1.3773E+000
 3.3740E+000
-1.8737E+000
 1.3692E+000
 3.3366E+000
-2.0406E+000
 1.2958E+000
 3.2125E+000
-1.9706E+000
 1.3079E+000
 3.0675E+000
-1.7627E+000
 1.3778E+000
 3.2169E+000
-2.4858E+000
 1.9923E+000
 2.3628E+000
-1.4209E+000
 1.3151E+000
 3.1768E+000
-2.0494E+000
 1.2932E+000
 3.1223E+000
-2.0215E+000
 1.1890E+000
 2.9529E+000
-2.0132E+000
 1.1748E+000
 2.8804E+000
-1.9112E+000
 1.3132E+000
 3.1154E+000
-2.1450E+000
 3.3057E+000
-1.1630E+000
-3.3987E+000
 1.1145E+000
 2.8878E+000
-2.1416E+000
 9.5678E-001
 2.7615E+000
-2.1380E+000
 9.4931E-001
 2.6204E+000
-1.9588E+000
 8.5244E-001
 2.5087E+000
-1.9396E+000
 7.7010E-001
 2.7440E+000
-2.2244E+000
 3.7212E+000
 2.7500E+000
-3.2629E+000
 1.0282E+000
 2.6446E+000
-1.8629E+000
 1.0259E+000
 2.5193E+000
-1.6758E+000
 1.1525E+000
 2.5438E+000
-1.5665E+000
 1.2155E+000
 2.4589E+000
-1.4969E+000
 1.0946E+000
 2.4939E+000
-1.5387E+000
 8.6714E-001
 2.4518E+000
-1.6665E+000
 1.2042E+000
 2.6732E+000
-1.6256E+000
 1.2648E+000
 2.6887E+000
-1.5343E+000
 1.3501E+000
 2.5842E+000
-1.5025E+000
 1.5171E+000
 2.4907E+000
-1.3748E+000
 1.2582E+000
 2.7836E+000
-1.4546E+000
 1.4210E+000
 2.0787E+000
-1.3830E+000
 1.2359E+000
 2.4660E+000
-1.5915E+000
 1.2444E+000
 2.3915E+000
-1.5636E+000
 1.1921E+000
 2.2036E+000
-1.4844E+000
 1.2550E+000
 2.0870E+000
-1.4453E+000
 1.1635E+000
 2.4456E+000
-1.6003E+000
 1.2200E+000
 2.5923E+000
-1.6233E+000
 1.1602E+000
 2.1646E+000
-1.4587E+000
 1.1071E+000
 1.9765E+000
-1.3975E+000
 9.3575E-001
 1.9529E+000
-1.4498E+000
 8.8840E-001
 2.0795E+000
-1.5471E+000
 8.4709E-001
 1.7518E+000
-1.4470E+000
 6.6861E-001
 1.7113E+000
-1.4661E+000
 5.5429E-001
 1.5175E+000
-1.4154E+000
 6.2555E-001
 1.4157E+000
-1.3334E+000
 7.2909E-001
 1.7387E+000
-1.4329E+000
 8.1273E-001
 1.6966E+000
-1.2789E+000
 3.8214E-001
 1.5021E+000
-1.4421E+000
 2.4108E-001
 1.3282E+000
-1.3794E+000
 1.6630E-001
 1.2415E+000
-1.3353E+000
 4.7898E-002
 1.3128E+000
-1.4078E+000
 9.1794E-002
 1.3036E+000
-1.4718E+000
-2.0837E-001
 6.9227E-001
-1.5013E+000
 2.5439E-001
 1.0634E+000
-1.2401E+000
 2.3043E-001
 9.7287E-001
-1.1580E+000
-4.2660E-004
 7.5394E-001
-1.1121E+000
 7.8594E-003
 6.2447E-001
-1.0126E+000
 5.0707E-001
 9.1166E-001
-9.9573E-001
 3.1506E-001
 1.0136E+000
-1.1655E+000
-1.8513E-001
 7.8590E-001
-1.1922E+000
-4.1558E-001
 6.3362E-001
-1.1824E+000
-4.5521E-001
 4.3666E-001
-1.0521E+000
-5.5997E-001
 5.0597E-001
-1.1162E+000
-7.0482E-001
 7.9208E-001
-1.4305E+000
-1.1345E+000
 4.3532E-001
-1.5583E+000
-4.8344E-001
 2.3339E-001
-8.3394E-001
-5.6238E-001
 5.6036E-003
-7.5965E-001
-4.3846E-001
 2.2894E-002
-7.0703E-001
-5.7358E-001
-5.7883E-002
-7.0331E-001
-1.5408E-001
 5.5985E-002
-7.5161E-001
-4.5523E-002
 7.9333E-002
-7.0021E-001
 2.3067E-001
 7.1243E-002
-6.4671E-001
 3.0231E-001
 2.1357E-001
-6.9158E-001
-7.8207E-002
 4.3339E-001
-8.5479E-001
 5.5522E-001
 2.4701E-001
-6.1083E-001
 3.4959E-001
-7.5977E-002
-5.3582E-001
 3.0816E-001
-2.4617E-001
-4.1462E-001
 8.8676E-002
-3.8118E-001
-3.2358E-001
-1.1247E-002
-4.1219E-001
-3.3085E-001
 4.9770E-001
-3.3798E-001
-3.5375E-001
 5.7399E-001
-2.7430E-001
-5.4223E-001
 3.0487E-002
-5.2975E-001
-2.0066E-001
-1.6254E-001
-6.4291E-001
-6.7442E-002
-4.4740E-002
-8.4868E-001
 1.5790E-001
-2.1915E-001
-9.8597E-001
 3.1367E-001
-2.2723E-001
-6.2035E-001
-1.1419E-001
 1.4137E-001
-1.6453E-001
-2.0041E+000
 1.4946E-001
-9.3138E-001
 1.2521E-001
 2.4819E-001
-1.1202E+000
 2.6548E-001
 5.1613E-001
-1.1228E+000
 2.3290E-001
 6.3509E-001
-9.6236E-001
 9.6962E-002
 2.2866E-001
-1.1893E+000
 3.1025E-001
 2.3707E-001
-1.1960E+000
 3.4144E-001
 6.2836E-001
-1.3046E+000
 3.4972E-001
 9.2337E-001
-1.3152E+000
 3.3025E-001
 1.1272E+000
-1.3151E+000
 2.7536E-001
 1.3367E+000
-1.1814E+000
 2.1241E-001
 9.9630E-001
-1.5045E+000
 5.5544E-001
 9.3330E-001
-1.5630E+000
 7.1077E-001
 1.0335E+000
-1.4123E+000
 3.1987E-001
 1.1952E+000
-1.3341E+000
 2.8406E-001
 1.1817E+000
-1.0159E+000
 1.2224E-001
 1.3895E+000
-8.2151E-001
 1.0484E-001
 1.0445E+000
-1.5088E+000
 3.9715E-001
 8.7450E-001
-1.5992E+000
 4.1874E-001
 9.6144E-001
-9.2168E-001
 4.4271E-002
 9.2982E-001
-6.1330E-001
-1.2042E-001
 1.1267E+000
-4.8281E-001
-1.5965E-001
 1.2722E+000
-1.8656E-001
-2.3640E-001
 6.0303E-001
-5.1477E-001
-1.6961E-001
 2.1495E-002
-4.7007E-001
-2.5886E-001
 1.1485E+000
-6.2329E-001
-8.4527E-002
 1.2883E+000
-5.4150E-001
-1.1847E-001
 1.6344E+000
-5.1151E-001
-3.8589E-002
 1.8171E+000
-2.7098E-001
 4.3899E-003
 1.1720E+000
-7.7550E-001
-4.7958E-003
 1.7203E+000
-6.8687E-001
 1.0484E-001
 2.0777E+000
-6.9671E-001
 2.0010E-001
 2.1686E+000
-4.3386E-001
 8.6019E-002
 2.4084E+000
-2.7315E-001
 1.2828E-001
 2.0683E+000
-1.1125E+000
 3.1208E-001
 3.0326E+000
-1.0105E+000
 1.7502E+000
 1.9818E+000
-4.0030E-001
 5.0112E-002
 2.0129E+000
-1.1526E-001
-6.9658E-002
 2.0681E+000
 1.9837E-001
-1.8092E-001
 2.2661E+000
 4.7356E-001
-2.6733E-001
 1.6739E+000
-1.2013E-001
-1.4891E-001
 1.9023E+000
 1.6322E-001
-2.2928E-001
 1.9675E+000
 4.8295E-001
-3.0842E-001
 2.2500E+000
 5.1247E-001
-3.0118E-001
 2.4354E+000
 8.1072E-001
-3.9595E-001
 1.7871E+000
 6.0997E-001
-3.2427E-001
 8.8820E-001
 1.2806E+000
-3.5444E-001
 2.3653E+000
 2.6286E-001
-1.3374E-001
 2.5768E+000
 2.7258E-001
-5.3243E-002
 2.9274E+000
 3.8796E-001
-2.6008E-002
 3.1760E+000
 6.0361E-001
 1.1033E-002
 2.4933E+000
 7.0507E-002
 2.6489E-001
 2.8717E+000
 1.4267E+000
-1.7265E+000
 2.9183E+000
 2.8506E-001
 3.7618E-002
 3.2060E+000
 3.8263E-001
 7.2152E-002
 3.2434E+000
 7.2856E-001
-1.2632E-001
 3.5116E+000
 8.7119E-001
-1.2284E-001
 3.2299E+000
 2.8826E-001
 2.1035E-001
 3.3065E+000
 2.8368E-001
 8.0981E-001
 2.9862E+000
 8.4529E-001
-2.6399E-001
 2.9974E+000
 1.2324E+000
-5.0341E-001
 3.0845E+000
 1.3787E+000
-5.5072E-001
 3.0560E+000
 1.6503E+000
-7.4503E-001
 2.6177E+000
 1.2735E+000
-7.6623E-001
 3.1772E+000
 1.2288E+000
-4.2114E-001
 3.2663E+000
 1.3653E+000
-4.7524E-001
 2.9652E+000
 1.4457E+000
-6.3553E-001
 2.9889E+000
 1.5740E+000
-7.7540E-001
 2.6989E+000
 1.3657E+000
-6.5781E-001
 2.3388E+000
 1.3963E+000
-8.4793E-001
 2.3302E+000
 1.0830E+000
-6.9884E-001
 2.1869E+000
 7.9072E-001
-5.7599E-001
 1.9694E+000
 1.3319E+000
-9.0903E-001
 1.9252E+000
 1.4831E+000
-1.1785E+000
 2.1320E+000
 1.0341E+000
-8.1042E-001
 2.0425E+000
 8.5080E-001
-6.8628E-001
 1.7612E+000
 8.3031E-001
-8.6470E-001
 1.7268E+000
 9.7294E-001
-9.7986E-001
 2.2800E+000
 8.7242E-001
-5.6293E-001
 2.7871E+000
 7.8925E-001
-1.4324E-001
 1.6304E+000
 6.7314E-001
-7.8581E-001
 1.4321E+000
 6.8772E-001
-8.7914E-001
 1.4853E+000
 6.7782E-001
-8.7892E-001
 1.5835E+000
 5.6575E-001
-7.7442E-001
 1.2309E+000
 6.3300E-001
-8.1997E-001
 1.2590E+000
 6.1537E-001
-7.3269E-001
 1.4019E+000
 7.7065E-001
-9.7119E-001
 1.4413E+000
 7.8856E-001
-9.9013E-001
 1.3000E+000
 6.5463E-001
-9.4660E-001
 1.3180E+000
 6.1091E-001
-9.1057E-001
 1.4274E+000
 9.1332E-001
-1.1024E+000
 1.5264E+000
 6.6981E-001
-1.2816E+000
 1.1081E+000
 6.5301E-001
-9.6429E-001
 9.3201E-001
 5.4294E-001
-9.1179E-001
 7.7193E-001
 4.5155E-001
-8.6257E-001
 7.4796E-001
 5.0230E-001
-9.0152E-001
 7.8254E-001
 5.6397E-001
-1.0369E+000
 1.1430E+000
 6.4496E-001
-7.8562E-001
 7.0324E-001
 3.1245E-001
-7.8179E-001
 5.0981E-001
 1.9429E-001
-7.1156E-001
 3.4119E-001
 1.7482E-001
-7.0294E-001
 3.4820E-001
 1.3320E-001
-6.7179E-001
 6.1553E-001
-2.0904E-002
-4.7402E-001
 6.2898E-001
-8.4268E-002
-4.3434E-001
 1.6795E-001
 2.6152E-001
-7.6973E-001
-6.4496E-002
 2.6192E-001
-7.6713E-001
-2.5034E-001
 1.4316E-001
-6.8073E-001
-2.7525E-001
 1.5230E-001
-6.8216E-001
-1.8086E-001
 4.2886E-001
-9.3270E-001
-1.4505E-001
 4.9870E-001
-1.0148E+000
-3.4854E-001
 8.2103E-002
-5.5229E-001
-5.4056E-001
-2.6622E-002
-4.2898E-001
-7.6068E-001
 9.5202E-002
-4.4884E-001
-8.2486E-001
 1.8335E-001
-4.9212E-001
-4.8710E-001
-2.8598E-001
-2.6240E-001
 5.2457E-001
 5.6243E-001
 1.1889E+000
-8.7619E-001
 1.4863E-001
-4.8139E-001
-1.0788E+000
 3.3219E-001
-4.5019E-001
-1.2567E+000
 2.1611E-001
-2.6075E-001
-1.3357E+000
 1.3108E-001
-1.3626E-001
-1.1161E+000
 4.4454E-001
-5.3785E-001
-2.0053E+000
 1.2543E+000
-7.0381E-001
-1.3907E+000
 2.8681E-001
-2.2524E-001
-1.4727E+000
 2.8166E-001
-6.6964E-002
-1.7469E+000
 4.4369E-001
 5.4122E-002
-1.7648E+000
 5.9522E-001
-4.7167E-003
-1.4537E+000
 3.5931E-001
-2.7154E-001
-1.3957E+000
 4.9976E-001
-3.0851E-001
-1.8330E+000
 3.8894E-001
 1.9486E-001
-2.0329E+000
 5.4786E-001
 3.8112E-001
-2.0127E+000
 5.5023E-001
 6.0167E-001
-1.9157E+000
 4.0159E-001
 6.8341E-001
-1.9314E+000
 4.5931E-001
 3.1939E-001
-2.0268E+000
 5.3714E-001
 2.2881E-001
-2.1348E+000
 7.5811E-001
 7.2514E-001
-2.0826E+000
 8.4641E-001
 1.0616E+000
-2.1781E+000
 7.8397E-001
 1.2260E+000
-2.1947E+000
 7.9111E-001
 1.1793E+000
-2.3695E+000
 1.0674E+000
 1.1626E+000
-2.5086E+000
 9.6928E-001
 7.3363E-001
-2.0385E+000
 7.8340E-001
 1.4437E+000
-1.9720E+000
 6.9281E-001
 1.6460E+000
-2.0096E+000
 9.1026E-001
 1.9098E+000
-1.9948E+000
 8.6833E-001
 2.0181E+000
-1.9348E+000
 6.1573E-001
 1.7170E+000
-1.8301E+000
 4.8658E-001
 1.6162E+000
-2.1694E+000
 1.1299E+000
 1.9235E+000
-2.2423E+000
 1.3446E+000
 2.1384E+000
-2.2967E+000
 1.3794E+000
 1.9396E+000
-2.2355E+000
 1.3818E+000
 2.1308E+000
-2.4281E+000
 1.6688E+000
 2.1836E+000
-2.2873E+000
 1.7091E+000
 2.4364E+000
-2.4524E+000
 1.2908E+000
 1.6886E+000
-2.5201E+000
 1.1677E+000
 1.4187E+000
-2.3610E+000
 9.3165E-001
 1.4278E+000
-2.3865E+000
 9.5575E-001
 1.3931E+000
-2.7685E+000
 1.1478E+000
 1.1569E+000
-2.8948E+000
 1.4400E+000
 1.0401E+000
-2.1916E+000
 7.7190E-001
 1.4520E+000
-2.0385E+000
 4.9591E-001
 1.4832E+000
-1.9575E+000
 5.1304E-001
 1.7338E+000
-1.8365E+000
 3.5468E-001
 1.7880E+000
-2.0087E+000
 2.4129E-001
 1.3420E+000
-2.0411E+000
 6.7439E-002
 1.1567E+000
-1.9068E+000
 7.4538E-001
 2.0951E+000
-1.5889E+000
 8.1134E-001
 2.4035E+000
-1.6303E+000
 9.3915E-001
 2.4539E+000
-1.4347E+000
 7.5185E-001
 2.5765E+000
-1.5695E+000
 1.2042E+000
 2.7050E+000
-1.3922E+000
 1.2432E+000
 2.8631E+000
-1.9596E+000
 1.0864E+000
 2.3727E+000
-2.0642E+000
 1.3415E+000
 2.4353E+000
-1.9750E+000
 1.0485E+000
 2.1511E+000
-1.8090E+000
 9.8869E-001
 2.3779E+000
-2.4748E+000
 1.8471E+000
 2.1953E+000
-2.5739E+000
 2.5667E+000
 2.5973E+000
-2.1531E+000
 8.0883E-001
 1.7764E+000
-2.1164E+000
 3.3107E-001
 1.4140E+000
-1.7818E+000
-1.3569E-001
 1.7029E+000
-1.6447E+000
-5.8017E-001
 1.6022E+000
-2.4121E+000
 1.4491E-001
 8.2449E-001
-3.2320E+000
 6.9843E-001
-2.4872E-001
-1.5049E+000
 4.0465E-002
 1.9456E+000
-1.0514E+000
-4.7929E-001
 2.2283E+000
-7.2851E-001
-3.4622E-001
 2.7269E+000
-3.6426E-001
-8.7592E-001
 2.9327E+000
-1.0354E+000
-6.7354E-001
 2.1718E+000
-1.2174E+000
-1.0373E+000
 1.8468E+000
-7.4049E-001
 5.6514E-002
 2.9720E+000
-1.0854E-001
 1.9915E-001
 3.5410E+000
 2.7029E-002
 2.1968E-001
 3.6971E+000
 5.9377E-001
-6.6571E-002
 4.1399E+000
 5.5988E-002
 9.2691E-001
 3.7906E+000
 1.8539E-001
 2.1329E+000
 4.5007E+000
-3.8939E-001
 3.9252E-001
 3.3913E+000
-2.6909E-001
 3.4411E-001
 3.4822E+000
-2.7438E-001
-3.4778E-001
 3.1797E+000
-6.0732E-001
-4.3871E-001
 2.8633E+000
 7.5505E-002
-8.8345E-001
 3.2721E+000
 4.2320E-002
-1.7193E+000
 3.0118E+000
 7.2560E-001
-2.2672E+000
 3.4792E+000
 1.1328E+000
-2.3076E+000
 3.8364E+000
-2.8797E-001
-2.0496E+000
 2.5942E+000
-1.0674E+000
-2.4866E+000
 2.2552E+000
 8.4190E-001
-2.7872E+000
 3.4474E+000
 1.4839E+000
-3.3801E+000
 3.9136E+000
 1.3546E+000
-4.3509E+000
 3.5772E+000
 8.0750E-001
-4.5217E+000
 3.0129E+000
 1.7537E+000
-3.0860E+000
 4.2796E+000
 3.9588E+000
-1.0860E-001
 4.5271E+000
 1.9096E+000
-4.9667E+000
 3.8926E+000
 1.8726E+000
-5.8885E+000
 3.6104E+000
 2.5273E+000
-6.4464E+000
 3.9714E+000
 3.0832E+000
-6.2466E+000
 4.5227E+000
 1.7274E+000
-6.2410E+000
 3.3945E+000
 1.5559E+000
-5.7253E+000
 3.4556E+000
 2.4234E+000
-7.1447E+000
 3.6661E+000
 3.0238E+000
-7.7706E+000
 3.9259E+000
 3.2625E+000
-8.4120E+000
 3.9374E+000
 2.9987E+000
-9.0160E+000
 3.4857E+000
 2.7170E+000
-8.2002E+000
 3.4358E+000
 3.9312E+000
-9.3695E+000
 3.5354E+000
 3.7908E+000
-8.2863E+000
 4.4689E+000
 4.0886E+000
-8.8456E+000
 4.5517E+000
 4.1587E+000
-9.7806E+000
 4.2183E+000
 3.8933E+000
-1.0154E+001
 3.8345E+000
 4.8992E+000
-8.7171E+000
 5.2421E+000
 4.5149E+000
-1.0257E+001
 4.3609E+000
 4.5839E+000
-1.1196E+001
 4.0595E+000
 3.9246E+000
-1.1548E+001
 3.3547E+000
 3.9818E+000
-1.2327E+001
 3.0690E+000
 5.0282E+000
-1.1493E+001
 4.2746E+000
 5.2539E+000
-1.0443E+001
 4.7215E+000
 3.3124E+000
-1.1000E+001
 3.0451E+000
 2.6571E+000
-1.1296E+001
 2.3675E+000
 2.0669E+000
-1.0777E+001
 2.0656E+000
 1.5321E+000
-1.1018E+001
 1.4884E+000
 2.4592E+000
-1.1223E+001
 2.2093E+000
 2.4255E+000
-1.0478E+001
 2.3909E+000
 2.2008E+000
-1.0049E+001
 2.4249E+000
 1.6738E+000
-9.4753E+000
 2.2152E+000
 1.0592E+000
-8.9687E+000
 1.8782E+000
 4.8990E-001
-8.5573E+000
 1.5799E+000
 1.1454E+000
-8.9709E+000
 1.9394E+000
 6.2997E-001
-8.4674E+000
 1.6263E+000
 5.0286E-001
-7.4763E+000
 1.9018E+000
 1.0114E+000
-7.0861E+000
 2.4252E+000
 7.6950E-001
-8.6341E+000
 1.7071E+000
 7.4999E-001
-1.1713E+001
-1.5053E-001
-1.3806E-001
-7.0898E+000
 1.4951E+000
-2.9842E-001
-6.1188E+000
 1.6153E+000
-4.8310E-001
-5.5504E+000
 1.6217E+000
-7.8988E-001
-5.7816E+000
 1.2950E+000
-9.4046E-001
-5.8476E+000
 1.1269E+000
-9.2684E-001
-5.5580E+000
 1.1921E+000
-2.5638E-001
-4.7351E+000
 2.0248E+000
-3.5880E-001
-4.1137E+000
 2.0845E+000
-5.1972E-001
-3.1747E+000
 2.1869E+000
-2.7599E-001
-3.0677E+000
 2.4052E+000
 4.5226E-001
-4.2705E+000
 2.5193E+000
 7.3617E-001
-6.2946E+000
 2.5102E+000
-9.0372E-001
-2.5840E+000
 2.0085E+000
-1.0619E+000
-1.7171E+000
 2.0907E+000
-1.0538E+000
-1.0626E+000
 2.2798E+000
-1.5370E+000
-8.4761E-001
 1.9662E+000
-1.7105E+000
-1.5530E+000
 1.5847E+000
-1.8218E+000
-3.6451E-001
 1.4438E+000
-5.4094E-001
-6.8735E-001
 2.8495E+000
-4.7535E-001
-5.0992E-002
 3.1369E+000
-1.0409E+000
 5.4088E-001
 2.8312E+000
-1.0349E+000
 7.6135E-001
 2.8940E+000
-1.4349E-001
 2.3581E-001
 3.6363E+000
 4.1148E-001
 8.6578E-001
 2.9370E+000
-1.5561E+000
 8.0407E-001
 2.4417E+000
-2.1225E+000
 1.3169E+000
 2.1700E+000
-2.6076E+000
 8.9737E-001
 1.5908E+000
-2.9657E+000
 1.1092E+000
 1.3783E+000
-2.3486E+000
 1.8764E+000
 2.2049E+000
-2.5324E+000
 1.8484E+000
 1.4761E+000
-2.6382E+000
 2.5502E-001
 1.3345E+000
-3.1622E+000
-2.2140E-001
 7.1539E-001
-2.8820E+000
-8.2411E-001
 8.3349E-001
-2.8598E+000
-5.8268E-001
 9.2840E-001
-3.5090E+000
-7.4186E-001
 3.1598E-001
-4.0643E+000
 2.0953E-001
-4.0686E-001
-2.6999E+000
-1.6020E+000
 8.0313E-001
-2.4296E+000
-2.2697E+000
 8.2818E-001
-1.7051E+000
-2.3407E+000
 1.4339E+000
-1.3092E+000
-2.8662E+000
 1.6135E+000
-2.5836E+000
-3.0563E+000
 4.1534E-001
 4.4940E-001
-3.2285E+000
-1.1824E+000
-1.5103E+000
-1.8539E+000
 1.7418E+000
-8.2896E-001
-1.9078E+000
 2.3135E+000
-5.3546E-001
-2.6898E+000
 2.3394E+000
-8.9214E-001
-3.0973E+000
 1.8874E+000
-7.8152E-001
-1.1203E+000
 2.6019E+000
-1.8858E+000
-1.1632E+000
 1.8536E+000
 9.7900E-002
-2.9390E+000
 2.8287E+000
 3.8234E-001
-3.6720E+000
 2.8267E+000
 3.2919E-001
-3.3214E+000
 2.9045E+000
 4.2428E-001
-2.5990E+000
 3.2073E+000
 1.0851E+000
-4.0262E+000
 3.4033E+000
 9.3518E-001
-2.9509E+000
 3.6772E+000
 1.4985E-001
-3.8012E+000
 2.5435E+000
 1.0473E-001
-3.4968E+000
 2.6052E+000
 7.2672E-001
-3.1878E+000
 3.2996E+000
 6.7621E-001
-2.5125E+000
 3.5159E+000
-1.0253E-002
-4.2112E+000
 2.2497E+000
-1.3714E-001
-2.4510E+000
-5.6450E-001
 1.2980E+000
-3.7024E+000
 3.6464E+000
 1.9442E+000
-3.5128E+000
 4.3077E+000
 2.1117E+000
-3.0899E+000
 4.6178E+000
 2.2449E+000
-3.5198E+000
 4.5857E+000
 2.4817E+000
-4.3130E+000
 4.3742E+000
 2.3760E+000
-4.1595E+000
 4.3488E+000
 2.0986E+000
-2.2803E+000
 4.9189E+000
 2.2279E+000
-1.8013E+000
 5.2251E+000
 2.8787E+000
-2.1436E+000
 5.6536E+000
 3.4434E+000
-2.2144E+000
 6.1449E+000
 2.3028E+000
-8.2356E-001
 5.6030E+000
 1.0416E+000
-8.9978E-001
 7.1141E+000
 2.7582E+000
-2.3447E+000
 5.4808E+000
 3.3168E+000
-2.6620E+000
 5.8223E+000
 3.5916E+000
-3.6112E+000
 5.7462E+000
 4.0657E+000
-3.9975E+000
 6.0153E+000
 3.2708E+000
-4.0017E+000
 5.3282E+000
 3.5053E+000
-4.9048E+000
 5.2300E+000
 2.9766E+000
-5.4624E+000
 4.5770E+000
 2.3733E+000
-5.1682E+000
 4.1407E+000
 3.8193E+000
-4.9815E+000
 5.4972E+000
 6.1913E+000
-4.5572E+000
 6.0317E+000
 3.2266E+000
-6.2953E+000
 4.5225E+000
 2.8163E+000
-6.9502E+000
 3.9384E+000
 2.6677E+000
-7.1756E+000
 3.7256E+000
 3.1227E+000
-7.5890E+000
 3.9677E+000
 3.1331E+000
-7.7830E+000
 3.9805E+000
 2.7085E+000
-8.4981E+000
 3.1019E+000
 2.0422E+000
-6.8794E+000
 3.2542E+000
 1.8074E+000
-7.0085E+000
 2.9907E+000
 2.0859E+000
-7.9347E+000
 2.9094E+000
 2.2506E+000
-8.0783E+000
 2.9955E+000
 1.0608E+000
-6.7483E+000
 2.3461E+000
 1.0137E+000
-5.3745E+000
 1.8156E+000
 2.0867E+000
-8.5629E+000
 2.7146E+000
 2.3363E+000
-9.4850E+000
 2.6194E+000
 3.1269E+000
-9.7384E+000
 3.2157E+000
 3.4241E+000
-9.7588E+000
 3.4554E+000
 1.9301E+000
-9.9377E+000
 2.1994E+000
 2.7193E+000
-1.0783E+001
 1.3821E+000
 3.4568E+000
-9.8879E+000
 3.4626E+000
 4.2014E+000
-1.0160E+001
 4.0209E+000
 4.5812E+000
-9.4914E+000
 4.5706E+000
 5.1225E+000
-9.7105E+000
 4.9423E+000
 4.4533E+000
-1.0361E+001
 4.1607E+000
 5.1823E+000
-9.7510E+000
 4.4051E+000
 4.2754E+000
-8.6624E+000
 4.5964E+000
 4.5921E+000
-7.9714E+000
 5.1032E+000
 4.9382E+000
-7.6570E+000
 5.5232E+000
 4.9834E+000
-6.8935E+000
 5.8222E+000
 5.1636E+000
-8.2443E+000
 5.5217E+000
 5.5197E+000
-8.0542E+000
 5.9085E+000
 5.1360E+000
-7.2391E+000
 5.8545E+000
 4.4970E+000
-7.1142E+000
 5.3551E+000
 5.5688E+000
-8.8718E+000
 5.7225E+000
 3.7660E+000
-1.0159E+001
 6.3411E+000
 5.5357E+000
-6.7035E+000
 6.3816E+000
 5.2603E+000
-5.8695E+000
 6.4167E+000
 4.9011E+000
-5.9311E+000
 6.1000E+000
 5.1305E+000
-6.4994E+000
 6.1115E+000
 5.8434E+000
-5.4201E+000
 7.1468E+000
 6.2070E+000
-4.0598E+000
 7.9269E+000
 4.3323E+000
-5.3032E+000
 5.8130E+000
 3.8988E+000
-5.2396E+000
 5.4794E+000
 4.2218E+000
-4.8671E+000
 5.8755E+000
 4.6080E+000
-4.3094E+000
 6.3732E+000
 3.2283E+000
-4.6628E+000
 5.0906E+000
 2.5322E+000
-5.1969E+000
 4.6591E+000
 4.0743E+000
-5.1945E+000
 5.6523E+000
 4.3160E+000
-4.9161E+000
 5.9451E+000
 3.6385E+000
-4.5206E+000
 5.4858E+000
 3.0623E+000
-4.5871E+000
 4.9737E+000
 4.7251E+000
-5.6140E+000
 6.0184E+000
 4.8142E+000
-6.1702E+000
 5.9221E+000
 3.7177E+000
-4.1058E+000
 5.6277E+000
 3.0304E+000
-3.5951E+000
 5.1568E+000
 3.0519E+000
-4.0671E+000
 5.0807E+000
 3.6471E+000
-4.4885E+000
 5.4897E+000
 3.1766E+000
-2.5283E+000
 5.4212E+000
 4.0253E+000
-1.6282E+000
 4.9519E+000
 2.4315E+000
-4.1286E+000
 4.5793E+000
 2.3259E+000
-4.4583E+000
 4.4944E+000
 2.4100E+000
-3.9081E+000
 4.6348E+000
 2.1232E+000
-3.0943E+000
 4.5974E+000
 1.6882E+000
-4.7675E+000
 4.0069E+000
-6.2650E-001
-6.3735E+000
 3.7549E+000
 2.7063E+000
-4.2182E+000
 4.8593E+000
 2.8537E+000
-3.8053E+000
 5.0854E+000
 2.1930E+000
-3.3476E+000
 4.6401E+000
 2.1179E+000
-2.7340E+000
 4.7711E+000
 3.1269E+000
-4.3969E+000
 5.2031E+000
 4.1886E+000
-5.0425E+000
 7.2560E+000
 1.7796E+000
-3.7443E+000
 4.2423E+000
 1.2599E+000
-3.5541E+000
 3.8223E+000
 9.0873E-001
-2.8131E+000
 3.6401E+000
 5.0691E-001
-2.3897E+000
 3.4742E+000
 9.7076E-001
-4.1683E+000
 3.2860E+000
 1.0191E+000
-5.3264E+000
 3.4622E+000
 9.4691E-001
-2.6549E+000
 3.7257E+000
 6.0682E-001
-2.0061E+000
 3.5764E+000
 7.9449E-001
-1.3255E+000
 3.9598E+000
 6.0802E-001
-8.2904E-001
 3.9544E+000
 5.2452E-001
-2.0675E+000
 3.4528E+000
 7.9837E-002
-3.0919E+000
 2.6158E+000
 1.1357E+000
-1.3216E+000
 4.2993E+000
 1.2472E+000
-8.0904E-001
 4.6377E+000
 8.5784E-001
-3.1413E-001
 4.4559E+000
 6.7287E-001
-4.4710E-001
 4.2340E+000
 1.6710E+000
-9.3372E-001
 5.0110E+000
 2.5272E+000
-1.4269E+000
 5.8056E+000
 6.7351E-001
 1.5159E-001
 4.5370E+000
 3.4499E-001
 6.6257E-001
 4.3452E+000
 3.7203E-001
 5.9996E-001
 4.3595E+000
 4.6736E-002
 7.1982E-001
 4.0616E+000
 3.4362E-001
 1.3052E+000
 4.6899E+000
-3.3642E-001
 2.6087E+000
 5.0126E+000
 7.7547E-001
 4.8027E-001
 4.7136E+000
 8.0165E-001
 4.7762E-001
 4.7449E+000
 5.8951E-001
-2.7564E-002
 4.4023E+000
 3.3151E-001
 5.2228E-002
 4.1175E+000
 1.2503E+000
 4.0207E-001
 5.1883E+000
 1.5641E+000
 4.2900E-001
 5.3831E+000
 7.7349E-001
-4.7048E-001
 4.3568E+000
 6.7466E-001
-9.0592E-001
 4.1081E+000
 1.6105E-001
-8.4622E-001
 3.6560E+000
-1.8820E-001
-8.7905E-001
 3.4230E+000
 9.3175E-001
-1.4260E+000
 4.1234E+000
 1.1700E+000
-1.8090E+000
 4.2282E+000
-3.9723E-002
-5.8757E-001
 3.5434E+000
-4.7937E-001
-4.6485E-001
 3.0552E+000
-6.8241E-001
-1.5710E-001
 2.9936E+000
-9.2251E-001
-2.4709E-001
 2.6997E+000
-6.9294E-001
-1.5427E-001
 3.0037E+000
-8.2998E-001
-2.2266E-001
 2.7525E+000
-5.8702E-001
 2.2140E-001
 3.2267E+000
-7.1113E-001
 3.9899E-001
 3.1858E+000
-7.3401E-001
 1.7672E-001
 3.1043E+000
-7.5732E-001
 1.7948E-001
 2.9112E+000
-7.6419E-001
 7.4987E-001
 3.4750E+000
-1.3636E+000
 1.8157E+000
 3.5803E+000
-4.9167E-001
-2.7650E-002
 3.2155E+000
-5.0564E-001
-3.4300E-001
 3.1138E+000
-7.6649E-001
-6.5710E-001
 2.8408E+000
-8.5718E-001
-7.3165E-001
 2.5828E+000
-2.6283E-001
-6.4715E-001
 3.4816E+000
-7.7325E-001
-4.6561E-001
 4.4608E+000
-7.5659E-001
-8.1458E-001
 2.7479E+000
-8.8324E-001
-1.0239E+000
 2.5628E+000
-1.0179E+000
-7.9260E-001
 2.1794E+000
-1.0462E+000
-9.1199E-001
 2.0117E+000
-8.4403E-001
-1.0356E+000
 2.8109E+000
-6.5727E-001
-4.5930E-001
 4.5929E+000
-1.1286E+000
-5.1615E-001
 2.1868E+000
-1.2831E+000
-3.2590E-001
 1.9294E+000
-1.2932E+000
-3.2075E-001
 1.9067E+000
-1.3024E+000
-3.9088E-001
 1.6507E+000
-1.4686E+000
 8.3529E-002
 2.0040E+000
-1.6292E+000
 1.8584E-001
 1.8179E+000
-1.1860E+000
-1.7667E-001
 2.0680E+000
-1.1212E+000
-2.8968E-001
 2.0970E+000
-1.1635E+000
-7.0586E-001
 1.8991E+000
-1.1368E+000
-7.5457E-001
 1.6865E+000
-1.0737E+000
-2.6558E-001
 2.5135E+000
-1.8782E+000
-1.1104E+000
 2.4337E+000
-1.0674E+000
-8.0140E-001
 1.9229E+000
-1.1063E+000
-1.0997E+000
 1.8282E+000
-1.1058E+000
-1.1106E+000
 1.6168E+000
-1.1133E+000
-1.2176E+000
 1.4444E+000
-1.1467E+000
-1.2773E+000
 2.0952E+000
-1.7755E+000
 2.8844E-002
 1.0614E+000
-1.1329E+000
-1.0402E+000
 1.5703E+000
-1.1046E+000
-9.9100E-001
 1.2111E+000
-1.1697E+000
-8.9355E-001
 1.0612E+000
-1.0804E+000
-9.9815E-001
 8.5093E-001
-1.2284E+000
-7.5838E-001
 1.1329E+000
-7.7548E-001
-3.4704E-001
 6.5279E-001
-1.2059E+000
-7.2372E-001
 1.1055E+000
-1.2070E+000
-7.1848E-001
 1.0964E+000
-1.0927E+000
-9.7507E-001
 1.0541E+000
-9.1510E-001
-9.9810E-001
 9.3498E-001
-1.4824E+000
-6.0441E-001
 1.2418E+000
-1.8082E+000
-4.8275E-002
 8.8885E-001
-1.0387E+000
-9.6279E-001
 1.1040E+000
-8.9034E-001
-1.2305E+000
 1.1037E+000
-8.8264E-001
-1.4042E+000
 9.9814E-001
-7.0417E-001
-1.5351E+000
 9.4581E-001
-9.2335E-001
-1.3988E+000
 1.4210E+000
-2.5382E+000
-2.2622E+000
 3.8206E-001
-8.9846E-001
-1.3689E+000
 1.0089E+000
-8.0655E-001
-1.4168E+000
 9.2627E-001
-6.6964E-001
-1.2894E+000
 7.3698E-001
-4.6362E-001
-1.3183E+000
 6.8285E-001
-9.9349E-001
-1.3244E+000
 1.1199E+000
-4.1397E+000
-1.6564E+000
 1.1303E+000
-7.3535E-001
-1.1459E+000
 6.9826E-001
-6.4636E-001
-1.0004E+000
 5.0512E-001
-5.5075E-001
-1.0410E+000
 4.7393E-001
-4.1715E-001
-9.6768E-001
 3.9407E-001
-8.3715E-001
-8.6459E-001
 3.4927E-001
-1.6075E+000
 5.3344E-004
-7.7071E-002
-6.0308E-001
-1.0362E+000
 5.9589E-001
-4.7627E-001
-1.1730E+000
 6.8973E-001
-2.3074E-001
-1.2656E+000
 5.9055E-001
-1.0662E-001
-1.2168E+000
 5.6596E-001
-6.3639E-001
-1.4600E+000
 9.2405E-001
-1.2092E-001
-1.4042E+000
 6.5026E-001
 1.3376E-001
-1.4419E+000
 6.3212E-001
 2.3859E-001
-1.3209E+000
 5.0265E-001
 4.2521E-001
-1.3051E+000
 4.6725E-001
 2.8504E-001
-1.5682E+000
 7.7950E-001
-4.9879E-002
-1.5048E+000
 7.4293E-001
 1.5187E-001
-1.1931E+000
 4.3007E-001
 2.5080E-001
-1.0340E+000
 2.8474E-001
 2.6119E-001
-9.0957E-001
 1.9527E-001
 4.5426E-001
-8.2353E-001
 1.1338E-001
 9.7641E-002
-9.0829E-001
 2.7561E-001
 3.0864E-001
-7.4807E-001
-3.5005E-002
 9.8033E-002
-8.7911E-001
 2.3715E-001
 8.3486E-002
-8.2452E-001
 1.9292E-001
 2.8093E-001
-9.3085E-001
 2.2453E-001
 4.1636E-001
-8.3438E-001
 1.6468E-001
-4.3481E-002
-8.0388E-001
 2.4316E-001
-7.5970E-001
-4.6458E-001
-2.7365E-001
 3.0344E-001
-1.0627E+000
 3.4434E-001
 5.1307E-001
-1.1930E+000
 4.0908E-001
 7.3263E-001
-1.1617E+000
 3.4346E-001
 8.9608E-001
-1.1548E+000
 3.2218E-001
 7.3991E-001
-1.1462E+000
 3.3347E-001
 9.7976E-001
-1.0549E+000
 2.7495E-001
 1.0372E+000
-8.8996E-001
 1.3352E-001
 1.2223E+000
-8.7746E-001
 1.3316E-001
 9.4949E-001
-1.0353E+000
 2.4440E-001
 9.5570E-001
-9.9152E-001
 2.3496E-001
 8.8605E-001
-7.6431E-001
 4.8965E-002
 9.3570E-001
-5.9735E-001
-6.0337E-002
 9.8698E-001
-5.9825E-001
-6.5097E-002
 1.1400E+000
-5.2015E-001
-1.0698E-001
 6.7116E-001
-4.3884E-001
-2.4859E-001
 4.5279E-001
 4.0469E-001
-7.2647E-001
 8.5985E-001
-6.8832E-001
 2.0376E-002
 8.9920E-001
-7.2617E-001
 4.9740E-002
 1.1366E+000
-7.9740E-001
 8.2996E-002
 1.2487E+000
-7.4354E-001
 5.5395E-002
 7.6930E-001
-8.3499E-001
 1.4270E-001
 7.9352E-001
-1.0077E+000
-1.9881E-001
 1.2192E+000
-9.1148E-001
 1.5713E-001
 1.4388E+000
-9.7470E-001
 1.9953E-001
 1.5984E+000
-8.2880E-001
 1.0342E-001
 1.7712E+000
-8.2013E-001
 1.0213E-001
 1.4993E+000
-1.0791E+000
 3.2447E-001
 2.2827E+000
-2.0675E+000
-1.3228E+000
 1.5522E+000
-7.3325E-001
 3.4081E-002
 1.6938E+000
-5.7132E-001
-5.1941E-002
 1.7195E+000
-4.6546E-001
-1.3488E-001
 1.9019E+000
-4.0346E-001
-1.6559E-001
 1.5180E+000
-4.2266E-001
-4.0878E-002
 4.0970E+000
 4.5994E-001
-9.1570E-001
 1.5483E+000
-4.4641E-001
-1.5056E-001
 1.5501E+000
-3.4734E-001
-2.1621E-001
 1.6850E+000
-4.3435E-001
-1.5360E-001
 1.8086E+000
-3.4508E-001
-2.0953E-001
 1.3333E+000
-3.2925E-001
-2.5645E-001
 1.6627E+000
-6.0368E-001
-3.5772E-002
 1.7898E+000
-7.0561E-001
 3.1081E-002
 2.0204E+000
-6.7798E-001
 2.0817E-002
 2.1617E+000
-6.7792E-001
 1.8602E-002
 1.7619E+000
-8.5469E-001
 3.8430E-002
 1.8331E+000
-7.0740E-001
 1.1685E-001
 2.0647E+000
-6.7814E-001
 1.8217E-002
 2.2596E+000
-6.3956E-001
 1.6193E-002
 2.3340E+000
-4.6119E-001
-1.1528E-001
 2.5217E+000
-4.2716E-001
-1.3368E-001
 2.1994E+000
-6.8133E-001
 3.1372E-002
 2.1949E+000
-3.5255E-001
-2.0181E-001
 2.2533E+000
-1.6209E-001
-3.0912E-001
 2.2485E+000
-3.2014E-002
-3.8778E-001
 2.3051E+000
 1.0258E-001
-5.0176E-001
 2.1897E+000
-8.9083E-002
-3.3818E-001
 2.1779E+000
 3.3113E-002
-4.1065E-001
 2.0223E+000
 1.4857E-001
-4.8499E-001
 1.9809E+000
 3.1792E-001
-5.3278E-001
 2.1792E+000
 1.4219E-002
-3.9777E-001
 2.6625E+000
-4.4931E-002
 3.4275E-002
 1.8480E+000
 1.1402E-001
-4.7025E-001
 1.6631E+000
 2.0277E-001
-5.8845E-001
 1.5449E+000
 1.6750E-001
-5.6410E-001
 1.6153E+000
 6.7698E-002
-4.9287E-001
 1.5985E+000
 1.7667E-001
-5.8873E-001
 1.4646E+000
 1.4537E-001
-6.0581E-001
 1.3695E+000
 2.4456E-001
-6.4729E-001
 1.2504E+000
 2.0919E-001
-6.2692E-001
 1.0075E+000
 1.4409E-001
-6.5098E-001
 9.6134E-001
 2.0096E-001
-6.9396E-001
 1.2558E+000
 3.1144E-001
-6.8307E-001
 1.6323E+000
-3.0642E-001
-2.3690E+000
 8.9357E-001
 4.4022E-002
-5.4936E-001
 6.7659E-001
-2.2014E-002
-5.2540E-001
 5.1670E-001
 3.4239E-002
-5.3933E-001
 5.5153E-001
 1.5178E-002
-5.2886E-001
 6.9739E-001
-1.5776E-001
-4.3325E-001
 4.3167E-001
 8.7629E-002
 3.5540E-001
 2.9536E-001
 9.1305E-002
-6.1474E-001
 1.0566E-001
 1.8653E-001
-6.2057E-001
-1.2442E-001
 1.3244E-001
-6.4775E-001
-1.5937E-001
 1.4440E-001
-6.4543E-001
 1.1762E-001
 4.5737E-001
-7.8377E-001
-2.6565E-001
 1.6132E-001
-5.4941E-001
-4.9283E-001
 1.3928E-001
-4.6961E-001
-6.5694E-001
 3.6112E-001
-5.8365E-001
-5.8803E-001
 4.7729E-001
-6.8906E-001
-5.9962E-001
 2.4406E-002
-2.3763E-001
-1.3687E+000
-1.8602E+000
 4.1606E-001
-8.3464E-001
 4.2779E-001
-6.3605E-001
-9.7540E-001
 6.6150E-001
-7.0700E-001
-1.1911E+000
 6.6991E-001
-5.5604E-001
-1.3292E+000
 5.6999E-001
-4.7745E-001
-9.6693E-001
 7.0534E-001
-8.4248E-001
-9.6447E-001
 7.6153E-001
-9.2990E-001
-1.2921E+000
 8.2028E-001
-5.7090E-001
-1.4950E+000
 8.7168E-001
-4.1214E-001
-1.6029E+000
 9.9647E-001
-4.4673E-001
-1.6130E+000
 1.1708E+000
-5.4437E-001
-1.7056E+000
 1.0014E+000
-4.2504E-001
-2.1416E+000
 1.1034E+000
-1.0666E-001
-1.7536E+000
 9.1921E-001
-3.5931E-001
-1.8044E+000
 9.7497E-001
-3.7786E-001
-2.0055E+000
 1.1081E+000
-2.3057E-001
-2.0919E+000
 1.1434E+000
-1.9219E-001
-2.0823E+000
 1.1789E+000
-2.0076E-001
-2.2296E+000
 1.3151E+000
-7.5601E-002
-2.2643E+000
 1.4716E+000
-1.8448E-001
-2.4083E+000
 1.5908E+000
-1.4824E-001
-2.2796E+000
 1.3243E+000
 1.1301E-002
-2.2429E+000
 1.2788E+000
-1.4311E-002
-2.0947E+000
 1.5279E+000
-3.5742E-001
-2.1324E+000
 1.6714E+000
-4.9530E-001
-2.1882E+000
 1.7838E+000
-5.5234E-001
-2.1740E+000
 1.7167E+000
-5.0091E-001
-2.0089E+000
 1.6529E+000
-6.3411E-001
-7.7978E-001
 1.7126E+000
-1.1012E+000
-2.2637E+000
 1.9757E+000
-6.4254E-001
-2.3356E+000
 2.1192E+000
-6.9758E-001
-2.1589E+000
 2.0453E+000
-8.5241E-001
-2.0031E+000
 2.0171E+000
-9.4754E-001
-2.4537E+000
 2.4078E+000
-7.8650E-001
-2.1997E+000
 2.0485E+000
-6.8998E-001
-2.1659E+000
 2.0848E+000
-8.9064E-001
-1.9759E+000
 2.0528E+000
-1.0203E+000
-1.8566E+000
 2.1450E+000
-1.1806E+000
-1.6774E+000
 2.0721E+000
-1.2546E+000
-1.9519E+000
 2.0953E+000
-1.0796E+000
-1.7724E+000
 1.9944E+000
-1.0455E+000
-1.9494E+000
 2.3054E+000
-1.2555E+000
-1.8432E+000
 2.4027E+000
-1.3927E+000
-1.7258E+000
 2.3167E+000
-1.3987E+000
-1.5767E+000
 2.3549E+000
-1.5065E+000
-1.9388E+000
 2.5750E+000
-1.4596E+000
-1.7871E+000
 2.2245E+000
-1.2468E+000
-1.6736E+000
 2.1286E+000
-1.2316E+000
-1.5142E+000
 1.9411E+000
-1.2042E+000
-1.3312E+000
 1.8920E+000
-1.2220E+000
-1.8326E+000
 2.1588E+000
-1.0797E+000
 6.9135E-001
 2.3094E+000
-1.5030E+000
-1.5518E+000
 1.8675E+000
-1.1230E+000
-1.3963E+000
 1.6698E+000
-1.0917E+000
-1.2112E+000
 1.7709E+000
-1.2420E+000
-1.0456E+000
 1.7046E+000
-1.2727E+000
-1.6497E+000
 1.5646E+000
-1.0269E+000
-1.6560E+000
 1.3412E+000
-8.8875E-001
-1.2638E+000
 1.8986E+000
-1.3432E+000
-1.1087E+000
 2.0067E+000
-1.5075E+000
-9.8009E-001
 2.0299E+000
-1.5721E+000
-7.9101E-001
 1.9929E+000
-1.6362E+000
-1.1734E+000
 2.0906E+000
-1.6045E+000
-1.7259E+000
 3.1956E+000
-3.3962E+000
-1.0832E+000
 2.1113E+000
-1.5780E+000
-9.8151E-001
 2.1347E+000
-1.6413E+000
-8.3260E-001
 1.9574E+000
-1.5595E+000
-6.5153E-001
 1.9609E+000
-1.6019E+000
-1.0937E+000
 2.2052E+000
-1.6542E+000
-8.9966E-001
 1.8286E+000
-1.4363E+000
-7.5854E-001
 1.6703E+000
-1.3153E+000
-5.6603E-001
 1.5966E+000
-1.3673E+000
-3.8577E-001
 1.5405E+000
-1.3750E+000
-8.3843E-001
 1.5727E+000
-1.1088E+000
-9.7362E-001
 1.6962E+000
-1.0164E+000
-6.0090E-001
 1.6392E+000
-1.3863E+000
-4.2637E-001
 1.5775E+000
-1.4352E+000
-2.7648E-001
 1.6852E+000
-1.5617E+000
-8.8008E-002
 1.6473E+000
-1.5744E+000
-5.3688E-001
 1.6323E+000
-1.3638E+000
-6.3314E-001
 1.4139E+000
-7.0399E-001
-3.4980E-001
 1.8640E+000
-1.6630E+000
-2.1189E-001
 1.9707E+000
-1.7864E+000
-7.3764E-002
 1.8946E+000
-1.7857E+000
 9.6045E-002
 1.9156E+000
-1.8231E+000
-3.2305E-001
 2.1904E+000
-1.8797E+000
-3.1511E-001
 4.2163E-001
-2.3204E+000
-1.5103E-001
 1.8436E+000
-1.7053E+000
-4.2854E-002
 1.7696E+000
-1.6804E+000
 1.2336E-001
 1.5944E+000
-1.6087E+000
 2.9245E-001
 1.5592E+000
-1.6487E+000
-1.7641E-001
 1.7098E+000
-1.5940E+000
 6.6654E-001
 1.2835E+000
-2.3968E+000
 5.2437E-002
 1.4966E+000
-1.5120E+000
 2.2377E-001
 1.2904E+000
-1.4141E+000
 3.7911E-001
 1.3334E+000
-1.4806E+000
 5.6913E-001
 1.2801E+000
-1.4208E+000
 5.3701E-002
 1.1051E+000
-1.2098E+000
-1.4599E-001
 9.1766E-001
-9.6763E-001
 3.2625E-001
 1.4759E+000
-1.5635E+000
 4.4465E-001
 1.4789E+000
-1.6319E+000
 5.9739E-001
 1.6356E+000
-1.7724E+000
 7.2340E-001
 1.6841E+000
-1.8005E+000
 3.4995E-001
 1.5007E+000
-1.5335E+000
 3.0687E-001
 1.3130E+000
-1.1709E+000
 5.1031E-001
 1.7632E+000
-1.8452E+000
 5.8892E-001
 1.8662E+000
-2.0026E+000
 4.7301E-001
 2.0132E+000
-2.1036E+000
 4.8228E-001
 2.1389E+000
-2.2203E+000
 4.1881E-001
 2.0148E+000
-2.0597E+000
