 1.5252E+000
 1.8302E+000
-2.3995E+000
 1.4324E+000
 1.7439E+000
-2.3420E+000
 1.3260E+000
 1.5335E+000
-2.1323E+000
 1.1653E+000
 1.5980E+000
-2.0520E+000
 1.2894E+000
 1.9571E+000
-2.3161E+000
 1.2576E+000
 2.0110E+000
-2.3009E+000
 1.3869E+000
 1.3033E+000
-2.0450E+000
 1.2759E+000
 1.1077E+000
-1.8612E+000
 1.1767E+000
 1.0219E+000
-1.7889E+000
 1.3021E+000
 9.0985E-001
-1.7781E+000
 1.5094E+000
 8.9978E-001
-1.8308E+000
 2.5831E+000
 5.7547E-001
-1.9172E+000
 9.5383E-001
 1.0331E+000
-1.7461E+000
 7.8545E-001
 9.0114E-001
-1.6487E+000
 6.0789E-001
 7.2268E-001
-1.4907E+000
 5.4225E-001
 7.7199E-001
-1.4993E+000
 5.0487E-001
 1.0245E+000
-1.7711E+000
 4.1620E-001
 1.0640E+000
-1.8881E+000
 5.5909E-001
 5.3691E-001
-1.3407E+000
 3.6575E-001
 3.1467E-001
-1.1141E+000
 8.1524E-002
 2.6831E-001
-1.0760E+000
 1.3914E-001
 3.0458E-001
-1.1355E+000
 6.7474E-001
-3.8488E-002
-8.5526E-001
 1.6678E+000
 1.0070E-001
-7.0375E-001
-1.4572E-001
 3.1545E-001
-1.0761E+000
-4.3783E-001
 2.9107E-001
-1.0374E+000
-6.2688E-001
 1.2002E-002
-8.2916E-001
-6.9930E-001
 1.9495E-002
-8.1733E-001
-6.5784E-001
 5.4062E-001
-1.2178E+000
 4.4742E-001
-5.0508E-001
-1.7771E-001
-7.2429E-001
-9.4054E-002
-5.7848E-001
-8.5903E-001
-3.2815E-001
-2.7977E-001
-1.2969E+000
-3.3474E-001
-2.0400E-001
-1.2909E+000
-1.3136E-001
-3.0268E-001
-5.6352E-001
-5.6735E-001
-4.9633E-004
 1.2724E-003
-3.9968E-001
 1.1485E-001
-1.6445E+000
-5.4830E-001
 1.0099E-001
-1.8478E+000
-4.4946E-001
 1.8328E-001
-2.0390E+000
-6.4708E-001
 4.9671E-001
-1.9766E+000
-7.4734E-001
 5.3202E-001
-2.2486E+000
-5.5592E-001
 7.4206E-001
-2.3173E+000
-6.5610E-001
 1.1082E+000
-2.3625E+000
-6.4908E-001
 1.2367E+000
-2.3519E+000
-4.9628E-001
 1.2688E+000
-2.4708E+000
-4.8622E-001
 1.3274E+000
-2.2388E+000
-8.5883E-001
 1.5706E+000
-2.1365E+000
-1.0099E+000
 1.8118E+000
-2.4122E+000
-7.4947E-001
 1.8822E+000
-2.4555E+000
-6.8463E-001
 1.9663E+000
-1.9429E+000
-1.2782E+000
 2.1615E+000
-2.0890E+000
-9.1589E-001
 1.8471E+000
-2.4127E+000
-7.3705E-001
 1.8600E+000
-2.6895E+000
-4.8394E-001
 1.9042E+000
-2.8505E+000
-7.7421E-002
 1.5843E+000
-2.9834E+000
-7.3274E-002
 1.5629E+000
-2.7631E+000
-1.5665E-001
 1.2752E+000
-2.8054E+000
 1.6771E-001
 9.8169E-001
-2.8144E+000
 4.2616E-001
 7.9909E-001
-2.8837E+000
 6.7679E-001
 6.6471E-001
-2.6411E+000
-7.3990E-003
 6.6778E-001
-2.7754E+000
 3.4969E-001
 7.9023E-001
-2.8685E+000
 9.0491E-001
 4.1284E-001
-2.6028E+000
 9.5857E-001
 1.2766E-001
-2.6260E+000
 1.1763E+000
-4.8240E-002
-2.3818E+000
 7.5875E-001
 9.1081E-002
-1.9966E+000
 8.2603E-001
-4.4332E-001
-1.9482E+000
 9.7236E-001
-5.6018E-001
-1.7819E+000
 1.0886E+000
-6.9011E-001
-1.6815E+000
 2.5868E-001
-6.4994E-001
 3.9917E-001
-3.6159E+000
-4.6658E+000
-2.1377E+000
 1.0008E+000
-4.6530E-001
-2.1795E+000
 1.2204E+000
-4.2774E-001
-2.2527E+000
 1.4167E+000
-5.4670E-001
-2.1915E+000
 1.8857E+000
-5.1892E-001
-2.5402E+000
 1.6662E+000
-3.8912E-001
-2.5270E+000
 2.1163E+000
-3.9889E-001
-2.0462E+000
 2.4032E+000
-7.2125E-001
-2.0392E+000
 2.8159E+000
-8.1246E-001
-2.5718E+000
 2.1707E+000
-3.6138E-001
-2.6041E+000
 2.0386E+000
-3.3583E-001
-1.9052E+000
 2.2806E+000
-7.3895E-001
-1.4894E+000
 2.4736E+000
-1.0397E+000
-1.2384E+000
 2.2972E+000
-1.2504E+000
-9.2618E-001
 2.4498E+000
-1.3819E+000
-1.1689E+000
 2.1707E+000
-1.1426E+000
-1.4289E+000
 2.6420E+000
-1.1121E+000
-1.3161E+000
 2.1243E+000
-1.0969E+000
-1.0355E+000
 2.0930E+000
-1.2357E+000
-9.9796E-001
 2.4743E+000
-1.4521E+000
-7.4242E-001
 2.5491E+000
-1.5415E+000
-1.0771E+000
 1.8859E+000
-1.0208E+000
-1.3163E+000
 2.7773E+000
-1.3192E+000
-1.2889E+000
 2.9816E+000
-1.4407E+000
-9.9563E-001
 3.1721E+000
-1.6193E+000
-8.8072E-001
 3.2887E+000
-1.7142E+000
-1.5153E+000
 3.2030E+000
-1.3016E+000
-1.3833E+000
 2.9363E+000
-1.9244E+000
-1.0721E+000
 3.2000E+000
-1.5707E+000
-9.0033E-001
 3.3439E+000
-1.7558E+000
-5.3562E-001
 3.2034E+000
-1.8985E+000
-3.6398E-001
 3.3638E+000
-2.0522E+000
-9.9600E-001
 3.2547E+000
-1.6695E+000
-2.6242E-001
 3.6397E+000
-2.3367E+000
-4.7430E-001
 2.8272E+000
-1.8314E+000
-1.9698E-001
 2.6858E+000
-1.9129E+000
-7.4276E-002
 2.7067E+000
-2.0160E+000
 1.0185E-001
 2.7294E+000
-2.1131E+000
-1.4026E-001
 2.3847E+000
-1.6971E+000
-1.2556E-001
 2.1989E+000
-1.4910E+000
-2.5013E-001
 2.7166E+000
-1.9013E+000
-1.4703E-001
 2.7304E+000
-1.9898E+000
-5.9796E-002
 3.0193E+000
-2.1048E+000
 9.5808E-002
 3.0224E+000
-2.2369E+000
-3.4476E-001
 2.6754E+000
-1.7731E+000
 2.0682E+000
 2.0327E+000
-1.6193E+000
-3.2641E-001
 3.3037E+000
-2.0742E+000
-2.6108E-001
 3.5893E+000
-2.1460E+000
-4.2244E-002
 3.6602E+000
-2.3623E+000
 6.3993E-002
 3.8474E+000
-2.4662E+000
-4.1011E-001
 3.7782E+000
-2.0449E+000
-1.8651E+000
 5.1940E+000
-1.3553E+000
 6.2980E-003
 3.5390E+000
-2.3629E+000
 2.1155E-001
 3.5576E+000
-2.4757E+000
 4.3122E-001
 3.4225E+000
-2.5871E+000
 6.0131E-001
 3.5537E+000
-2.7746E+000
 2.0359E-001
 3.4084E+000
-2.4079E+000
-8.6072E-001
 4.2558E+000
-1.9088E+000
 4.4516E-001
 3.0400E+000
-2.4703E+000
 6.5764E-001
 2.9376E+000
-2.5110E+000
 6.9881E-001
 2.8373E+000
-2.5063E+000
 8.5631E-001
 2.7714E+000
-2.5542E+000
 7.3470E-001
 2.8359E+000
-2.2573E+000
 2.2936E-001
 2.4600E+000
-1.6396E+000
 4.8708E-001
 2.9463E+000
-2.4665E+000
 5.1725E-001
 2.7981E+000
-2.4370E+000
 6.7036E-001
 2.4854E+000
-2.2874E+000
 7.5732E-001
 2.4015E+000
-2.3322E+000
 5.7771E-001
 2.4038E+000
-2.1869E+000
 6.4619E-001
 2.2065E+000
-2.0613E+000
 4.6780E-001
 2.1813E+000
-1.9580E+000
 2.7760E-001
 2.2942E+000
-1.9220E+000
 7.2359E-001
 2.0290E+000
-1.9019E+000
 6.2780E-001
 1.9463E+000
-1.7204E+000
 4.9788E-001
 2.0488E+000
-1.8865E+000
 2.8142E-001
 2.0127E+000
-1.8243E+000
 2.1096E-001
 1.8174E+000
-1.6882E+000
 2.9753E-001
 1.7049E+000
-1.7535E+000
 3.2144E-001
 2.1007E+000
-1.8525E+000
 6.1833E-001
 2.0644E+000
-1.8085E+000
 4.2867E-002
 1.8081E+000
-1.6242E+000
-6.2868E-002
 1.4450E+000
-1.6893E+000
-5.5021E-002
 1.5146E+000
-1.7242E+000
-9.7276E-002
 1.6471E+000
-1.9134E+000
-2.9229E-001
 1.1817E+000
-1.8847E+000
 1.2973E+000
 1.5831E+000
-1.6759E+000
-2.7506E-002
 1.2819E+000
-1.8902E+000
 3.1960E-002
 1.4824E+000
-1.9583E+000
-1.5431E-001
 1.0696E+000
-1.9309E+000
-1.3156E-001
 7.7415E-001
-1.6267E+000
 5.8417E-001
 1.8480E+000
-1.5758E+000
 1.2137E+000
 3.1114E+000
-1.8065E+000
-3.1630E-001
 1.1582E+000
-2.2544E+000
-4.3154E-001
 8.8311E-001
-2.4378E+000
-3.7686E-001
 1.1140E+000
-2.5077E+000
-3.2733E-001
 1.5103E+000
-2.7684E+000
-6.0778E-001
 6.1578E-001
-2.7598E+000
-9.7306E-001
 1.0959E+000
-2.9164E+000
-3.6599E-001
 9.8346E-001
-2.4441E+000
-2.7197E-001
 1.2633E+000
-2.5137E+000
-6.8843E-001
 1.3165E+000
-3.2490E+000
-6.0804E-001
 1.6802E+000
-3.4235E+000
-8.7672E-002
 1.0105E+000
-2.1148E+000
-5.5337E-002
 7.1061E-001
-1.8491E+000
-1.0038E+000
 9.8904E-001
-3.4218E+000
-1.5795E+000
 9.6809E-001
-4.1717E+000
-1.4968E+000
 1.1901E+000
-4.6696E+000
-1.7933E+000
 1.4955E+000
-4.9049E+000
-1.2132E+000
 1.4127E+000
-4.2840E+000
-1.2750E+000
 2.0004E+000
-4.5797E+000
-1.0189E+000
 2.3611E+000
-4.4894E+000
-1.0272E+000
 2.8510E+000
-5.0421E+000
-1.1919E+000
 2.2047E+000
-4.6327E+000
-2.0524E+000
 1.7358E+000
-4.8482E+000
-4.5845E-001
 2.4420E+000
-3.8183E+000
-1.5930E-001
 2.9797E+000
-3.5935E+000
-3.6991E-001
 3.3144E+000
-4.0056E+000
-1.3935E-001
 4.0318E+000
-4.1944E+000
 2.5170E-001
 2.7428E+000
-2.9595E+000
 3.1133E+000
 3.1376E+000
-3.2283E+000
-5.1596E-001
 2.8759E+000
-4.3993E+000
-1.0043E+000
 3.0011E+000
-4.9558E+000
-1.4766E+000
 3.2648E+000
-5.7885E+000
-1.6031E+000
 4.0868E+000
-6.2101E+000
-1.0725E+000
 2.0118E+000
-5.0503E+000
-9.5874E-001
 3.8730E+000
-4.8604E+000
-1.5026E+000
 3.0415E+000
-5.9323E+000
-2.1669E+000
 3.3393E+000
-6.7676E+000
-2.0172E+000
 4.0076E+000
-6.7879E+000
-2.4833E+000
 4.6421E+000
-7.5168E+000
-2.5699E+000
 2.5904E+000
-6.9741E+000
 7.6294E-001
 2.5115E+000
-6.6773E+000
-1.5251E+000
 4.2831E+000
-6.1037E+000
-1.4297E+000
 5.1032E+000
-6.0009E+000
-1.4084E+000
 5.9723E+000
-5.9712E+000
-1.8070E+000
 6.9395E+000
-6.6103E+000
-1.0947E+000
 5.0229E+000
-5.1903E+000
-1.1283E+000
 5.7394E+000
-5.6848E+000
-1.2124E+000
 6.5697E+000
-5.6503E+000
-1.7411E+000
 6.8834E+000
-6.5282E+000
-1.9080E+000
 7.8172E+000
-6.6618E+000
-9.2791E-001
 6.4090E+000
-5.0907E+000
-2.0657E+000
 6.3791E+000
-6.9649E+000
-2.8256E+000
 6.4101E+000
-7.9298E+000
-3.2000E+000
 7.0716E+000
-8.3747E+000
-3.5613E+000
 7.8245E+000
-8.8029E+000
-3.0096E+000
 5.1598E+000
-8.4100E+000
-3.2083E+000
 4.7599E+000
-8.7237E+000
-3.0684E+000
 6.8548E+000
-8.2803E+000
-3.4397E+000
 7.4277E+000
-8.8412E+000
-3.3777E+000
 8.5525E+000
-8.6160E+000
-3.9167E+000
 9.1489E+000
-9.1956E+000
-3.2490E+000
 7.0335E+000
-8.5755E+000
-2.7864E+000
 9.6665E+000
-9.7266E+000
-2.8170E+000
 8.8325E+000
-7.8971E+000
-2.7687E+000
 1.0042E+001
-7.6296E+000
-2.6136E+000
 1.0110E+001
-7.4043E+000
-2.0451E+000
 1.0021E+001
-6.6845E+000
-2.1985E+000
 1.0541E+001
-6.9181E+000
-8.4359E-001
 1.1582E+001
-4.6971E+000
-3.1474E+000
 1.0250E+001
-8.0647E+000
-3.1322E+000
 1.0319E+001
-7.9948E+000
-2.6341E+000
 1.0944E+001
-7.2930E+000
-2.7152E+000
 1.2010E+001
-7.2621E+000
-2.0689E+000
 1.0410E+001
-6.6757E+000
-1.5480E+000
 1.0754E+001
-6.0776E+000
-1.5909E+000
 1.0460E+001
-6.1114E+000
-1.9854E+000
 9.8563E+000
-6.5934E+000
-9.4530E-001
 1.0480E+001
-5.4950E+000
-1.2584E+000
 9.2746E+000
-5.2010E+000
-1.2955E+000
 1.0914E+001
-5.5857E+000
-1.3566E+000
 1.0557E+001
-5.7369E+000
-1.1683E+000
 9.2027E+000
-5.7527E+000
-1.6058E+000
 8.7783E+000
-6.2854E+000
-9.7318E-001
 1.1208E+001
-4.9341E+000
-1.4510E+000
 1.1479E+001
-5.8546E+000
-7.4209E-001
 8.7624E+000
-5.1734E+000
-3.5293E-001
 7.5062E+000
-5.1437E+000
-1.1026E+000
 7.1263E+000
-5.6106E+000
-1.3342E+000
 6.5849E+000
-5.8847E+000
 6.4318E-001
 7.6677E+000
-4.5344E+000
 1.7699E+000
 7.8424E+000
-4.1456E+000
-1.2552E+000
 7.4461E+000
-5.7511E+000
-1.7546E+000
 7.1109E+000
-6.2928E+000
-2.3510E+000
 7.1409E+000
-7.2257E+000
-2.7572E+000
 6.6006E+000
-7.7116E+000
-2.4347E+000
 7.9166E+000
-7.2818E+000
-2.9694E+000
 8.0499E+000
-8.0414E+000
-2.8829E+000
 7.3365E+000
-7.9574E+000
-3.2170E+000
 6.9419E+000
-8.6323E+000
-3.0515E+000
 9.1753E+000
-8.1589E+000
-2.9546E+000
 9.0723E+000
-6.9921E+000
-2.2170E+000
 7.2062E+000
-7.2382E+000
-2.1471E+000
 6.6364E+000
-7.0700E+000
-2.2493E+000
 5.5835E+000
-7.2114E+000
-2.4468E+000
 5.1729E+000
-7.5529E+000
-1.6263E+000
 6.8158E+000
-6.2231E+000
-9.1744E-001
 7.8091E+000
-5.5023E+000
-2.0111E+000
 5.3136E+000
-6.8861E+000
-2.1917E+000
 4.4735E+000
-6.9806E+000
-2.7645E+000
 4.1710E+000
-7.9174E+000
-2.9459E+000
 3.4190E+000
-8.1777E+000
-2.0151E+000
 4.3347E+000
-6.6843E+000
-3.0683E+000
 4.8047E+000
-8.3511E+000
-3.6556E+000
 4.6385E+000
-9.2630E+000
-4.0309E+000
 4.4107E+000
-9.8953E+000
-4.3935E+000
 3.7362E+000
-1.0553E+001
-3.9816E+000
 5.6020E+000
-9.6096E+000
-5.0213E+000
 6.1754E+000
-1.1992E+001
-3.8278E+000
 4.9318E+000
-9.6417E+000
-4.1200E+000
 4.8515E+000
-1.0112E+001
-4.0725E+000
 3.8510E+000
-9.9197E+000
-4.5007E+000
 3.3772E+000
-1.0440E+001
-3.9490E+000
 5.7620E+000
-9.8334E+000
-3.7212E+000
 6.5113E+000
-1.0607E+001
-3.5280E+000
 3.5416E+000
-9.0073E+000
-3.4120E+000
 2.6018E+000
-8.7245E+000
-3.7367E+000
 1.6922E+000
-9.1839E+000
-4.0044E+000
 1.0295E+000
-9.6236E+000
-2.8869E+000
 2.5116E+000
-7.7917E+000
-2.2999E+000
 2.6159E+000
-7.0432E+000
-3.7035E+000
 1.6700E+000
-9.1622E+000
-4.1046E+000
 8.5205E-001
-9.5833E+000
-4.7422E+000
 8.4007E-001
-1.0488E+001
-5.1559E+000
 1.1868E-001
-1.0795E+001
-4.0534E+000
 1.0027E+000
-9.5547E+000
-5.2639E+000
 3.3256E-003
-9.0579E+000
-4.9056E+000
 1.7803E+000
-1.0990E+001
-5.5831E+000
 1.8079E+000
-1.1919E+001
-5.7733E+000
 1.3312E+000
-1.2275E+001
-6.2447E+000
 9.7691E-001
-1.3002E+001
-5.9631E+000
 2.8960E+000
-1.2186E+001
-5.9122E+000
 2.7662E+000
-1.2028E+001
-5.2626E+000
 1.4699E+000
-1.1521E+001
-5.3911E+000
 1.1727E+000
-1.1675E+001
-5.4321E+000
-3.3900E-002
-1.1184E+001
-5.4353E+000
-6.0623E-001
-1.1501E+001
-5.1088E+000
 2.0891E+000
-1.1123E+001
-5.2901E+000
-4.8529E-001
-1.0971E+001
-5.2446E+000
-1.6027E+000
-1.0633E+001
-4.6422E+000
-1.8764E+000
-9.7350E+000
-4.9502E+000
-2.5702E+000
-8.8307E+000
-4.1509E+000
-1.0488E+000
-9.2384E+000
-3.5767E+000
-1.1953E+000
-8.4078E+000
-3.1041E+000
-1.2575E+000
-7.7669E+000
-3.1831E+000
-9.5180E-001
-7.9945E+000
-3.5282E+000
-2.6525E-001
-8.2449E+000
-4.8415E+000
 6.3189E-001
-9.1311E+000
-2.6258E+000
-1.6747E+000
-6.9599E+000
-2.0968E+000
-1.7391E+000
-6.2655E+000
-1.8643E+000
-7.1900E-001
-5.6857E+000
-1.7162E+000
-1.5190E-001
-5.5648E+000
-1.6418E+000
-2.6088E+000
-5.8064E+000
-2.2838E+000
-1.5213E+000
-6.1759E+000
-1.6333E+000
-3.9537E-001
-5.3803E+000
-1.3353E+000
 5.6040E-001
-4.8666E+000
-7.5639E-001
 5.1354E-001
-3.8258E+000
-7.4409E-001
-1.8843E-001
-3.2906E+000
-1.2610E+000
 8.1846E-001
-4.7664E+000
-1.6494E+000
 6.6370E-001
-5.9669E+000
-4.6025E-001
 1.2530E+000
-3.6153E+000
 2.6729E-002
 1.2383E+000
-2.8489E+000
 4.5507E-001
 1.2270E+000
-2.1624E+000
 4.7680E-001
 1.6579E+000
-2.3567E+000
 1.5858E-001
 1.9598E+000
-2.8572E+000
-7.4971E-001
 2.5765E+000
-2.7960E+000
 6.5343E-001
 7.8940E-001
-1.4754E+000
 9.0888E-001
 7.1472E-001
-1.0897E+000
 1.3139E+000
 1.3553E+000
-1.0263E+000
 1.4737E+000
 1.4508E+000
-9.1872E-001
 1.0996E+000
 3.3063E-001
-5.9557E-001
 7.3987E-001
-3.7604E-001
-5.9547E-001
 1.4089E+000
 1.9100E+000
-1.1954E+000
 1.8006E+000
 2.6611E+000
-1.1161E+000
 1.5985E+000
 3.1688E+000
-1.6076E+000
 1.8130E+000
 3.4417E+000
-1.4399E+000
 1.9613E+000
 2.9578E+000
-1.1184E+000
 2.6489E+000
 2.8691E+000
 1.5458E+000
 1.2122E+000
 3.1199E+000
-2.1399E+000
 9.1391E-001
 3.6300E+000
-2.7073E+000
 1.1023E+000
 3.2267E+000
-2.3510E+000
 1.2232E+000
 3.4946E+000
-2.1663E+000
 1.8000E-001
 3.3462E+000
-3.6585E+000
 2.6012E-001
 4.3219E+000
-5.6313E+000
 8.0678E-001
 2.5366E+000
-2.2202E+000
 8.5454E-001
 2.1699E+000
-2.0388E+000
 1.1528E+000
 2.2777E+000
-1.6093E+000
 1.2239E+000
 2.5746E+000
-1.5654E+000
 7.3271E-001
 1.4350E+000
-2.0267E+000
 5.7171E-001
 1.1294E+000
-2.2039E+000
 1.4734E+000
 2.1663E+000
-1.2968E+000
 1.7408E+000
 2.2856E+000
-7.9183E-001
 1.8935E+000
 2.9721E+000
-8.8762E-001
 1.8788E+000
 2.9640E+000
-9.2770E-001
 1.9543E+000
 2.3340E+000
-2.3259E-001
 2.0959E+000
 1.7742E+000
 1.6282E+000
 1.9086E+000
 3.5003E+000
-1.4061E+000
 1.9790E+000
 4.3159E+000
-1.5234E+000
 1.8904E+000
 4.3511E+000
-1.7350E+000
 2.0265E+000
 4.5374E+000
-1.8765E+000
 1.8352E+000
 4.8280E+000
-1.9887E+000
 1.5965E+000
 4.1326E+000
-2.0095E+000
 1.4247E+000
 4.0349E+000
-2.3641E+000
 1.4468E+000
 3.6831E+000
-2.0112E+000
 1.4343E+000
 3.6830E+000
-2.1100E+000
 1.1041E+000
 3.7120E+000
-2.7845E+000
 5.7526E-001
 4.0177E+000
-3.3024E+000
 1.5233E+000
 3.3259E+000
-1.6731E+000
 1.3011E+000
 3.0268E+000
-1.4397E+000
 1.6177E+000
 3.2143E+000
-1.4198E+000
 1.5847E+000
 3.2156E+000
-1.5109E+000
 1.1395E+000
 2.7992E+000
-9.0687E-001
 8.5460E-001
 2.6005E+000
-8.1642E-001
 1.8191E+000
 3.2921E+000
-1.2461E+000
 2.0585E+000
 3.5307E+000
-1.0381E+000
 1.9809E+000
 4.0351E+000
-1.2585E+000
 2.0007E+000
 4.0407E+000
-1.2430E+000
 2.1878E+000
 3.5982E+000
-8.8907E-001
 9.5991E-001
 6.4597E+000
-1.8155E-001
 1.9598E+000
 4.1267E+000
-1.5118E+000
 1.9548E+000
 4.5529E+000
-2.1668E+000
 1.8702E+000
 3.9661E+000
-2.1919E+000
 1.7245E+000
 3.6811E+000
-2.3141E+000
 1.8071E+000
 4.7272E+000
-3.1439E+000
 1.5173E+000
 5.0993E+000
-4.3261E+000
 1.6083E+000
 3.7910E+000
-2.1995E+000
 1.4918E+000
 3.2090E+000
-2.2804E+000
 1.5196E+000
 3.1130E+000
-2.0574E+000
 1.4836E+000
 2.9782E+000
-2.1810E+000
 1.4445E+000
 2.7836E+000
-2.5152E+000
 1.5758E+000
 2.8663E+000
-1.4138E+000
 1.4760E+000
 3.0276E+000
-1.8147E+000
 1.3912E+000
 2.9337E+000
-1.6840E+000
 1.4462E+000
 2.9671E+000
-1.6609E+000
 1.2560E+000
 2.9336E+000
-1.7308E+000
 1.3363E+000
 2.9031E+000
-1.4767E+000
 1.1823E+000
 3.0961E+000
-1.4393E+000
 1.4540E+000
 3.2128E+000
-1.7650E+000
 1.4659E+000
 3.3425E+000
-1.6512E+000
 1.4792E+000
 3.0961E+000
-1.8164E+000
 1.2651E+000
 2.8405E+000
-1.7881E+000
 1.6801E+000
 3.6801E+000
-1.7425E+000
 1.4139E+000
 2.9486E+000
-1.9778E+000
 1.4255E+000
 2.3769E+000
-2.0635E+000
 1.1106E+000
 2.0961E+000
-1.9887E+000
 9.4549E-001
 2.0987E+000
-1.8878E+000
 1.9537E+000
 2.0806E+000
-2.4150E+000
 2.8853E+000
 9.8519E-001
-1.2661E+000
 1.1115E+000
 1.6580E+000
-1.8938E+000
 9.8843E-001
 1.4971E+000
-1.9012E+000
 1.0431E+000
 1.6586E+000
-1.9186E+000
 9.3257E-001
 1.6345E+000
-1.9086E+000
 1.0528E+000
 1.1101E+000
-1.8010E+000
 3.2247E+000
-1.7144E+000
-4.8103E+000
 1.2248E+000
 1.6524E+000
-2.0629E+000
 1.1317E+000
 1.7586E+000
-2.0379E+000
 1.0478E+000
 1.8539E+000
-2.0116E+000
 9.7053E-001
 1.9104E+000
-2.0114E+000
 1.1318E+000
 1.7768E+000
-1.9187E+000
 4.1817E+000
 1.5626E+000
-2.8079E+000
 1.0365E+000
 1.9162E+000
-1.9849E+000
 9.4681E-001
 1.9733E+000
-1.8744E+000
 9.1604E-001
 1.9543E+000
-1.8739E+000
 9.2760E-001
 1.9382E+000
-1.9897E+000
 1.0734E+000
 2.0244E+000
-1.7091E+000
 1.0693E+000
 2.0498E+000
-1.6992E+000
 9.2229E-001
 1.9118E+000
-1.9207E+000
 7.4972E-001
 1.8684E+000
-1.9850E+000
 1.1414E+000
 1.9822E+000
-2.1237E+000
 1.3928E+000
 1.8292E+000
-2.1858E+000
 5.2821E-001
 1.6942E+000
-1.5548E+000
 1.7986E+000
 2.6521E+000
-1.9240E+000
 1.1439E+000
 1.9101E+000
-2.1689E+000
 1.2840E+000
 2.1140E+000
-2.2790E+000
 1.2357E+000
 2.0299E+000
-2.1992E+000
 1.4253E+000
 2.0211E+000
-2.2800E+000
 1.2953E+000
 2.3770E+000
-2.0778E+000
 1.3466E+000
 2.5134E+000
-2.0286E+000
 1.2138E+000
 1.8766E+000
-2.0471E+000
 1.1579E+000
 1.7395E+000
-1.9752E+000
 9.9323E-001
 1.7206E+000
-1.8778E+000
 9.4049E-001
 1.7980E+000
-1.8837E+000
 9.3659E-001
 1.5633E+000
-1.9087E+000
 7.6363E-001
 1.5304E+000
-1.7876E+000
 6.5533E-001
 1.3919E+000
-1.7400E+000
 7.4582E-001
 1.3272E+000
-1.7548E+000
 8.1846E-001
 1.4216E+000
-1.7147E+000
 8.9069E-001
 1.3040E+000
-1.7258E+000
 4.6890E-001
 1.4023E+000
-1.7061E+000
 3.1472E-001
 1.1834E+000
-1.6443E+000
 1.9091E-001
 1.0233E+000
-1.5579E+000
 6.6867E-002
 1.0923E+000
-1.5872E+000
 1.3863E-001
 1.2272E+000
-1.7217E+000
-1.6246E-001
 5.8791E-001
-1.7535E+000
 2.9661E-001
 8.2696E-001
-1.4278E+000
 2.8687E-001
 7.5099E-001
-1.3381E+000
 1.0028E-002
 4.5850E-001
-1.2855E+000
-3.5191E-002
 3.9568E-001
-1.1833E+000
 6.2956E-001
 7.2345E-001
-1.1154E+000
 4.6649E-001
 8.6532E-001
-1.2859E+000
-1.8735E-001
 4.9179E-001
-1.3757E+000
-5.0781E-001
 2.6472E-001
-1.3538E+000
-5.2622E-001
 6.0492E-002
-1.1657E+000
-6.1484E-001
 1.7441E-001
-1.2723E+000
-8.7132E-001
 4.2205E-001
-1.7184E+000
-1.4239E+000
-3.6614E-002
-1.8342E+000
-6.1109E-001
-1.1279E-001
-8.3094E-001
-6.9232E-001
-2.8377E-001
-8.1762E-001
-4.7873E-001
-2.6057E-001
-7.3739E-001
-5.6825E-001
-3.2534E-001
-7.0580E-001
-1.2444E-001
-2.0209E-001
-7.7554E-001
 8.7487E-002
-1.5290E-001
-6.8544E-001
 4.0123E-001
-1.6012E-001
-6.4201E-001
 4.1835E-001
-5.6954E-002
-7.4572E-001
 1.1242E-001
 2.4340E-001
-9.2269E-001
 9.6123E-001
 1.0044E-001
-6.1124E-001
 5.3818E-001
-2.9216E-001
-4.7315E-001
 5.6078E-001
-3.9314E-001
-2.9921E-001
 2.4878E-001
-5.8044E-001
-1.4404E-001
 7.4831E-002
-6.8816E-001
-1.4129E-001
 8.0409E-001
-4.1519E-001
-8.1946E-002
 6.9693E-001
-4.6502E-001
-3.2763E-001
 1.9822E-001
-7.1945E-001
-1.6914E-002
-7.1391E-002
-9.3135E-001
 1.3308E-001
 8.8631E-002
-1.1487E+000
 4.7744E-001
-1.3859E-001
-1.3037E+000
 7.0913E-001
-1.8324E-001
-8.8008E-001
-2.8830E-002
 4.8340E-002
-3.1776E-001
-2.2828E+000
 3.8500E-001
-1.1996E+000
 4.8909E-001
 5.4072E-001
-1.4342E+000
 7.4973E-001
 8.9280E-001
-1.4224E+000
 7.3201E-001
 1.0454E+000
-1.2021E+000
 5.4446E-001
 5.8157E-001
-1.5090E+000
 8.3695E-001
 5.9533E-001
-1.4937E+000
 8.2785E-001
 1.0995E+000
-1.7099E+000
 9.2348E-001
 1.5251E+000
-1.6989E+000
 9.2624E-001
 1.7150E+000
-1.4992E+000
 8.9466E-001
 1.9954E+000
-1.3126E+000
 7.8939E-001
 1.6826E+000
-2.0165E+000
 1.1424E+000
 1.7037E+000
-2.1443E+000
 1.2921E+000
 1.6757E+000
-1.5906E+000
 9.7363E-001
 1.9135E+000
-1.2895E+000
 9.1550E-001
 1.8745E+000
-8.5321E-001
 7.1534E-001
 2.1941E+000
-5.1359E-001
 6.6618E-001
 1.7194E+000
-1.4360E+000
 9.4146E-001
 1.4740E+000
-1.8124E+000
 1.0270E+000
 1.5679E+000
-8.1610E-001
 5.4138E-001
 1.5112E+000
-4.3607E-001
 2.8611E-001
 1.6875E+000
-3.2235E-001
 2.4012E-001
 1.8614E+000
 1.6006E-001
 1.4796E-001
 1.0714E+000
-3.6177E-001
 1.8273E-001
 3.4813E-001
-3.5261E-001
 3.0164E-002
 1.7326E+000
-5.8886E-001
 4.0162E-001
 1.7812E+000
-5.2802E-001
 3.1418E-001
 2.2737E+000
-4.1763E-001
 4.6664E-001
 2.5141E+000
-6.8146E-002
 5.2739E-001
 1.4827E+000
-8.1012E-001
 5.7814E-001
 2.4375E+000
-6.4686E-001
 7.1341E-001
 2.9711E+000
-5.3136E-001
 9.2215E-001
 3.0579E+000
-3.5260E-002
 7.1415E-001
 3.3692E+000
 1.5260E-001
 7.1473E-001
 3.0075E+000
-1.0569E+000
 1.1237E+000
 3.0453E+000
-6.9019E-001
 1.7257E-001
 2.9045E+000
 1.9270E-002
 6.3178E-001
 2.9685E+000
 5.4383E-001
 3.2230E-001
 3.0034E+000
 8.0882E-001
 1.5585E-001
 3.2711E+000
 1.1470E+000
 2.5981E-003
 2.5813E+000
 5.4760E-001
-5.8330E-002
 2.7119E+000
 6.2063E-001
 9.0029E-002
 2.7644E+000
 9.7725E-001
-6.1305E-002
 3.0760E+000
 1.0069E+000
-9.4912E-002
 3.3405E+000
 1.3803E+000
-3.2640E-001
 2.5032E+000
 1.1355E+000
-7.5308E-002
 1.4928E+000
 1.8660E+000
-7.4911E-002
 3.2337E+000
 6.5509E-001
 2.5860E-001
 3.4023E+000
 6.5457E-001
 3.1594E-001
 3.9437E+000
 8.8163E-001
 3.3004E-001
 4.2302E+000
 1.0970E+000
 2.8099E-001
 3.2282E+000
 5.0855E-001
 8.1565E-001
 3.8017E+000
-4.0646E-001
 1.2620E+000
 4.0132E+000
 7.9684E-001
 4.4824E-001
 4.4592E+000
 9.8869E-001
 4.8083E-001
 4.5311E+000
 1.4339E+000
 1.0424E-001
 4.9073E+000
 1.5796E+000
 2.6395E-002
 4.5387E+000
 8.9159E-001
 6.9441E-001
 4.6733E+000
 8.0887E-001
 1.5390E+000
 4.1764E+000
 1.5589E+000
-1.3870E-001
 4.2171E+000
 2.0036E+000
-5.9658E-001
 4.1797E+000
 2.0711E+000
-7.4281E-001
 4.1509E+000
 2.3570E+000
-1.0655E+000
 3.7532E+000
 2.0152E+000
-9.8991E-001
 4.3234E+000
 1.8431E+000
-5.1687E-001
 4.2809E+000
 1.9055E+000
-6.5669E-001
 3.8007E+000
 1.9230E+000
-9.1712E-001
 3.5814E+000
 1.8679E+000
-1.2150E+000
 3.5236E+000
 1.8575E+000
-9.0989E-001
 2.8374E+000
 1.7558E+000
-1.2343E+000
 2.8689E+000
 1.2798E+000
-9.9111E-001
 2.6813E+000
 8.9851E-001
-7.3607E-001
 2.1643E+000
 1.5606E+000
-1.4099E+000
 1.9140E+000
 1.7986E+000
-1.9015E+000
 2.3911E+000
 1.1762E+000
-1.1781E+000
 2.1979E+000
 1.0255E+000
-1.0230E+000
 1.8968E+000
 7.7801E-001
-1.2806E+000
 1.8759E+000
 9.0314E-001
-1.4484E+000
 2.2059E+000
 1.0422E+000
-8.2516E-001
 2.6245E+000
 1.1913E+000
-3.6452E-001
 1.8453E+000
 6.1905E-001
-1.2513E+000
 1.6805E+000
 4.6833E-001
-1.3816E+000
 1.8584E+000
 5.6814E-001
-1.4999E+000
 2.0434E+000
 3.6181E-001
-1.4342E+000
 1.5411E+000
 3.8146E-001
-1.4687E+000
 1.5853E+000
 4.3094E-001
-1.4423E+000
 1.7358E+000
 6.2702E-001
-1.6337E+000
 1.8441E+000
 8.0319E-001
-1.7761E+000
 1.7563E+000
 6.5464E-001
-1.7770E+000
 1.8039E+000
 6.8883E-001
-1.8481E+000
 1.8447E+000
 1.0779E+000
-1.8848E+000
 1.9549E+000
 6.4236E-001
-2.2069E+000
 1.4166E+000
 6.4714E-001
-1.7357E+000
 1.2529E+000
 6.0496E-001
-1.6692E+000
 1.0179E+000
 4.2793E-001
-1.4805E+000
 9.2448E-001
 4.3995E-001
-1.4252E+000
 1.1316E+000
 8.0195E-001
-1.7278E+000
 1.6639E+000
 1.0875E+000
-1.7002E+000
 9.2093E-001
 3.0915E-001
-1.3345E+000
 6.5160E-001
 1.1281E-001
-1.1385E+000
 4.2018E-001
 1.5359E-001
-1.1081E+000
 4.3686E-001
 1.4811E-001
-1.1125E+000
 8.2158E-001
-2.5733E-001
-8.7895E-001
 8.4542E-001
-3.9970E-001
-8.0593E-001
 1.5684E-001
 2.9664E-001
-1.1351E+000
-1.6687E-001
 3.9584E-001
-1.0922E+000
-4.7072E-001
 1.8229E-001
-8.8473E-001
-5.4515E-001
 1.5416E-001
-8.1057E-001
-3.5039E-001
 7.4780E-001
-1.2553E+000
-2.1426E-001
 1.0062E+000
-1.4922E+000
-6.0495E-001
 1.0730E-001
-7.0236E-001
-8.9718E-001
-7.5173E-002
-4.5593E-001
-1.2377E+000
 1.2209E-001
-4.6329E-001
-1.2605E+000
 2.9631E-001
-5.5893E-001
-7.9045E-001
-4.5845E-001
-2.2807E-001
 1.2687E-001
 2.3930E-001
 1.4043E+000
-1.4612E+000
 2.0998E-001
-3.9870E-001
-1.7895E+000
 4.9126E-001
-3.3448E-001
-2.0520E+000
 2.8403E-001
-5.6302E-002
-2.1771E+000
 1.2302E-001
 1.6547E-001
-1.9043E+000
 6.7666E-001
-4.0544E-001
-3.0820E+000
 1.7255E+000
-4.9278E-001
-2.1710E+000
 3.8602E-001
-4.1671E-002
-2.3279E+000
 3.2793E-001
 2.3199E-001
-2.7421E+000
 5.4025E-001
 4.2196E-001
-2.7890E+000
 7.9051E-001
 3.2943E-001
-2.2805E+000
 3.7635E-001
 3.3472E-002
-2.3036E+000
 4.3725E-001
 1.4686E-001
-2.8871E+000
 4.3137E-001
 6.7810E-001
-3.1780E+000
 6.2345E-001
 9.2919E-001
-3.1730E+000
 5.9172E-001
 1.1988E+000
-3.0299E+000
 4.1469E-001
 1.3012E+000
-3.1159E+000
 5.7741E-001
 8.7189E-001
-3.2503E+000
 7.0997E-001
 7.7429E-001
-3.3201E+000
 8.3825E-001
 1.3509E+000
-3.2645E+000
 9.3009E-001
 1.7196E+000
-3.2480E+000
 9.0017E-001
 1.8406E+000
-3.2782E+000
 9.3875E-001
 1.8314E+000
-3.6151E+000
 1.0930E+000
 1.8458E+000
-3.7193E+000
 1.0480E+000
 1.3925E+000
-3.1394E+000
 8.7944E-001
 2.0402E+000
-3.0221E+000
 8.1864E-001
 2.1996E+000
-2.9919E+000
 1.0494E+000
 2.4923E+000
-2.9449E+000
 9.9658E-001
 2.6021E+000
-2.9881E+000
 8.3219E-001
 2.2418E+000
-2.9663E+000
 7.6289E-001
 2.1753E+000
-3.1748E+000
 1.3646E+000
 2.5106E+000
-3.1528E+000
 1.6167E+000
 2.7860E+000
-3.1984E+000
 1.6309E+000
 2.5937E+000
-3.0457E+000
 1.5926E+000
 2.7556E+000
-3.3218E+000
 2.0656E+000
 2.8116E+000
-3.1062E+000
 2.1782E+000
 3.1023E+000
-3.4626E+000
 1.4829E+000
 2.3669E+000
-3.5382E+000
 1.4053E+000
 2.0690E+000
-3.3099E+000
 1.0715E+000
 2.0603E+000
-3.2832E+000
 1.0300E+000
 2.0473E+000
-3.7953E+000
 1.4319E+000
 1.6882E+000
-3.9911E+000
 1.8611E+000
 1.5469E+000
-3.1534E+000
 8.4114E-001
 2.0642E+000
-3.0319E+000
 5.0613E-001
 2.1357E+000
-2.8431E+000
 5.4575E-001
 2.3886E+000
-2.6965E+000
 3.5498E-001
 2.4281E+000
-3.1201E+000
 2.8500E-001
 1.9707E+000
-3.2615E+000
 1.0005E-001
 1.7941E+000
-2.7892E+000
 7.8946E-001
 2.7504E+000
-2.3366E+000
 8.7095E-001
 2.9537E+000
-2.2807E+000
 9.8000E-001
 3.0833E+000
-2.0678E+000
 7.5988E-001
 3.2389E+000
-2.2409E+000
 1.3783E+000
 3.1025E+000
-2.0528E+000
 1.4897E+000
 3.1890E+000
-2.6526E+000
 1.2429E+000
 2.9617E+000
-2.4957E+000
 1.3477E+000
 3.1450E+000
-2.4059E+000
 1.0835E+000
 2.8703E+000
-1.9296E+000
 7.1349E-001
 3.0750E+000
-2.6994E+000
 1.7970E+000
 2.8906E+000
-2.6014E+000
 2.6526E+000
 2.9520E+000
-2.8212E+000
 7.7843E-001
 2.4845E+000
-2.7893E+000
 3.0070E-001
 2.2058E+000
-2.4398E+000
-2.6904E-001
 2.5498E+000
-2.3143E+000
-7.8664E-001
 2.6471E+000
-3.0756E+000
 1.1420E-001
 1.5568E+000
-3.7138E+000
 7.6326E-001
 3.1123E-001
-2.1939E+000
-8.9184E-002
 2.7666E+000
-1.7694E+000
-6.2850E-001
 3.0771E+000
-1.3558E+000
-4.7957E-001
 3.5723E+000
-9.9394E-001
-1.0746E+000
 3.8491E+000
-1.8456E+000
-7.7070E-001
 2.9871E+000
-2.1267E+000
-1.1282E+000
 2.6685E+000
-1.3105E+000
-2.4598E-002
 3.7358E+000
-4.8604E-001
 9.2091E-002
 4.2954E+000
-1.5097E-001
-1.9529E-002
 4.6321E+000
 5.3348E-001
-4.2172E-001
 5.1271E+000
-1.4167E-001
 9.8182E-001
 4.3269E+000
 8.6027E-003
 2.2673E+000
 4.9520E+000
-3.9942E-001
 1.4511E-001
 4.3636E+000
-8.2429E-002
-6.2422E-002
 4.6235E+000
-1.7028E-001
-8.2400E-001
 4.5181E+000
-3.8015E-001
-9.7243E-001
 4.3289E+000
 4.4241E-002
-1.4132E+000
 4.6584E+000
-1.2738E-001
-2.3263E+000
 4.5962E+000
 6.2353E-001
-3.0473E+000
 5.1599E+000
 9.7326E-001
-2.9056E+000
 5.3655E+000
-6.7639E-001
-2.5535E+000
 4.2000E+000
-1.7713E+000
-3.8198E+000
 2.4844E+000
 8.1744E-001
-3.7143E+000
 5.4050E+000
 1.5527E+000
-4.5257E+000
 5.9490E+000
 1.1045E+000
-5.5981E+000
 5.8975E+000
 3.7864E-001
-5.8488E+000
 5.4422E+000
 2.1807E+000
-4.5721E+000
 6.3348E+000
 6.0175E+000
-1.9048E+000
 5.3960E+000
 1.6314E+000
-6.4147E+000
 6.3132E+000
 1.2936E+000
-7.4661E+000
 6.2638E+000
 1.9940E+000
-8.3064E+000
 6.8977E+000
 2.7583E+000
-8.0594E+000
 7.3826E+000
 8.0065E-001
-7.6378E+000
 5.9313E+000
 1.5616E+000
-7.1060E+000
 6.5523E+000
 1.7298E+000
-9.2592E+000
 6.8685E+000
 2.3931E+000
-1.0173E+001
 7.3009E+000
 2.2552E+000
-1.0802E+001
 7.3132E+000
 1.8388E+000
-1.1426E+001
 7.0195E+000
 2.0363E+000
-1.0890E+001
 6.9812E+000
 3.3503E+000
-1.2400E+001
 7.2320E+000
 2.8380E+000
-1.0517E+001
 7.6985E+000
 2.8274E+000
-1.1086E+001
 7.7612E+000
 2.8918E+000
-1.2036E+001
 7.4764E+000
 2.4914E+000
-1.2470E+001
 6.9642E+000
 3.4790E+000
-1.0962E+001
 8.4106E+000
 3.3321E+000
-1.3022E+001
 8.0456E+000
 2.9748E+000
-1.4300E+001
 8.0026E+000
 2.1153E+000
-1.4684E+001
 7.2425E+000
 2.0538E+000
-1.5474E+001
 7.0939E+000
 3.6765E+000
-1.4892E+001
 8.7160E+000
 4.5680E+000
-1.3880E+001
 8.3998E+000
 1.8596E+000
-1.3908E+001
 6.7102E+000
 7.9789E-001
-1.4306E+001
 6.3678E+000
 2.7292E-001
-1.3623E+001
 5.4908E+000
-2.0342E-001
-1.3834E+001
 4.7249E+000
 1.0272E+000
-1.4830E+001
 6.8394E+000
 1.8858E+000
-1.4194E+001
 6.7582E+000
 7.1820E-001
-1.2558E+001
 5.6690E+000
 9.9541E-002
-1.1619E+001
 5.2365E+000
-5.7120E-001
-1.1187E+001
 4.9148E+000
-1.3241E+000
-1.0384E+001
 4.4481E+000
-2.0370E-001
-1.1262E+001
 5.2623E+000
-8.6600E-001
-1.0926E+001
 5.0003E+000
-6.2530E-001
-9.5251E+000
 5.0617E+000
-5.7278E-002
-9.1157E+000
 5.5655E+000
-6.2720E-001
-1.1799E+001
 5.0842E+000
-9.1293E-001
-1.3985E+001
 2.4700E+000
-1.3675E+000
-8.8723E+000
 4.4561E+000
-1.2430E+000
-7.4244E+000
 4.5166E+000
-1.1929E+000
-7.1983E+000
 4.4792E+000
-1.4469E+000
-7.5367E+000
 4.2999E+000
-2.2381E+000
-6.5196E+000
 4.1671E+000
-1.7177E+000
-6.9831E+000
 4.3257E+000
-8.3489E-001
-6.3346E+000
 4.6802E+000
-5.8260E-001
-5.7960E+000
 4.6991E+000
-6.3590E-001
-4.6167E+000
 4.5545E+000
-4.7574E-001
-4.2956E+000
 4.6258E+000
 4.7244E-001
-6.1509E+000
 5.2612E+000
 4.5781E-001
-8.6963E+000
 5.9097E+000
-8.5759E-001
-3.9856E+000
 4.3121E+000
-8.4753E-001
-2.8282E+000
 4.1321E+000
-4.1809E-001
-2.1366E+000
 4.3147E+000
-8.1266E-001
-1.9569E+000
 4.0148E+000
-1.7096E+000
-2.4727E+000
 3.4285E+000
-1.5235E+000
-7.5479E-001
 2.7970E+000
 2.6015E-001
-1.7005E+000
 4.8340E+000
 8.5831E-001
-1.0529E+000
 5.0760E+000
 3.7555E-001
-3.8616E-001
 4.7053E+000
 7.5620E-001
-2.6190E-001
 4.9195E+000
 1.5318E+000
-4.5862E-001
 5.3976E+000
 2.3723E+000
 1.0239E-001
 4.7103E+000
-2.9253E-001
 6.6617E-002
 4.2153E+000
-8.0628E-001
 7.1391E-001
 3.8627E+000
-1.4370E+000
 1.9167E-001
 3.2949E+000
-1.6138E+000
 3.2110E-001
 3.1203E+000
-1.0686E+000
 1.4987E+000
 3.7391E+000
-1.0223E+000
 1.8594E+000
 2.8205E+000
-1.8325E+000
-4.9531E-001
 3.1012E+000
-2.5928E+000
-1.0901E+000
 2.5311E+000
-2.2970E+000
-2.0106E+000
 2.9825E+000
-1.9878E+000
-1.9726E+000
 3.1212E+000
-3.3712E+000
-1.5106E+000
 1.9608E+000
-3.9388E+000
 9.0799E-002
 6.2840E-001
-2.4577E+000
-2.9084E+000
 3.0956E+000
-2.1824E+000
-3.8590E+000
 3.2610E+000
-1.2323E+000
-4.0772E+000
 4.0392E+000
-1.0076E+000
-4.7385E+000
 4.2754E+000
-2.6303E+000
-4.8058E+000
 2.7885E+000
 3.6066E-001
-5.2971E+000
 1.4040E+000
-6.2682E-001
-3.7151E+000
 4.2735E+000
 3.4004E-001
-3.9182E+000
 4.9786E+000
 5.4747E-001
-5.1431E+000
 5.2261E+000
-2.6754E-002
-5.7894E+000
 4.9798E+000
 8.3362E-001
-3.0409E+000
 5.2758E+000
-5.2880E-001
-2.9724E+000
 4.4348E+000
 1.3780E+000
-5.5469E+000
 5.7970E+000
 1.5634E+000
-6.6928E+000
 6.1071E+000
 2.0006E+000
-6.7140E+000
 6.2853E+000
 2.4700E+000
-5.8640E+000
 6.4438E+000
 2.3184E+000
-6.9654E+000
 6.6129E+000
 2.4437E+000
-5.5094E+000
 6.5383E+000
 1.7341E+000
-7.5824E+000
 6.2882E+000
 2.0816E+000
-7.6677E+000
 6.4264E+000
 3.1674E+000
-7.3818E+000
 7.0165E+000
 3.5466E+000
-6.7134E+000
 7.0889E+000
 1.7397E+000
-8.8056E+000
 6.4440E+000
 1.8820E+000
-8.0800E+000
 4.1990E+000
 3.6085E+000
-7.8672E+000
 7.4189E+000
 4.6213E+000
-7.6787E+000
 7.9691E+000
 4.8225E+000
-6.8015E+000
 8.0002E+000
 4.6006E+000
-7.0354E+000
 7.9610E+000
 5.0645E+000
-8.7140E+000
 8.2255E+000
 5.1087E+000
-8.7762E+000
 8.2812E+000
 5.1839E+000
-5.8001E+000
 8.0787E+000
 5.3732E+000
-4.8874E+000
 8.0811E+000
 5.8926E+000
-5.1313E+000
 8.4844E+000
 6.7196E+000
-5.3342E+000
 9.0068E+000
 5.9832E+000
-3.8167E+000
 8.3017E+000
 4.3335E+000
-5.0470E+000
 1.0257E+001
 5.3646E+000
-5.0297E+000
 8.1940E+000
 5.7643E+000
-5.2455E+000
 8.5108E+000
 5.7657E+000
-6.4591E+000
 8.7163E+000
 6.0627E+000
-6.7509E+000
 8.9826E+000
 5.3504E+000
-7.1401E+000
 8.5387E+000
 5.3402E+000
-8.3264E+000
 8.7391E+000
 4.4055E+000
-8.9905E+000
 8.2503E+000
 3.8085E+000
-8.7031E+000
 7.7910E+000
 5.9477E+000
-8.7637E+000
 9.2223E+000
 9.1353E+000
-8.7023E+000
 9.8488E+000
 4.3807E+000
-9.8751E+000
 8.3765E+000
 3.5582E+000
-1.0659E+001
 7.9569E+000
 3.5477E+000
-1.1301E+001
 8.0238E+000
 4.1035E+000
-1.1969E+001
 8.4611E+000
 3.5039E+000
-1.1500E+001
 8.0757E+000
 2.5548E+000
-1.2303E+001
 7.3731E+000
 2.8811E+000
-1.1060E+001
 7.5776E+000
 2.7485E+000
-1.1600E+001
 7.5357E+000
 2.8454E+000
-1.2804E+001
 7.7656E+000
 3.2476E+000
-1.3313E+001
 8.0666E+000
 1.8383E+000
-1.1325E+001
 6.9651E+000
 2.1330E+000
-9.7607E+000
 6.1192E+000
 2.5239E+000
-1.3379E+001
 7.6266E+000
 2.4875E+000
-1.4557E+001
 7.8740E+000
 3.4460E+000
-1.4850E+001
 8.4591E+000
 4.0356E+000
-1.5118E+001
 8.8617E+000
 1.5315E+000
-1.4779E+001
 7.5160E+000
 2.0744E+000
-1.5723E+001
 6.8811E+000
 3.6436E+000
-1.4725E+001
 8.5976E+000
 4.5514E+000
-1.5060E+001
 9.1759E+000
 5.3077E+000
-1.4375E+001
 9.6147E+000
 6.0425E+000
-1.4816E+001
 1.0201E+001
 4.6731E+000
-1.5040E+001
 9.2417E+000
 4.2833E+000
-1.4865E+001
 9.0109E+000
 5.1693E+000
-1.3354E+001
 9.4194E+000
 5.9668E+000
-1.2636E+001
 9.7675E+000
 6.3189E+000
-1.1961E+001
 9.9012E+000
 6.6544E+000
-1.1016E+001
 9.9918E+000
 6.1920E+000
-1.2412E+001
 9.9433E+000
 6.4975E+000
-1.1863E+001
 1.0069E+001
 6.1872E+000
-1.0718E+001
 9.7161E+000
 5.3827E+000
-1.0526E+001
 9.1915E+000
 6.0916E+000
-1.2532E+001
 9.9677E+000
 3.8112E+000
-1.3359E+001
 1.0413E+001
 6.8054E+000
-9.9958E+000
 1.0058E+001
 6.6621E+000
-8.8579E+000
 9.7685E+000
 5.8960E+000
-8.6173E+000
 9.2893E+000
 5.8068E+000
-9.1008E+000
 9.3448E+000
 7.5410E+000
-8.2917E+000
 1.0299E+001
 8.3892E+000
-6.5510E+000
 1.0584E+001
 5.3582E+000
-7.7781E+000
 8.8375E+000
 4.5920E+000
-7.4261E+000
 8.3552E+000
 4.9075E+000
-6.7707E+000
 8.4965E+000
 5.6217E+000
-6.1488E+000
 8.8124E+000
 3.9850E+000
-6.7784E+000
 7.8933E+000
 3.0935E+000
-7.5887E+000
 7.7303E+000
 4.3718E+000
-6.9140E+000
 8.2123E+000
 4.5382E+000
-6.3597E+000
 8.2681E+000
 3.6657E+000
-5.6642E+000
 7.6121E+000
 2.9982E+000
-5.7890E+000
 7.1513E+000
 4.6224E+000
-7.0961E+000
 8.4179E+000
 4.5723E+000
-7.8047E+000
 8.4855E+000
 3.6656E+000
-5.0701E+000
 7.4134E+000
 2.8873E+000
-4.2911E+000
 6.6831E+000
 2.5114E+000
-4.6069E+000
 6.5474E+000
 3.0692E+000
-5.0693E+000
 7.0013E+000
 3.4039E+000
-3.0401E+000
 6.7037E+000
 3.9161E+000
-3.0727E+000
 5.6217E+000
 1.6866E+000
-4.5807E+000
 5.9178E+000
 1.3324E+000
-4.8536E+000
 5.7722E+000
 1.3996E+000
-4.1340E+000
 5.5974E+000
 1.1573E+000
-3.2670E+000
 5.4934E+000
 5.5747E-001
-5.1625E+000
 5.3106E+000
-4.8844E-001
-6.7256E+000
 3.4626E+000
 1.6101E+000
-4.3508E+000
 5.7900E+000
 1.6308E+000
-3.8692E+000
 5.7251E+000
 1.0874E+000
-3.5790E+000
 5.4185E+000
 1.0185E+000
-2.9148E+000
 5.5327E+000
 1.6828E+000
-4.0455E+000
 5.7899E+000
 4.6161E+000
-6.6066E+000
 8.1005E+000
 6.5124E-001
-3.9922E+000
 4.9934E+000
 1.9866E-001
-3.8528E+000
 4.5579E+000
-1.9901E-001
-3.0253E+000
 4.3869E+000
-6.3009E-001
-2.5648E+000
 4.2312E+000
 2.9130E-003
-4.4129E+000
 3.9214E+000
 1.7106E-001
-5.6196E+000
 4.0603E+000
-8.8748E-002
-2.7810E+000
 4.5633E+000
-3.4759E-001
-2.1482E+000
 4.3828E+000
-1.3070E-001
-1.4616E+000
 4.6849E+000
-2.2782E-001
-8.8466E-001
 4.6722E+000
-3.7095E-001
-2.2329E+000
 4.3280E+000
-8.1978E-001
-3.2503E+000
 3.6002E+000
 1.5543E-001
-1.4820E+000
 5.0105E+000
 2.5614E-001
-1.0059E+000
 5.2485E+000
-1.3766E-001
-5.3866E-001
 5.1001E+000
-3.6427E-001
-6.8097E-001
 4.8334E+000
 6.5141E-001
-1.0317E+000
 5.5314E+000
 1.4726E+000
-1.4153E+000
 6.1892E+000
-2.7233E-001
-3.9109E-002
 5.1619E+000
-5.9055E-001
 4.5830E-001
 4.9431E+000
-6.0472E-001
 3.3132E-001
 4.8931E+000
-9.5765E-001
 4.6211E-001
 4.6038E+000
-6.0140E-001
 1.1126E+000
 5.3034E+000
-1.2684E+000
 2.4175E+000
 5.6136E+000
-2.6911E-001
 2.0574E-001
 5.2470E+000
-2.6481E-001
 1.8919E-001
 5.2559E+000
-5.2195E-001
-3.4463E-001
 4.9117E+000
-7.7195E-001
-2.6992E-001
 4.6796E+000
 1.7790E-001
 9.6747E-002
 5.7238E+000
-6.2752E-001
-1.2035E+000
 4.5496E+000
-3.5052E-001
-7.4408E-001
 4.8980E+000
-4.2941E-001
-1.1936E+000
 4.6393E+000
-9.5402E-001
-1.1601E+000
 4.2246E+000
-1.3315E+000
-1.2273E+000
 3.9184E+000
-1.5665E-001
-1.7281E+000
 4.6176E+000
 1.0396E-001
-2.1114E+000
 4.7156E+000
-1.0941E+000
-8.4562E-001
 4.1306E+000
-1.5848E+000
-7.1429E-001
 3.6133E+000
-1.7745E+000
-4.4994E-001
 3.5674E+000
-1.9997E+000
-5.4978E-001
 3.2687E+000
-1.8711E+000
-3.8016E-001
 3.5397E+000
-2.0308E+000
-4.4076E-001
 3.2498E+000
-1.6605E+000
-6.8559E-002
 3.7523E+000
-1.7905E+000
 9.9895E-002
 3.7824E+000
-1.8404E+000
-2.5344E-001
 3.6235E+000
-1.8437E+000
-2.6875E-001
 3.4717E+000
-1.9117E+000
 4.6934E-001
 4.2018E+000
-2.8621E+000
 1.6423E+000
 4.3873E+000
-1.6437E+000
-3.7031E-001
 3.6958E+000
-1.6408E+000
-8.1011E-001
 3.5441E+000
-1.9128E+000
-1.0901E+000
 3.3868E+000
-1.9238E+000
-1.2202E+000
 3.1403E+000
-1.5643E+000
-1.1654E+000
 3.9521E+000
-2.4398E+000
-1.1920E+000
 4.9888E+000
-1.9040E+000
-1.1813E+000
 3.2751E+000
-1.9840E+000
-1.3701E+000
 3.0837E+000
-2.0961E+000
-1.1814E+000
 2.7347E+000
-2.0447E+000
-1.3153E+000
 2.5676E+000
-1.9544E+000
-1.3432E+000
 3.2871E+000
-1.7872E+000
-6.7800E-001
 4.9652E+000
-2.1458E+000
-8.9995E-001
 2.7307E+000
-2.3434E+000
-7.3654E-001
 2.5184E+000
-2.2971E+000
-8.3893E-001
 2.5080E+000
-2.2443E+000
-9.1215E-001
 2.2787E+000
-2.6545E+000
-3.5022E-001
 2.6002E+000
-2.9117E+000
-2.1508E-001
 2.3052E+000
-2.1939E+000
-6.9294E-001
 2.6301E+000
-2.0129E+000
-9.2449E-001
 2.7624E+000
-2.0596E+000
-1.3956E+000
 2.5345E+000
-1.9638E+000
-1.4513E+000
 2.4322E+000
-2.0229E+000
-1.0185E+000
 3.2942E+000
-2.8455E+000
-1.9416E+000
 3.2903E+000
-2.0369E+000
-1.3694E+000
 2.5006E+000
-2.0187E+000
-1.7154E+000
 2.3858E+000
-1.9214E+000
-1.6682E+000
 2.2420E+000
-1.7523E+000
-1.8068E+000
 2.1306E+000
-2.1478E+000
-1.8879E+000
 2.6965E+000
-2.9598E+000
-6.7350E-001
 1.7524E+000
-1.9553E+000
-1.5262E+000
 2.1828E+000
-1.8898E+000
-1.4424E+000
 1.7839E+000
-1.8982E+000
-1.4202E+000
 1.7105E+000
-1.6603E+000
-1.5047E+000
 1.4918E+000
-2.1075E+000
-1.1805E+000
 1.6236E+000
-1.5990E+000
-6.8440E-001
 1.0519E+000
-1.9485E+000
-1.2759E+000
 1.7522E+000
-1.9069E+000
-1.3349E+000
 1.8503E+000
-1.6712E+000
-1.6812E+000
 1.8713E+000
-1.4193E+000
-1.7070E+000
 1.7859E+000
-2.3169E+000
-1.3236E+000
 2.0681E+000
-2.8763E+000
-7.4984E-001
 1.5665E+000
-1.6594E+000
-1.6877E+000
 1.9031E+000
-1.3406E+000
-2.0330E+000
 2.0095E+000
-1.2234E+000
-2.1605E+000
 1.8883E+000
-9.0803E-001
-2.3202E+000
 1.8984E+000
-1.3996E+000
-2.2988E+000
 2.4200E+000
-2.8389E+000
-6.4261E+000
 2.0432E+000
-1.2715E+000
-2.0149E+000
 1.8466E+000
-1.0612E+000
-2.0506E+000
 1.6822E+000
-8.5636E-001
-1.8687E+000
 1.4666E+000
-5.2650E-001
-1.8901E+000
 1.3909E+000
-1.2661E+000
-1.9253E+000
 1.8372E+000
-4.3331E+000
-2.4080E+000
 2.0178E+000
-1.0017E+000
-1.6798E+000
 1.3952E+000
-9.1778E-001
-1.5152E+000
 1.1535E+000
-7.6338E-001
-1.6094E+000
 1.1612E+000
-5.6241E-001
-1.4887E+000
 1.0493E+000
-1.2022E+000
-1.3612E+000
 9.2723E-001
-2.0238E+000
-4.9899E-001
 4.8233E-001
-8.6511E-001
-1.6544E+000
 1.3878E+000
-6.8965E-001
-1.8571E+000
 1.5693E+000
-2.7851E-001
-1.9556E+000
 1.4617E+000
-7.8817E-002
-1.8572E+000
 1.3836E+000
-8.9251E-001
-2.2749E+000
 1.9494E+000
-5.4422E-002
-2.1339E+000
 1.5630E+000
 3.9478E-001
-2.1911E+000
 1.4968E+000
 5.5822E-001
-1.9990E+000
 1.2571E+000
 8.8162E-001
-1.9562E+000
 1.1897E+000
 6.3616E-001
-2.4279E+000
 1.7176E+000
 7.2979E-002
-2.3474E+000
 1.7413E+000
 3.8725E-001
-1.7786E+000
 1.1126E+000
 5.2906E-001
-1.5541E+000
 8.4570E-001
 5.3010E-001
-1.3810E+000
 7.1656E-001
 8.1456E-001
-1.2424E+000
 5.6047E-001
 3.3357E-001
-1.3917E+000
 7.9802E-001
 6.0855E-001
-1.1562E+000
 3.3860E-001
 2.2376E-001
-1.3218E+000
 8.1299E-001
 1.6920E-001
-1.1771E+000
 7.0352E-001
 4.7718E-001
-1.3313E+000
 7.1692E-001
 6.8010E-001
-1.1481E+000
 5.4278E-001
-1.1511E-001
-1.1331E+000
 8.2836E-001
-9.7034E-001
-7.2524E-001
 3.2986E-001
 5.4806E-001
-1.5733E+000
 9.6658E-001
 8.3812E-001
-1.7468E+000
 1.0682E+000
 1.2540E+000
-1.6929E+000
 9.0358E-001
 1.4403E+000
-1.6801E+000
 7.9098E-001
 1.2943E+000
-1.7268E+000
 9.2050E-001
 1.7665E+000
-1.5953E+000
 7.1787E-001
 1.7882E+000
-1.3743E+000
 4.2580E-001
 2.0085E+000
-1.4055E+000
 2.2183E-001
 1.8617E+000
-1.5582E+000
 6.2293E-001
 2.3961E+000
-1.4083E+000
 2.5129E-001
 1.4731E+000
-1.1429E+000
 2.7188E-001
 1.4547E+000
-9.4376E-001
-2.6600E-002
 1.5016E+000
-8.7208E-001
-1.1090E-001
 1.6687E+000
-7.9654E-001
-3.2292E-001
 1.1309E+000
-7.4742E-001
-2.2563E-001
 1.1944E+000
-9.2631E-002
-7.1016E-001
 1.3013E+000
-9.3277E-001
 4.6988E-002
 1.2594E+000
-8.7324E-001
-1.1105E-002
 1.5773E+000
-1.0022E+000
-3.2727E-002
 1.6603E+000
-8.7570E-001
-2.2950E-001
 1.0449E+000
-9.0694E-001
 2.3133E-001
 9.8816E-001
-1.0010E+000
-1.9988E-002
 1.8015E+000
-1.2465E+000
 1.3278E-001
 2.0833E+000
-1.4008E+000
 6.8740E-002
 2.3293E+000
-1.2936E+000
-1.7955E-001
 2.5236E+000
-1.3068E+000
-3.6770E-001
 2.2109E+000
-1.6243E+000
 3.0008E-001
 2.8590E+000
-2.4360E+000
-1.2317E+000
 2.2920E+000
-1.2048E+000
-2.2551E-001
 2.5250E+000
-1.1022E+000
-4.9525E-001
 2.4659E+000
-8.9477E-001
-7.3165E-001
 2.6970E+000
-8.6713E-001
-9.3592E-001
 2.4024E+000
-1.0011E+000
-4.5285E-001
 2.4964E+000
-1.2256E+000
-3.9352E-001
 2.1666E+000
-7.3859E-001
-7.0028E-001
 2.0907E+000
-5.0505E-001
-8.9459E-001
 2.2360E+000
-5.7685E-001
-9.6730E-001
 2.3564E+000
-4.4609E-001
-1.2273E+000
 1.7610E+000
-3.5703E-001
-8.2669E-001
 2.2020E+000
-7.6340E-001
-7.3678E-001
 2.3237E+000
-8.5151E-001
-8.2125E-001
 2.6697E+000
-9.4802E-001
-9.6451E-001
 2.8718E+000
-9.0752E-001
-1.2895E+000
 2.2841E+000
-1.0164E+000
-6.9484E-001
 2.2585E+000
-7.3883E-001
-3.6212E-001
 2.8031E+000
-1.0669E+000
-9.1786E-001
 3.1206E+000
-1.2116E+000
-1.0566E+000
 3.1999E+000
-9.7500E-001
-1.3618E+000
 3.4971E+000
-1.0408E+000
-1.6140E+000
 3.1381E+000
-1.4597E+000
-9.0054E-001
 3.0126E+000
-7.1464E-001
-1.3693E+000
 3.0721E+000
-4.6388E-001
-1.6351E+000
 3.1122E+000
-4.1090E-001
-1.6828E+000
 3.1685E+000
-2.6576E-001
-1.9740E+000
 3.1008E+000
-5.7733E-001
-1.4616E+000
 3.0859E+000
-5.2326E-001
-1.4732E+000
 2.8890E+000
-2.9494E-001
-1.4565E+000
 2.7992E+000
-1.0535E-001
-1.4425E+000
 3.0880E+000
-6.9179E-001
-1.3785E+000
 3.6496E+000
-9.0343E-001
-1.0663E+000
 2.6260E+000
-2.2004E-001
-1.3854E+000
 2.3357E+000
-4.5907E-002
-1.5085E+000
 2.1379E+000
 3.0254E-002
-1.4794E+000
 2.2046E+000
-5.1354E-002
-1.4631E+000
 2.2453E+000
-1.1960E-001
-1.4050E+000
 2.0403E+000
-1.3826E-001
-1.3639E+000
 1.8781E+000
 2.0297E-001
-1.5380E+000
 1.7292E+000
 2.4936E-001
-1.5178E+000
 1.3510E+000
 1.6083E-001
-1.4191E+000
 1.2967E+000
 2.0619E-001
-1.4204E+000
 1.7495E+000
 5.2979E-001
-1.6244E+000
 2.3520E+000
 1.4665E-001
-3.5159E+000
 1.1655E+000
 9.2782E-002
-1.2180E+000
 8.2577E-001
-2.9048E-003
-1.0886E+000
 6.7780E-001
 1.2426E-001
-1.0902E+000
 7.4104E-001
 1.4656E-001
-1.1370E+000
 8.4465E-001
-3.1567E-001
-9.9681E-001
 3.1459E-001
-1.6712E-001
 2.7296E-002
 3.8877E-001
 2.1587E-001
-1.1409E+000
 2.6713E-001
 3.8240E-001
-1.1357E+000
-1.6157E-001
 3.0000E-001
-1.0388E+000
-2.8384E-001
 3.0293E-001
-9.7973E-001
 3.3545E-001
 8.8644E-001
-1.1887E+000
-3.4982E-001
 3.3783E-001
-9.0863E-001
-6.7706E-001
 3.0822E-001
-7.6721E-001
-8.6285E-001
 6.9351E-001
-8.3864E-001
-7.0374E-001
 9.3798E-001
-1.0145E+000
-7.6146E-001
 1.0389E-001
-5.7553E-001
-1.4997E+000
-2.0816E+000
-2.6007E-002
-1.1541E+000
 7.9923E-001
-8.1285E-001
-1.3955E+000
 1.1832E+000
-8.9530E-001
-1.7502E+000
 1.1799E+000
-6.2677E-001
-2.0072E+000
 9.4212E-001
-4.5504E-001
-1.3887E+000
 1.2938E+000
-1.0702E+000
-1.3702E+000
 1.4311E+000
-1.2201E+000
-1.8515E+000
 1.4052E+000
-6.4742E-001
-2.2236E+000
 1.4406E+000
-3.8137E-001
-2.4531E+000
 1.6841E+000
-3.8603E-001
-2.4613E+000
 2.0783E+000
-5.1433E-001
-2.4505E+000
 1.6186E+000
-4.0699E-001
-3.0740E+000
 1.6919E+000
 4.6322E-002
-2.7562E+000
 1.4792E+000
-1.9458E-001
-2.8994E+000
 1.6193E+000
-1.3818E-001
-3.2533E+000
 1.7649E+000
 6.4471E-002
-3.3887E+000
 1.7963E+000
 2.1979E-001
-3.3524E+000
 1.8465E+000
 1.0452E-001
-3.7085E+000
 1.9829E+000
 2.8158E-001
-3.7523E+000
 2.4532E+000
 9.9820E-002
-4.0860E+000
 2.6265E+000
 1.2122E-001
-3.7312E+000
 1.7613E+000
 3.8326E-001
-3.5743E+000
 1.5985E+000
 3.3694E-001
-3.4328E+000
 2.5969E+000
-1.5355E-001
-3.4119E+000
 3.1641E+000
-3.3726E-001
-3.5976E+000
 3.4244E+000
-2.5683E-001
-3.6652E+000
 3.2552E+000
-1.2595E-001
-2.9998E+000
 3.2319E+000
-7.9474E-001
-1.2610E+000
 3.4882E+000
-1.8281E+000
-3.7136E+000
 3.9376E+000
-3.3205E-001
-3.9227E+000
 4.2585E+000
-2.9209E-001
-3.6200E+000
 4.1884E+000
-5.4088E-001
-3.2671E+000
 4.1629E+000
-7.8437E-001
-4.0710E+000
 4.8198E+000
-3.7939E-001
-3.6005E+000
 4.3350E+000
-4.4614E-001
-3.7433E+000
 4.1729E+000
-4.1786E-001
-3.5541E+000
 4.0557E+000
-5.8274E-001
-3.1427E+000
 4.4761E+000
-9.5516E-001
-2.7516E+000
 4.3392E+000
-1.1564E+000
-3.8777E+000
 4.1070E+000
-2.5365E-001
-3.8461E+000
 3.7946E+000
-1.6566E-001
-3.3078E+000
 4.9506E+000
-1.0519E+000
-2.9704E+000
 5.2695E+000
-1.2254E+000
-2.6192E+000
 5.0838E+000
-1.4486E+000
-2.3050E+000
 5.2063E+000
-1.6333E+000
-3.0244E+000
 5.7399E+000
-1.1745E+000
-2.6928E+000
 4.8197E+000
-1.2900E+000
-2.4018E+000
 4.6198E+000
-1.4198E+000
-2.1560E+000
 4.1732E+000
-1.4680E+000
-1.8265E+000
 4.0895E+000
-1.6054E+000
-2.6047E+000
 4.5863E+000
-1.2284E+000
 1.7821E-002
 5.1483E+000
-1.7591E+000
-2.3421E+000
 3.9030E+000
-1.2448E+000
-2.1195E+000
 3.4165E+000
-1.2933E+000
-1.7822E+000
 3.6933E+000
-1.5474E+000
-1.5147E+000
 3.5731E+000
-1.6477E+000
-2.6338E+000
 3.0623E+000
-1.0729E+000
-2.6601E+000
 2.6210E+000
-9.5295E-001
-1.8907E+000
 3.9593E+000
-1.6083E+000
-1.6362E+000
 4.2294E+000
-1.8433E+000
-1.3209E+000
 4.3213E+000
-2.0295E+000
-1.0660E+000
 4.2361E+000
-2.1655E+000
-1.8557E+000
 4.5212E+000
-1.9132E+000
-1.4136E+000
 5.9252E+000
-2.0374E+000
-1.4652E+000
 4.6167E+000
-2.0526E+000
-1.1653E+000
 4.7147E+000
-2.2507E+000
-9.0710E-001
 4.3379E+000
-2.2813E+000
-6.0747E-001
 4.3372E+000
-2.4601E+000
-1.2507E+000
 4.9259E+000
-2.2593E+000
-1.0648E+000
 3.9933E+000
-2.0851E+000
-8.4255E-001
 3.6472E+000
-2.0563E+000
-6.0168E-001
 3.4542E+000
-2.1591E+000
-3.2632E-001
 3.3457E+000
-2.2754E+000
-1.0116E+000
 3.3996E+000
-1.7617E+000
-1.1701E+000
 3.6272E+000
-1.6411E+000
-7.2334E-001
 3.4495E+000
-2.0546E+000
-5.2868E-001
 3.2340E+000
-2.1538E+000
-2.4197E-001
 3.4779E+000
-2.4022E+000
 2.1821E-002
 3.3369E+000
-2.5082E+000
-8.2078E-001
 3.2149E+000
-1.8857E+000
-1.1016E+000
 2.7045E+000
-1.1101E+000
-3.4716E-001
 3.9057E+000
-2.5074E+000
-8.0100E-002
 4.1537E+000
-2.7427E+000
 1.9633E-001
 4.0538E+000
-2.9070E+000
 4.6833E-001
 4.0389E+000
-3.0687E+000
-2.4425E-001
 4.6347E+000
-2.7869E+000
-4.0614E-001
 2.7125E+000
-1.1665E+000
 1.1118E-001
 4.0102E+000
-2.8266E+000
 3.4417E-001
 3.9048E+000
-2.9646E+000
 5.6287E-001
 3.5248E+000
-2.9499E+000
 8.5400E-001
 3.4501E+000
-3.1627E+000
 2.0386E-001
 3.8981E+000
-2.8647E+000
 1.0163E+000
 3.8603E+000
-3.6014E+000
 3.5470E-001
 3.2004E+000
-2.7076E+000
 5.6467E-001
 2.8195E+000
-2.6342E+000
 7.3796E-001
 2.7620E+000
-2.7444E+000
 9.5403E-001
 2.6741E+000
-2.7029E+000
 3.3996E-001
 2.5316E+000
-2.2899E+000
 1.1278E-001
 2.2947E+000
-1.9751E+000
 6.4589E-001
 2.9527E+000
-2.7750E+000
 7.5816E-001
 2.7898E+000
-2.8838E+000
 1.0693E+000
 3.1966E+000
-3.1837E+000
 1.0865E+000
 3.0153E+000
-3.2765E+000
 4.1021E-001
 2.7055E+000
-2.4401E+000
 1.0914E-001
 2.0612E+000
-1.9126E+000
 1.0265E+000
 3.5485E+000
-3.2833E+000
 1.1786E+000
 3.7895E+000
-3.5985E+000
 9.7757E-001
 4.0951E+000
-3.6499E+000
 1.0804E+000
 4.5595E+000
-3.8638E+000
 1.0035E+000
 4.0856E+000
-3.5779E+000
