53.67
54.41
57.87
60.34
66.82
74.18
75.92
78.61
72.71
70.58
72.55
66.8
68.79
70.9
70.76
68.89
73.65
86.74
96.83
99.86
87.76
85.86
72.87
58.63
56.91
53.75
56.33
57.23
61.22
72.16
79.05
94.56
99.26
93.16
87.12
72.37
61.38
54.59
51.54
46.52
46.52
50.68
57.26
72.95
88.05
104.71
115.51
119.57
114.58
115.22
107.81
104.25
95.27
84.5
78.54
76.17
66.77
58.92
58.73
58.84
54.08
51.89
52.93
52.64
51.44
51.19
49.07
52.76
48.86
44.7
45.4
45.59
48.45
45.29
49.28
50.3
51.07
52.89
60.53
65.63
73.69
82.21
84.14
74.21
69.16
57.39
52.06
48.04
48.38
46.3
46.21
55.12
52.64
53.56
51.69
47.65
50.94
57.05
54.04
52.53
62.59
67.87
68.25
67.85
73.99
66
55.56
53.36
47.35
51.71
47.7
44.03
40.26
42.77
40.39
42.56
43.15
40.84
40.68
42.6
45.19
46.57
48.57
51.52
53.56
55.55
61.51
68.7
71.99
76.28
71.46
68.55
60.97
60.65
56.73
48.59
49.73
45.25
50.2
49.52
42.79
44.65
42.03
45.7
50.22
52.14
52.04
47.12
42.7
43.85
47.38
47.07
55.68
75.38
84
88.77
85.81
122.57
98.39
82.49
84.57
73.37
62.65
67.54
71.31
86.22
89.6
84.82
88.95
104.21
106.81
97.53
91.61
79.17
77.34
65.46
61.5
62.05
52.01
51.45
54.53
52.9
45.65
48.4
50.52
45.36
41.84
46.75
49.38
46.56
49.45
54.73
55.08
57.59
62.12
70.23
73.19
84.71
96.08
112.52
110.84
116.5
108.89
119.66
114
95.54
95.37
105.23
93.39
83.63
94.95
93.81
81.27
75.16
62.32
59.32
56.83
51.95
53.32
52.9
49.83
47.69
46.18
47.37
48.71
46.8
47.85
58.34
53.91
52.67
54.21
51.45
52.41
57.98
65.14
75.83
78.65
70.53
72.54
66.88
59.45
55.29
55.52
48.88
56.89
53.57
45.79
45.64
48.34
46.91
43.13
44.58
44.03
44.86
45.54
56.21
55.42
47.2
52.23
49.57
44.04
45.96
