078	003
005	078
079	005
006	009
009	006
011	008
030	009
011	028
028	011
012	044
013	026
014	026
026	014
016	024
024	017
019	022
022	019
046	021
023	044
044	023
025	042
042	025
027	040
040	027
029	038
038	029
090	039
041	088
088	041
088	041
043	086
049	047
054	049
053	050
054	050
055	051
056	052
058	054
058	055
059	055
060	056
061	057
062	058
063	059
064	060
154	060
065	061
066	062
066	063
066	063
068	125
072	069
148	070
151	071
073	151
089	074
076	087
077	087
087	077
079	085
085	079
083	081
081	083
081	083
083	081
083	083
088	089
150	089
094	091
093	143
143	094
099	095
095	139
096	141
100	096
102	098
103	099
103	099
101	209
101	209
106	103
106	105
111	108
112	108
113	109
114	110
115	111
116	112
116	112
117	113
118	114
119	115
115	146
120	116
198	116
121	117
122	118
118	147
149	118
123	119
124	120
125	121
126	122
127	123
127	124
128	124
129	125
131	126
130	127
160	130
130	160
130	161
130	164
191	131
132	158
158	132
133	194
135	133
133	152
134	194
156	134
134	156
140	137
138	204
141	138
152	140
142	150
150	142
144	148
145	148
148	145
147	145
145	147
164	161
163	164
190	165
187	170
178	175
179	176
177	213
177	216
197	178
178	204
184	180
185	181
186	182
256	182
187	183
183	188
190	193
193	190
194	191
195	191
196	192
256	192
192	253
192	256
258	192
198	194
199	195
199	196
200	196
249	196
201	197
201	197
202	198
203	199
204	200
205	201
206	202
207	203
207	203
203	232
207	204
209	204
208	205
210	207
210	207
215	214
220	217
221	218
223	220
224	220
223	220
225	221
226	222
223	222
227	223
227	224
229	224
228	225
230	225
230	229
230	249
230	249
242	231
233	237
237	234
238	276
242	238
238	276
243	239
244	241
245	241
246	242
247	243
248	244
248	245
249	246
256	250
256	250
255	252
254	252
256	253
258	261
261	258
262	258
263	259
265	261
266	262
267	263
267	263
268	264
269	265
268	265
270	266
275	272
276	273
277	273
