 beta=   0.0000000000000000     
  -4.6654892139908546E-015
  -1.7456928652668224E-015
  -8.6909768427060016E-016
  -4.2937292578283458E-016
   2.9720753483970248E-016
   6.6367058985016414E-016
   2.5180698592923998E-003
   3.1544536575994070E-003
   3.9617220419295440E-003
   5.4777782522985041E-003
   5.7438477332149435E-003
   6.2002405414031819E-003
   6.5362774685430308E-003
   7.0513679150609777E-003
   7.2509778630919534E-003
   7.4092847789363203E-003
   7.8706641974728864E-003
   8.0215456300802065E-003
   8.1436428769036361E-003
   8.6121709622568043E-003
   9.0290642025335627E-003
   9.2395587549182080E-003
   9.7898658158870697E-003
   9.8889563096408381E-003
   1.0205656255724740E-002
   1.0583961361534411E-002
   1.0645189063280982E-002
   1.0791012914321867E-002
   1.0980781211380727E-002
   1.1146225395656755E-002
   1.1318452729092651E-002
   1.1526290510952390E-002
   1.1666315425925050E-002
   1.1818070565893918E-002
   1.2015715956282891E-002
   1.2227442227054155E-002
   1.2331731731612203E-002
   1.2628834673556858E-002
   1.2730629625447909E-002
   1.2883819926527651E-002
   1.3051341439467463E-002
   1.3125818662397254E-002
   1.3490875550468323E-002
   1.3601019292202898E-002
   1.3812698350844324E-002
   1.3993956276744643E-002
   1.4087274333896928E-002
   1.4475077151457797E-002
   1.4642840829319033E-002
   1.4689453918657459E-002
   1.4859064236356800E-002
   1.4931190552560236E-002
   1.4978916867024454E-002
   1.5208207752343238E-002
   1.5238538813873130E-002
   1.5354207734173723E-002
   1.5400217039085309E-002
   1.5623698911030133E-002
   1.5782730043047283E-002
   1.5885303112995977E-002
   1.6004868233723945E-002
   1.6213404419619534E-002
   1.6310226902777388E-002
   1.6448202309141291E-002
   1.6530379577586195E-002
   1.6627046204447906E-002
   1.6731183402796661E-002
   1.6850377300677972E-002
   1.6877994487664839E-002
   1.7009796897797812E-002
   1.7068456326797869E-002
   1.7107149641893485E-002
   1.7230065640608805E-002
   1.7349596230693595E-002
   1.7441863448034195E-002
   1.7641322467149501E-002
   1.7722076725923547E-002
   1.7797222170167701E-002
   1.7868789417638125E-002
   1.8000971770856928E-002
   1.8036308059603542E-002
   1.8152723606312406E-002
   1.8311777569616439E-002
   1.8451444416189875E-002
   1.8688359424478440E-002
   1.8734124923924293E-002
   1.8927200051977820E-002
   1.8989133373880047E-002
   1.9017109472876520E-002
   1.9180910410232899E-002
   1.9292099996296958E-002
   1.9380655783421734E-002
   1.9433731277349858E-002
   1.9490429544073432E-002
   1.9564670803774220E-002
   1.9608026653436222E-002
   1.9785682508747588E-002
   1.9868023276067535E-002
   1.9946255466655481E-002
   2.0136248350742583E-002
   2.0227308018277015E-002
   2.0432623140201264E-002
   2.0557725405969507E-002
   2.0600414325091524E-002
   2.0764654686497713E-002
   2.0963822841725370E-002
   2.1005212275123995E-002
   2.1115521324917657E-002
   2.1296551890034127E-002
   2.1382303021311295E-002
   2.1451599913104823E-002
   2.1531624440336242E-002
   2.1553061187693144E-002
   2.1669521445639394E-002
   2.1930605832688868E-002
   2.1946131929515542E-002
   2.2051682905951879E-002
   2.2093220394848730E-002
   2.2225225981114687E-002
   2.2336381620832763E-002
   2.2361273965467787E-002
   2.2409719404359835E-002
   2.2711775581972512E-002
   2.2772645239093735E-002
   2.2959261314123493E-002
   2.2973171439038428E-002
   2.3111870549493371E-002
   2.3150191865052891E-002
   2.3276331557542856E-002
   2.3365084386053711E-002
   2.3425382606140376E-002
   2.3570827658276700E-002
   2.3659307263763415E-002
   2.3745509136223593E-002
   2.3838522065069621E-002
   2.3970427943691201E-002
   2.4053766045093745E-002
   2.4095450883871487E-002
   2.4183839706158301E-002
   2.4354149936603908E-002
   2.4468204447657019E-002
   2.4519301221496190E-002
   2.4554438082928249E-002
   2.4729227349240972E-002
   2.4821577020570203E-002
   2.4933104570055618E-002
   2.4975838332398036E-002
   2.4992092605578723E-002
   2.5073588175895115E-002
   2.5125236148242136E-002
   2.5213646535408002E-002
   2.5265215940582206E-002
   2.5319070799125563E-002
   2.5454755724902148E-002
   2.5500554810773058E-002
   2.5526827789270849E-002
   2.5617426347112070E-002
   2.5732403904564900E-002
   2.5790285974403956E-002
   2.5865682740190573E-002
   2.6005365512123114E-002
   2.6022093348813433E-002
   2.6184438275494756E-002
   2.6265402378797358E-002
   2.6323786382897015E-002
   2.6374309313620801E-002
   2.6468885797704293E-002
   2.6489723603697786E-002
   2.6592732884001304E-002
   2.6651542938299785E-002
   2.6778340152088312E-002
   2.6927255201539158E-002
   2.7006865532458648E-002
   2.7097504364708220E-002
   2.7131275711893808E-002
   2.7212638737446154E-002
   2.7248810504474429E-002
   2.7277669631913245E-002
   2.7376568438776672E-002
   2.7501646248511633E-002
   2.7587886441828684E-002
   2.7632056095132029E-002
   2.7648358503360459E-002
   2.7775941605612170E-002
   2.7803929816155492E-002
   2.7901967313409159E-002
   2.7916573942401001E-002
   2.8014471145690379E-002
   2.8049597835359544E-002
   2.8106886314554144E-002
   2.8123625933261821E-002
   2.8196020943211782E-002
   2.8254835230177577E-002
   2.8382663772954387E-002
   2.8419431620327267E-002
   2.8451647459500483E-002
   2.8535018912972603E-002
   2.8582226702741777E-002
   2.8630877119880542E-002
   2.8734607585878123E-002
   2.8917107210469570E-002
   2.9044745695903484E-002
   2.9078871518305609E-002
   2.9104276024240316E-002
   2.9211253136782696E-002
   2.9289588498198991E-002
   2.9308207337539274E-002
   2.9387488892193420E-002
   2.9414057263078223E-002
   2.9519936381432878E-002
   2.9609584027106613E-002
   2.9637710926601935E-002
   2.9695928243626338E-002
   2.9743890684670288E-002
   2.9861000330575940E-002
   2.9945955412538264E-002
   2.9982672090366421E-002
   3.0022680785749416E-002
   3.0100425622105353E-002
   3.0151197775392956E-002
   3.0216845921942605E-002
   3.0246834935352462E-002
   3.0281846007919208E-002
   3.0376918553479505E-002
   3.0460724423637727E-002
   3.0551476500016675E-002
   3.0662651505387380E-002
   3.0769354605693390E-002
   3.0785573982135044E-002
   3.0875608966089482E-002
   3.0956359981692626E-002
   3.0989827981124346E-002
   3.1037765084619813E-002
   3.1083079655643983E-002
   3.1123528800021782E-002
   3.1133646696345389E-002
   3.1187974094639279E-002
   3.1274172952971351E-002
   3.1334159946280520E-002
   3.1434990967632449E-002
   3.1446225127499020E-002
   3.1523570645528957E-002
   3.1591798993231578E-002
   3.1660013549856800E-002
   3.1729043334571043E-002
   3.1814958015959578E-002
   3.1869210874259153E-002
   3.1886943801135714E-002
   3.1937257757293863E-002
   3.2023742571858034E-002
   3.2134354060620964E-002
   3.2171750974629307E-002
   3.2212216292690797E-002
   3.2276181839927351E-002
   3.2289545785831868E-002
   3.2331560134203977E-002
   3.2413855818636879E-002
   3.2425495850941927E-002
   3.2451065828824448E-002
   3.2598273189569552E-002
   3.2609586533089381E-002
   3.2665076210519860E-002
   3.2716566790508161E-002
   3.2777021159480564E-002
   3.2847800919441748E-002
   3.2882158209245387E-002
   3.2970524055265148E-002
   3.3074296314344637E-002
   3.3137189059651365E-002
   3.3191179849577437E-002
   3.3287279304747112E-002
   3.3335583171831565E-002
   3.3373376274633548E-002
   3.3450097796804759E-002
   3.3557391275859251E-002
   3.3574084129657955E-002
   3.3599944740213529E-002
   3.3720129172530047E-002
   3.3808818256318235E-002
   3.3872374906321855E-002
   3.3903639408329522E-002
   3.3932614795890353E-002
   3.3972709431561894E-002
   3.4031934213866140E-002
   3.4068222177284904E-002
   3.4142004297582629E-002
   3.4204798020490680E-002
   3.4293045625815047E-002
   3.4337499677090613E-002
   3.4396472025080477E-002
   3.4457218949846644E-002
   3.4465719714485199E-002
   3.4486565234335964E-002
   3.4542748962348581E-002
   3.4559584890075552E-002
   3.4652011459360164E-002
   3.4702698200488026E-002
   3.4783755138047018E-002
   3.4811768648616639E-002
   3.4928485421432225E-002
   3.4976901005925293E-002
   3.5029937979526665E-002
   3.5081593219694077E-002
   3.5175136849187549E-002
   3.5210042995657810E-002
   3.5314264039291762E-002
   3.5367003895055489E-002
   3.5421488631732639E-002
   3.5474918974701723E-002
   3.5503693633463312E-002
   3.5568402140629229E-002
   3.5620004381172188E-002
   3.5670089927087228E-002
   3.5746392742076021E-002
   3.5782723063451566E-002
   3.5805142506716528E-002
   3.5853309880534548E-002
   3.5916113597688266E-002
   3.5968448124509535E-002
   3.6037556132634832E-002
   3.6119835904781863E-002
   3.6234361299573470E-002
   3.6272440262912153E-002
   3.6337559696309939E-002
   3.6390709109634302E-002
   3.6403241625132685E-002
   3.6438489829671239E-002
   3.6464239131434255E-002
   3.6539178847037453E-002
   3.6575045432695644E-002
   3.6643577350867790E-002
   3.6650872711465131E-002
   3.6762096325465621E-002
   3.6782869932297700E-002
   3.6880399625464140E-002
   3.6910075953212065E-002
   3.6919743049866401E-002
   3.6986327488315658E-002
   3.7068525521362521E-002
   3.7110386360414985E-002
   3.7148249419197206E-002
   3.7206483754513145E-002
   3.7279586893988116E-002
   3.7366794215436760E-002
   3.7381553162768547E-002
   3.7434269156708576E-002
   3.7549076074141048E-002
   3.7562424053516848E-002
   3.7633407411374678E-002
   3.7709068871145002E-002
   3.7742379898013982E-002
   3.7824851315250117E-002
   3.7881358724174634E-002
   3.7965267782130462E-002
   3.8025560121579635E-002
   3.8057737825153641E-002
   3.8133644777022517E-002
   3.8209619467053473E-002
   3.8302811524682435E-002
   3.8381878482185702E-002
   3.8422205340945634E-002
   3.8515953989114934E-002
   3.8522946275420127E-002
   3.8588318511314612E-002
   3.8631738487903876E-002
   3.8667100524562521E-002
   3.8693186495668927E-002
   3.8726377555040221E-002
   3.8763276615048768E-002
   3.8840535592414890E-002
   3.8850093930674831E-002
   3.8910185825899259E-002
   3.8984808593832618E-002
   3.8992214924173076E-002
   3.9022389953250095E-002
   3.9114059780912105E-002
   3.9147983884102483E-002
   3.9159196878962028E-002
   3.9177098418600280E-002
   3.9228181758453939E-002
   3.9251854933995640E-002
   3.9266631277943088E-002
   3.9335367187937467E-002
   3.9396220359401379E-002
   3.9423483596844243E-002
   3.9450340910518009E-002
   3.9503938181846221E-002
   3.9531913326548859E-002
   3.9580646244088906E-002
   3.9626906658551196E-002
   3.9667366394299762E-002
   3.9712291160360576E-002
   3.9771177441111201E-002
   3.9805338252765325E-002
   3.9830916978386997E-002
   3.9856218736517013E-002
   3.9889180745467698E-002
   3.9930366018013072E-002
   3.9990663997190458E-002
   4.0045327519195963E-002
   4.0054601669690257E-002
   4.0104059374928593E-002
   4.0126581029762035E-002
   4.0157787919940686E-002
   4.0184811834607245E-002
   4.0309893668291061E-002
   4.0313055021066184E-002
   4.0359251077171324E-002
   4.0375366571023051E-002
   4.0416386062849752E-002
   4.0426932891961267E-002
   4.0474094831708968E-002
   4.0487286399751361E-002
   4.0528588116677387E-002
   4.0611803491620878E-002
   4.0631293048568079E-002
   4.0654349077267560E-002
   4.0685567512235107E-002
   4.0725665030600593E-002
   4.0798746999702623E-002
   4.0877462664439979E-002
   4.0931340267450135E-002
   4.0984887585781588E-002
   4.1006156374816853E-002
   4.1039414207298189E-002
   4.1085709199771857E-002
   4.1113592109179177E-002
   4.1200376076667086E-002
   4.1214939551213074E-002
   4.1236714583833017E-002
   4.1278644088315587E-002
   4.1291005970559520E-002
   4.1355897104639321E-002
   4.1395206484430437E-002
   4.1446509676014383E-002
   4.1478120258848762E-002
   4.1498095428343110E-002
   4.1571402671513158E-002
   4.1606509502725098E-002
   4.1661311126600015E-002
   4.1705202559762136E-002
   4.1713701516824943E-002
   4.1744010117351890E-002
   4.1766385147176122E-002
   4.1787782303526845E-002
   4.1796922272616624E-002
   4.1848058253025351E-002
   4.1894525493725326E-002
   4.1934047683216749E-002
   4.1992019618411522E-002
   4.2002608367746233E-002
   4.2036010167375008E-002
   4.2060410606095909E-002
   4.2119654814806652E-002
   4.2171731739290771E-002
   4.2188504209532324E-002
   4.2245600766614634E-002
   4.2295391067523010E-002
   4.2332876833027749E-002
   4.2356529950049439E-002
   4.2405368092494553E-002
   4.2452039959914416E-002
   4.2473280661891370E-002
   4.2490222497178654E-002
   4.2549078351776473E-002
   4.2576805375835372E-002
   4.2615232401396662E-002
   4.2654086142448019E-002
   4.2701191768980594E-002
   4.2710147109932602E-002
   4.2764123904396038E-002
   4.2777941161389013E-002
   4.2825431897531192E-002
   4.2849245155907649E-002
   4.2923364941662087E-002
   4.2939342331743000E-002
   4.2989431927155417E-002
   4.3037908300352860E-002
   4.3074428301052896E-002
   4.3090749020912200E-002
   4.3137475156221676E-002
   4.3154485434885662E-002
   4.3177002753916956E-002
   4.3288330320681093E-002
   4.3322910291311634E-002
   4.3369869664316135E-002
   4.3417470117363050E-002
   4.3482722626287461E-002
   4.3499967457978690E-002
   4.3526129800923685E-002
   4.3545677510368225E-002
   4.3556939593162022E-002
   4.3578383892563598E-002
   4.3613728683601458E-002
   4.3632878538826213E-002
   4.3645757940512994E-002
   4.3734003569623606E-002
   4.3746612127676651E-002
   4.3810084500263836E-002
   4.3874645104406147E-002
   4.3901619642389575E-002
   4.3945746582818947E-002
   4.3966670771573783E-002
   4.3975824119416612E-002
   4.4033580320793554E-002
   4.4048265347659217E-002
   4.4068893710607876E-002
   4.4143107560573214E-002
   4.4182055051691510E-002
   4.4202061444044767E-002
   4.4225635986803347E-002
   4.4263947416722974E-002
   4.4315207714068404E-002
   4.4344151218178404E-002
   4.4359739029180820E-002
   4.4386442240128450E-002
   4.4432973920756326E-002
   4.4489099489884665E-002
   4.4508012321070545E-002
   4.4547497109658697E-002
   4.4565379906965061E-002
   4.4636908534999166E-002
   4.4648311798877273E-002
   4.4714122450790601E-002
   4.4719707645986283E-002
   4.4748193303829994E-002
   4.4775500129953051E-002
   4.4804000359224119E-002
   4.4806962154330533E-002
   4.4871368431275732E-002
   4.4905429907364985E-002
   4.4925231704592922E-002
   4.4941553499925249E-002
   4.4957661249746469E-002
   4.5003993594914526E-002
   4.5025041310024556E-002
   4.5072403616021439E-002
   4.5100549955680636E-002
   4.5130923811105950E-002
   4.5139301101934766E-002
   4.5169342463702862E-002
   4.5226254060396917E-002
   4.5291567336860655E-002
   4.5332426739088119E-002
   4.5345696779752982E-002
   4.5394204204659457E-002
   4.5411781706062457E-002
   4.5463006538871253E-002
   4.5490604844713949E-002
   4.5528266674227602E-002
   4.5555229222334855E-002
   4.5642772030420518E-002
   4.5643866389097607E-002
   4.5675981578354966E-002
   4.5687511244589099E-002
   4.5730769929060236E-002
   4.5733198333200588E-002
   4.5737869328624427E-002
   4.5755822014900409E-002
   4.5808875980298237E-002
   4.5817026286061248E-002
   4.5848027464028308E-002
   4.5874193979771390E-002
   4.5897645516541095E-002
   4.5929472474918714E-002
   4.5937687289885988E-002
   4.5987042857437967E-002
   4.6005029608451285E-002
   4.6013557632647167E-002
   4.6076838452944732E-002
   4.6113646277703105E-002
   4.6140233115061852E-002
   4.6165720003640810E-002
   4.6200750925266994E-002
   4.6219024852128081E-002
   4.6240374937387328E-002
   4.6248998890786791E-002
   4.6309189371487612E-002
   4.6326986466930599E-002
   4.6347472963616285E-002
   4.6382847815920288E-002
   4.6388306179785330E-002
   4.6409081341567876E-002
   4.6420232482366965E-002
   4.6442130789987726E-002
   4.6455450805205065E-002
   4.6518574812503391E-002
   4.6522478689720592E-002
   4.6563186807369601E-002
   4.6565248531295234E-002
   4.6590379194118861E-002
   4.6619507424468465E-002
   4.6657788161995256E-002
   4.6671974683317359E-002
   4.6685048060636052E-002
   4.6728470642804512E-002
   4.6743792918420873E-002
   4.6768479710876297E-002
   4.6777123764021281E-002
   4.6791786708025980E-002
   4.6811057389544858E-002
   4.6834424933161312E-002
   4.6867541008832669E-002
   4.6893194782512568E-002
   4.6952275615126535E-002
   4.6969105303266950E-002
   4.6981590063579631E-002
   4.7003078383693705E-002
   4.7012472117786655E-002
   4.7034458864487358E-002
   4.7057786510800989E-002
   4.7102654149110558E-002
   4.7113549231005324E-002
   4.7159673378990317E-002
   4.7202560285582222E-002
   4.7213642004349757E-002
   4.7231210418727333E-002
   4.7250601589409393E-002
   4.7272307807673587E-002
   4.7332147247672124E-002
   4.7350220553317328E-002
   4.7367175981981161E-002
   4.7380986841461907E-002
   4.7433642745330760E-002
   4.7449227449968448E-002
   4.7465663624556696E-002
   4.7500267615538466E-002
   4.7549028998730182E-002
   4.7558001257155438E-002
   4.7580875846420026E-002
   4.7595879274128630E-002
   4.7618604784209782E-002
   4.7639658224887249E-002
   4.7643855158373521E-002
   4.7665820454499692E-002
   4.7687049570431246E-002
   4.7733259271510738E-002
   4.7761143277372770E-002
   4.7796929333131899E-002
   4.7834496699080610E-002
   4.7881208989817632E-002
   4.7919002377316215E-002
   4.7952744279433218E-002
   4.7954585607058647E-002
   4.7969345887369022E-002
   4.8015830842474433E-002
   4.8068717875975164E-002
   4.8086974786112124E-002
   4.8143393168190128E-002
   4.8153490777842180E-002
   4.8158623765356942E-002
   4.8199848751614691E-002
   4.8231940963036506E-002
   4.8251624230762513E-002
   4.8266199231925912E-002
   4.8315792370977523E-002
   4.8317536355206622E-002
   4.8325888884410036E-002
   4.8387373775396009E-002
   4.8413641290472098E-002
   4.8431021108857643E-002
   4.8450443715570148E-002
   4.8456312849739502E-002
   4.8514489468767567E-002
   4.8526172886194686E-002
   4.8550833673377612E-002
   4.8571426476661732E-002
   4.8598581771632079E-002
   4.8633476046094075E-002
   4.8644155863949018E-002
   4.8655395410771823E-002
   4.8693924922700235E-002
   4.8710107035950488E-002
   4.8739316950950816E-002
   4.8759227403382947E-002
   4.8787099095544351E-002
   4.8809075126708665E-002
   4.8850125479770225E-002
   4.8861973847000834E-002
   4.8871191786879320E-002
   4.8890988024908669E-002
   4.8915678940095457E-002
   4.8928487750525045E-002
   4.8982950316496729E-002
   4.9000268466023449E-002
   4.9026990533179417E-002
   4.9049018375279571E-002
   4.9077124961025259E-002
   4.9089038479399362E-002
   4.9109044793476393E-002
   4.9135491597821615E-002
   4.9168727383731077E-002
   4.9173448427536057E-002
   4.9223410624387363E-002
   4.9264579453474094E-002
   4.9267454176669709E-002
   4.9307056461512830E-002
   4.9334730973467737E-002
   4.9380016269648309E-002
   4.9391889680104932E-002
   4.9437834855107728E-002
   4.9462528128876124E-002
   4.9470520037764393E-002
   4.9495736237715748E-002
   4.9510937289093927E-002
   4.9541054523696879E-002
   4.9577284920782720E-002
   4.9589517660363118E-002
   4.9618734121159386E-002
   4.9636558505668775E-002
   4.9649932661828898E-002
   4.9667303214065296E-002
   4.9699277451156834E-002
   4.9713924727130744E-002
   4.9732391925256872E-002
   4.9757641735175100E-002
   4.9787983393972411E-002
   4.9808116844987538E-002
   4.9834960220163739E-002
   4.9862686980967373E-002
   4.9899335868154211E-002
   4.9913998456462202E-002
   4.9938035372602503E-002
   4.9963549812134404E-002
   4.9971650771508495E-002
   5.0016802489311563E-002
   5.0026565525340912E-002
   5.0040176709647270E-002
   5.0082632011215281E-002
   5.0092338116782854E-002
   5.0103663796693072E-002
   5.0134235653661756E-002
   5.0152995304880613E-002
   5.0169199211610595E-002
   5.0197664862327809E-002
   5.0225299004663361E-002
   5.0259379834506096E-002
   5.0294023952110481E-002
   5.0315680042408197E-002
   5.0340827544579206E-002
   5.0361806776681367E-002
   5.0378308719368069E-002
   5.0400836828510320E-002
   5.0405424958980552E-002
   5.0426843582336713E-002
   5.0440671421729553E-002
   5.0491462856452660E-002
   5.0526865026250582E-002
   5.0535821475596820E-002
   5.0549593039081353E-002
   5.0561144295235831E-002
   5.0574420988012951E-002
   5.0613291790549950E-002
   5.0647497195239768E-002
   5.0668922608685857E-002
   5.0681265573548004E-002
   5.0705244763718640E-002
   5.0729309479416458E-002
   5.0739787165831406E-002
   5.0758191098355263E-002
   5.0779931385172165E-002
   5.0812117316604573E-002
   5.0834686432888250E-002
   5.0857010948976974E-002
   5.0872818022179425E-002
   5.0878227446158476E-002
   5.0919062968907178E-002
   5.0933181899278639E-002
   5.0978037107424157E-002
   5.0985116241161678E-002
   5.0996408591459853E-002
   5.1015895216629185E-002
   5.1022837899051987E-002
   5.1056668380868878E-002
   5.1073238828340202E-002
   5.1089424158015845E-002
   5.1113682475685401E-002
   5.1131547123352682E-002
   5.1168252107800065E-002
   5.1181063534258026E-002
   5.1195801852549613E-002
   5.1227653132476056E-002
   5.1243237045764604E-002
   5.1256187725761203E-002
   5.1293691374723019E-002
   5.1297413235836843E-002
   5.1323065837073002E-002
   5.1334129631230657E-002
   5.1347693476368236E-002
   5.1367601441243596E-002
   5.1385411865489568E-002
   5.1416665190984666E-002
   5.1424559672856383E-002
   5.1479409162799750E-002
   5.1495516179408306E-002
   5.1500099394219470E-002
   5.1520511733440327E-002
   5.1527816881224618E-002
   5.1548175777427312E-002
   5.1553353369220442E-002
   5.1576491238528692E-002
   5.1595044360589620E-002
   5.1602623912830020E-002
   5.1638137799661449E-002
   5.1652177702228859E-002
   5.1677281732946445E-002
   5.1689621348816064E-002
   5.1703046133695169E-002
   5.1738067656553366E-002
   5.1761418975618707E-002
   5.1803814930386258E-002
   5.1807888762429782E-002
   5.1825034540513480E-002
   5.1835019227604945E-002
   5.1875200704957193E-002
   5.1888693070813986E-002
   5.1902043973056214E-002
   5.1915082900388432E-002
   5.1950755898462923E-002
   5.1975215796499559E-002
   5.2004419210796932E-002
   5.2053564768193075E-002
   5.2084081071548625E-002
   5.2107816906325509E-002
   5.2120071210629788E-002
   5.2144673837759857E-002
   5.2161622629776770E-002
   5.2174592585162827E-002
   5.2183589080719489E-002
   5.2207253394275281E-002
   5.2247913613125092E-002
   5.2255636269166281E-002
   5.2273419916975462E-002
   5.2305676254050276E-002
   5.2326346890617451E-002
   5.2354639967373565E-002
   5.2392537769100835E-002
   5.2413776393519483E-002
   5.2432301981885046E-002
   5.2440325455379348E-002
   5.2443040863085016E-002
   5.2483269790273464E-002
   5.2486681498881312E-002
   5.2520524646200814E-002
   5.2546062136296250E-002
   5.2547312781946180E-002
   5.2572533064530975E-002
   5.2594586434762496E-002
   5.2606240076740952E-002
   5.2669320048487511E-002
   5.2676300410317040E-002
   5.2686161715813681E-002
   5.2707000345460851E-002
   5.2731154672324226E-002
   5.2748711614537494E-002
   5.2777505199255018E-002
   5.2806798324275962E-002
   5.2813026384390123E-002
   5.2831488097288680E-002
   5.2868413354043638E-002
   5.2903550961900282E-002
   5.2917041155283021E-002
   5.2948113251287669E-002
   5.2964439062332516E-002
   5.2992624766282373E-002
   5.3017957086236092E-002
   5.3034443159557708E-002
   5.3071294568240543E-002
   5.3073308773807330E-002
   5.3121455952419239E-002
   5.3134709561423736E-002
   5.3166401953653013E-002
   5.3195604442200790E-002
   5.3221197994998928E-002
   5.3253256014316665E-002
   5.3269158989904912E-002
   5.3302217097859692E-002
   5.3308372029922044E-002
   5.3329745168647032E-002
   5.3357849671066805E-002
   5.3359342855177169E-002
   5.3382445830541442E-002
   5.3408694888713221E-002
   5.3445562345562615E-002
   5.3459672618983441E-002
   5.3488815954259882E-002
   5.3491618924632313E-002
   5.3509189574140407E-002
   5.3576780096478212E-002
   5.3600678613042435E-002
   5.3615750944667667E-002
   5.3637673313604035E-002
   5.3650870646979883E-002
   5.3681377194727521E-002
   5.3685482284089703E-002
   5.3709917918257695E-002
   5.3754774508007162E-002
   5.3782551588886354E-002
   5.3839951031686581E-002
   5.3880922392930929E-002
   5.3899197684452026E-002
   5.3910910511088379E-002
   5.3928658071815558E-002
   5.3936190583089981E-002
   5.3968913352709681E-002
   5.3986787971565420E-002
   5.4011473358947425E-002
   5.4023848342934611E-002
   5.4053507620281584E-002
   5.4061799484944377E-002
   5.4097063073946954E-002
   5.4113411774065687E-002
   5.4126860564917341E-002
   5.4136721207567677E-002
   5.4160305523945469E-002
   5.4194810517874357E-002
   5.4210076448681956E-002
   5.4220980287006039E-002
   5.4264773606210272E-002
   5.4298216591631032E-002
   5.4309683808869164E-002
   5.4315948001354336E-002
   5.4334032088802511E-002
   5.4372560518083042E-002
   5.4400547355095523E-002
   5.4413496164254074E-002
   5.4430651446627683E-002
   5.4469016342193186E-002
   5.4480358517123781E-002
   5.4494389674574380E-002
   5.4511679873331408E-002
   5.4533850952135546E-002
   5.4575267760881910E-002
   5.4578240533350697E-002
   5.4593419626558878E-002
   5.4634593085711357E-002
   5.4659012445914638E-002
   5.4685992035078214E-002
   5.4697949615485637E-002
   5.4732391587134485E-002
   5.4737093913298250E-002
   5.4766933264005169E-002
   5.4815091713031845E-002
   5.4823208782000865E-002
   5.4845948551407543E-002
   5.4867505765797686E-002
   5.4909311784569287E-002
   5.4925754281120877E-002
   5.4937856092361688E-002
   5.4969504761885418E-002
   5.4995459468449831E-002
   5.5003586377169573E-002
   5.5037802176195465E-002
   5.5046931206551027E-002
   5.5055714274202867E-002
   5.5098901989831972E-002
   5.5134268383706928E-002
   5.5144084891295603E-002
   5.5168730556370046E-002
   5.5183304947411360E-002
   5.5202060366959169E-002
   5.5205104156223095E-002
   5.5238024901925489E-002
   5.5304160984824456E-002
   5.5316525247640885E-002
   5.5346166020120456E-002
   5.5373508699273141E-002
   5.5401405338921537E-002
   5.5408873372575815E-002
   5.5417671879007362E-002
   5.5449438660183974E-002
   5.5474316899172697E-002
   5.5487400326994722E-002
   5.5515370140502930E-002
   5.5544126585285639E-002
   5.5569889383317514E-002
   5.5600637494533880E-002
   5.5629329108274957E-002
   5.5656742335176951E-002
   5.5678710516057765E-002
   5.5702673976654980E-002
   5.5717384851361254E-002
   5.5739459360607327E-002
   5.5801497560764426E-002
   5.5826148139671974E-002
   5.5843591301827304E-002
   5.5883204593590578E-002
   5.5901909461880332E-002
   5.5943829077941452E-002
   5.5950686319994745E-002
   5.5974115182481708E-002
   5.5990739575191142E-002
   5.6022446092126782E-002
   5.6045645007506563E-002
   5.6092193221952386E-002
   5.6111052247531816E-002
   5.6128100591321749E-002
   5.6177064551999056E-002
   5.6198655390193940E-002
   5.6227293094285855E-002
   5.6244099623863453E-002
   5.6252049838558624E-002
   5.6287812419602054E-002
   5.6326026185449241E-002
   5.6371814136793638E-002
   5.6377395898360293E-002
   5.6421576600361838E-002
   5.6476272110551680E-002
   5.6486556709807054E-002
   5.6510942234553788E-002
   5.6543835215429675E-002
   5.6571994725643261E-002
   5.6605460804157265E-002
   5.6645074727276014E-002
   5.6656585451444016E-002
   5.6680450476829548E-002
   5.6707335398362931E-002
   5.6734073987616929E-002
   5.6745830199372307E-002
   5.6771772892008222E-002
   5.6801703234271514E-002
   5.6821752292976549E-002
   5.6838755149461920E-002
   5.6867592690246459E-002
   5.6890101505156741E-002
   5.6906126163316945E-002
   5.6939675269481654E-002
   5.6964126416681908E-002
   5.6998324684590804E-002
   5.7014657093955409E-002
   5.7030410638207754E-002
   5.7074895556893934E-002
   5.7081444732387382E-002
   5.7111953142669321E-002
   5.7144267758703529E-002
   5.7165571806770316E-002
   5.7195022387888289E-002
   5.7225317883965003E-002
   5.7229909091568373E-002
   5.7248920738008885E-002
   5.7285502141935653E-002
   5.7328445876248649E-002
   5.7343234599954364E-002
   5.7361070041493094E-002
   5.7403711126550620E-002
   5.7422139007739001E-002
   5.7436459879707059E-002
   5.7476215917413462E-002
   5.7494693277311167E-002
   5.7512877631535814E-002
   5.7564309099356628E-002
   5.7594062461185876E-002
   5.7611597127053896E-002
   5.7628069045091330E-002
   5.7669900084769410E-002
   5.7688402797029983E-002
   5.7720383366999743E-002
   5.7760709666591366E-002
   5.7787884821699435E-002
   5.7801716220298269E-002
   5.7809377862746966E-002
   5.7845753282843172E-002
   5.7866977925420303E-002
   5.7907290955320566E-002
   5.7916419058057410E-002
   5.7950360266931671E-002
   5.7969243850995576E-002
   5.7985138033906342E-002
   5.8034759074845010E-002
   5.8048345641163429E-002
   5.8083006096135877E-002
   5.8121246029447696E-002
   5.8146378729141177E-002
   5.8168213060557805E-002
   5.8185403113824072E-002
   5.8210600226090668E-002
   5.8256941532730443E-002
   5.8277215153705431E-002
   5.8282031078710238E-002
   5.8330966060914917E-002
   5.8342381201494237E-002
   5.8382181245980685E-002
   5.8401564329116043E-002
   5.8405353232088834E-002
   5.8460421482802456E-002
   5.8478163437946623E-002
   5.8484162442839313E-002
   5.8521799300116771E-002
   5.8547642958983653E-002
   5.8589875975267186E-002
   5.8632963348491822E-002
   5.8649999006089922E-002
   5.8672747973889945E-002
   5.8725768358385486E-002
   5.8754146934339183E-002
   5.8775013577299084E-002
   5.8800129844111974E-002
   5.8835833412109587E-002
   5.8882520694211758E-002
   5.8902202491526487E-002
   5.8909786945593359E-002
   5.8948347759797196E-002
   5.8972266954262581E-002
   5.9001849700468005E-002
   5.9042709693339419E-002
   5.9064730244769159E-002
   5.9084856045750415E-002
   5.9132028469645048E-002
   5.9153884898579118E-002
   5.9172268799839486E-002
   5.9227729881144497E-002
   5.9288149553484652E-002
   5.9294879781515160E-002
   5.9354825559857029E-002
   5.9358292522298982E-002
   5.9392255948915278E-002
   5.9405733137486698E-002
   5.9450984120667232E-002
   5.9481691136988334E-002
   5.9499635564398808E-002
   5.9542958507526479E-002
   5.9563341124521725E-002
   5.9614076575877778E-002
   5.9645141106982977E-002
   5.9650547351373359E-002
   5.9674281781168785E-002
   5.9714270072549272E-002
   5.9726154906305548E-002
   5.9781391688755577E-002
   5.9817426454118201E-002
   5.9860289694451146E-002
   5.9897543153335786E-002
   5.9913469486162406E-002
   5.9940940449510177E-002
   5.9957413405572126E-002
   5.9992617992762037E-002
   6.0004917052660409E-002
   6.0052488583148995E-002
   6.0087003214145236E-002
   6.0109123189855056E-002
   6.0121205240884913E-002
   6.0171182067605931E-002
   6.0223463817478610E-002
   6.0241666505353515E-002
   6.0282118283012630E-002
   6.0301481626972096E-002
   6.0315290467417008E-002
   6.0366914075684515E-002
   6.0409350631924229E-002
   6.0428419199719335E-002
   6.0430976059225303E-002
   6.0497386607469658E-002
   6.0503570524332119E-002
   6.0545976406046038E-002
   6.0582411851639983E-002
   6.0592935207622774E-002
   6.0631486103826605E-002
   6.0662776671478458E-002
   6.0705930043164262E-002
   6.0718079475691723E-002
   6.0751260317202599E-002
   6.0772736572471245E-002
   6.0810603761857825E-002
   6.0835837929858548E-002
   6.0870849009123991E-002
   6.0886975686418217E-002
   6.0912696336119142E-002
   6.0919375392569905E-002
   6.0939774674188242E-002
   6.0954689875853896E-002
   6.0999907630616225E-002
   6.1019696652938063E-002
   6.1096847773610491E-002
   6.1119419678386855E-002
   6.1142969081862696E-002
   6.1184148084246916E-002
   6.1209355723825368E-002
   6.1224695507317010E-002
   6.1256028263776408E-002
   6.1301715787270672E-002
   6.1311905602514115E-002
   6.1341762947331929E-002
   6.1345547051551590E-002
   6.1375117234626485E-002
   6.1405174790234406E-002
   6.1467506827105035E-002
   6.1493340758968444E-002
   6.1534708008859601E-002
   6.1580073767659546E-002
   6.1610756054364162E-002
   6.1650843209163017E-002
   6.1673223018080363E-002
   6.1713164589023144E-002
   6.1724030865859654E-002
   6.1746106264356379E-002
   6.1798435277855918E-002
   6.1857514183100114E-002
   6.1868257507777379E-002
   6.1901269494233045E-002
   6.1925760063929303E-002
   6.1954919316429671E-002
   6.1977601257293825E-002
   6.2001309407391174E-002
   6.2036120982670549E-002
   6.2071963119932343E-002
   6.2100252465147672E-002
   6.2102223678528932E-002
   6.2154572460937030E-002
   6.2175397102229149E-002
   6.2199013314317451E-002
   6.2227640202219339E-002
   6.2259990438446502E-002
   6.2308999631229767E-002
   6.2329765175383280E-002
   6.2381985332128131E-002
   6.2414303252389294E-002
   6.2418649149081448E-002
   6.2453083053139846E-002
   6.2474605717926499E-002
   6.2513932130637911E-002
   6.2549278169456143E-002
   6.2572355281567058E-002
   6.2631657269761304E-002
   6.2641895928489066E-002
   6.2670918416131233E-002
   6.2707338569036902E-002
   6.2720478540103403E-002
   6.2769543421335977E-002
   6.2791882688752340E-002
   6.2824399829861544E-002
   6.2850701834192599E-002
   6.2882819780213234E-002
   6.2923141329578311E-002
   6.2942587041096801E-002
   6.2993137709603464E-002
   6.3009987875579501E-002
   6.3065751027363004E-002
   6.3080537879471543E-002
   6.3113156822010713E-002
   6.3139896210165095E-002
   6.3167054057183064E-002
   6.3205949337128212E-002
   6.3246578031148262E-002
   6.3273021174579808E-002
   6.3310550586319236E-002
   6.3342638392833092E-002
   6.3410654094100447E-002
   6.3419089133578632E-002
   6.3444725397892268E-002
   6.3472094572978213E-002
   6.3499028359495127E-002
   6.3519903410502551E-002
   6.3537192438493428E-002
   6.3559392464331566E-002
   6.3593533745738007E-002
   6.3620152792097498E-002
   6.3628775161003029E-002
   6.3684620695992122E-002
   6.3734864737029912E-002
   6.3747803770085529E-002
   6.3790591350587483E-002
   6.3820281912368770E-002
   6.3842112053551309E-002
   6.3876301027728580E-002
   6.3921530344878005E-002
   6.3982515453297653E-002
   6.4006378312006063E-002
   6.4033297361494060E-002
   6.4086092083672969E-002
   6.4096423596332414E-002
   6.4129347594928804E-002
   6.4138448527911757E-002
   6.4187897720833068E-002
   6.4218247833235112E-002
   6.4242651360338285E-002
   6.4297524472746670E-002
   6.4310758698574735E-002
   6.4339508439856904E-002
   6.4364364271569927E-002
   6.4386878198391340E-002
   6.4404593388182080E-002
   6.4461946930648412E-002
   6.4529560093624524E-002
   6.4558122254952138E-002
   6.4580310433309251E-002
   6.4656878799016215E-002
   6.4671566865841343E-002
   6.4696042207039423E-002
   6.4708686790931849E-002
   6.4745641345389612E-002
   6.4771583099671057E-002
   6.4839683061292452E-002
   6.4860976876728108E-002
   6.4887296448978574E-002
   6.4921277607771929E-002
   6.4948326256359698E-002
   6.4968028274570835E-002
   6.5024077986796935E-002
   6.5070838125316888E-002
   6.5087238785133450E-002
   6.5154485303978216E-002
   6.5227568273288183E-002
   6.5251797722156613E-002
   6.5301569870411941E-002
   6.5315158891815286E-002
   6.5343493717861301E-002
   6.5369014438732526E-002
   6.5412170775243333E-002
   6.5456607998313515E-002
   6.5524920048027638E-002
   6.5587577220793017E-002
   6.5591231311318554E-002
   6.5672535139248617E-002
   6.5700285801135433E-002
   6.5727101314197803E-002
   6.5768908571085472E-002
   6.5815258164779483E-002
   6.5825644872407316E-002
   6.5882176802041448E-002
   6.5916894040604995E-002
   6.5977548830577257E-002
   6.6001414095988906E-002
   6.6042586056543159E-002
   6.6105221037361980E-002
   6.6113678587419358E-002
   6.6152213298284732E-002
   6.6197332090485728E-002
   6.6261555446050793E-002
   6.6294258874013925E-002
   6.6326317971903886E-002
   6.6333745184393805E-002
   6.6377280014026069E-002
   6.6409545056494643E-002
   6.6448737143691455E-002
   6.6456107403736378E-002
   6.6535152810853704E-002
   6.6556037678271354E-002
   6.6576927174773121E-002
   6.6588591840676739E-002
   6.6636483432324853E-002
   6.6671682582470818E-002
   6.6713213404389321E-002
   6.6751184765427185E-002
   6.6781367450394077E-002
   6.6821687364162011E-002
   6.6848266856382177E-002
   6.6914708994381636E-002
   6.6976911401729594E-002
   6.7004124695906803E-002
   6.7024395671379369E-002
   6.7058675075420238E-002
   6.7124694850955777E-002
   6.7151813166039229E-002
   6.7197287032680061E-002
   6.7229876417842033E-002
   6.7253385813014543E-002
   6.7306678445602008E-002
   6.7315712184899096E-002
   6.7344487375514753E-002
   6.7394525875553640E-002
   6.7449791912743265E-002
   6.7481070323083384E-002
   6.7533191230629924E-002
   6.7565325667453310E-002
   6.7628461636808440E-002
   6.7670129603695867E-002
   6.7731000266367219E-002
   6.7749015396628878E-002
   6.7788782281805238E-002
   6.7851703248325748E-002
   6.7883271060085376E-002
   6.7939392530549841E-002
   6.7967438494891466E-002
   6.7988604263524294E-002
   6.8070289695218930E-002
   6.8099473675129793E-002
   6.8141686437248494E-002
   6.8163070866001318E-002
   6.8189954936451136E-002
   6.8225978173594742E-002
   6.8281577304036403E-002
   6.8343113059310096E-002
   6.8351351983721428E-002
   6.8474385452932135E-002
   6.8493075022077451E-002
   6.8566503047211527E-002
   6.8632143190404490E-002
   6.8683822045426002E-002
   6.8686911561524219E-002
   6.8739316085641988E-002
   6.8751954533234752E-002
   6.8779732406752003E-002
   6.8846619454779628E-002
   6.8854849565952086E-002
   6.8903875940873230E-002
   6.8948600090379245E-002
   6.8978353968331962E-002
   6.9039215793856509E-002
   6.9077312073391225E-002
   6.9143501928662032E-002
   6.9168922400017027E-002
   6.9227200777587206E-002
   6.9244579681236595E-002
   6.9313704137357879E-002
   6.9345003898749855E-002
   6.9385587478261360E-002
   6.9417676986749832E-002
   6.9468268352472357E-002
   6.9534716268535829E-002
   6.9560889091440578E-002
   6.9563595145617718E-002
   6.9644832172807924E-002
   6.9680459182855745E-002
   6.9712147808899450E-002
   6.9760210942864095E-002
   6.9817946385565280E-002
   6.9843689185538266E-002
   6.9872610212980080E-002
   6.9926283650118604E-002
   6.9957317058585627E-002
   6.9999028224781365E-002
   7.0025709752432996E-002
   7.0129224327015613E-002
   7.0150457700128413E-002
   7.0260325430772777E-002
   7.0289707086435102E-002
   7.0318349140439329E-002
   7.0386447979654543E-002
   7.0418246906140583E-002
   7.0459264166778404E-002
   7.0503191155397854E-002
   7.0561153170369220E-002
   7.0590049047102921E-002
   7.0686541521322824E-002
   7.0763537974703097E-002
   7.0799819522757823E-002
   7.0830345114571744E-002
   7.0865389913653570E-002
   7.0964503339464011E-002
   7.1019224443461135E-002
   7.1060365742630804E-002
   7.1121888362793373E-002
   7.1158302902610174E-002
   7.1175099943125902E-002
   7.1224708701468839E-002
   7.1269946571411294E-002
   7.1315454785622207E-002
   7.1363799336327846E-002
   7.1449808637868983E-002
   7.1485605798588814E-002
   7.1537221783393667E-002
   7.1613196428206377E-002
   7.1647334007565844E-002
   7.1684026131742393E-002
   7.1707229135309039E-002
   7.1753823201178304E-002
   7.1773763026087234E-002
   7.1843337762227469E-002
   7.1892484657811270E-002
   7.1924922928877214E-002
   7.1951698796840421E-002
   7.2031795115744035E-002
   7.2063391117649478E-002
   7.2196941676248960E-002
   7.2219498688588346E-002
   7.2234788883199091E-002
   7.2268825901544154E-002
   7.2349086933270065E-002
   7.2406809380787224E-002
   7.2461046682034846E-002
   7.2483449513366674E-002
   7.2515562119539120E-002
   7.2566624242489441E-002
   7.2595616345159555E-002
   7.2639292419471965E-002
   7.2657380735823715E-002
   7.2726074631742368E-002
   7.2803343918958291E-002
   7.2852495442949569E-002
   7.2901897982892913E-002
   7.2983452184687561E-002
   7.3035128465171517E-002
   7.3046853254658747E-002
   7.3141468013796104E-002
   7.3168950217393683E-002
   7.3206141336779357E-002
   7.3223137731274493E-002
   7.3251871781250047E-002
   7.3295569492568199E-002
   7.3374646799342899E-002
   7.3440036427261948E-002
   7.3494385881758023E-002
   7.3531758489511809E-002
   7.3589100979747094E-002
   7.3656358251387846E-002
   7.3658759013328148E-002
   7.3745646655664812E-002
   7.3800634304619583E-002
   7.3824155749182913E-002
   7.3900811159846966E-002
   7.3943393449228498E-002
   7.3991183226312027E-002
   7.4028592325074694E-002
   7.4040901364639339E-002
   7.4099436771511720E-002
   7.4119727585833906E-002
   7.4158473129037839E-002
   7.4175954791361229E-002
   7.4251914096538543E-002
   7.4287432020904931E-002
   7.4330149177159188E-002
   7.4354475529459660E-002
   7.4394515151252699E-002
   7.4440972737419911E-002
   7.4526035409876970E-002
   7.4567425375382232E-002
   7.4609709695182269E-002
   7.4627494477759238E-002
   7.4703927108084725E-002
   7.4767789570638565E-002
   7.4794788588359820E-002
   7.4810537351060510E-002
   7.4859853552174865E-002
   7.4903051525620892E-002
   7.4916515324266922E-002
   7.4994516757473484E-002
   7.5033400109836570E-002
   7.5077122623709955E-002
   7.5118294878152567E-002
   7.5185302184476763E-002
   7.5237778022017074E-002
   7.5281286504313302E-002
   7.5333365121151991E-002
   7.5377465529717191E-002
   7.5415760025322173E-002
   7.5467136329542023E-002
   7.5509756243030746E-002
   7.5575982049888746E-002
   7.5624093152943980E-002
   7.5646830752842564E-002
   7.5671990464787467E-002
   7.5754853082298360E-002
   7.5822336676862084E-002
   7.5881233395817441E-002
   7.5954615957917068E-002
   7.5997191646016621E-002
   7.6036969240723826E-002
   7.6063232325382812E-002
   7.6092159209050242E-002
   7.6151513746465546E-002
   7.6204190398422508E-002
   7.6240180311564973E-002
   7.6278398411135137E-002
   7.6316821241958099E-002
   7.6428428785732888E-002
   7.6457065845337735E-002
   7.6485961869825717E-002
   7.6510600059870856E-002
   7.6602503084945109E-002
   7.6675195920323985E-002
   7.6689030890422200E-002
   7.6755139859900096E-002
   7.6857924104360695E-002
   7.6888996276914395E-002
   7.6912203759961509E-002
   7.7001835827304452E-002
   7.7040640079346176E-002
   7.7076196393971591E-002
   7.7173485604107181E-002
   7.7231625566603609E-002
   7.7296764661193174E-002
   7.7349426632470339E-002
   7.7370014137704363E-002
   7.7408961648957830E-002
   7.7490803006244544E-002
   7.7536071057890135E-002
   7.7579423258256786E-002
   7.7602911119544718E-002
   7.7687030246767916E-002
   7.7727184466408111E-002
   7.7769181605492427E-002
   7.7818784752351780E-002
   7.7853698105072297E-002
   7.7890000450585917E-002
   7.7948055005267053E-002
   7.8006543792359689E-002
   7.8039569885525253E-002
   7.8111097717663849E-002
   7.8136660649928857E-002
   7.8159781718115898E-002
   7.8191279114474641E-002
   7.8275235408478708E-002
   7.8307230330651567E-002
   7.8368817253964052E-002
   7.8406620607828700E-002
   7.8514790251659486E-002
   7.8548391393085268E-002
   7.8565559543981880E-002
   7.8671261131877071E-002
   7.8681951435680866E-002
   7.8721789431030281E-002
   7.8829645873083276E-002
   7.8856578773605995E-002
   7.8919076527076165E-002
   7.8962296003532592E-002
   7.9003244661886809E-002
   7.9108526566183071E-002
   7.9169987066551872E-002
   7.9198428082127070E-002
   7.9266965349171825E-002
   7.9284377911407702E-002
   7.9316972859382204E-002
   7.9339948525625800E-002
   7.9405958258121592E-002
   7.9492515329864635E-002
   7.9502288506577867E-002
   7.9578672126382047E-002
   7.9613347885149163E-002
   7.9676670827251453E-002
   7.9754091639270872E-002
   7.9781845456582415E-002
   7.9889317480622599E-002
   7.9950830475686824E-002
   7.9984012051335582E-002
   8.0031747359856006E-002
   8.0047515535665761E-002
   8.0096155790609261E-002
   8.0168731522879885E-002
   8.0229947939594023E-002
   8.0307179946239982E-002
   8.0398490773829975E-002
   8.0456920079310990E-002
   8.0503232983326692E-002
   8.0591982494679457E-002
   8.0642469177773679E-002
   8.0650809944902174E-002
   8.0741465890296391E-002
   8.0849600444967654E-002
   8.0861332595309948E-002
   8.0885790681946734E-002
   8.0966510375558104E-002
   8.1075590747653276E-002
   8.1078843628708305E-002
   8.1112511446996452E-002
   8.1215334663217578E-002
   8.1222036762787206E-002
   8.1265840126737293E-002
   8.1272243578431977E-002
   8.1310323392491821E-002
   8.1398066113570228E-002
   8.1444742386548807E-002
   8.1503272229336052E-002
   8.1571125718669202E-002
   8.1610027274368641E-002
   8.1667795047163899E-002
   8.1686303586113354E-002
   8.1796819038204918E-002
   8.1826622325821149E-002
   8.1844785912886353E-002
   8.1887984440965109E-002
   8.1898348814526983E-002
   8.1991464452906421E-002
   8.2033290579052995E-002
   8.2034008554242213E-002
   8.2137397621914715E-002
   8.2188968801906778E-002
   8.2221687533811427E-002
   8.2297515116544803E-002
   8.2386795398696575E-002
   8.2475801873287125E-002
   8.2550658080301972E-002
   8.2588295589838823E-002
   8.2600791820215042E-002
   8.2711425727646393E-002
   8.2759903819014019E-002
   8.2855643577771670E-002
   8.2937171413872079E-002
   8.2987304587773883E-002
   8.3037771115977446E-002
   8.3066328174289564E-002
   8.3158929133149886E-002
   8.3232563436375862E-002
   8.3310627131374132E-002
   8.3409886017274865E-002
   8.3441695251870285E-002
   8.3453830056460412E-002
   8.3497628910471994E-002
   8.3552806408251662E-002
   8.3620753789796817E-002
   8.3690251119831707E-002
   8.3722200265750460E-002
   8.3816467562595309E-002
   8.3925178189601046E-002
   8.4007162608570177E-002
   8.4025727267706532E-002
   8.4094110131622823E-002
   8.4139561313012715E-002
   8.4229174784302793E-002
   8.4292262198302242E-002
   8.4370032036144793E-002
   8.4457230237440520E-002
   8.4499762004595136E-002
   8.4546345748750210E-002
   8.4590646404687997E-002
   8.4696422038559427E-002
   8.4718752812752235E-002
   8.4784959074667335E-002
   8.4821116104111027E-002
   8.4874600396064398E-002
   8.4934444978017706E-002
   8.5003739988286933E-002
   8.5048985574588995E-002
   8.5191426970929421E-002
   8.5295125224066085E-002
   8.5304005581130077E-002
   8.5417012242668913E-002
   8.5435691391572213E-002
   8.5489671266568451E-002
   8.5576712576926756E-002
   8.5681369172287816E-002
   8.5737611914065051E-002
   8.5802466930129190E-002
   8.5881850644049448E-002
   8.5958080805140988E-002
   8.6017375100214691E-002
   8.6061501878486546E-002
   8.6131747223741090E-002
   8.6148695469268954E-002
   8.6281446235431242E-002
   8.6308245315059720E-002
   8.6369172346482170E-002
   8.6421882453042789E-002
   8.6563856180532570E-002
   8.6565726253144765E-002
   8.6622517327636761E-002
   8.6697224394561331E-002
   8.6730328643385549E-002
   8.6783543852273451E-002
   8.6916680408868671E-002
   8.6945645103154889E-002
   8.7003071210142197E-002
   8.7051103226896576E-002
   8.7064705969353090E-002
   8.7124479818440473E-002
   8.7158336475532949E-002
   8.7238215834983410E-002
   8.7260311761043735E-002
   8.7295548794676089E-002
   8.7427438158691598E-002
   8.7477393118870775E-002
   8.7557015844403369E-002
   8.7592733078236576E-002
   8.7627039505768958E-002
   8.7707774526999155E-002
   8.7715588117563983E-002
   8.7733027561802859E-002
   8.7837697103752305E-002
   8.7909227236463272E-002
   8.7988339915260935E-002
   8.8026806613788769E-002
   8.8137214248251883E-002
   8.8172913689579802E-002
   8.8244367658685305E-002
   8.8265385701076213E-002
   8.8342827964618620E-002
   8.8381685184086359E-002
   8.8474679222741895E-002
   8.8503392113773643E-002
   8.8557618239856417E-002
   8.8659253370242969E-002
   8.8709483757655125E-002
   8.8826189555221383E-002
   8.8868051939472115E-002
   8.8986341731526156E-002
   8.9030295318233130E-002
   8.9052340170200861E-002
   8.9126544124033799E-002
   8.9225917688779119E-002
   8.9248240481673152E-002
   8.9292304622241650E-002
   8.9353536996323618E-002
   8.9474473568835852E-002
   8.9525171546445917E-002
   8.9638789243392275E-002
   8.9690336995603415E-002
   8.9752335850955461E-002
   8.9818079632179068E-002
   8.9834407050229381E-002
   8.9899644531813136E-002
   8.9944316172860417E-002
   9.0045506461349845E-002
   9.0086571038546837E-002
   9.0164828951814963E-002
   9.0212136354324082E-002
   9.0282126545553704E-002
   9.0329301106737037E-002
   9.0396104511949987E-002
   9.0441654502437921E-002
   9.0499871158245510E-002
   9.0521501556424133E-002
   9.0630312760508480E-002
   9.0703779954370164E-002
   9.0718259978030930E-002
   9.0803060151702045E-002
   9.0859964257561765E-002
   9.0941421778625200E-002
   9.0991280670813565E-002
   9.1034049085732482E-002
   9.1083778876435817E-002
   9.1122953596370945E-002
   9.1213456439190974E-002
   9.1250180948115905E-002
   9.1315417047723793E-002
   9.1326220066253572E-002
   9.1484019756170126E-002
   9.1496856817599004E-002
   9.1596302993203288E-002
   9.1651142217538020E-002
   9.1673048999635715E-002
   9.1817694396829228E-002
   9.1867551797183380E-002
   9.1911331623448708E-002
   9.1945084201869517E-002
   9.1969688248425011E-002
   9.2005674758863842E-002
   9.2055687484458582E-002
   9.2087037886152662E-002
   9.2209363576100753E-002
   9.2251120129704281E-002
   9.2282089727429018E-002
   9.2416092420274848E-002
   9.2469453933128817E-002
   9.2572846835357492E-002
   9.2646897005196155E-002
   9.2657808331290697E-002
   9.2717636027627379E-002
   9.2853161855627267E-002
   9.2955302116644475E-002
   9.3057526889697900E-002
   9.3131178214462818E-002
   9.3189798118179998E-002
   9.3281001074605324E-002
   9.3343713659951269E-002
   9.3380455817772004E-002
   9.3440366930103436E-002
   9.3503815999365567E-002
   9.3548070427865615E-002
   9.3686867822389802E-002
   9.3737548243980270E-002
   9.3786988115251477E-002
   9.3849661524336311E-002
   9.3941668428787817E-002
   9.4042524735392694E-002
   9.4132220142615769E-002
   9.4194898008919489E-002
   9.4268844354296250E-002
   9.4342477341763625E-002
   9.4364149503802883E-002
   9.4413320952932728E-002
   9.4526242020702256E-002
   9.4593737170973094E-002
   9.4684218587602065E-002
   9.4690825236270926E-002
   9.4790206480054498E-002
   9.4849773687220806E-002
   9.4892875961963302E-002
   9.4976810519632721E-002
   9.5010867557097506E-002
   9.5122087829894161E-002
   9.5186467037775058E-002
   9.5288370395081007E-002
   9.5339073503586558E-002
   9.5441451576402769E-002
   9.5479437504733963E-002
   9.5541954485022076E-002
   9.5573696103934583E-002
   9.5716586788635247E-002
   9.5741755303528103E-002
   9.5824887706293521E-002
   9.5874519403150726E-002
   9.5923895734655110E-002
   9.5978833144653802E-002
   9.6018017906734671E-002
   9.6039905158900318E-002
   9.6167474558321822E-002
   9.6216689330779176E-002
   9.6313025304184133E-002
   9.6318204274251626E-002
   9.6451090444626672E-002
   9.6465252732542375E-002
   9.6579626790748427E-002
   9.6595866439006528E-002
   9.6685983578895837E-002
   9.6738945580327279E-002
   9.6810834946405008E-002
   9.6895193105563424E-002
   9.6932452160795338E-002
   9.6996503137804016E-002
   9.7082065165562059E-002
   9.7155223604966021E-002
   9.7198825059984104E-002
   9.7227028425943010E-002
   9.7337379391804785E-002
   9.7532016922506917E-002
   9.7550646878278136E-002
   9.7599712615669104E-002
   9.7652124231394549E-002
   9.7717949879503413E-002
   9.7804182047605145E-002
   9.7834650279222446E-002
   9.7948229231044945E-002
   9.8018897423677698E-002
   9.8083003118958137E-002
   9.8130952491707960E-002
   9.8186942204157857E-002
   9.8273721638861042E-002
   9.8344444985909926E-002
   9.8468040997567660E-002
   9.8512756704443455E-002
   9.8549945905653913E-002
   9.8646911747650112E-002
   9.8721751319119991E-002
   9.8786549357212164E-002
   9.8808867109407658E-002
   9.8935054145713075E-002
   9.9129554492690730E-002
   9.9139793379273533E-002
   9.9175168194909596E-002
   9.9349328936699899E-002
   9.9389781701546720E-002
   9.9445620331365669E-002
   9.9470239986751724E-002
   9.9661011005959435E-002
   9.9728021161548414E-002
   9.9762626709643740E-002
   9.9955942126668182E-002
   9.9972333386555687E-002
  0.10011263603598389     
  0.10020621611056908     
  0.10033309437824806     
  0.10046755381958040     
  0.10059005892233389     
  0.10060987248210056     
  0.10072966596971376     
  0.10074411896558638     
  0.10078878858913251     
  0.10093182614188853     
  0.10097552505720013     
  0.10098989220733738     
  0.10110283800513309     
  0.10113377488421108     
  0.10121737761910615     
  0.10133304089017825     
  0.10139282342546309     
  0.10148600248420434     
  0.10155658378654081     
  0.10161247945609292     
  0.10163959038866015     
  0.10173377967268123     
  0.10189246417357363     
  0.10192439182239817     
  0.10198028970913504     
  0.10204643887833242     
  0.10214372185054278     
  0.10221860563411649     
  0.10235111525267243     
  0.10243589893024162     
  0.10252690839065839     
  0.10258459744564606     
  0.10271512137165005     
  0.10276023690389957     
  0.10282589160250014     
  0.10294719115293509     
  0.10296566776053585     
  0.10312556664848128     
  0.10325062401659937     
  0.10337017017563123     
  0.10343827926005608     
  0.10369791378223282     
  0.10377046812499369     
  0.10393951156449714     
  0.10407880749973579     
  0.10412060960707538     
  0.10423645992685074     
  0.10431806340674950     
  0.10452345798304011     
  0.10460141714268606     
  0.10464736381714876     
  0.10492022524295064     
  0.10507229228170289     
  0.10516500332301115     
  0.10523218230031534     
  0.10531848802664312     
  0.10553647908811482     
  0.10558398482139433     
  0.10578087598469309     
  0.10582682087699868     
  0.10610809020701589     
  0.10636045465798179     
  0.10645216245445373     
  0.10667230794786801     
  0.10676061282636651     
  0.10687013329560527     
  0.10742511286293263     
  0.10753835622840670     
  0.10783599832288716     
  0.10807787508503114     
  0.10816058851271852     
  0.10844902086401739     
  0.10865549047643243     
  0.10915762850888058     
  0.10920198885105743     
  0.10939483245142194     
  0.10958449527445181     
  0.10994425660869044     
  0.11011775306524205     
  0.11020804840573262     
  0.11038833066109514     
  0.11088598500862484     
  0.11106479947078546     
  0.11138923553089498     
  0.11149038496615833     
  0.11204974615897298     
  0.11248547421247974     
  0.11251055743471715     
  0.11263442948940001     
  0.11310240127232059     
  0.11338319307008730     
  0.11390388223499791     
  0.11452964809378853     
  0.11458272218344248     
  0.11477241430916563     
  0.11510418879995575     
  0.11589479135057877     
  0.11607335585240514     
  0.11644370192988862     
  0.11690771984188043     
  0.11712613868620755     
  0.11738787225500678     
  0.11785263474954950     
  0.11816712085016787     
  0.11843782475071367     
  0.11934635226836338     
  0.11964109311673610     
  0.12015227598911234     
  0.12057890545933184     
  0.12079367165600495     
  0.12153709163115278     
  0.12176839554276007     
  0.12181986667507665     
  0.12235602125531193     
  0.12243037220728439     
  0.12263733354017603     
  0.12396450546455710     
  0.12436000967571373     
  0.12494675182533370     
  0.12531323103453385     
  0.12661804569231891     
  0.12680302613177333     
  0.12751108410336687     
  0.12780821443930507     
  0.12884420228877566     
  0.12943049137202134     
  0.13011867094261723     
  0.13020356208967987     
  0.13073401989774053     
  0.13093183775396786     
  0.13167830043857701     
  0.13216607405152159     
  0.13288525879451168     
  0.13312714026544800     
  0.13344750264116609     
  0.13468936439851534     
  0.13509269170987440     
  0.13530070661106883     
  0.13659026604598132     
  0.13760753450688615     
  0.13777964423659514     
  0.13844708887571186     
  0.13908207100191147     
  0.14056338485919903     
  0.14396668829373613     
  0.14549388938233351     
  0.14577043458244193     
  0.14608540135618739     
  0.14621882208202058     
  0.14802124381281537     
  0.14851675930226446     
  0.14949060021259022     
  0.14952565936630907     
  0.15045215355112440     
  0.15051586920286028     
  0.15196404038284406     
  0.15739811671195092     
  0.15805663694660874     
  0.15886545847240172     
  0.15957703005369431     
  0.16099542608732617     
  0.16169611214594032     
  0.16325175043715021     
  0.16334722211480152     
  0.16522060192550941     
  0.16550942090997461     
  0.16587724330664436     
  0.16639827231490714     
  0.16900287712033063     
  0.16933074159333136     
  0.16974473313940380     
  0.17083252137090893     
  0.17094480881817897     
  0.17234141834106603     
  0.17503201929969789     
  0.17620829757264841     
  0.17676592156086224     
  0.17877260411215432     
  0.17976114105265237     
  0.18201970518111343     
  0.18251339799868438     
  0.18271849163867729     
  0.18295295496210906     
  0.18326983605395572     
  0.18360997499914561     
  0.18369459496065094     
  0.18377051715764620     
  0.18452622134286989     
  0.18540313423731278     
  0.18550543531238073     
  0.18641352868780603     
  0.18857382495609026     
  0.19281442525156714     
  0.19316443678497441     
  0.19328400115748051     
  0.19419125356549241     
  0.19477540630631301     
  0.19594589401645099     
  0.19959263600621116     
  0.19960185327163280     
  0.19987963554586827     
  0.20242962279371526     
  0.20265570919092524     
  0.20506959263585317     
  0.20577717792077427     
  0.20666122288298791     
  0.20727113736333982     
  0.20856089283227572     
  0.20874696267577242     
  0.21097382529849881     
  0.21111379662689425     
  0.21214076480564653     
  0.21392368148622903     
  0.21405193044721274     
  0.21440747826290088     
  0.21481011884734244     
  0.21691095649235967     
  0.21760226535132873     
  0.22016866933341814     
  0.22039902325084684     
  0.22461879777116622     
  0.22623049869202735     
  0.22679009029336006     
  0.22764751218930912     
  0.22840104330791336     
  0.22895171158914071     
  0.23033644726056313     
  0.23389903151351538     
  0.23454570342877620     
  0.23502084968286052     
  0.23581085627955670     
  0.23608706567408483     
  0.23624101997205552     
  0.23783464213849162     
  0.23805406813440205     
  0.23828399779934373     
  0.23863626382272465     
  0.23921113076040196     
  0.23951438930516969     
  0.23958381250120292     
  0.24034599865699316     
  0.24088536750491454     
  0.24140856026217203     
  0.24209659687271973     
  0.24283521079722281     
  0.24305925915143309     
  0.24321496376993831     
  0.24330857944764817     
  0.24645733547829135     
  0.25014190886636023     
  0.25144086265591636     
  0.25648320023517723     
  0.25693846366057338     
  0.25734600237175864     
  0.25881221795519399     
  0.25956596451657565     
  0.26108706528417219     
  0.26599000988701782     
  0.26638254308403436     
  0.26889305729254598     
  0.26951597675871586     
  0.27181528903065938     
  0.27497571209690225     
  0.27597277991069208     
  0.27614986667356389     
  0.27721700054446108     
  0.28441414864880948     
  0.29336257683519229     
  0.29409140142849727     
  0.30978266240904817     
  0.31090130521144932     
  0.72209308558340923     
  0.72488746902245083     
  0.72507202138466709     
  0.72538925127725840     
  0.73049535929493836     
  0.73273690915750755     
  0.73989575010064135     
  0.74060295985246205     
  0.74190255733217858     
  0.74199687153406679     
  0.74291270113175611     
  0.74387085132502140     
  0.74502026897152751     
  0.74677611864850046     
  0.74761894418658537     
  0.74773651603261237     
  0.75160489484185489     
  0.75357892221566880     
  0.75571511181253659     
  0.75607816651733162     
  0.75971528983774561     
  0.75988666484011846     
  0.76321372314441782     
  0.76493463248369387     
  0.76494332830807610     
  0.76830498294514693     
  0.76926196170957295     
  0.76960270054390612     
  0.77218257481094688     
  0.77268916121463249     
  0.77301844790229601     
  0.77551956470921424     
  0.77580734251995465     
  0.77897989138842094     
  0.77960995104115294     
  0.78091526955148194     
  0.78285014363833383     
  0.78342729803562194     
  0.78351556100576680     
  0.78454114641238160     
  0.78761998046457915     
  0.78827638687254686     
  0.78901513293336412     
  0.79058757299989346     
  0.79240980641359748     
  0.79431636369169523     
  0.79567156320956267     
  0.79583237742616930     
  0.79710560470302183     
  0.79973252567100794     
  0.80176267312157967     
  0.80549812882334271     
  0.80797690891481422     
  0.80879239608982179     
  0.80947990143168225     
  0.81288757255365152     
  0.81301076899147084     
  0.81444144389869233     
  0.81660265743168281     
  0.81741554367088576     
  0.81823703326047548     
  0.81854140744232995     
  0.81966581823275031     
  0.82105708664441168     
  0.82179524066597454     
  0.82338674151962810     
  0.82418936574190738     
  0.82722018372527673     
  0.82855927397995777     
  0.82896125907213469     
  0.83015693541277957     
  0.83231958049787769     
  0.83452282797225719     
  0.83497098997947916     
  0.83779104284903627     
  0.83929289896868997     
  0.83933079418408152     
  0.84155203285604507     
  0.84354944182499003     
  0.84407922893267096     
  0.84523716908187152     
  0.84550372807477236     
  0.84754584047695503     
  0.85083888988885814     
  0.85175284819845676     
  0.85480055625249030     
  0.85505742933452167     
  0.85771818539547262     
  0.86005874365925405     
  0.86168880249014201     
  0.86453118014299779     
  0.86822508898353534     
  0.86832582823391569     
  0.86901119554528017     
  0.87182888191187302     
  0.87458384244874499     
  0.87547076926508749     
  0.87675818389064719     
  0.88088249643254013     
  0.88292724423449676     
  0.88345376957552635     
  0.88515898230935774     
  0.88645700080930656     
  0.88768455189150353     
  0.88977198571855454     
  0.89280672685863527     
  0.89788162589764109     
  0.89935790788844228     
  0.90009460306669464     
  0.90230020435189440     
  0.90363238403281965     
  0.90586360658576348     
  0.90763285462615206     
  0.91365424779796012     
  0.91505217851231757     
  0.91751755998549711     
  0.92177713039970177     
  0.92243505076073506     
  0.92361553231217064     
  0.92467967037856147     
  0.92557263294280379     
  0.92654976982810744     
  0.92939676871743715     
  0.93487467221693787     
  0.93632322614402985     
  0.93901732390163473     
  0.93986150089209786     
  0.94169534081571382     
  0.94363442729245628     
  0.94439983590615717     
  0.94587477208271808     
  0.94767557883742326     
  0.94998178632533514     
  0.95224265739655656     
  0.95436733760901593     
  0.95564122908358895     
  0.95735542303732279     
  0.96016135034140704     
  0.96127440803262709     
  0.96309396301395456     
  0.96751102125852573     
  0.96837931084245066     
  0.97235312695895482     
  0.97330926728202360     
  0.97607960351588507     
  0.98192524985934893     
  0.98248421341896575     
  0.98343516397376041     
  0.98527662724572140     
  0.98563705000644852     
  0.98640451768533932     
  0.98725513297939860     
  0.99189812608632788     
  0.99284811736871903     
  0.99365224116590811     
  0.99515780898777995     
  0.99747787052009929     
   1.0007305365640509     
   1.0018014260324757     
   1.0021396852723978     
   1.0037975971806872     
   1.0069504116365318     
   1.0075998490731282     
   1.0130499455839379     
   1.0184315945700462     
   1.0184897631061971     
   1.0190307117425916     
   1.0192971285709318     
   1.0197168515940427     
   1.0216759197192757     
   1.0229958596000950     
   1.0240227294346262     
   1.0259098181548618     
   1.0288156704051590     
   1.0292474306740107     
   1.0316765585814536     
   1.0336512778855520     
   1.0337073668521715     
   1.0434117835340651     
   1.0471795806568256     
   1.0515765103214332     
   1.0533530412713303     
   1.0597496923508141     
   1.0763513573381758     
   1.1180138838979683     
   1.1320599969524072     
   1.1351915397413495     
   1.1526184860570745     
   1.1575301294748899     
   1.1619571854690462     
   1.1765162675816585     
   1.1818257249760860     
   1.1844075173890491     
   1.1861274818880001     
   1.1876243367207842     
   1.1888416759776341     
   1.1948836616497225     
   1.1950998986889467     
   1.2014123267430723     
   1.2019046769912383     
   1.2068608141756734     
   1.2142589037892650     
   1.2176512015521948     
   1.2202383233124221     
   1.2237689477377764     
   1.2258288759727842     
   1.2278532588550999     
   1.2343543950476075     
   1.2361923698978823     
   1.2387086275887582     
   1.2390545251297571     
   1.2393714691686581     
   1.2424474621435138     
   1.2429419044123768     
   1.2431603961189031     
   1.2432156743461935     
   1.2488219142870696     
   1.2514203427359092     
   1.2530803706878377     
   1.2536609969806991     
   1.2595946591299663     
   1.2609581269487291     
   1.2622396291288760     
   1.2716642970534366     
   1.2734704405636690     
   1.2735846741294012     
   1.2766417926594902     
   1.2774145311601368     
   1.2785791201299077     
   1.2791429003571959     
   1.2813282493456444     
   1.2829089673579315     
   1.2861872966401993     
   1.2926368145262586     
   1.2932091879708796     
   1.2937460153286529     
   1.2982285206864335     
   1.3010235725273922     
   1.3062914708564630     
   1.3128262340646824     
   1.3150965763662605     
   1.3206819957617304     
   1.3212825614803028     
   1.3230982669694933     
   1.3355745810803150     
   1.3416502733071138     
   1.3448189538270103     
   1.3449537552738118     
   1.3492671125868498     
   1.3558390792716430     
   1.3559466138447664     
   1.3561417435146350     
   1.3577848348399972     
   1.3590702708798221     
   1.3657371483106751     
   1.3660704707372024     
   1.3678847266004506     
   1.3693623318919759     
   1.3824611028349649     
   1.3835529070151336     
   1.3889184271271631     
   1.3902094095186641     
   1.3937161553521065     
   1.3962151602419386     
   1.3979039908709163     
   1.3985086984817834     
   1.4004304177559581     
   1.4026933979856819     
   1.4043914674149534     
   1.4045243964154233     
   1.4054105327392505     
   1.4074792178977955     
   1.4105636611792967     
   1.4108756378071075     
   1.4160974028069544     
   1.4238416331202650     
   1.4332937933363639     
   1.4356227081835351     
   1.4366803938021016     
   1.4400536140315019     
   1.4415186031531042     
   1.4416911732302771     
   1.4435373430646878     
   1.4439922749433811     
   1.4448404497472063     
   1.4459226577893709     
   1.4481288015659521     
   1.4542247645862274     
   1.4679745813988154     
   1.4693201804675986     
   1.4708947454113628     
   1.4713589702745968     
   1.4747988532493328     
   1.4755402776354711     
   1.4766257656099937     
   1.4769243653684843     
   1.4793021158699495     
   1.4811111316591548     
   1.4816286807902990     
   1.4823874445258014     
   1.4882900309719187     
   1.4937683614495025     
   1.4974073003309729     
   1.5011957979978470     
   1.5037751435669298     
   1.5057838455548327     
   1.5100252187106491     
   1.5102156595774525     
   1.5112854372207127     
   1.5126092890742788     
   1.5169645602070543     
   1.5201461154244025     
   1.5289848654193063     
   1.5301166078532711     
   1.5302814104040225     
   1.5400225744657852     
   1.5452714877385092     
   1.5457046400424475     
   1.5481313563514627     
   1.5518575808119743     
   1.5518823306932761     
   1.5560745923359771     
   1.5601233005868071     
   1.5636521946457493     
   1.5664814358305172     
   1.5690688529385584     
   1.5727526538755821     
   1.5792332823119142     
   1.5818657839759052     
   1.5826135347658601     
   1.5948265601729685     
   1.5955069073184414     
   1.5960806934494129     
   1.5968956956188878     
   1.6040364702261645     
   1.6045909728951919     
   1.6057938444646280     
   1.6062228674811767     
   1.6072888153118652     
   1.6177309290305351     
   1.6217182142214863     
   1.6241676268029441     
   1.6245295265921582     
   1.6250214817601634     
   1.6307310898400726     
   1.6420420207209578     
   1.6511623212657871     
   1.6539191819292260     
   1.6618564404389040     
   1.6637375337290108     
   1.6652131996816935     
   1.6660718051493899     
   1.6705217534632693     
   1.6705741523509845     
   1.6746793425547100     
   1.6790579690205938     
   1.6911330314134039     
   1.6950443466169594     
   1.6952945638329848     
   1.7012622635525163     
   1.7054957648443507     
   1.7138710382576894     
   1.7314163065678057     
   1.7389273249152923     
   1.7477800168248057     
   1.7541067535802533     
   1.7560530164531960     
   1.7573340413927951     
   1.7634502308224516     
   1.7691852040476299     
   1.7765100717053488     
   1.7773404661809580     
   1.7784124495257276     
   1.7800231656706973     
   1.7813643566226325     
   1.7907970588502582     
   1.7924257949950548     
   1.7928811991932960     
   1.7951591783726615     
   1.8002273722047752     
   1.8205704968673408     
   1.8223053469364963     
   1.8256106167732138     
   1.8265222135610926     
   1.8290518976443413     
   1.8338138146230589     
   1.8357945477968256     
   1.8361102454866460     
   1.8376680786200141     
   1.8425050187316339     
   1.8426239345284434     
   1.8508665654760268     
   1.8532927924244151     
   1.8549071904478787     
   1.8550569631235376     
   1.8557310135985727     
   1.8566336620432966     
   1.8570096965485716     
   1.8574647292853892     
   1.8598668915916650     
   1.8610213986135740     
   1.8618625775218423     
   1.8637570051620711     
   1.8638396427412993     
   1.8648741487750444     
   1.8718192302695171     
   1.8728366277573181     
   1.8759956771633568     
   1.8765109264609563     
   1.8803518097386263     
   1.8808994217940196     
   1.8824021353651690     
   1.8848089277250506     
   1.8859103426985664     
   1.8861034428543610     
   1.8875693846264878     
   1.8912528394581349     
   1.8920747383743266     
   1.8930931453545958     
   1.8951914583220213     
   1.9011777454463998     
   1.9051314510432653     
   1.9052502111931422     
   1.9068779234666426     
   1.9071775519972161     
   1.9104623463715282     
   1.9133501198674379     
   1.9136411741261965     
   1.9179476075844697     
   1.9183685946013922     
   1.9209464071919413     
   1.9213975154820990     
   1.9216195121343065     
   1.9221559376457666     
   1.9222395475671441     
   1.9238296528419556     
   1.9265886067303564     
   1.9299054934688762     
   1.9301187519586749     
   1.9312733074565329     
   1.9341070815488264     
   1.9349474616572793     
   1.9358599674195349     
   1.9361361000854109     
   1.9387148900686326     
   1.9396658374434768     
   1.9447689756916660     
   1.9448074786598322     
   1.9503895089853491     
   1.9511020330460653     
   1.9530174044880748     
   1.9555512884480624     
   1.9565090311868332     
   1.9579726472864980     
   1.9605496168384082     
   1.9641746780761968     
   1.9645558474390659     
   1.9662708895170593     
   1.9679603690216285     
   1.9689117166158652     
   1.9708231817258177     
   1.9737311509880813     
   1.9738249892379471     
   1.9746308641062147     
   1.9761611599700348     
   1.9766715076708543     
   1.9790790711945949     
   1.9858494936956699     
   1.9860070073839513     
   1.9917511636609557     
   1.9926617726219793     
   1.9938605244781857     
   2.0002153808122523     
   2.0003593853366484     
   2.0010976303728714     
   2.0042714937383406     
   2.0046508116217496     
   2.0066263304162657     
   2.0066750930915114     
   2.0067809729359039     
   2.0076679537241908     
   2.0099530991688610     
   2.0114838572708802     
   2.0129700238241068     
   2.0132769876676808     
   2.0135554985383131     
   2.0141888177092926     
   2.0164952050387535     
   2.0168744293667227     
   2.0175344880907451     
   2.0189564073042545     
   2.0212400740850862     
   2.0215418036433594     
   2.0225150190145946     
   2.0236152230609132     
   2.0243618905119845     
   2.0252566085461172     
   2.0263445804979527     
   2.0291324201253591     
   2.0297131616741586     
   2.0315872448931112     
   2.0329517496463656     
   2.0352791657671419     
   2.0354418958488338     
   2.0362080743085871     
   2.0376643530529588     
   2.0395820497865622     
   2.0404496896511484     
   2.0404928045077297     
   2.0413003156763687     
   2.0434353595162289     
   2.0438401739043011     
   2.0440815570981803     
   2.0462259487060872     
   2.0489348801404930     
   2.0513830458283522     
   2.0527520101703098     
   2.0528407228013408     
   2.0582157388763549     
   2.0597823844958625     
   2.0615769592575277     
   2.0626897832245863     
   2.0633886883695838     
   2.0637296143891208     
   2.0669261978360050     
   2.0704862931502346     
   2.0750251958817163     
   2.0781102933766777     
   2.0822031307787570     
   2.0846163408000500     
   2.1647991410444756     
   2.1650011452115350     
   2.2154906832779293     
   2.2168398925071751     
   2.2235303579743069     
   2.2279308853311721     
   2.2310634881781812     
   2.2326831972595875     
   2.2371506693945191     
   2.2392231850287150     
   2.2413121905778657     
   2.2427369153820362     
   2.2442031736597925     
   2.2459997648648318     
   2.2471742049653991     
   2.2479743261006702     
   2.2515922781851629     
   2.2549686916155367     
   2.2572054089423936     
   2.2576028030228099     
   2.2583923565649155     
   2.2617382205720760     
   2.2644084393445669     
   2.2689107114576825     
   2.2689304549489591     
   2.2706102592349273     
   2.2724395253903382     
   2.2727018801169190     
   2.2789232036625364     
   2.2860355064681057     
   2.2910943492912303     
   2.2940734039870532     
   2.3013866538024086     
   2.3390038732771772     
   2.3641248554774874     
   2.3698657770925715     
   2.3714254169145161     
   2.3724541436488167     
   2.3734569698155017     
   2.3739939725869625     
   2.3746905421618094     
   2.3761609070130603     
   2.3763266737714206     
   2.3764539909728546     
   2.3767677240605849     
   2.3804780850723719     
   2.3827144749459901     
   2.3827457529100218     
   2.3866939174426109     
   2.3893591975400779     
   2.3908963796857581     
   2.3913187063933976     
   2.3934934968565527     
   2.3939471599028832     
   2.3964429473716709     
   2.3980621558338227     
   2.3981222156139386     
   2.4032196882287993     
   2.4067563398117660     
   2.4071485069284067     
   2.4081851779872965     
   2.4083792913077127     
   2.4085862852214914     
   2.4137740766685711     
   2.4182253537863088     
   2.4187659314122389     
   2.4192111639019234     
   2.4201545484124622     
   2.4266732268347706     
   2.4317957501845027     
   2.4319293149388455     
   2.4329200163079365     
   2.4332287070335759     
   2.4351316651426580     
   2.4388690112418825     
   2.4392380579056634     
   2.4395037807067688     
   2.4398426324929399     
   2.4413366255534097     
   2.4420459171760798     
   2.4422771589708008     
   2.4435225871150381     
   2.4443806887944426     
   2.4467961336459956     
   2.4518756244348960     
   2.4526615430990106     
   2.4589556037017579     
   2.4593967844875504     
   2.4621947215114006     
   2.4638717531117353     
   2.4644011706936815     
   2.4644266500808834     
   2.4646673482204497     
   2.4652694351546760     
   2.4666176071426271     
   2.4674961598170451     
   2.4683296550144811     
   2.4692266923258703     
   2.4697578058349445     
   2.4705947123187588     
   2.4736602099779654     
   2.4816637732206970     
   2.4875998449059220     
   2.4885800073355266     
   2.4907690751571958     
   2.4913418026183396     
   2.4915448292251634     
   2.4928108971939418     
   2.4943528040221112     
   2.4949562134552576     
   2.4982616171112486     
   2.4989077738464163     
   2.4993960276232059     
   2.4998630343870194     
   2.5004860020978832     
   2.5014615523385144     
   2.5018224989005682     
   2.5038627187767002     
   2.5058828529596182     
   2.5066113120706515     
   2.5066820656348132     
   2.5123558265928407     
   2.5146224816913891     
   2.5151994244895954     
   2.5152383823625479     
   2.5159714560773598     
   2.5162714778255668     
   2.5188675202454003     
   2.5213505950743569     
   2.5255162608575548     
   2.5263254225009875     
   2.5267379032653010     
   2.5315347937282353     
   2.5364615855825514     
   2.5376520480338010     
   2.5379826569097581     
   2.5416892014099020     
   2.5422236795572801     
   2.5429560492282195     
   2.5432542953138024     
   2.5440069797767548     
   2.5486762167580803     
   2.5520768545365220     
   2.5530171008611950     
   2.5534234311361064     
   2.5557559593369121     
   2.5558915149229691     
   2.5560699481188793     
   2.5569052877423393     
   2.5586646006837723     
   2.5589253885402692     
   2.5620590600747590     
   2.5621534695407613     
   2.5630916867252775     
   2.5633062141322265     
   2.5637049990227494     
   2.5655295212719813     
   2.5656381470173555     
   2.5666915499932190     
   2.5676316125700396     
   2.5711313031502514     
   2.5711769529330777     
   2.5725228869521586     
   2.5733772362422962     
   2.5735870094297724     
   2.5752372969581230     
   2.5769432983796832     
   2.5781254214856220     
   2.5788310045922920     
   2.5824915704095082     
   2.5854166574449096     
   2.5880067614629305     
   2.5883022476958506     
   2.5885784670141128     
   2.5914025135141991     
   2.5916622434347389     
   2.5918874821615785     
   2.5926297821550204     
   2.5961128474800228     
   2.5984214815489355     
   2.6044407691318865     
   2.6068876942213137     
   2.6107494994503817     
   2.6149110728861960     
   2.6177523403292922     
   2.6200077007769766     
   2.6275008076856463     
   2.6351392891248508     
   2.6397737566180384     
   2.6413714038918958     
   2.6421373781188784     
   2.6428110216626153     
   2.6517913938456656     
   2.6518232644900785     
   2.6535329686844253     
   2.6535929226572663     
   2.6571998555571126     
   2.6578564319399769     
   2.6615130627147519     
   2.6641498091479372     
   2.6647956919806663     
   2.6688823842161558     
   2.6695646535277255     
   2.6700078646839644     
   2.6710965126002817     
   2.6720911738096138     
   2.6743187487202609     
   2.6775058183769711     
   2.6811645684512095     
   2.6846504206524089     
   2.6856247922142491     
   2.6861255265185751     
   2.6866931568755050     
   2.6887022475355642     
   2.6893361482774130     
   2.6896409036776747     
   2.6899893242535273     
   2.6903033544914843     
   2.6907115577768694     
   2.6941880107875478     
   2.6953905172669774     
   2.6979384992271638     
   2.6989432241502707     
   2.6992041400200728     
   2.7010854263980129     
   2.7014753796809088     
   2.7016371010452027     
   2.7025172186339850     
   2.7037575149126427     
   2.7062154702446750     
   2.7068082267499465     
   2.7073486326842180     
   2.7081354914485192     
   2.7088074594758451     
   2.7097200316578389     
   2.7112092632994962     
   2.7116972695513009     
   2.7117777475393150     
   2.7119213378523952     
   2.7122901485749127     
   2.7129933058129310     
   2.7130083730405610     
   2.7140555438359564     
   2.7143999658342497     
   2.7151773545574134     
   2.7155910624751174     
   2.7156355024238530     
   2.7157818348546634     
   2.7165800648007741     
   2.7166809697958723     
   2.7171827068877077     
   2.7187147961845284     
   2.7189627888119956     
   2.7196653738244638     
   2.7197206457483678     
   2.7202713242007484     
   2.7216178887925344     
   2.7270476798791141     
   2.7318085153192957     
   2.7324013930627591     
   2.7338353308113676     
   2.7384925966411902     
   2.7426540294228250     
   2.7441566879198631     
   2.7452002958255526     
   2.7482966016367909     
   2.7496171010526531     
   2.7500200023445132     
   2.7510810102216019     
   2.7515216289125370     
   2.7516840988196289     
   2.7530322810624686     
   2.7531052097840538     
   2.7540906562445824     
   2.7542860258925344     
   2.7570807420403458     
   2.7576533020225917     
   2.7661200584294088     
   2.7670364536676493     
   2.7679846391392910     
   2.7681655977399697     
   2.7690359490664629     
   2.7700535643949951     
   2.7724154908685619     
   2.7725369911848095     
   2.7856836674143373     
   2.7871689235373416     
   2.7878869640277393     
   2.7880196460661000     
   2.7905570376994810     
   2.8005778905349499     
   2.8034643983022161     
   2.8035735833066937     
   2.8071242349425751     
   2.8128201079509823     
   2.8132165320024978     
   2.8137944721055046     
   2.8160394440675529     
   2.8203138176905562     
   2.8206604243382567     
   2.8232591015544122     
   2.8248029733270417     
   2.8253509690671854     
   2.8263649326254687     
   2.8272777866076226     
   2.8280273193031507     
   2.8316082868514125     
   2.8327818807002205     
   2.8337060997491008     
   2.8339285369229561     
   2.8375455129848297     
   2.8378394015493797     
   2.8392943396808770     
   2.8393976845860491     
   2.8397115985594055     
   2.8397742998447018     
   2.8411134296257403     
   2.8431812656128668     
   2.8446231017227297     
   2.8449148636286448     
   2.8474194468313332     
   2.8497239525296001     
   2.8509526837626398     
   2.8510623034159970     
   2.8521073149871783     
   2.8528728147674651     
   2.8543812182421648     
   2.8574505497611118     
   2.8575888486555314     
   2.8578421052116356     
   2.8630182497060246     
   2.8634609069674535     
   2.8654751465270780     
   2.8659014882923586     
   2.8664992462096626     
   2.8670226857240348     
   2.8676119078337776     
   2.8684190536725258     
   2.8694079696083485     
   2.8710807606422315     
   2.8725539748850806     
   2.8726372897724590     
   2.8727055047579211     
   2.8734338330442415     
   2.8760082863536716     
   2.8762535311918271     
   2.8767675913305237     
   2.8770547458694118     
   2.8781078450918098     
   2.8783889999964378     
   2.8789025605013991     
   2.8793218886932204     
   2.8806972345453605     
   2.8808729063757568     
   2.8808753667115492     
   2.8817264253566672     
   2.8824418715369329     
   2.8835129796675223     
   2.8837481145165018     
   2.8840533914572415     
   2.8843290165713356     
   2.8844872932509791     
   2.8852259286707684     
   2.8857728607120610     
   2.8865548993267489     
   2.8874450264338090     
   2.8875567620714806     
   2.8875688800300421     
   2.8904382249274163     
   2.8906725515520795     
   2.8908362298783272     
   2.8909758330045041     
   2.8911456217991023     
   2.8918867039178320     
   2.8922906751645456     
   2.8930019145524599     
   2.8933929377690668     
   2.8935752854807353     
   2.8938936704260336     
   2.8943435032769278     
   2.8961910331916880     
   2.8968046153277496     
   2.8971033733417042     
   2.8989725991690976     
   2.9001280656064656     
   2.9004611687617747     
   2.9027545711271530     
   2.9029815294719556     
   2.9036481283973457     
   2.9051479241188658     
   2.9057656638257310     
   2.9067061755399202     
   2.9070542528222472     
   2.9086948373716988     
   2.9090068666018589     
   2.9090600408607274     
   2.9092432718263943     
   2.9093858940053003     
   2.9094597711596215     
   2.9095815380040153     
   2.9099487193752198     
   2.9105786049175335     
   2.9107802529640225     
   2.9117563207287498     
   2.9126975918465292     
   2.9134158728082626     
   2.9135253878144627     
   2.9157701863696768     
   2.9165327794054785     
   2.9166500658210612     
   2.9175739821746656     
   2.9189417337235044     
   2.9193868051752667     
   2.9199397644185026     
   2.9224378429630478     
   2.9246569822662742     
   2.9253083708980010     
   2.9259464778161219     
   2.9272129428892022     
   2.9272770396712864     
   2.9280960107369252     
   2.9286994227977110     
   2.9292942397324722     
   2.9301493621715924     
   2.9308162470046311     
   2.9316242346273480     
   2.9318813367197594     
   2.9321257993987535     
   2.9338075356648772     
   2.9339895396671762     
   2.9344980417714548     
   2.9351406979108305     
   2.9351887434391841     
   2.9359513269263875     
   2.9366082293428319     
   2.9373547252955534     
   2.9393872023840339     
   2.9396869389883502     
   2.9399688854269512     
   2.9401834138137577     
   2.9405038177856082     
   2.9412380892958292     
   2.9417056707110256     
   2.9425099582893584     
   2.9433393265021839     
   2.9437264518323616     
   2.9439977791886700     
   2.9441221966625535     
   2.9445715652998352     
   2.9454094849519574     
   2.9459028446695319     
   2.9461684443294036     
   2.9464527675265719     
   2.9475169634495342     
   2.9477449708960846     
   2.9478351085236465     
   2.9481277579162715     
   2.9484278028777831     
   2.9492440058234797     
   2.9497321635973486     
   2.9498472864538625     
   2.9504338487152584     
   2.9507934095691404     
   2.9510252107644903     
   2.9512695149882906     
   2.9513308152369797     
   2.9524000596854805     
   2.9533698157721680     
   2.9540249433065497     
   2.9546266977261380     
   2.9551262405196841     
   2.9562863659646910     
   2.9563957072561151     
   2.9569926864999956     
   2.9582993966773516     
   2.9584593802419499     
   2.9590562797239497     
   2.9622098218272241     
   2.9631010703676726     
   2.9633880251728706     
   2.9635470314992696     
   2.9640880289071050     
   2.9647678510264273     
   2.9668996686788875     
   2.9670787595274324     
   2.9674833352036609     
   2.9679886540326814     
   2.9687277005994224     
   2.9690574317684368     
   2.9692712241129207     
   2.9724864932814028     
   2.9749335467613363     
   2.9755440347764037     
   2.9763934585299725     
   2.9770084881793926     
   2.9797210714796880     
   2.9803156470169663     
   2.9807009857327751     
   2.9830274547761237     
   2.9832686155992452     
   2.9868750469344820     
   2.9901614103510181     
   2.9915837298538639     
   2.9923374412587767     
   2.9941697445107280     
   2.9947105153215485     
   2.9955554400572750     
   2.9962154646172081     
   3.0006029129428913     
   3.0009358269978748     
   3.0018224220745657     
   3.0041821750753215     
   3.0058959280002635     
   3.0078671169021800     
   3.0085201936761878     
   3.0108783548041957     
   3.0110524512836614     
   3.0122719825402884     
   3.0130058090732552     
   3.0142508962156414     
   3.0168217901042267     
   3.0176200611854020     
   3.0176877819188688     
   3.0180247160094149     
   3.0180954637149942     
   3.0187350650969087     
   3.0190155255685491     
   3.0206355516198795     
   3.0209368126450951     
   3.0212327638386816     
   3.0212490450051273     
   3.0220748709489484     
   3.0265252818347164     
   3.0270660095835122     
   3.0271808982806139     
   3.0273178092734367     
   3.0278339611958871     
   3.0293278901490024     
   3.0309842885913474     
   3.0315403715962486     
   3.0330246244334975     
   3.0346498801810600     
   3.0467393749978871     
   3.0472195995705254     
   3.0481349764375016     
   3.0483171994078200     
   3.0485544129959559     
   3.0498132855813576     
   3.0598965651426822     
   3.0923501200305110     
