 beta=   0.0000000000000000     
  -5.1174546493505485E-015
  -2.7540121020214604E-015
  -2.3484875274892956E-015
  -1.6977561961556328E-015
  -6.1495523601119475E-016
  -1.9218513664676377E-016
   2.5361165073106741E-003
   3.2371255977708124E-003
   4.0014477586313990E-003
   5.1662105404062936E-003
   5.7851418862762405E-003
   6.2530232591782586E-003
   6.7153147832753612E-003
   7.0159527784539235E-003
   7.2215521810536504E-003
   7.4114731365563053E-003
   8.0002101421977889E-003
   8.2506924767722090E-003
   8.5157458175068035E-003
   8.7973468914759739E-003
   9.2168250294390776E-003
   9.3458775073798350E-003
   9.5258079377662803E-003
   9.8102837963607303E-003
   1.0146321542930520E-002
   1.0378199283717693E-002
   1.0561090334082937E-002
   1.0954770903007494E-002
   1.1039211864152984E-002
   1.1123329411449244E-002
   1.1151920074809691E-002
   1.1496849242989620E-002
   1.1550947355833025E-002
   1.1884785699547540E-002
   1.2236170161831169E-002
   1.2332356828088949E-002
   1.2493555920226627E-002
   1.2885015500336175E-002
   1.3127773002695131E-002
   1.3244275526336217E-002
   1.3460375073943404E-002
   1.3489579259188100E-002
   1.3772514521556589E-002
   1.3933818526806989E-002
   1.4012220240899514E-002
   1.4203250782540287E-002
   1.4310242664654509E-002
   1.4356516928445614E-002
   1.4546340477525892E-002
   1.4607967655266611E-002
   1.4635129265565329E-002
   1.4668194109230310E-002
   1.4757895818331637E-002
   1.4794417872741454E-002
   1.4933745311278118E-002
   1.5054996207284326E-002
   1.5117927416579904E-002
   1.5186863955464876E-002
   1.5290888635638846E-002
   1.5314931210536635E-002
   1.5601937726569794E-002
   1.5633388830617656E-002
   1.5741959743165349E-002
   1.5898071529473846E-002
   1.5950837003147891E-002
   1.6111536912440549E-002
   1.6226159064423588E-002
   1.6275416119957815E-002
   1.6453380321011166E-002
   1.6708773096537868E-002
   1.6868412116538160E-002
   1.6893167595533734E-002
   1.6941784702810735E-002
   1.7023079553289265E-002
   1.7150316182693481E-002
   1.7163148983425032E-002
   1.7223385108411250E-002
   1.7330721849585149E-002
   1.7433077164752776E-002
   1.7489462051173493E-002
   1.7680915480129719E-002
   1.7804315062924028E-002
   1.7938765227909687E-002
   1.7982609597159849E-002
   1.8144037054901738E-002
   1.8262535432454496E-002
   1.8330080628297749E-002
   1.8386577710670191E-002
   1.8534624987619833E-002
   1.8750600717073587E-002
   1.8806771654955961E-002
   1.9048836064070547E-002
   1.9110711867596972E-002
   1.9230433347903864E-002
   1.9330625642664315E-002
   1.9384314669030574E-002
   1.9421332082828910E-002
   1.9490507921467063E-002
   1.9577041910910583E-002
   1.9632428663755790E-002
   1.9754006420989387E-002
   1.9800973718209040E-002
   1.9827155418379237E-002
   2.0008212562886457E-002
   2.0110210321554484E-002
   2.0179831872320593E-002
   2.0363446962253444E-002
   2.0515157954552200E-002
   2.0557431636309170E-002
   2.0641142415577081E-002
   2.0693219023067998E-002
   2.0833049329342542E-002
   2.0845300721257381E-002
   2.1032468681381443E-002
   2.1113971956107706E-002
   2.1164255258674314E-002
   2.1241849386364198E-002
   2.1354643220183923E-002
   2.1507106556733185E-002
   2.1532858425424257E-002
   2.1704166264460464E-002
   2.1812736364615636E-002
   2.1914614376954845E-002
   2.2030463187720020E-002
   2.2074160563763788E-002
   2.2149760195083492E-002
   2.2337769916430356E-002
   2.2486581612312661E-002
   2.2550414550875291E-002
   2.2683204535425758E-002
   2.2769346110684749E-002
   2.2818165536486586E-002
   2.2855533339324809E-002
   2.2914563434259207E-002
   2.2988004265257236E-002
   2.3032284756754527E-002
   2.3170826258309463E-002
   2.3267495601453903E-002
   2.3413752254960972E-002
   2.3513801011497189E-002
   2.3535010873092455E-002
   2.3610126726491196E-002
   2.3646068138959232E-002
   2.3735214199676832E-002
   2.3851844742498556E-002
   2.3921059391207158E-002
   2.4019125193030014E-002
   2.4067960976558118E-002
   2.4131363156944818E-002
   2.4222330306981101E-002
   2.4307489630857791E-002
   2.4424208940647882E-002
   2.4434892708604612E-002
   2.4565061855756090E-002
   2.4656792638435766E-002
   2.4758475814844083E-002
   2.4852339362408146E-002
   2.4922813367244109E-002
   2.4956673695354422E-002
   2.5106110783274502E-002
   2.5188298923599292E-002
   2.5264806515753559E-002
   2.5356798968324573E-002
   2.5400330598341170E-002
   2.5513099961941024E-002
   2.5553053661553676E-002
   2.5595616281094882E-002
   2.5735093414976765E-002
   2.5765756574607734E-002
   2.5868361785533197E-002
   2.5987625549775396E-002
   2.6018323701297589E-002
   2.6183417858991156E-002
   2.6207221348742361E-002
   2.6290911530337621E-002
   2.6318939724605705E-002
   2.6337373396175614E-002
   2.6361085711109011E-002
   2.6532119670927896E-002
   2.6557472072624912E-002
   2.6674566727993870E-002
   2.6722106646072122E-002
   2.6746834530132130E-002
   2.6838613265806201E-002
   2.6866494913898149E-002
   2.6955525881580050E-002
   2.7050299559247835E-002
   2.7130655782412288E-002
   2.7164346395119648E-002
   2.7242716345304473E-002
   2.7321058057537394E-002
   2.7379632686371586E-002
   2.7418000224759514E-002
   2.7453102261992893E-002
   2.7469965707583512E-002
   2.7529265737614911E-002
   2.7616597437205327E-002
   2.7688340497560367E-002
   2.7714952681388572E-002
   2.7758782179053903E-002
   2.7801887116711235E-002
   2.7940400898205056E-002
   2.7973100767908501E-002
   2.8001958189170513E-002
   2.8102372448932697E-002
   2.8118075837593841E-002
   2.8217216971061641E-002
   2.8325279941513022E-002
   2.8329110821792455E-002
   2.8474586398529088E-002
   2.8541315340086294E-002
   2.8583879018905536E-002
   2.8642618064058677E-002
   2.8704473039595141E-002
   2.8787201759451611E-002
   2.8819212347967204E-002
   2.8873329198076968E-002
   2.8909952801752313E-002
   2.9014251104542178E-002
   2.9115996700011977E-002
   2.9165944704949587E-002
   2.9231030304012411E-002
   2.9301501798519706E-002
   2.9413673578574669E-002
   2.9526559281141937E-002
   2.9567884475666339E-002
   2.9648123448428459E-002
   2.9707794599123667E-002
   2.9824679813227263E-002
   2.9900885465497115E-002
   2.9917175280508641E-002
   2.9988944789946789E-002
   3.0019508272969127E-002
   3.0109701980244000E-002
   3.0135179707118837E-002
   3.0150668733741833E-002
   3.0179139880394699E-002
   3.0263896686898974E-002
   3.0322057495413880E-002
   3.0365115445229837E-002
   3.0422136578202807E-002
   3.0460627697068272E-002
   3.0477809966175981E-002
   3.0554597755039391E-002
   3.0632568449793965E-002
   3.0662945198071532E-002
   3.0703904240090174E-002
   3.0763449778374322E-002
   3.0805620935134261E-002
   3.0857968746439222E-002
   3.0919050730452383E-002
   3.1003697417348118E-002
   3.1039033885481834E-002
   3.1083714567928328E-002
   3.1124451642225333E-002
   3.1171703242682466E-002
   3.1255185049961193E-002
   3.1306498327850617E-002
   3.1396918419160612E-002
   3.1463477062863357E-002
   3.1496665814693521E-002
   3.1517492999092317E-002
   3.1639520804093303E-002
   3.1689901324720708E-002
   3.1771734445961944E-002
   3.1822642897406446E-002
   3.1879714560030782E-002
   3.1954655532732565E-002
   3.1988906804425794E-002
   3.2089502551439004E-002
   3.2147725735446733E-002
   3.2163279753629564E-002
   3.2262690379276135E-002
   3.2281891384179071E-002
   3.2311249025204158E-002
   3.2419257277733204E-002
   3.2458064775477941E-002
   3.2512333964437028E-002
   3.2535502169597975E-002
   3.2586425693280109E-002
   3.2766155642736952E-002
   3.2817129469962417E-002
   3.2849244499796475E-002
   3.2912899459728764E-002
   3.2997130686766539E-002
   3.3019905374553848E-002
   3.3079746234989750E-002
   3.3169180257265715E-002
   3.3241947625705780E-002
   3.3309526497751173E-002
   3.3390631555973424E-002
   3.3452327226810769E-002
   3.3484859634230708E-002
   3.3564320386963706E-002
   3.3617290368921013E-002
   3.3681619285354888E-002
   3.3746610302600205E-002
   3.3813437893150000E-002
   3.3823626052830374E-002
   3.3924843400808653E-002
   3.3955445126115723E-002
   3.4024970943214806E-002
   3.4104925764287614E-002
   3.4167962489036183E-002
   3.4244945178105640E-002
   3.4287436876514060E-002
   3.4327292541330399E-002
   3.4393521563822839E-002
   3.4437170252123714E-002
   3.4664111288059067E-002
   3.4672805022219762E-002
   3.4695428824250273E-002
   3.4758765919210600E-002
   3.4819315016215331E-002
   3.4886730164771472E-002
   3.4958416939594637E-002
   3.5033637866343080E-002
   3.5063026421153380E-002
   3.5108992517508750E-002
   3.5135326811401114E-002
   3.5206480965041212E-002
   3.5266109239122781E-002
   3.5326609340902704E-002
   3.5417672190893604E-002
   3.5484314688243972E-002
   3.5544427963994984E-002
   3.5701928934740154E-002
   3.5707115016144125E-002
   3.5802970979525672E-002
   3.5811009033947114E-002
   3.5924317314666755E-002
   3.5974365047534138E-002
   3.5991454772951778E-002
   3.6043789282932823E-002
   3.6122349503080887E-002
   3.6207765345823012E-002
   3.6282153469953761E-002
   3.6307509852700190E-002
   3.6419106150817497E-002
   3.6533792893285670E-002
   3.6576649693103397E-002
   3.6607038066821203E-002
   3.6626338014931897E-002
   3.6657817235982000E-002
   3.6719476758414318E-002
   3.6779850631936568E-002
   3.6853390825434061E-002
   3.6908277222548545E-002
   3.6940064923682056E-002
   3.7023284797676262E-002
   3.7065855308638346E-002
   3.7142946936376008E-002
   3.7151622303684094E-002
   3.7232018819184844E-002
   3.7287278964617768E-002
   3.7401276218589678E-002
   3.7408721456345710E-002
   3.7456994174940014E-002
   3.7490761733064412E-002
   3.7604730589879364E-002
   3.7666129459005888E-002
   3.7689696495081360E-002
   3.7725758787232985E-002
   3.7769287258965098E-002
   3.7818541529076648E-002
   3.7856958230912771E-002
   3.7908016681160804E-002
   3.7985202540547366E-002
   3.7992241785424326E-002
   3.8036595914157152E-002
   3.8128401278715418E-002
   3.8145520243428335E-002
   3.8173040458680675E-002
   3.8210874778274700E-002
   3.8305575970278442E-002
   3.8319922291626445E-002
   3.8386819655745918E-002
   3.8458611333609082E-002
   3.8483288928452389E-002
   3.8543201218708134E-002
   3.8574507656930268E-002
   3.8680745002851888E-002
   3.8688378353241272E-002
   3.8757002723214813E-002
   3.8813803539700931E-002
   3.8889953964610868E-002
   3.8918664146378540E-002
   3.8966004197927909E-002
   3.9009280838880452E-002
   3.9048456313912239E-002
   3.9100370225090525E-002
   3.9116634389961755E-002
   3.9169094916810587E-002
   3.9219190356321675E-002
   3.9245301512394581E-002
   3.9280998165646404E-002
   3.9325974452953855E-002
   3.9373801048875556E-002
   3.9414371848185158E-002
   3.9433876604261106E-002
   3.9514459631845765E-002
   3.9531344511696015E-002
   3.9575513834825410E-002
   3.9611088016353650E-002
   3.9629009201052688E-002
   3.9668031911670516E-002
   3.9710690037408007E-002
   3.9733787804055863E-002
   3.9808078059617509E-002
   3.9841911859887683E-002
   3.9857785402056568E-002
   3.9899638351823717E-002
   3.9927617546361711E-002
   3.9972508640334969E-002
   4.0013987304054116E-002
   4.0038456362868992E-002
   4.0089648751916396E-002
   4.0147277351328295E-002
   4.0174611321579283E-002
   4.0271493368828383E-002
   4.0306436776451779E-002
   4.0362442452908411E-002
   4.0385570581436832E-002
   4.0471988428360951E-002
   4.0484707983707062E-002
   4.0531116392604503E-002
   4.0547236138820525E-002
   4.0617060359600936E-002
   4.0639332050824983E-002
   4.0640109808205066E-002
   4.0692386800365958E-002
   4.0698101149590320E-002
   4.0778090864479977E-002
   4.0807237382608094E-002
   4.0877127102893505E-002
   4.0922780912381704E-002
   4.0963258438039579E-002
   4.1036260382538145E-002
   4.1094807762980953E-002
   4.1128071531726693E-002
   4.1173411511828455E-002
   4.1197493849929441E-002
   4.1227524817881493E-002
   4.1278210511475462E-002
   4.1296819821099201E-002
   4.1321400202328877E-002
   4.1361435103865099E-002
   4.1379830499460417E-002
   4.1427182330714539E-002
   4.1461591192774552E-002
   4.1505530565260754E-002
   4.1528598211043759E-002
   4.1540649821728094E-002
   4.1600574257420891E-002
   4.1666412965396776E-002
   4.1678859592019370E-002
   4.1714997409228786E-002
   4.1772941487050387E-002
   4.1790383929497764E-002
   4.1811673169555849E-002
   4.1844476395232533E-002
   4.1876307000270042E-002
   4.1908627958235266E-002
   4.1933864500910682E-002
   4.2000120231737589E-002
   4.2027806860691401E-002
   4.2046916563359751E-002
   4.2169302170998069E-002
   4.2190127383852020E-002
   4.2242487999944726E-002
   4.2264349054104366E-002
   4.2279377085853692E-002
   4.2306534384635254E-002
   4.2315385493938797E-002
   4.2348420397520750E-002
   4.2388090714727773E-002
   4.2435909060895963E-002
   4.2459507110326311E-002
   4.2502536371769879E-002
   4.2536540168315137E-002
   4.2562025879143338E-002
   4.2591726124350145E-002
   4.2612814981946766E-002
   4.2647687968532126E-002
   4.2705399979010378E-002
   4.2761039496544646E-002
   4.2783768320822410E-002
   4.2827274249881878E-002
   4.2861831356824663E-002
   4.2904065313456571E-002
   4.2919443476115954E-002
   4.2959314616645053E-002
   4.2998702912453224E-002
   4.3039949685597989E-002
   4.3070662045430884E-002
   4.3099877705689953E-002
   4.3107568200289430E-002
   4.3147327170807860E-002
   4.3191039194228606E-002
   4.3247943985989662E-002
   4.3257525858198233E-002
   4.3294427684239335E-002
   4.3351505002614608E-002
   4.3365975672097740E-002
   4.3387119526381031E-002
   4.3414139936836335E-002
   4.3448155507959864E-002
   4.3471824282107059E-002
   4.3488616238720509E-002
   4.3525775823023596E-002
   4.3564853965463994E-002
   4.3637175408763988E-002
   4.3649820754078639E-002
   4.3704395098175128E-002
   4.3730557354550219E-002
   4.3765248809400879E-002
   4.3829118344715180E-002
   4.3849716259784795E-002
   4.3873568819465393E-002
   4.3900836562024155E-002
   4.3946469662189958E-002
   4.3973859725849003E-002
   4.4021052499151531E-002
   4.4074146434001496E-002
   4.4086923992328525E-002
   4.4129178148283973E-002
   4.4149534292583212E-002
   4.4198486590947932E-002
   4.4233676037947194E-002
   4.4261620157180132E-002
   4.4292130434595643E-002
   4.4338209366672439E-002
   4.4394845135144814E-002
   4.4402630886138501E-002
   4.4431130422704634E-002
   4.4484176618618129E-002
   4.4509720835209460E-002
   4.4523908687779626E-002
   4.4554297564868194E-002
   4.4571626083613834E-002
   4.4591017525420010E-002
   4.4616086040907353E-002
   4.4643007503253500E-002
   4.4706323490418372E-002
   4.4753293890958633E-002
   4.4761809291831864E-002
   4.4790270330326398E-002
   4.4799681862464615E-002
   4.4849689377290766E-002
   4.4851142381599859E-002
   4.4932534087554300E-002
   4.4936837296005706E-002
   4.4984119527427910E-002
   4.5021186224992855E-002
   4.5034485125798926E-002
   4.5090167180467412E-002
   4.5133464690215903E-002
   4.5169031181477706E-002
   4.5198217587445445E-002
   4.5240829528095987E-002
   4.5278474830323226E-002
   4.5315038596402860E-002
   4.5348657121755877E-002
   4.5356395610121197E-002
   4.5415139374327139E-002
   4.5424266022146914E-002
   4.5440089559125076E-002
   4.5470007289269025E-002
   4.5507607897423002E-002
   4.5538764061428989E-002
   4.5584820498058613E-002
   4.5604106484762409E-002
   4.5642726079061918E-002
   4.5676210560526898E-002
   4.5689914052826602E-002
   4.5703160582528692E-002
   4.5745549283348043E-002
   4.5760535103308193E-002
   4.5780175554220690E-002
   4.5805332924606507E-002
   4.5836850056338314E-002
   4.5869234833511359E-002
   4.5875767110963847E-002
   4.5902424044157411E-002
   4.5933896455614125E-002
   4.5953030126393304E-002
   4.6004079796791046E-002
   4.6015161664494729E-002
   4.6057588414952513E-002
   4.6077509486428060E-002
   4.6104762542070118E-002
   4.6121859334102802E-002
   4.6151935602579762E-002
   4.6179559368411713E-002
   4.6193036219263454E-002
   4.6221819622463772E-002
   4.6238305956201466E-002
   4.6282020044221994E-002
   4.6309717257147713E-002
   4.6326245487949842E-002
   4.6369412094374882E-002
   4.6393494678299833E-002
   4.6434657079269283E-002
   4.6458762872835693E-002
   4.6503778365506294E-002
   4.6528134672144762E-002
   4.6538833040049542E-002
   4.6545666733254130E-002
   4.6579039546422916E-002
   4.6597512178898015E-002
   4.6610870131325213E-002
   4.6630997502582101E-002
   4.6685765309441761E-002
   4.6702842372244473E-002
   4.6720169603638562E-002
   4.6754005376873700E-002
   4.6790465215820511E-002
   4.6801403490877004E-002
   4.6824615010142068E-002
   4.6847538733232150E-002
   4.6877389120790092E-002
   4.6920092812461095E-002
   4.6944548839119173E-002
   4.6974056323138731E-002
   4.7003636760760296E-002
   4.7028407695258179E-002
   4.7044247094096200E-002
   4.7061025758857074E-002
   4.7089220583672105E-002
   4.7130967364500051E-002
   4.7178780588943849E-002
   4.7192161805684078E-002
   4.7197935507742421E-002
   4.7198019950043295E-002
   4.7244369557397754E-002
   4.7290677188167436E-002
   4.7341217296870026E-002
   4.7347330375221951E-002
   4.7376226585959531E-002
   4.7433586730110694E-002
   4.7477354762221410E-002
   4.7489500433019353E-002
   4.7515050302629806E-002
   4.7541331531389973E-002
   4.7568822578555832E-002
   4.7576513977079925E-002
   4.7601698409517862E-002
   4.7610313123517850E-002
   4.7627471827712348E-002
   4.7654730721508658E-002
   4.7684300489047315E-002
   4.7718899791477837E-002
   4.7722625463727436E-002
   4.7757178123446695E-002
   4.7764160736669503E-002
   4.7785216560724222E-002
   4.7828507530084205E-002
   4.7855664965728267E-002
   4.7882755725795687E-002
   4.7894968397933231E-002
   4.7900420060563775E-002
   4.7961258469991760E-002
   4.7975609159461419E-002
   4.7995424341743295E-002
   4.8007181625875167E-002
   4.8061340322706994E-002
   4.8083946673727083E-002
   4.8128758012237795E-002
   4.8137733775252795E-002
   4.8170810478892850E-002
   4.8173739824878832E-002
   4.8236081286445319E-002
   4.8246649647500230E-002
   4.8260435352168542E-002
   4.8273917938275464E-002
   4.8322914129217229E-002
   4.8346708931202617E-002
   4.8360202612701700E-002
   4.8399082602234703E-002
   4.8400638856530877E-002
   4.8426425038919335E-002
   4.8478482063496517E-002
   4.8483567049991731E-002
   4.8507170244862799E-002
   4.8527129549406987E-002
   4.8551620310555571E-002
   4.8566788652020694E-002
   4.8601417711111324E-002
   4.8651297781934194E-002
   4.8654536952147616E-002
   4.8669138632248039E-002
   4.8675741104104407E-002
   4.8718482162837896E-002
   4.8738018572293998E-002
   4.8798013730078506E-002
   4.8811313620330352E-002
   4.8830966390822454E-002
   4.8839737649951566E-002
   4.8879615889032065E-002
   4.8905994319550755E-002
   4.8921069294849649E-002
   4.8929549955597881E-002
   4.8936272096810590E-002
   4.8988293790426359E-002
   4.9002108438417000E-002
   4.9024857106878574E-002
   4.9066029378145512E-002
   4.9082521237260639E-002
   4.9098944408141602E-002
   4.9110677174499011E-002
   4.9132585819413259E-002
   4.9165010773631911E-002
   4.9201216776662414E-002
   4.9224715394968012E-002
   4.9234687827478182E-002
   4.9245868602220119E-002
   4.9275188644424289E-002
   4.9309486532177010E-002
   4.9326443169971028E-002
   4.9343148166171948E-002
   4.9355931786181945E-002
   4.9358847655906944E-002
   4.9416484764345611E-002
   4.9435120934714014E-002
   4.9447990692045377E-002
   4.9462586297651295E-002
   4.9480979233150466E-002
   4.9490806405866526E-002
   4.9524899262552505E-002
   4.9543294055544258E-002
   4.9557757304024112E-002
   4.9589685774913551E-002
   4.9609868371825468E-002
   4.9622730291693666E-002
   4.9639010568629328E-002
   4.9690271717952456E-002
   4.9709843331439796E-002
   4.9723343485933366E-002
   4.9750068606083789E-002
   4.9770403876386593E-002
   4.9799747087006012E-002
   4.9815281344009296E-002
   4.9858881351457940E-002
   4.9873190951596688E-002
   4.9904243232794063E-002
   4.9948925187215734E-002
   4.9966564871286923E-002
   4.9983707350212687E-002
   5.0018132874924695E-002
   5.0055989998646917E-002
   5.0081633343166891E-002
   5.0104338970554829E-002
   5.0109350403711041E-002
   5.0120271747079892E-002
   5.0138848151337470E-002
   5.0173109525107007E-002
   5.0182375285902206E-002
   5.0203112975805868E-002
   5.0237695757795235E-002
   5.0266770457688702E-002
   5.0305219582605483E-002
   5.0316193809081894E-002
   5.0352156818501748E-002
   5.0380215152433974E-002
   5.0392640168433839E-002
   5.0422111610859195E-002
   5.0460285210922565E-002
   5.0472596655828060E-002
   5.0529780330875823E-002
   5.0535970511851824E-002
   5.0544571064221916E-002
   5.0561197393632649E-002
   5.0571403521565930E-002
   5.0601376342036292E-002
   5.0613669654262658E-002
   5.0638743769065304E-002
   5.0651025291948731E-002
   5.0670733606278981E-002
   5.0687995957882301E-002
   5.0710060695258123E-002
   5.0749423516829775E-002
   5.0765692378297506E-002
   5.0781474493178387E-002
   5.0788065830670068E-002
   5.0815732609250652E-002
   5.0865504571558445E-002
   5.0877717107647692E-002
   5.0908389281291995E-002
   5.0924520264174905E-002
   5.0930161443520860E-002
   5.0965808574227445E-002
   5.0990226260426992E-002
   5.1006913128835367E-002
   5.1019705000710944E-002
   5.1062677146957759E-002
   5.1078219341073941E-002
   5.1104465141155901E-002
   5.1114009936813601E-002
   5.1138936020242838E-002
   5.1157535923446455E-002
   5.1183178183744453E-002
   5.1199895070409902E-002
   5.1222007837241984E-002
   5.1253136347298209E-002
   5.1266431227658033E-002
   5.1294156964177003E-002
   5.1297791348433666E-002
   5.1306815486002182E-002
   5.1340290600826025E-002
   5.1371095942653343E-002
   5.1402187474862242E-002
   5.1430626756141830E-002
   5.1444556674563380E-002
   5.1448863116401983E-002
   5.1479391119613131E-002
   5.1481676254369398E-002
   5.1517746106447451E-002
   5.1545617508770000E-002
   5.1563847331672880E-002
   5.1589096412547018E-002
   5.1603465995337355E-002
   5.1618848717153838E-002
   5.1654364842328090E-002
   5.1668431988597829E-002
   5.1690273627348599E-002
   5.1713086998034064E-002
   5.1728343073108134E-002
   5.1734954126314528E-002
   5.1765342991856242E-002
   5.1785059193262602E-002
   5.1807780631278555E-002
   5.1821949789751867E-002
   5.1856433380086081E-002
   5.1867120933361585E-002
   5.1905818246416595E-002
   5.1914828331280714E-002
   5.1930065168882288E-002
   5.1978120163409379E-002
   5.1990108415359448E-002
   5.2000197038114093E-002
   5.2036413858925622E-002
   5.2048735622967052E-002
   5.2069936205229449E-002
   5.2093849771622021E-002
   5.2120953356967772E-002
   5.2145229722865914E-002
   5.2159391814465182E-002
   5.2192567586864344E-002
   5.2212107945773051E-002
   5.2223567062708816E-002
   5.2225374318566220E-002
   5.2269215831384504E-002
   5.2277208315435454E-002
   5.2331170058954150E-002
   5.2352163580403718E-002
   5.2358788721948601E-002
   5.2381549205791300E-002
   5.2388933171045843E-002
   5.2415123795412084E-002
   5.2433669005937399E-002
   5.2440681592193977E-002
   5.2475858959796090E-002
   5.2480960214961785E-002
   5.2505714272881969E-002
   5.2515981553203750E-002
   5.2561131779297769E-002
   5.2574521359868530E-002
   5.2582431372092314E-002
   5.2601998752199453E-002
   5.2630047479200082E-002
   5.2633617470413729E-002
   5.2662772473734847E-002
   5.2688317234553965E-002
   5.2710844770745356E-002
   5.2732042512081134E-002
   5.2742395035734052E-002
   5.2764938672665448E-002
   5.2771081878402980E-002
   5.2783860953741414E-002
   5.2817461750101477E-002
   5.2834632181453234E-002
   5.2848073205759183E-002
   5.2886743958017339E-002
   5.2902645710040323E-002
   5.2908578113022832E-002
   5.2965220177015437E-002
   5.2998961894072154E-002
   5.3005328440304381E-002
   5.3035061788541435E-002
   5.3057453626589618E-002
   5.3091019666390564E-002
   5.3094001249426238E-002
   5.3133172082585729E-002
   5.3152944807991861E-002
   5.3167205735834486E-002
   5.3203941615208181E-002
   5.3216327174493420E-002
   5.3260838503492489E-002
   5.3269543484929460E-002
   5.3280842398912093E-002
   5.3292059815182050E-002
   5.3306062423725341E-002
   5.3340696310326667E-002
   5.3351953094335380E-002
   5.3360398297063683E-002
   5.3380120078407645E-002
   5.3402935816068427E-002
   5.3432696851313757E-002
   5.3459465269691551E-002
   5.3476508737385742E-002
   5.3498192846176393E-002
   5.3516654495934124E-002
   5.3532964922966907E-002
   5.3564697431678583E-002
   5.3568964576208453E-002
   5.3598675697207027E-002
   5.3607319787380842E-002
   5.3623441734232884E-002
   5.3665697510482446E-002
   5.3695224864421097E-002
   5.3703068981645646E-002
   5.3726938128532152E-002
   5.3732569385233506E-002
   5.3798887669017408E-002
   5.3816115629593937E-002
   5.3831363203532559E-002
   5.3864744711083004E-002
   5.3875203861137366E-002
   5.3905980345372202E-002
   5.3949230176946007E-002
   5.3954425818151672E-002
   5.4007795345141198E-002
   5.4056176969508221E-002
   5.4071926750367684E-002
   5.4092779079362774E-002
   5.4111494535804362E-002
   5.4127626068760780E-002
   5.4162980776281067E-002
   5.4167077763111748E-002
   5.4198317469890976E-002
   5.4225809476074541E-002
   5.4306450328640572E-002
   5.4330830012166986E-002
   5.4338766861734368E-002
   5.4367353731158391E-002
   5.4384935189595925E-002
   5.4411026689931669E-002
   5.4440807474326738E-002
   5.4468104771175536E-002
   5.4489819451735429E-002
   5.4513300627904292E-002
   5.4559444455770115E-002
   5.4569412662450342E-002
   5.4584269283626849E-002
   5.4654217797294520E-002
   5.4694727852141439E-002
   5.4715782476632627E-002
   5.4749440421740445E-002
   5.4777459468416063E-002
   5.4819308524003851E-002
   5.4842481300885634E-002
   5.4877209166348237E-002
   5.4908256749627016E-002
   5.4913528785102826E-002
   5.4932724582129958E-002
   5.4956620318192040E-002
   5.4996691860982057E-002
   5.5011073921975691E-002
   5.5035014962182612E-002
   5.5054708844687883E-002
   5.5079237262404553E-002
   5.5100038469882470E-002
   5.5130986484670262E-002
   5.5140325513587489E-002
   5.5196631755384334E-002
   5.5218662508829959E-002
   5.5248917246689011E-002
   5.5250816668086775E-002
   5.5258986509061872E-002
   5.5276078319635734E-002
   5.5320430654613346E-002
   5.5353687039829388E-002
   5.5380931860157481E-002
   5.5415635025761072E-002
   5.5451829212123105E-002
   5.5475004305977092E-002
   5.5506645643829441E-002
   5.5518085273333205E-002
   5.5588072198058287E-002
   5.5600233943377292E-002
   5.5619771644876533E-002
   5.5645475354576791E-002
   5.5692502288269177E-002
   5.5704967466875879E-002
   5.5735683570036450E-002
   5.5771002539322830E-002
   5.5806612978298899E-002
   5.5838669167426448E-002
   5.5853254891689970E-002
   5.5900545472800538E-002
   5.5918390588957582E-002
   5.5929932865302998E-002
   5.5942936846100223E-002
   5.5985663051226972E-002
   5.6009956408494023E-002
   5.6044754742965698E-002
   5.6052716705845357E-002
   5.6072764373983237E-002
   5.6159641715062270E-002
   5.6179270061109440E-002
   5.6185176346091215E-002
   5.6219107040127662E-002
   5.6237807333110137E-002
   5.6274794305066357E-002
   5.6306177826012507E-002
   5.6340689129221896E-002
   5.6348973661169137E-002
   5.6371223309620994E-002
   5.6377354212183928E-002
   5.6390129731146453E-002
   5.6424587855004989E-002
   5.6469355331535805E-002
   5.6488801432773919E-002
   5.6503967944401719E-002
   5.6533487119300001E-002
   5.6586094390252438E-002
   5.6655061503958014E-002
   5.6683922306759879E-002
   5.6690728495517428E-002
   5.6730592765729372E-002
   5.6755270530074647E-002
   5.6763667222221294E-002
   5.6815342093003263E-002
   5.6838511713440072E-002
   5.6847369406358629E-002
   5.6880002578350845E-002
   5.6897480874549856E-002
   5.6908802333552409E-002
   5.6936737074419361E-002
   5.6970718727489565E-002
   5.6987956163974368E-002
   5.7048026023958670E-002
   5.7055671466295435E-002
   5.7071930009501462E-002
   5.7084950498679475E-002
   5.7115826039528431E-002
   5.7148867560967861E-002
   5.7182745714007915E-002
   5.7210162599607865E-002
   5.7251437327982990E-002
   5.7285709754057612E-002
   5.7299225767158277E-002
   5.7350593101751078E-002
   5.7359373838841071E-002
   5.7414056027122025E-002
   5.7453082816083773E-002
   5.7496235074329070E-002
   5.7546310053109111E-002
   5.7581692802204591E-002
   5.7610079387203306E-002
   5.7636211750386468E-002
   5.7663025837715633E-002
   5.7687691325443151E-002
   5.7691030057566359E-002
   5.7722615352626454E-002
   5.7755320504073566E-002
   5.7804960475970141E-002
   5.7814618391411006E-002
   5.7850775216605026E-002
   5.7857523185301289E-002
   5.7894235355850573E-002
   5.7898108458948890E-002
   5.7942725830298816E-002
   5.7968226750640520E-002
   5.7990149211383402E-002
   5.8008397947747682E-002
   5.8047730434315881E-002
   5.8059453095527666E-002
   5.8087051621702780E-002
   5.8100898682283832E-002
   5.8139209841467504E-002
   5.8165155664587812E-002
   5.8186832255820345E-002
   5.8227349804721724E-002
   5.8286359543615870E-002
   5.8305373582171686E-002
   5.8335081472470678E-002
   5.8357334504206784E-002
   5.8384506382356108E-002
   5.8407806017767877E-002
   5.8439753567650882E-002
   5.8481007816557712E-002
   5.8486524844029809E-002
   5.8545042917052176E-002
   5.8558447104930689E-002
   5.8588832404401776E-002
   5.8612177597354924E-002
   5.8651272679727889E-002
   5.8704840567379069E-002
   5.8718766712799395E-002
   5.8756091922831551E-002
   5.8792047753672756E-002
   5.8814005541361770E-002
   5.8851929965349804E-002
   5.8860125762519519E-002
   5.8904744359111041E-002
   5.8920109634068345E-002
   5.8973231063468461E-002
   5.8987916817663008E-002
   5.9013929749507067E-002
   5.9048629458382483E-002
   5.9086349487669179E-002
   5.9105238066736558E-002
   5.9167377152961838E-002
   5.9181701870140643E-002
   5.9203749154000229E-002
   5.9260184573842453E-002
   5.9266751584100962E-002
   5.9314280041644636E-002
   5.9335198855236644E-002
   5.9388002367775181E-002
   5.9394148091158297E-002
   5.9427573135404844E-002
   5.9434547938179837E-002
   5.9481019850563338E-002
   5.9500580481076024E-002
   5.9530577659753607E-002
   5.9531287484418556E-002
   5.9607310253234708E-002
   5.9631327777437459E-002
   5.9669240708683638E-002
   5.9697967151072305E-002
   5.9714446818247183E-002
   5.9747677619628056E-002
   5.9763731353507994E-002
   5.9828875073509535E-002
   5.9836396156824505E-002
   5.9862475788965461E-002
   5.9906879235823593E-002
   5.9921328899381725E-002
   5.9955927752254848E-002
   5.9960551863145056E-002
   6.0025043622785067E-002
   6.0036042937626093E-002
   6.0041078121012455E-002
   6.0081079262759185E-002
   6.0104850282584291E-002
   6.0155218823166448E-002
   6.0190708272194776E-002
   6.0226257893129763E-002
   6.0242528113211631E-002
   6.0265210672982295E-002
   6.0275855567024236E-002
   6.0289098776641410E-002
   6.0310641307045540E-002
   6.0358408670002084E-002
   6.0425424897997376E-002
   6.0432204093005593E-002
   6.0460549604305740E-002
   6.0492647595271017E-002
   6.0500618118133842E-002
   6.0514213773222088E-002
   6.0536711181266564E-002
   6.0580568761935141E-002
   6.0603294796180089E-002
   6.0628719122235851E-002
   6.0662902295058205E-002
   6.0687671736225364E-002
   6.0699258922520982E-002
   6.0733421174052296E-002
   6.0782810187708855E-002
   6.0809195687056429E-002
   6.0849006885354641E-002
   6.0864714755791686E-002
   6.0887126351977905E-002
   6.0942631785331811E-002
   6.0949617594958296E-002
   6.0984948868957951E-002
   6.1016587562036248E-002
   6.1033523897622143E-002
   6.1070958154427646E-002
   6.1095268566131539E-002
   6.1135773648625560E-002
   6.1147517533168126E-002
   6.1151653776263394E-002
   6.1196615560547035E-002
   6.1232154644712190E-002
   6.1250360802193531E-002
   6.1266182217076443E-002
   6.1311171353020867E-002
   6.1329611472931013E-002
   6.1341639512308727E-002
   6.1397386972794656E-002
   6.1415164604622242E-002
   6.1463135342290691E-002
   6.1541628416897073E-002
   6.1571091998159917E-002
   6.1578535348809339E-002
   6.1590513173086947E-002
   6.1618299631546157E-002
   6.1642143109758983E-002
   6.1655338234778388E-002
   6.1739077929894311E-002
   6.1757215938541998E-002
   6.1770124661832904E-002
   6.1839262138845420E-002
   6.1849612266032965E-002
   6.1911990871249246E-002
   6.1932142135806743E-002
   6.1943313701007641E-002
   6.1980793721838581E-002
   6.2067632713925826E-002
   6.2085141170544832E-002
   6.2111262469844539E-002
   6.2158435276611038E-002
   6.2186002019208410E-002
   6.2221471632907463E-002
   6.2257780630539779E-002
   6.2288519714165221E-002
   6.2306330417920060E-002
   6.2349780925897685E-002
   6.2442964966763034E-002
   6.2478251030532339E-002
   6.2487316319976074E-002
   6.2503753992688593E-002
   6.2524495819630307E-002
   6.2582392670671491E-002
   6.2622012384093428E-002
   6.2675240399442347E-002
   6.2682978695841773E-002
   6.2698055507607875E-002
   6.2743646811869225E-002
   6.2785786852586595E-002
   6.2801180241267976E-002
   6.2851127789598601E-002
   6.2857726413765441E-002
   6.2952377209338467E-002
   6.2954021185055484E-002
   6.2987671623851035E-002
   6.3003459954593236E-002
   6.3036158535143549E-002
   6.3110348122704454E-002
   6.3126664326516868E-002
   6.3154200323635792E-002
   6.3169521056687966E-002
   6.3219001766797150E-002
   6.3234422569168738E-002
   6.3239897048986735E-002
   6.3291443370935840E-002
   6.3315426295593308E-002
   6.3382670652130643E-002
   6.3419656753848530E-002
   6.3462078595843574E-002
   6.3477048392873769E-002
   6.3506476783395813E-002
   6.3562675060803611E-002
   6.3602848135255505E-002
   6.3633633553051433E-002
   6.3656262619851023E-002
   6.3711421648963137E-002
   6.3743841308369534E-002
   6.3767529746603047E-002
   6.3785798878018690E-002
   6.3814995118018469E-002
   6.3854714437603072E-002
   6.3904025820586630E-002
   6.3948673774603629E-002
   6.3957065917496225E-002
   6.3991782775493430E-002
   6.4005626316090691E-002
   6.4053753493282850E-002
   6.4070180631904033E-002
   6.4088741593442938E-002
   6.4144048513023758E-002
   6.4176994150582811E-002
   6.4188305448711111E-002
   6.4256126590158058E-002
   6.4312808999426541E-002
   6.4337852792936065E-002
   6.4379933542058343E-002
   6.4401621225694039E-002
   6.4443816010355467E-002
   6.4470539760481158E-002
   6.4538765522581115E-002
   6.4553671514214678E-002
   6.4597456143951029E-002
   6.4641051565483887E-002
   6.4675341640741291E-002
   6.4704362834599224E-002
   6.4736160084489111E-002
   6.4764578795643610E-002
   6.4816900340003203E-002
   6.4856044772432356E-002
   6.4905341200153274E-002
   6.4963700700745197E-002
   6.5035869613513139E-002
   6.5079290785261978E-002
   6.5114982291039486E-002
   6.5135640867715089E-002
   6.5196685400847498E-002
   6.5248349222609386E-002
   6.5324291068442980E-002
   6.5326506057376707E-002
   6.5357419910496276E-002
   6.5406964839628171E-002
   6.5467950783341222E-002
   6.5516700835222527E-002
   6.5640327186334613E-002
   6.5659221466422807E-002
   6.5681729548333415E-002
   6.5715993307742970E-002
   6.5738907175738243E-002
   6.5766693867507470E-002
   6.5835857991871735E-002
   6.5868440292376457E-002
   6.5895105075674865E-002
   6.5948796589124337E-002
   6.6003577453001075E-002
   6.6017725517545783E-002
   6.6035965212656367E-002
   6.6085170971632828E-002
   6.6131583852444470E-002
   6.6190026487354045E-002
   6.6213727872873468E-002
   6.6230546812047666E-002
   6.6289543248078689E-002
   6.6315965501813567E-002
   6.6335650482732170E-002
   6.6354810179751367E-002
   6.6430832135116913E-002
   6.6488487455420797E-002
   6.6552493878046806E-002
   6.6574641734776910E-002
   6.6591695146090077E-002
   6.6622230474421354E-002
   6.6673199036094491E-002
   6.6702196760707530E-002
   6.6718048778690614E-002
   6.6727808687731149E-002
   6.6821762015908615E-002
   6.6849828678297529E-002
   6.6897243855500388E-002
   6.6901063374138953E-002
   6.6944468465806359E-002
   6.6963342148011931E-002
   6.7035298037406932E-002
   6.7111503738456257E-002
   6.7136448338543570E-002
   6.7202232893057934E-002
   6.7227751990035861E-002
   6.7243176811490710E-002
   6.7314478294636146E-002
   6.7325513382906696E-002
   6.7341396711544155E-002
   6.7377349173260229E-002
   6.7407071593241288E-002
   6.7446245562017920E-002
   6.7509146565728317E-002
   6.7545178154262711E-002
   6.7572572161860286E-002
   6.7637289797342168E-002
   6.7689736256752564E-002
   6.7706465109330718E-002
   6.7719344735573533E-002
   6.7791697374650128E-002
   6.7813833004834331E-002
   6.7845475932772681E-002
   6.7895746570697038E-002
   6.7943314957974982E-002
   6.7973258560326960E-002
   6.7985580750120345E-002
   6.8052747573492778E-002
   6.8075867199964127E-002
   6.8111712895569998E-002
   6.8164849403666294E-002
   6.8195353475348885E-002
   6.8247024905861819E-002
   6.8295843776403978E-002
   6.8332985211313424E-002
   6.8396829131230616E-002
   6.8411102066358448E-002
   6.8462736997734766E-002
   6.8497127320418502E-002
   6.8510203503743733E-002
   6.8523303878244221E-002
   6.8603651436950353E-002
   6.8624308867026293E-002
   6.8641856933362722E-002
   6.8670715712161726E-002
   6.8712949754382094E-002
   6.8769017932944904E-002
   6.8828602830643404E-002
   6.8851741269614158E-002
   6.8886903820578230E-002
   6.8912925029997033E-002
   6.8990537474221889E-002
   6.9013376839540716E-002
   6.9076816623048917E-002
   6.9106714583724541E-002
   6.9143445289381905E-002
   6.9151000988750433E-002
   6.9223672049463572E-002
   6.9266917272165024E-002
   6.9293340242763332E-002
   6.9351543592755069E-002
   6.9388013686341982E-002
   6.9417361128606470E-002
   6.9468558911068193E-002
   6.9507836977204654E-002
   6.9544533808650097E-002
   6.9551970801502883E-002
   6.9609381184069327E-002
   6.9694546075182578E-002
   6.9720474654231229E-002
   6.9740048342493838E-002
   6.9821577602829088E-002
   6.9837560877583763E-002
   6.9898301841203603E-002
   6.9925831377605094E-002
   6.9997415827071349E-002
   7.0070992574564145E-002
   7.0094504287046389E-002
   7.0164800898898372E-002
   7.0241241669033283E-002
   7.0252355763695234E-002
   7.0328408036443579E-002
   7.0380901361911455E-002
   7.0420818112428007E-002
   7.0503633644715943E-002
   7.0512930564267579E-002
   7.0564260693750519E-002
   7.0599278260775278E-002
   7.0651783053157197E-002
   7.0683876280556501E-002
   7.0705929687252797E-002
   7.0755055632710895E-002
   7.0785230876565908E-002
   7.0902681916863289E-002
   7.0929761511098047E-002
   7.0973224011611560E-002
   7.1031195679526260E-002
   7.1089907369728977E-002
   7.1166035145514478E-002
   7.1197719825160766E-002
   7.1232789740559105E-002
   7.1303622522457727E-002
   7.1317705461909867E-002
   7.1370309588619688E-002
   7.1403648870053876E-002
   7.1480301849409678E-002
   7.1519941682890720E-002
   7.1560365600607911E-002
   7.1592448166926392E-002
   7.1629710940097749E-002
   7.1766850494539750E-002
   7.1829170877066736E-002
   7.1858402574646485E-002
   7.1894989906112858E-002
   7.1927337803159172E-002
   7.2029446397378530E-002
   7.2051647849872696E-002
   7.2077653774424308E-002
   7.2187259245622484E-002
   7.2243072808897066E-002
   7.2266559289357005E-002
   7.2305701242373427E-002
   7.2369560007466666E-002
   7.2377716000814801E-002
   7.2437840379119836E-002
   7.2503414110477823E-002
   7.2556637743371177E-002
   7.2583449237661940E-002
   7.2698082596991676E-002
   7.2716453345381127E-002
   7.2731966144557819E-002
   7.2783881110812979E-002
   7.2816248645942383E-002
   7.2852771812279032E-002
   7.2914583843796621E-002
   7.2966816207145749E-002
   7.2972105113863775E-002
   7.3069491025165467E-002
   7.3135957747880190E-002
   7.3199740200689756E-002
   7.3219819172529954E-002
   7.3239122143932231E-002
   7.3275937651406345E-002
   7.3304854541411738E-002
   7.3380233029460312E-002
   7.3396986319862134E-002
   7.3457867999194917E-002
   7.3474903086274371E-002
   7.3502436940318397E-002
   7.3548487871213958E-002
   7.3669725404115455E-002
   7.3727922079813726E-002
   7.3751583590516229E-002
   7.3785646892430723E-002
   7.3820495585374096E-002
   7.3849686172394027E-002
   7.3919427887912045E-002
   7.3965640458874854E-002
   7.4036355054246453E-002
   7.4090392425261720E-002
   7.4108180770852142E-002
   7.4139408025969647E-002
   7.4193209907441673E-002
   7.4218043546455240E-002
   7.4248409508915911E-002
   7.4356801936874231E-002
   7.4376117361755562E-002
   7.4443373797589835E-002
   7.4531063160945488E-002
   7.4550987534392738E-002
   7.4585083629320897E-002
   7.4635397017402363E-002
   7.4679023665896266E-002
   7.4711900037021772E-002
   7.4762909646052894E-002
   7.4791500903334598E-002
   7.4860706175740060E-002
   7.4890593290843258E-002
   7.4954977017588173E-002
   7.4971125502501790E-002
   7.5056948598397163E-002
   7.5109840612555448E-002
   7.5140866911617601E-002
   7.5201193774984340E-002
   7.5264094254712532E-002
   7.5288966217776032E-002
   7.5354234332469350E-002
   7.5411118770813634E-002
   7.5423821850496189E-002
   7.5478361722048345E-002
   7.5549579328413760E-002
   7.5606820453514176E-002
   7.5705407977924646E-002
   7.5726774669290453E-002
   7.5803322908278473E-002
   7.5816869092074232E-002
   7.5862902688527953E-002
   7.5924548996533392E-002
   7.5963915881438221E-002
   7.5993368765921915E-002
   7.6080971277317222E-002
   7.6084795786956733E-002
   7.6161023570337535E-002
   7.6194126515798238E-002
   7.6222131091118042E-002
   7.6252858904589715E-002
   7.6312322773560065E-002
   7.6317383023920701E-002
   7.6424964840286116E-002
   7.6471292739870411E-002
   7.6561415912893241E-002
   7.6596612742120179E-002
   7.6650582525619501E-002
   7.6732571957322582E-002
   7.6788565934083258E-002
   7.6809080010400391E-002
   7.6891455979857720E-002
   7.6931641150208646E-002
   7.6967222247961820E-002
   7.7020990861321331E-002
   7.7063276109302262E-002
   7.7082299029394868E-002
   7.7195398206359844E-002
   7.7220493369565144E-002
   7.7268030378518135E-002
   7.7305321798298646E-002
   7.7344037516043435E-002
   7.7359393271894589E-002
   7.7393252261938467E-002
   7.7471784531939036E-002
   7.7508613163531054E-002
   7.7536649115639747E-002
   7.7571333645876567E-002
   7.7669629560704348E-002
   7.7686919755648065E-002
   7.7721846442333598E-002
   7.7761719596290357E-002
   7.7789377345828137E-002
   7.7852798379572374E-002
   7.7924196902970241E-002
   7.8031735023895751E-002
   7.8066687847293925E-002
   7.8087184052659658E-002
   7.8155135310037968E-002
   7.8162351891888845E-002
   7.8212963593532789E-002
   7.8238863274469300E-002
   7.8296297023764505E-002
   7.8314670382962762E-002
   7.8400951705720770E-002
   7.8461400271665038E-002
   7.8480842864039987E-002
   7.8517148458775221E-002
   7.8576748167920096E-002
   7.8622802015701446E-002
   7.8710839329079352E-002
   7.8722742739836288E-002
   7.8763042483395468E-002
   7.8808178473827636E-002
   7.8829009026947727E-002
   7.8883031106417922E-002
   7.8940685582272685E-002
   7.9013068549351362E-002
   7.9046908068507699E-002
   7.9103234626413915E-002
   7.9118470635612531E-002
   7.9182109260666891E-002
   7.9222484615343966E-002
   7.9260830316227007E-002
   7.9317505673801178E-002
   7.9361269495005562E-002
   7.9411626231184196E-002
   7.9446000444843456E-002
   7.9483884689023510E-002
   7.9551837395623562E-002
   7.9552599315702549E-002
   7.9595826769477865E-002
   7.9627664962710232E-002
   7.9718355420420273E-002
   7.9753304148837703E-002
   7.9876267233557674E-002
   7.9884808009046224E-002
   7.9962254097568256E-002
   7.9996615198333315E-002
   8.0041386447000359E-002
   8.0105546990587098E-002
   8.0150966952256181E-002
   8.0196560538433492E-002
   8.0235530872418817E-002
   8.0294148376009331E-002
   8.0334668672910170E-002
   8.0408092573019299E-002
   8.0478076324649150E-002
   8.0557868182363754E-002
   8.0593827195734768E-002
   8.0682091682563586E-002
   8.0706178026684186E-002
   8.0758693295973114E-002
   8.0815883420814957E-002
   8.0850651368604864E-002
   8.0860161510044687E-002
   8.0952578703521572E-002
   8.0998309092858017E-002
   8.1063197903900333E-002
   8.1079544334290959E-002
   8.1105678924855693E-002
   8.1142585382394022E-002
   8.1184137892043415E-002
   8.1277625725775168E-002
   8.1329020797634585E-002
   8.1366367462919795E-002
   8.1422343378550630E-002
   8.1474165078963906E-002
   8.1561119623283773E-002
   8.1632978393482977E-002
   8.1640981726103012E-002
   8.1679420246746529E-002
   8.1803735947378775E-002
   8.1851313706360077E-002
   8.1881943366551108E-002
   8.1926999803355896E-002
   8.1958732477459023E-002
   8.2030836614234381E-002
   8.2055765272188344E-002
   8.2153308402122302E-002
   8.2176376723270314E-002
   8.2233607168475151E-002
   8.2283926493101525E-002
   8.2306821355884907E-002
   8.2389051007526165E-002
   8.2436874017605147E-002
   8.2538864327865058E-002
   8.2635615447121821E-002
   8.2656536810389467E-002
   8.2732447138331805E-002
   8.2839833367954585E-002
   8.2852767003576647E-002
   8.2913059869569886E-002
   8.2961859387254672E-002
   8.3085600389834965E-002
   8.3157128256571969E-002
   8.3235797446513091E-002
   8.3287770984056861E-002
   8.3313870058788750E-002
   8.3333548483809541E-002
   8.3418291511920567E-002
   8.3490185686122459E-002
   8.3548558833889175E-002
   8.3647470297293344E-002
   8.3739435247312977E-002
   8.3759960902287656E-002
   8.3819833517444070E-002
   8.3865866487998264E-002
   8.3969588036283099E-002
   8.4022136376039211E-002
   8.4052630159642441E-002
   8.4100765953562640E-002
   8.4118918747596597E-002
   8.4188812715198680E-002
   8.4286777087802439E-002
   8.4353453008734924E-002
   8.4437893636743741E-002
   8.4496082302436964E-002
   8.4530169944734723E-002
   8.4599336175744361E-002
   8.4645015950003233E-002
   8.4673198813921394E-002
   8.4764209099292692E-002
   8.4819577913201022E-002
   8.4860270485308587E-002
   8.4976544122595796E-002
   8.5016096208385086E-002
   8.5133865752266960E-002
   8.5142649572192711E-002
   8.5208911171248916E-002
   8.5291626155626632E-002
   8.5380729739357702E-002
   8.5467420356035440E-002
   8.5526376383242911E-002
   8.5575775511847973E-002
   8.5621732773796158E-002
   8.5690626690380037E-002
   8.5764605634011518E-002
   8.5781653078618791E-002
   8.5879654381659093E-002
   8.5945024337510528E-002
   8.6044197848738679E-002
   8.6089314006149054E-002
   8.6201403258870948E-002
   8.6287036698550784E-002
   8.6307806390332489E-002
   8.6424682683301321E-002
   8.6459743425966115E-002
   8.6579256394400020E-002
   8.6643505488442060E-002
   8.6656436651700017E-002
   8.6764400863750576E-002
   8.6780577566370962E-002
   8.6845085403800024E-002
   8.6982263339373422E-002
   8.7025314219267874E-002
   8.7092165276612815E-002
   8.7147150360802353E-002
   8.7244987327774123E-002
   8.7292075765200969E-002
   8.7322139187021308E-002
   8.7338592835489073E-002
   8.7432651665715344E-002
   8.7500128602861091E-002
   8.7582797990858663E-002
   8.7631429494610294E-002
   8.7707673445253889E-002
   8.7769767989019698E-002
   8.7828312280860105E-002
   8.7860833007614783E-002
   8.7967017279793405E-002
   8.8022115004511486E-002
   8.8123347532043927E-002
   8.8212031072662428E-002
   8.8253283750679132E-002
   8.8289416133191093E-002
   8.8348067086392507E-002
   8.8368229791941949E-002
   8.8457676550226627E-002
   8.8528986369317442E-002
   8.8570221822207487E-002
   8.8615720199058570E-002
   8.8697359487139776E-002
   8.8726690993891952E-002
   8.8878837408374350E-002
   8.8923082820763860E-002
   8.8946388664496515E-002
   8.9046388261724743E-002
   8.9107063655393948E-002
   8.9117450777217735E-002
   8.9196374160787392E-002
   8.9250259840320340E-002
   8.9326465966677926E-002
   8.9337242979450462E-002
   8.9390932226429812E-002
   8.9439040464858843E-002
   8.9536935847149640E-002
   8.9580369103355151E-002
   8.9643813238558606E-002
   8.9684902214953580E-002
   8.9821750715606802E-002
   8.9823754653390250E-002
   8.9923970098851211E-002
   8.9948263476697057E-002
   9.0024940132429107E-002
   9.0059432757656710E-002
   9.0097076831190892E-002
   9.0190793845149220E-002
   9.0212044382192380E-002
   9.0266491713014554E-002
   9.0380585752121614E-002
   9.0391871092483339E-002
   9.0441970907838010E-002
   9.0491674944321560E-002
   9.0520919178095169E-002
   9.0593230160293539E-002
   9.0670164715026494E-002
   9.0725455137656230E-002
   9.0784898350800849E-002
   9.0847524405797964E-002
   9.0913262298540173E-002
   9.0940708580006732E-002
   9.0993590967827429E-002
   9.1112833824065265E-002
   9.1166187743171062E-002
   9.1197057100566525E-002
   9.1294720776427155E-002
   9.1322253296359873E-002
   9.1416575649825818E-002
   9.1472248439605219E-002
   9.1497523322307123E-002
   9.1619413047751327E-002
   9.1638244054723872E-002
   9.1737030515805534E-002
   9.1786528646970802E-002
   9.1873070673981733E-002
   9.1898230972656078E-002
   9.1959794079573942E-002
   9.2058317569528508E-002
   9.2091775967731701E-002
   9.2120106419825182E-002
   9.2273296712821612E-002
   9.2291352946555036E-002
   9.2441148865370720E-002
   9.2487575472085623E-002
   9.2552239397359015E-002
   9.2694038066104989E-002
   9.2797616311781794E-002
   9.2827945451361263E-002
   9.2871703735769570E-002
   9.2922662260711414E-002
   9.3012702764207617E-002
   9.3043801928495082E-002
   9.3070713733618124E-002
   9.3142342350143070E-002
   9.3335358523388437E-002
   9.3371428730663161E-002
   9.3431283712830646E-002
   9.3442289536536008E-002
   9.3552352435771327E-002
   9.3582188604493993E-002
   9.3602821479018244E-002
   9.3688451942800524E-002
   9.3776551870977956E-002
   9.3814851978769459E-002
   9.3935589166137118E-002
   9.3997895035043216E-002
   9.4017958860603282E-002
   9.4126043947863280E-002
   9.4146432838741301E-002
   9.4154397245459195E-002
   9.4273453387621164E-002
   9.4377817813306591E-002
   9.4404469799898222E-002
   9.4475847583198047E-002
   9.4596772129875828E-002
   9.4709631092007737E-002
   9.4740309292461689E-002
   9.4836849909257614E-002
   9.4929309601180289E-002
   9.4954520515095550E-002
   9.5024623179246745E-002
   9.5068603866684795E-002
   9.5136834963167702E-002
   9.5288835300508481E-002
   9.5399261419591277E-002
   9.5459086752424635E-002
   9.5503449858688347E-002
   9.5568851908738289E-002
   9.5632650916062142E-002
   9.5709878935378551E-002
   9.5799126036725413E-002
   9.5890994052509393E-002
   9.5960692473827200E-002
   9.6032763842839403E-002
   9.6080128341132512E-002
   9.6182499335828328E-002
   9.6235479177595479E-002
   9.6318462455856041E-002
   9.6369990320215967E-002
   9.6482993048612256E-002
   9.6557387479999729E-002
   9.6596997157084738E-002
   9.6641877085945904E-002
   9.6686879398703407E-002
   9.6720095198827363E-002
   9.6746499276760975E-002
   9.6857017389655783E-002
   9.6914633722830018E-002
   9.7013079514118583E-002
   9.7085238883049055E-002
   9.7124046895171109E-002
   9.7173929979218532E-002
   9.7216330295864462E-002
   9.7363110962622318E-002
   9.7444013977843288E-002
   9.7497911838969123E-002
   9.7569421196166697E-002
   9.7616161629746470E-002
   9.7636828824843702E-002
   9.7735460015839062E-002
   9.7759530695570418E-002
   9.7834360144176499E-002
   9.7869710000457341E-002
   9.7950660821571486E-002
   9.8032279282484716E-002
   9.8111063974952784E-002
   9.8149887067783048E-002
   9.8188317654618260E-002
   9.8233054345600340E-002
   9.8259293462932856E-002
   9.8447663651105119E-002
   9.8497067002602093E-002
   9.8556601797286175E-002
   9.8661905755650856E-002
   9.8757348492680946E-002
   9.8818408152327827E-002
   9.8864172989931443E-002
   9.8937403594926990E-002
   9.9052044858316549E-002
   9.9089725708183876E-002
   9.9145982948157879E-002
   9.9270881526335342E-002
   9.9397130646047924E-002
   9.9464702144958006E-002
   9.9593825283168541E-002
   9.9630653111238740E-002
   9.9689358510701223E-002
   9.9730806690209228E-002
   9.9812359483148927E-002
   9.9915394723699286E-002
   9.9922767209458710E-002
  0.10001914743284057     
  0.10013102495248415     
  0.10028602719911597     
  0.10038420314154416     
  0.10040320840045519     
  0.10043369749044308     
  0.10051837585601085     
  0.10061547336537131     
  0.10064863741879058     
  0.10066222953532886     
  0.10082423848905939     
  0.10083744356882020     
  0.10102475655454794     
  0.10109284567732861     
  0.10116036997496536     
  0.10127473353098611     
  0.10139348908931813     
  0.10145986611869670     
  0.10153525000016118     
  0.10164023189591261     
  0.10183407425757787     
  0.10186771232170376     
  0.10196862179556762     
  0.10204213423628997     
  0.10212111639619084     
  0.10222941734368522     
  0.10239469612902147     
  0.10246616305511035     
  0.10249974836453840     
  0.10253758606620290     
  0.10282116843211805     
  0.10284916562730813     
  0.10295591613712098     
  0.10304211052679821     
  0.10313039083460332     
  0.10327525752007559     
  0.10340855118730982     
  0.10352725365942758     
  0.10356334800941927     
  0.10372428359995572     
  0.10381473621635563     
  0.10390241881646384     
  0.10414527497427359     
  0.10437096604508048     
  0.10449932265343674     
  0.10460197680096578     
  0.10479161944428710     
  0.10487714964732403     
  0.10498730227916403     
  0.10515712256743183     
  0.10540791699917834     
  0.10545754435546481     
  0.10577128126788232     
  0.10588828079075009     
  0.10601453647740490     
  0.10614667925433141     
  0.10627265457317149     
  0.10651100094063046     
  0.10674674722364949     
  0.10686311937854399     
  0.10697151880804519     
  0.10745025344903697     
  0.10772083107921071     
  0.10817985038586075     
  0.10831530247565976     
  0.10836601748979122     
  0.10884362218477912     
  0.10921342477768409     
  0.10940871169475747     
  0.10942514686061769     
  0.10944349136569809     
  0.10987076052815258     
  0.11022821329264676     
  0.11070724207281775     
  0.11077813573543231     
  0.11095933146638963     
  0.11120106288081000     
  0.11143070585735271     
  0.11154530698820653     
  0.11200926299925162     
  0.11234167569611878     
  0.11262735393464313     
  0.11319060210183292     
  0.11333537551966981     
  0.11388782514497425     
  0.11434002948257994     
  0.11451827457026678     
  0.11504208277074693     
  0.11529623513018514     
  0.11552104341238750     
  0.11591344924498774     
  0.11620769126266460     
  0.11646681940905874     
  0.11668738343869250     
  0.11774368358781644     
  0.11812735914336407     
  0.11824532661381819     
  0.11861633858000990     
  0.11974218081874298     
  0.11980745316738600     
  0.12013727133946844     
  0.12072298781000111     
  0.12075796094349059     
  0.12146203077483934     
  0.12194454161198261     
  0.12253550540958426     
  0.12310028521652419     
  0.12340912140537745     
  0.12376341655531056     
  0.12438445921587148     
  0.12535630860822866     
  0.12593722654282441     
  0.12671304750086435     
  0.12768241583896781     
  0.12778464734828693     
  0.12905914608246924     
  0.12926248289925776     
  0.12958059859272980     
  0.13016320108092513     
  0.13049211476499203     
  0.13121977604845858     
  0.13135470708985433     
  0.13161123358989010     
  0.13230486002685890     
  0.13292310257977333     
  0.13337479174803682     
  0.13413160826816967     
  0.13501231973502545     
  0.13547524434885913     
  0.13637352633647767     
  0.13662651612113461     
  0.13677537985571966     
  0.13759473442481610     
  0.13823779557532517     
  0.13939156712303838     
  0.14184329050401903     
  0.14307095539489242     
  0.14553655958459288     
  0.14556433014431500     
  0.14617645434855378     
  0.14721020042657493     
  0.14890906041430627     
  0.14991600259974946     
  0.15134225988188160     
  0.15238029751933790     
  0.15302628908981877     
  0.15403182365015858     
  0.15432512271274204     
  0.15497811077272688     
  0.15653270919526605     
  0.15775977134947447     
  0.16242439873588602     
  0.16299350488336964     
  0.16348670514143715     
  0.16611796391388611     
  0.16679844241396133     
  0.16713358491022184     
  0.16736988737500733     
  0.16814178299800361     
  0.16845595073309078     
  0.16886182938878253     
  0.16960850672776581     
  0.17109424855839328     
  0.17137884229946412     
  0.17163428233394873     
  0.17177666307343578     
  0.17357329606163394     
  0.17404127749866058     
  0.17436071454885815     
  0.17455998129478897     
  0.17473404609108442     
  0.17574332597321757     
  0.17764695132805899     
  0.17877000801152498     
  0.17962654194031649     
  0.18128705317450436     
  0.18188408876024387     
  0.18317597347533557     
  0.18336535585449887     
  0.18418020087144857     
  0.18553691465249791     
  0.18726116075226068     
  0.18729667032581779     
  0.18960005355493117     
  0.19213705924161312     
  0.19248190307252577     
  0.19289273759234357     
  0.19397263475775536     
  0.19559891820015213     
  0.19679160495217199     
  0.19777230779246396     
  0.19989517947999441     
  0.19999430246567648     
  0.20103354308513041     
  0.20190096999461424     
  0.20299714208981895     
  0.20305200573128396     
  0.20495510905479811     
  0.20567313049556493     
  0.20652001093613334     
  0.20656130227463054     
  0.20682619371712926     
  0.20758287719577267     
  0.20862428695656132     
  0.20870867091673687     
  0.20890627507738299     
  0.21137739948504636     
  0.21374805051565060     
  0.21476974046561237     
  0.21515264250787444     
  0.21546806292236559     
  0.21567621674465590     
  0.21590208507583369     
  0.21885624053621019     
  0.21966806859968604     
  0.22021256212501361     
  0.22039293361117457     
  0.22193133025928813     
  0.22211999867288210     
  0.22262466207604800     
  0.22576485758930767     
  0.22664775376115204     
  0.22697143117926979     
  0.22879793920931149     
  0.22899215548608287     
  0.22939623562096056     
  0.22943518021498238     
  0.23040072614349302     
  0.23192390722625106     
  0.23239533923195174     
  0.23459049023228470     
  0.23576027945127501     
  0.23633033185620161     
  0.23752467707426950     
  0.23793088513238722     
  0.23906588895375891     
  0.23939727780923353     
  0.23991499047648934     
  0.24055025860068321     
  0.24114460411531860     
  0.24230139441814375     
  0.24264569478182005     
  0.24282637571186197     
  0.24379967640044825     
  0.24499920620639901     
  0.24571559282788716     
  0.24574436331851129     
  0.24675298906270896     
  0.24695013881861561     
  0.24716728772860652     
  0.25900080267568110     
  0.25987474818701733     
  0.26040915087068611     
  0.26226921138856513     
  0.26516126087088959     
  0.26802611394440018     
  0.26813996338298457     
  0.27061105667189750     
  0.27272645222767311     
  0.27513424775448314     
  0.27560424785346593     
  0.27621492337336950     
  0.28214438612154830     
  0.28482974426506458     
  0.28744195927103944     
  0.28928033952580301     
  0.29166644846275880     
  0.72155192935436663     
  0.72215629631139544     
  0.72727940391740398     
  0.73365032912001904     
  0.73636383441717490     
  0.73780890343040884     
  0.73805126724865111     
  0.73914964860880938     
  0.74019325004834835     
  0.74170326146029242     
  0.74419691029116064     
  0.74652410429233196     
  0.74812994385053744     
  0.74931560529440444     
  0.75128481329587693     
  0.75647938936229975     
  0.75681052642079416     
  0.76009125289626900     
  0.76138003585238145     
  0.76422492671402054     
  0.76483186721127916     
  0.76656456714895216     
  0.76705781231624770     
  0.76776549857811183     
  0.77195736012140526     
  0.77334366701717316     
  0.77375998476058927     
  0.77422936374285434     
  0.77545531502516529     
  0.77605162534280114     
  0.77806238877414724     
  0.78078883545196720     
  0.78171552863184035     
  0.78193639310370289     
  0.78261719762439574     
  0.78368007855534871     
  0.78462013378968376     
  0.78489766683776763     
  0.78621126338292779     
  0.78700006614035889     
  0.78830930118497955     
  0.78968377944961377     
  0.79142105592692513     
  0.79163458411544896     
  0.79236317533864942     
  0.79592918803725421     
  0.79743877174043309     
  0.79912759364644437     
  0.79981573491203750     
  0.80189952052129909     
  0.80335699962260809     
  0.80392784521219851     
  0.80402350527045330     
  0.80807190265410644     
  0.80986143894915052     
  0.81193009355699652     
  0.81271873411724171     
  0.81420100718308708     
  0.81557023485936986     
  0.81795108490890145     
  0.81878838374602103     
  0.82029507446257199     
  0.82241288340560792     
  0.82359248464175783     
  0.82564985946667746     
  0.82603815777098755     
  0.82695290710590663     
  0.82747786713526927     
  0.83149978411306158     
  0.83191814614067361     
  0.83346322895414870     
  0.83397748469378630     
  0.83445748206925840     
  0.83595944390925503     
  0.83725529073433469     
  0.83896376768958614     
  0.84020872875948605     
  0.84201208989382836     
  0.84391368610013473     
  0.84567808112408649     
  0.84700401935244529     
  0.84781314574973066     
  0.84856079123228101     
  0.84995636746255498     
  0.85362059761326814     
  0.85548093977752526     
  0.85833452105900232     
  0.85979587139029889     
  0.86278329845477020     
  0.86496924885256188     
  0.86763739572780196     
  0.86982105717615077     
  0.87115985213750791     
  0.87191118229888775     
  0.87275946656860404     
  0.87463162934938921     
  0.87861603702930635     
  0.88040477434833730     
  0.88167476736246475     
  0.88223118109867094     
  0.88435148873544767     
  0.88528418020353983     
  0.89181868531751296     
  0.89235654566370648     
  0.89426493213082570     
  0.89586419265784978     
  0.89864602179036623     
  0.90562857729837531     
  0.90618572295372835     
  0.90718838760033893     
  0.90841136537065426     
  0.90896743327279261     
  0.91312181231702438     
  0.91430698428332935     
  0.91755379040948071     
  0.92332839943557654     
  0.92445451201383078     
  0.92464536888045656     
  0.92484754572737693     
  0.92852353290271328     
  0.93163754652090425     
  0.93203305976412509     
  0.93715683582384746     
  0.93791528617570219     
  0.93982808725773281     
  0.94070593894065180     
  0.94371023589154357     
  0.94482397144052888     
  0.94682121824422383     
  0.94837125148917378     
  0.95088045824509138     
  0.95276501953615478     
  0.95336718234435625     
  0.95603663638938219     
  0.95780207885111535     
  0.95884735652830300     
  0.96119734913717203     
  0.96220960424849378     
  0.96589832025082267     
  0.96691098270043685     
  0.96925606298707656     
  0.97362145945846690     
  0.97414659569193229     
  0.97536479706028867     
  0.98118932838758610     
  0.98446022884608053     
  0.98462847232465345     
  0.98556629080510016     
  0.98601060354906467     
  0.98901749794461369     
  0.98937516046195551     
  0.99110471933972322     
  0.99401398673231800     
  0.99419895534825020     
  0.99659499489953651     
  0.99729738886227681     
   1.0036022233139723     
   1.0038323858317291     
   1.0056562287625652     
   1.0071269471033886     
   1.0082427755986940     
   1.0120540687988648     
   1.0145317459753289     
   1.0148790522555291     
   1.0168273736100293     
   1.0180974624535082     
   1.0183517605176784     
   1.0187325721398979     
   1.0194920371143610     
   1.0209774548433026     
   1.0259975079113670     
   1.0300326088101757     
   1.0305739457950343     
   1.0310449082025632     
   1.0313293062572026     
   1.0318630513845020     
   1.0325166104586596     
   1.0329263851101584     
   1.0462393399786387     
   1.0481425136872431     
   1.0490720970897265     
   1.0554402225424475     
   1.0576284735793500     
   1.0662331999564767     
   1.1318925036628937     
   1.1450758089955149     
   1.1514694443455518     
   1.1543930031812908     
   1.1584411525999507     
   1.1609706228109629     
   1.1648416373925972     
   1.1721438626145124     
   1.1785914427546311     
   1.1796906506640754     
   1.1817324168337808     
   1.1884509626687711     
   1.1907294187317901     
   1.1983289152032310     
   1.2013268661718115     
   1.2014842890788804     
   1.2076833970091028     
   1.2120250792042688     
   1.2128341876425759     
   1.2197876529293514     
   1.2224834459720091     
   1.2262578439951368     
   1.2334921075592349     
   1.2361105688972238     
   1.2365063651281354     
   1.2383948618084906     
   1.2396774358709719     
   1.2399039108631997     
   1.2417373152933913     
   1.2420711607463359     
   1.2447685762381775     
   1.2460311339500421     
   1.2483348297192105     
   1.2502495229058233     
   1.2654395963208878     
   1.2664959773621987     
   1.2665281659632235     
   1.2722096755143679     
   1.2742928208606010     
   1.2765546280432853     
   1.2787962246797697     
   1.2928564524942461     
   1.2936148140180055     
   1.2983491201270532     
   1.2997915985388639     
   1.3003449164059220     
   1.3083116205780350     
   1.3089047982535533     
   1.3110054827128410     
   1.3119665365444806     
   1.3136347643533091     
   1.3141843044068700     
   1.3230381191674352     
   1.3290826712300599     
   1.3335441377204913     
   1.3368864938002858     
   1.3413108731255501     
   1.3415796920744398     
   1.3423962314637021     
   1.3425883899283444     
   1.3473004407981006     
   1.3504111662484362     
   1.3507714090859295     
   1.3548649890716165     
   1.3575380119250207     
   1.3575971757059349     
   1.3589659726840919     
   1.3606368050146451     
   1.3614645756471486     
   1.3623821522685127     
   1.3648029826350416     
   1.3668046039450668     
   1.3682544630686346     
   1.3846077041215112     
   1.3849234910703438     
   1.3871423101934686     
   1.3876139232809124     
   1.3903578497130447     
   1.3907726384875476     
   1.3915634009984477     
   1.3937574674166300     
   1.3970621324667232     
   1.3980596791632285     
   1.4008207067208722     
   1.4046650837940451     
   1.4085652593791100     
   1.4161229609018853     
   1.4214403375261528     
   1.4263502284586307     
   1.4296548808236715     
   1.4305409050916709     
   1.4308136402256091     
   1.4343692065131901     
   1.4348034086524042     
   1.4374994348546848     
   1.4391448662270432     
   1.4403581088142829     
   1.4454079091657774     
   1.4454826661578810     
   1.4458476365877471     
   1.4497014617075035     
   1.4671734915110612     
   1.4694656986014349     
   1.4697976290715811     
   1.4743168615572158     
   1.4747086700122543     
   1.4759312960987232     
   1.4761138037239756     
   1.4775439349833499     
   1.4777879382693888     
   1.4810056903206084     
   1.4842166965619130     
   1.4864116760589887     
   1.4921791756373448     
   1.5006458587415055     
   1.5028519993697225     
   1.5060129739599473     
   1.5099034249993366     
   1.5143928612843278     
   1.5187066242080349     
   1.5199637572441438     
   1.5204090041372256     
   1.5214341226694181     
   1.5260609915277703     
   1.5313028188222368     
   1.5317209448527396     
   1.5328665244456663     
   1.5367853390692443     
   1.5380756188083908     
   1.5485944006749470     
   1.5493850858982046     
   1.5602936804715248     
   1.5628115919789849     
   1.5658622593221447     
   1.5668758336295778     
   1.5677463482128351     
   1.5691982794046293     
   1.5714945772391231     
   1.5748877924648645     
   1.5790099328596408     
   1.5828766047134291     
   1.5866041861980520     
   1.5876195634103965     
   1.5964843042570243     
   1.5998612969844579     
   1.6025410463276435     
   1.6036871028357720     
   1.6041676226694117     
   1.6051182134432180     
   1.6092905214333730     
   1.6107537617392778     
   1.6126221554789637     
   1.6130767152419054     
   1.6168741033004743     
   1.6201242611011224     
   1.6207198365918527     
   1.6215302783103567     
   1.6218591546996699     
   1.6223164635561551     
   1.6224895511187141     
   1.6238452091123883     
   1.6266697230937563     
   1.6468286042246938     
   1.6537851990797721     
   1.6542817434719239     
   1.6547096100375143     
   1.6604214729003728     
   1.6618331834609485     
   1.6674252148454394     
   1.6711498479834686     
   1.6746719890354105     
   1.6749645372792261     
   1.6754563664420792     
   1.6857655646393683     
   1.6896138458109369     
   1.6986980193586794     
   1.7010215391759318     
   1.7028874442296098     
   1.7315797615551385     
   1.7452926863428502     
   1.7606576209615250     
   1.7611190171067479     
   1.7612831925026518     
   1.7613040622325029     
   1.7639890509319420     
   1.7646276074980007     
   1.7799831861095285     
   1.7805573453264025     
   1.7810452546138524     
   1.7901850315494594     
   1.7924776343129982     
   1.7963087187487463     
   1.8001865459075785     
   1.8014785690121724     
   1.8017513535239396     
   1.8151020013449168     
   1.8282522397781777     
   1.8291944444209005     
   1.8314836539088242     
   1.8317060887824168     
   1.8344880030333475     
   1.8371683354125439     
   1.8384337084762534     
   1.8429597323337326     
   1.8488572134647658     
   1.8504432602506158     
   1.8512394193887853     
   1.8532360179398628     
   1.8554105295259253     
   1.8566784609872635     
   1.8597165433666527     
   1.8603416600615645     
   1.8606613044256142     
   1.8615893346167791     
   1.8616316568430975     
   1.8722763562025884     
   1.8722799924328575     
   1.8731653999568985     
   1.8768437251318650     
   1.8783496605203269     
   1.8794837497056454     
   1.8801708270016926     
   1.8806876926303997     
   1.8821049305783648     
   1.8835405817291084     
   1.8851711103081548     
   1.8859236557961176     
   1.8864949633447152     
   1.8879303535579404     
   1.8885794061926966     
   1.8916858124069578     
   1.8959651261802402     
   1.8983909440593454     
   1.9022570524448517     
   1.9044351670990021     
   1.9058343817636219     
   1.9081537388181529     
   1.9088981339220035     
   1.9090869663085457     
   1.9146898330976971     
   1.9155157325897190     
   1.9171254674712568     
   1.9213988889123297     
   1.9224187530531884     
   1.9227643380333974     
   1.9231168318715577     
   1.9253610402508985     
   1.9267303900338280     
   1.9280285182901788     
   1.9291545625707980     
   1.9303952213465860     
   1.9314976539410409     
   1.9347667378828894     
   1.9356143612641572     
   1.9373404218267214     
   1.9377721491976916     
   1.9397782133570829     
   1.9419696590324775     
   1.9469362628934537     
   1.9473388263706528     
   1.9475933162624037     
   1.9485082956930107     
   1.9493580923282499     
   1.9498123066191666     
   1.9500877871184514     
   1.9527789167561791     
   1.9544883325456375     
   1.9550018867878096     
   1.9552002256757950     
   1.9560363726498249     
   1.9582597064632090     
   1.9604747578938857     
   1.9641788340370265     
   1.9655300872022314     
   1.9696023308204722     
   1.9713334199154702     
   1.9745679631576480     
   1.9759061780447782     
   1.9769463830890968     
   1.9829025000175153     
   1.9847244615723765     
   1.9856258482895162     
   1.9865329115538670     
   1.9888939680133870     
   1.9940148722423279     
   1.9947265430294643     
   1.9954214882760997     
   1.9961151688574128     
   1.9979458895306652     
   1.9985565818575914     
   1.9990655759708043     
   2.0003149778367573     
   2.0013165738466721     
   2.0020084259979232     
   2.0021874371733617     
   2.0025751233705953     
   2.0027824909067915     
   2.0057802805215585     
   2.0060356500824597     
   2.0084584166035446     
   2.0105090792235676     
   2.0120562211631410     
   2.0134305727525743     
   2.0156196905888319     
   2.0160955811468462     
   2.0164235916735271     
   2.0174380641233132     
   2.0183739553865001     
   2.0210350547918030     
   2.0214708843930373     
   2.0235027237936460     
   2.0262770960487653     
   2.0264910363884159     
   2.0268106594717454     
   2.0271491492314722     
   2.0294282285555085     
   2.0310906882938697     
   2.0312518539679920     
   2.0331907270708443     
   2.0367644458325311     
   2.0382085336431897     
   2.0386096144061048     
   2.0390883839772758     
   2.0401134679169690     
   2.0411924498550076     
   2.0413113316933407     
   2.0425116971787136     
   2.0431867994207451     
   2.0445167014561645     
   2.0468369645594344     
   2.0493448568813339     
   2.0524143156229711     
   2.0538948304836810     
   2.0543744056811137     
   2.0546728502156588     
   2.0588829357352032     
   2.0594628858568211     
   2.0624977154799846     
   2.0628686169442503     
   2.0668431463581771     
   2.0672074174049326     
   2.0679143387241128     
   2.0753288685352702     
   2.0770191203291444     
   2.0814653658288500     
   2.0845740448814607     
   2.1644957390023469     
   2.1669948709190328     
   2.2265109208847251     
   2.2272568184808912     
   2.2298593798796382     
   2.2325335691085804     
   2.2338450555501872     
   2.2352889043223532     
   2.2357956450193193     
   2.2392638036455979     
   2.2398961254843384     
   2.2402554954721667     
   2.2426651420077595     
   2.2435115153127514     
   2.2460068871797518     
   2.2468260897199386     
   2.2511335660364731     
   2.2530626655626196     
   2.2549440263918097     
   2.2583625110797367     
   2.2612373240978960     
   2.2627237856849423     
   2.2637083854016757     
   2.2657201108471816     
   2.2662351281492765     
   2.2667957761952757     
   2.2679895620097907     
   2.2683633159557606     
   2.2730838876325854     
   2.2748145111986928     
   2.2759393552851077     
   2.2839024050950791     
   2.2943522318092349     
   2.2948074081086176     
   2.3246196168796796     
   2.3279248746394776     
   2.3469905417242609     
   2.3525678005673867     
   2.3642692596242476     
   2.3646735953425262     
   2.3648667199710749     
   2.3674112836456622     
   2.3703169256499876     
   2.3707611929432209     
   2.3719926146284207     
   2.3769190080223588     
   2.3770881049834176     
   2.3783752491817727     
   2.3794221970929774     
   2.3801931481251950     
   2.3874391417422762     
   2.3889593915575085     
   2.3908512359433067     
   2.3917235142366287     
   2.3956977687022682     
   2.3960358731909621     
   2.3972981921560508     
   2.4007647404657062     
   2.4027527545765266     
   2.4036607256090461     
   2.4059567980820731     
   2.4063096899558474     
   2.4070460769228266     
   2.4078936773688731     
   2.4080800814333188     
   2.4093895776213032     
   2.4095029210596866     
   2.4110479731049828     
   2.4136428444579323     
   2.4148577149740849     
   2.4156534764743043     
   2.4172464553199564     
   2.4251266663763800     
   2.4282605191052942     
   2.4295365228156833     
   2.4297705693075788     
   2.4301071729260779     
   2.4301219551778335     
   2.4370831707106859     
   2.4380883841786365     
   2.4398595132908727     
   2.4425665483498253     
   2.4428471422555682     
   2.4471613084225616     
   2.4476717606180478     
   2.4537866029748967     
   2.4553866188935713     
   2.4576505179277790     
   2.4577365228214676     
   2.4581191886008784     
   2.4596344532477983     
   2.4615399016462507     
   2.4628846903736803     
   2.4654079466974856     
   2.4658203130957039     
   2.4674684432717466     
   2.4677589688654624     
   2.4687042619502897     
   2.4702283240311163     
   2.4704354081724098     
   2.4719266447978239     
   2.4750459178815558     
   2.4781993917297602     
   2.4803194510421318     
   2.4823568321644074     
   2.4833789878101529     
   2.4851024364504908     
   2.4861207871682884     
   2.4890984485141256     
   2.4891188243048910     
   2.4899577977367362     
   2.4912413051024771     
   2.4931893195515573     
   2.4949623864649744     
   2.4975226566100734     
   2.4995392307513611     
   2.5006133283831864     
   2.5041234404015684     
   2.5043030939437667     
   2.5056448970887137     
   2.5089279118025152     
   2.5099821017954511     
   2.5106686735649757     
   2.5116850245395161     
   2.5132536466652109     
   2.5139266005793397     
   2.5166904068980713     
   2.5206102063739877     
   2.5206901406435320     
   2.5215019979794286     
   2.5242699042758194     
   2.5242820156255044     
   2.5282156402475073     
   2.5293730474498983     
   2.5296140500605619     
   2.5309064446494207     
   2.5364821167251281     
   2.5408698645092302     
   2.5420754643651158     
   2.5440572396152028     
   2.5441732273325517     
   2.5455996603265225     
   2.5468418543837887     
   2.5472069341263293     
   2.5489880389531319     
   2.5492814490979923     
   2.5512679470287600     
   2.5513331567047794     
   2.5518104529372456     
   2.5524308401518812     
   2.5544445998621050     
   2.5545729838441305     
   2.5560139477371799     
   2.5566368780610311     
   2.5635291105098705     
   2.5642063184002946     
   2.5647580395751275     
   2.5649481678262371     
   2.5668406274177324     
   2.5693279166473131     
   2.5698486898979627     
   2.5712122439732212     
   2.5717490656044579     
   2.5721653604314452     
   2.5726427574622606     
   2.5734658411949232     
   2.5735955199958718     
   2.5761409009195719     
   2.5766718181554458     
   2.5787114839551597     
   2.5838127917800011     
   2.5839481663511243     
   2.5851930275969881     
   2.5855734521268712     
   2.5867340479056198     
   2.5881493545499117     
   2.5884602567187720     
   2.5895036153539843     
   2.5896493875947817     
   2.5900789026337634     
   2.5984347062353139     
   2.6022425881733686     
   2.6089581797856081     
   2.6160095730069006     
   2.6242962986243095     
   2.6263888199901353     
   2.6341062004269977     
   2.6434587241374619     
   2.6441052105481146     
   2.6466553058377347     
   2.6472266234957993     
   2.6498504138364196     
   2.6542085854268800     
   2.6546103282105005     
   2.6559621299717091     
   2.6600480132096513     
   2.6603186559122167     
   2.6616409865952733     
   2.6621654685002176     
   2.6632891621432830     
   2.6664617486046462     
   2.6690504351673439     
   2.6699366851853537     
   2.6753191815873665     
   2.6754821815921428     
   2.6785776674555479     
   2.6798065250285545     
   2.6805299353655916     
   2.6822592185495115     
   2.6848258785097907     
   2.6854521144362984     
   2.6856068469069982     
   2.6865786463716463     
   2.6888532437684423     
   2.6889129721083682     
   2.6889742877420448     
   2.6893005903490002     
   2.6915321537239736     
   2.6918498765944157     
   2.6922512631140458     
   2.6932601586645819     
   2.6935554804683446     
   2.6966289069845719     
   2.6972284499235393     
   2.6982035741710915     
   2.6991415525772453     
   2.6999663849246329     
   2.7001511661789408     
   2.7003768481573633     
   2.7006465118138054     
   2.7021884716303157     
   2.7030573481169275     
   2.7039366180321345     
   2.7072628644057262     
   2.7077992719185313     
   2.7079372483255524     
   2.7098265784697406     
   2.7106406509943421     
   2.7117179560718938     
   2.7118645811535274     
   2.7119774118462208     
   2.7120459641881740     
   2.7123629451149340     
   2.7125601730597073     
   2.7150521231233782     
   2.7151268363797945     
   2.7154547622679810     
   2.7175038218997138     
   2.7179060602851153     
   2.7181411117950627     
   2.7181666988963724     
   2.7183020517460528     
   2.7192097789771492     
   2.7198304349272395     
   2.7212269483239928     
   2.7213920274407792     
   2.7223150243063472     
   2.7230622786771432     
   2.7250492740349412     
   2.7273567269142838     
   2.7292467382556382     
   2.7295756918773848     
   2.7297248588647998     
   2.7313445979049749     
   2.7330405630488217     
   2.7332752056483489     
   2.7334737881818989     
   2.7337923569785572     
   2.7348203720653488     
   2.7443022559076513     
   2.7464193196411171     
   2.7466547259985377     
   2.7480589051558391     
   2.7490041511397547     
   2.7490220516316173     
   2.7500858959053822     
   2.7508142476347430     
   2.7516320280688418     
   2.7523968750511099     
   2.7532763029658684     
   2.7541027997138778     
   2.7548696759219711     
   2.7584558056223010     
   2.7590213046777969     
   2.7600439650777875     
   2.7627719246442912     
   2.7643203453693559     
   2.7646382245706707     
   2.7650978609866814     
   2.7806990958841507     
   2.7849688533940204     
   2.7895701862698270     
   2.7933131628929924     
   2.7956166990043463     
   2.7975998710000551     
   2.8036138490724554     
   2.8043568814619015     
   2.8047709989256173     
   2.8067357126619794     
   2.8081952511389852     
   2.8082992758255791     
   2.8154522044613555     
   2.8163495262547191     
   2.8175959830071520     
   2.8209593284623216     
   2.8217266331565711     
   2.8220581586926339     
   2.8232504685821156     
   2.8245264791707805     
   2.8276373813352134     
   2.8294360339067572     
   2.8298743644287279     
   2.8315042018367840     
   2.8329821733544205     
   2.8354285904895544     
   2.8373321081963674     
   2.8377411876898315     
   2.8385423929827285     
   2.8385473990561629     
   2.8391577868056124     
   2.8403775897729480     
   2.8409598945875034     
   2.8431273972516844     
   2.8454657397550909     
   2.8481631262813467     
   2.8487739601308943     
   2.8500647424211603     
   2.8509074895061355     
   2.8514557263933948     
   2.8536030045006759     
   2.8537212133973950     
   2.8554024474187587     
   2.8557119121783510     
   2.8573433220090618     
   2.8574864793146046     
   2.8578980517583497     
   2.8588159446232075     
   2.8599368621165473     
   2.8605062371329963     
   2.8622997106961305     
   2.8623167588486895     
   2.8656942719255598     
   2.8661116528437569     
   2.8680239199244917     
   2.8686611035569687     
   2.8710230932577701     
   2.8727657566976346     
   2.8739813159842424     
   2.8748448183614186     
   2.8748823081945640     
   2.8755158117935209     
   2.8756516609754681     
   2.8783017603976275     
   2.8784838915240414     
   2.8788336464344746     
   2.8800896838016530     
   2.8807349977992502     
   2.8816321785555545     
   2.8817948794231754     
   2.8818238842777260     
   2.8822974631177716     
   2.8830296230313741     
   2.8833063002487944     
   2.8842791584672427     
   2.8844857107935145     
   2.8845958160795790     
   2.8857670265447575     
   2.8867792078568910     
   2.8877488978560231     
   2.8881079421848845     
   2.8882448923507527     
   2.8886866334555177     
   2.8888919691935788     
   2.8890967012457436     
   2.8893777784884449     
   2.8898377257085830     
   2.8902948446628183     
   2.8908298142651678     
   2.8921690021605038     
   2.8924980888832188     
   2.8932816478449190     
   2.8953149648904795     
   2.8955075663789698     
   2.8975773061216072     
   2.8989451653091147     
   2.8992248148183726     
   2.8996098540031445     
   2.8997619299719624     
   2.9008607433148597     
   2.9013034566510316     
   2.9029706008665648     
   2.9031476489518546     
   2.9046783217458363     
   2.9047457265136991     
   2.9048570121210782     
   2.9052116448737939     
   2.9054326345576360     
   2.9060834381642908     
   2.9074349429648310     
   2.9085588214497555     
   2.9094916548904997     
   2.9101843416521445     
   2.9102343543525384     
   2.9105239117923545     
   2.9110902294205849     
   2.9112082043527456     
   2.9120636397973154     
   2.9121383638778071     
   2.9126207642299042     
   2.9126746986761267     
   2.9130472212021021     
   2.9145927464515720     
   2.9153947265583695     
   2.9164205954603708     
   2.9165089141663443     
   2.9171879473242419     
   2.9180745996679942     
   2.9187876156798449     
   2.9214004005740599     
   2.9235212043332619     
   2.9237285784972968     
   2.9249943686988775     
   2.9256114992209530     
   2.9265297703117743     
   2.9268617526997716     
   2.9272486603200250     
   2.9274870489579845     
   2.9283072310198626     
   2.9304381289543002     
   2.9305789949555252     
   2.9306314230171813     
   2.9313360830937740     
   2.9315928704548413     
   2.9322175570480589     
   2.9328661865388468     
   2.9336748230426837     
   2.9337970653032137     
   2.9351924216060588     
   2.9359293302447638     
   2.9360972613234790     
   2.9365699598092543     
   2.9367976456355200     
   2.9369636241467689     
   2.9375476300469265     
   2.9376358612529390     
   2.9379224404522848     
   2.9389490725685090     
   2.9410768409622565     
   2.9413708831622385     
   2.9419595525973743     
   2.9422736794870086     
   2.9428140296444809     
   2.9431389312283485     
   2.9434179915827245     
   2.9434864767498450     
   2.9440535351615802     
   2.9452436903842112     
   2.9456527714054199     
   2.9460753638633954     
   2.9464997044399301     
   2.9470528083953291     
   2.9472983119221419     
   2.9476715745616233     
   2.9479140434911448     
   2.9482850612091882     
   2.9483028706789804     
   2.9492423417457396     
   2.9494593286552151     
   2.9499078416543156     
   2.9504214092526611     
   2.9505968259981148     
   2.9507323657205191     
   2.9508366933460244     
   2.9509626562449434     
   2.9519141209221211     
   2.9536167453797084     
   2.9545242967902015     
   2.9556869806210275     
   2.9559670662235198     
   2.9561485081006373     
   2.9563423054133708     
   2.9565232273446700     
   2.9573120057041580     
   2.9594760775872238     
   2.9597382979661715     
   2.9603829596233258     
   2.9615137484058383     
   2.9617201736691157     
   2.9623506656797667     
   2.9636071535687707     
   2.9644029688935003     
   2.9648746343817725     
   2.9658994475853429     
   2.9663996804600119     
   2.9670425229760182     
   2.9685629209896449     
   2.9685921598950591     
   2.9702446620509426     
   2.9708078827744111     
   2.9733552860989683     
   2.9741310605602291     
   2.9752468613465455     
   2.9763002829265099     
   2.9769482187738330     
   2.9783911131054586     
   2.9811061493407029     
   2.9831542730794847     
   2.9840475195297969     
   2.9855885806354401     
   2.9857324349551169     
   2.9871879465167157     
   2.9878095079637417     
   2.9895149209204934     
   2.9897217917404797     
   2.9912972776095290     
   2.9915426217352175     
   2.9942558206213570     
   3.0000349094632930     
   3.0007300413810190     
   3.0011490626907569     
   3.0034229180477059     
   3.0043923475963390     
   3.0109106250952835     
   3.0110220747806786     
   3.0115563432127757     
   3.0121619779557207     
   3.0130530780830833     
   3.0133195895575486     
   3.0146587809407892     
   3.0157897447078104     
   3.0175296218599779     
   3.0178576851997838     
   3.0186896562696073     
   3.0200664552309653     
   3.0202435747248848     
   3.0202701734937145     
   3.0220361364394170     
   3.0242093482879917     
   3.0264174489157591     
   3.0268348135860195     
   3.0295066276311844     
   3.0339855831879285     
   3.0354583115906730     
   3.0450351791534742     
   3.0525274673385696     
   3.0532335397947827     
   3.0538957984976620     
   3.0579267796049239     
   3.0794987564674039     
   3.0961135476900279     
