36.9
32.98
36.93
41.51
46.05
50.26
52.11
52.26
50.39
45.8
46.57
44.71
46.62
46.17
42.03
42.97
45.26
48.47
52.83
56.12
55.59
48.03
39.88
37.48
37.32
36.63
33.35
34.36
34.03
37.15
36.62
41.89
38.49
34.96
39.88
36.35
33.49
29.17
31.01
29.21
28.1
30.31
33.16
35.31
40.19
65.21
65.85
65.21
61.46
53.1
45.78
43.66
38.54
34.18
31.92
27.09
23.9
22.2
23.07
22.87
23.14
17.68
19.29
16.8
18.37
19.39
20.62
22.43
22.9
26.06
32.16
39.29
43.83
48.25
49.74
45.6
38.8
31.04
27.56
24.4
22.49
23.76
25.67
27.94
30.68
26.78
23.16
23.36
19.43
22.03
23.56
20.58
20.65
21.95
28.58
29.65
33.72
38.35
35.87
28.34
24.93
23.26
20.91
18.38
17.38
17.12
17.63
15.87
17.33
15.98
14.63
14.07
14.79
16.75
13.5
13.5
15.72
16.76
17.94
21.46
24.47
23.91
25.35
19.4
19.37
18.45
23.41
21.79
16.95
16.29
16.22
19.51
18.95
18.54
19.52
19.97
23.16
25.68
26.22
25.36
20.57
17.63
16.87
17.53
19.27
22.79
22.58
27.58
37.72
44.45
52.56
56.62
57
40.11
32.64
26.64
23.7
21.41
20.13
19.45
23.35
24.69
23.51
24.36
26.8
25.48
27.33
26.38
23.71
21.13
18.28
17.14
17.13
16.96
14.4
15.42
17.17
13.29
11.56
14.3
15.21
15.22
14.75
16.65
15.45
17.99
18.88
20.38
21.72
24.3
25.05
24.85
27.12
35.66
40.33
40.69
40.8
39.94
40.08
39.3
31.43
31.4
32.16
30.89
27.45
32.69
33.91
31.32
27.91
21.55
19.08
20.99
21.38
22.26
22.63
21.11
19.15
21.33
23.15
23.84
20.38
20.96
24.59
22.28
20.08
19.32
20.61
19.21
19.63
23.4
22.92
24.27
24.5
30.05
25.27
19.62
19.62
18.39
16.61
17.67
17.57
15.09
18.31
22.68
23.9
19.68
21.25
25.56
22.97
24.63
28.1
27.81
26.1
27.85
24.06
20.76
18.68
