    1  15.99   0.000
    2   9.53   0.000
    3  12.94   0.000
    4  14.44   0.000
    5  12.12   0.000
    6  16.29   0.000
    7  19.85   0.000
    8  22.65   0.000
    9  18.70   0.000
   10  16.69   0.000
   11  17.43   0.000
   12  16.67   0.000
   13  23.53   0.000
   14  28.49   0.000
   15  25.12   0.000
   16  29.60   0.000
   17  40.18   0.000
   18  31.08   0.010
   19  41.59   8.320
   20  16.04  17.650
   21  10.89  12.630
   22  14.24   5.380
   23  13.93   0.630
   24  14.18   0.000
   25  12.64   0.000
   26  11.70   0.000
   27   9.88   0.000
   28  11.24   0.000
   29  14.68   0.000
   30  25.77   0.000
   31  51.02   0.000
   32  85.15   0.000
   33 165.25   0.000
   34 120.25   0.000
   35 119.68   0.000
   36  73.08   0.000
   37  31.76   0.000
   38  25.16   0.000
   39  14.34   0.000
   40   8.71   0.000
   41   8.31   0.000
   42   7.79   0.000
   43  10.27   0.170
   44   8.93   0.220
   45   8.61   2.250
   46  12.84  41.910
   47  17.44 231.890
   48  21.67 224.620
   49  15.37 222.010
   50  21.63 170.680
   51  21.58 229.590
   52  31.26  97.970
   53  21.05 118.630
   54  14.27  29.920
   55  19.35   1.510
   56  14.64   7.370
   57  10.59   4.340
   58  11.26   0.100
   59  14.41   0.090
   60   9.26   9.270
   61   6.39   0.170
   62   9.88   0.030
   63  10.10   0.000
   64   6.84   0.080
   65   7.01   0.000
   66   9.89   0.000
   67   7.16   0.000
   68  10.49   0.000
   69   8.18   0.000
   70   8.73   0.000
   71   5.23   0.000
   72   4.71   0.000
   73   5.65   0.000
   74   6.16   0.000
   75   5.24   0.000
   76   7.27   0.000
   77   6.88   0.000
   78   6.42   0.000
   79  10.17   0.060
   80  10.13   0.230
   81  15.45   0.640
   82  20.41   0.730
   83  11.88   1.090
   84   8.83   0.890
   85  10.59   0.510
   86   7.13   0.420
   87   7.04   0.000
   88   9.23   0.000
   89  10.52   0.000
   90  12.62   0.000
   91  11.53   0.000
   92  19.48   0.000
   93  10.43   0.000
   94  10.46   0.000
   95   7.25   0.000
   96   6.51   0.000
   97   6.75   0.000
   98   9.37   0.000
   99   9.93   0.000
  100   7.43   0.000
  101   8.89   0.000
  102  15.91   0.000
  103  14.09   0.000
  104  12.53   0.000
  105  20.27   0.000
  106  23.85   0.000
  107  15.82   0.000
  108  15.73   0.000
  109  10.86   0.000
  110   9.48   0.000
  111   9.16   0.000
  112   7.79   0.000
  113   6.59   0.000
  114   6.31   0.000
  115   5.78   0.000
  116   4.71   0.000
  117   5.85   0.000
  118   5.26   0.000
  119   4.50   0.000
  120   4.28   0.000
  121   5.04   0.000
  122   5.71   0.000
  123   4.06   0.000
  124   6.39   0.000
  125   6.26   0.000
  126   5.57   0.000
  127   7.29   0.000
  128  14.53   0.000
  129  10.92   0.000
  130  12.54   0.000
  131   7.57   0.000
  132   5.88  13.910
  133   5.10   9.460
  134   5.15  11.300
  135   5.29   0.340
  136   4.82   0.000
  137   5.92   0.000
  138   6.27   0.000
  139   7.28   0.000
  140   6.28   0.000
  141   5.38   0.000
  142   6.06   0.000
  143   6.72   0.000
  144   9.18   0.000
  145  13.46   0.000
  146  12.55   0.000
  147  11.82   0.000
  148   8.05   0.000
  149   5.97   0.000
  150   5.67   0.000
  151   4.65   0.000
  152   6.97   0.000
  153   5.88   4.400
  154   4.58   4.030
  155   6.62   9.370
  156   7.00   8.740
  157   6.19   7.510
  158   7.06  11.810
  159   9.13  30.290
  160   7.40 135.840
  161  10.36  82.490
  162  21.95 240.280
  163  45.20 289.100
  164 165.62 264.340
  165 353.93 154.330
  166 201.56 209.520
  167  79.69 268.990
  168  24.47 269.190
  169  10.18 234.040
  170  11.21 248.660
  171   7.08 100.610
  172  10.35 293.570
  173  14.18  54.200
  174  11.20   5.390
  175  10.03   2.640
  176   6.75   0.000
  177   8.42   0.000
  178   5.44   0.000
  179   4.79   0.000
  180   4.58   0.000
  181   6.10   0.000
  182   7.58   0.000
  183   7.50   1.420
  184   7.71   2.070
  185  14.30   0.000
  186  13.34   2.600
  187  12.15  10.470
  188  11.86  12.950
  189   7.91  16.780
  190   6.64   0.000
  191   5.14   0.000
  192   5.37   0.000
  193   4.29   0.000
  194   4.23   0.000
  195   3.66   0.000
  196   3.84   0.000
  197   3.67   0.000
  198   3.50   0.000
  199   5.05   0.000
  200   3.54   0.000
  201   4.84   0.000
  202   4.66   0.000
  203   4.74   0.000
  204   5.04   0.000
  205   4.55   0.000
  206   6.18   0.000
  207   7.23   0.000
  208   7.76   0.000
  209   6.65   0.000
  210  10.11   0.000
  211  19.73   0.000
  212   9.81   0.000
  213  12.06   0.000
  214  38.08   0.000
  215  50.61   0.000
  216  22.32   0.000
  217  24.46   0.000
  218  14.47   0.000
  219  18.55   0.000
  220  16.67   0.000
  221   9.91   0.000
  222  11.77   0.000
  223  16.77   0.000
  224  15.01   0.000
  225  10.55   0.000
  226  13.86   0.000
  227  22.65   0.000
  228  18.26   0.000
  229  19.93   0.000
  230  14.54   0.000
  231  10.09   0.000
  232  17.04   0.000
  233  10.75   0.000
  234   9.09   0.000
  235  13.70   0.000
  236  11.70   0.000
  237   9.41   0.000
  238   9.51   0.000
  239  12.28   0.000
  240  13.76   0.000
  241   9.37   0.000
  242   8.15   0.000
  243  11.29   0.000
  244   7.36   0.000
  245   5.45   0.000
  246   6.88   0.000
  247   6.78   0.000
  248   4.26   0.000
  249   4.41   0.000
  250   7.56   0.000
  251   8.08   0.000
  252  15.86   0.000
  253   6.49   0.000
  254  11.59   0.000
  255  10.81   0.000
  256   5.84   0.000
  257   6.65   0.000
  258   6.66   0.000
  259   5.21   0.000
  260   6.93   0.000
  261   8.81   0.000
  262   5.87   0.000
  263   5.77   0.000
  264   9.60   0.000
  265   8.59   0.000
  266   6.06   0.000
  267   7.76   0.000
  268  13.32   0.000
  269   8.76   0.000
  270   7.78   0.000
  271  15.15   0.000
  272  13.70   0.000
  273   9.78   0.000
  274  13.31   0.000
  275  15.97   0.000
  276  10.16   0.000
  277   8.90   0.000
