           7   2.8278560816426497E-002   5.9740003546098304E-003
           8   9.0837975457257594E-002   8.9905143177218209E-003
           9  0.36362982496666973        1.8085303075061548E-002
          10  0.59727471238402940        2.0355117671624526E-002
          11  0.45389393073425816        2.8132412468243280E-002
          12  0.15000726853923116        4.7368521094210539E-002
          13  0.33782351745686529        5.1079686912489992E-002
          14   7.8555026627942365E-002   5.8247174923106451E-002
          15  0.27772711923361315        6.3171715674588555E-002
          16  0.53169941446720548        6.5109022992397320E-002
          17  0.54665469867584426        7.5072976874606082E-002
          18  0.34745022899800254        7.9820636438500361E-002
          19  0.49970992832993305        8.9216115255103937E-002
          20  0.35261062865054005       0.10107251802888806     
          21  0.18000350680990293       0.10833643398351939     
          22  0.35407315954715657       0.11284271346279821     
          23  0.24395766060450724       0.11642328369478515     
          24  0.34599637988382104       0.12930607449839246     
          25  0.33169728557367006       0.13271186542297889     
          26  0.48818788693855580       0.14320119659180289     
          27  0.36155907042728480       0.14653307137502525     
          28  0.46628365071790917       0.15799151019692809     
          29  0.40732431858953083       0.17872493115783958     
          30  0.56160631702854158       0.18556870504357176     
          31  0.48475729992781458       0.19588096142233552     
          32  0.54134963017234916       0.20822629423951583     
          33  0.46211048424650014       0.21157345069273156     
          34  0.45970635457362163       0.21464820389795661     
          35  0.45179394783074295       0.22433880233738354     
          36  0.56495731807752203       0.23975310214848825     
          37  0.18428173920313237       0.24839618195095559     
          38  0.43928627562945594       0.25410567278572121     
          39  0.36712895997963374       0.25676442367323155     
          40  0.33388086058239541       0.26524174006804180     
          41  0.63639344555782773       0.27603414240197333     
          42  0.70688646065702199       0.28058825656428732     
          43  0.46759392862892185       0.28861272210502281     
          44  0.42640007665355040       0.30231398430871975     
          45  0.47875568219168491       0.30956589427629927     
          46  0.48133245782573530       0.32288324598102552     
          47  0.66645770141143690       0.32720953184313190     
          48  0.39369645696769995       0.33223223559126519     
          49  0.42638881765000469       0.34381378507445798     
          50  0.46131463020470670       0.34907342434402872     
          51  0.40139454676921205       0.35879246981527552     
          52  0.40790769961135920       0.36285685358012021     
          53  0.57942580815825717       0.36691090983358177     
          54  0.40401176488108781       0.37991321573936765     
          55  0.54768857630683976       0.38382580875597316     
          56  0.47305580220116744       0.39424055042507400     
          57  0.41851288999406838       0.40109105707644849     
          58  0.43416604119329483       0.41591971780651177     
          59  0.49113709847206105       0.42682520608858826     
          60  0.51252703772715469       0.43744209482213808     
          61  0.51242419167438347       0.44390806460171367     
          62  0.45791026466299550       0.44953661267855599     
          63  0.41021873890403793       0.45974899102708872     
          64  0.18969314187512254       0.46250021028577498     
          65  0.41517326427218021       0.48349120653050320     
          66  0.38057889378946180       0.49331735335596494     
          67  0.57193128187843101       0.50088327769827956     
          68  0.46201240377456532       0.51313253563397287     
          69  0.45372361993983051       0.52007820736404309     
          70  0.33328785645222081       0.52728783887373065     
          71  0.44947129109354345       0.52934836654738526     
          72  0.43710905631574754       0.53564293276698627     
          73  0.44208760083846094       0.54335032248546267     
          74  0.32323869568019753       0.55694174903133753     
          75  0.37768819713832996       0.56508782775091193     
          76  0.43064143428091139       0.57368481939274008     
          77  0.54171665185504025       0.58519842724299664     
          78  0.43741860402376964       0.59653746036996802     
          79  0.31173782857056032       0.60374685933448946     
          80  0.52853387842520294       0.60911680879873231     
          81  0.31865574615000253       0.61814929581078504     
          82  0.41544252176592356       0.62883895106076892     
          83  0.37357430130959879       0.63362080151859890     
          84  0.45551106672918090       0.63978994979076598     
          85  0.20999521749927572       0.64160111025201993     
          86  0.40779697666180836       0.65087313609898390     
          87  0.49172290415993780       0.65373137525954994     
          88  0.47506020648907760       0.67110304617024930     
          89  0.47386985885665545       0.67786885039107247     
          90  0.47881064453251271       0.70316760416638191     
          91  0.16499005973966602       0.70599520379869085     
          92  0.50643502675099095       0.71700215176689708     
          93  0.51440674188119384       0.71962751662226421     
          94  0.38897833552030131       0.72817634174257051     
          95  0.49414510235070841       0.74613636315523602     
          96  0.33840900048131739       0.75264246388008804     
          97  0.57306690073053601       0.76540550719213662     
          98  0.37542441771319068       0.76735986758302632     
          99  0.39886816471183367       0.77791714237510723     
         100  0.40772351001984219       0.78006505857564756     
         101  0.42416842811272887       0.79529126987261900     
         102  0.37987595201523672       0.80126203462469536     
         103  0.46878160389878082       0.81463936948034132     
         104  0.45723088869364970       0.82569360362999966     
         105  0.41099253165774208       0.84221443496056714     
         106  0.39430753712990751       0.85274272988771682     
         107  0.42948603928888351       0.85877328983777157     
         108  0.45341180677955872       0.86976295526078196     
         109  0.58194437385554854       0.87950565558881322     
         110  0.46428767036215696       0.88431257220163206     
         111  0.39040488483194008       0.89123880524294707     
         112  0.40881245274170047       0.90041401748481797     
         113  0.41852537717830596       0.90848872270221681     
         114  0.24283038136224575       0.92284687487489625     
         115  0.40125859575440770       0.93617935686099518     
         116  0.47479521231325245       0.94167294496700205     
         117  0.28396820374307974       0.94604659841333139     
         118  0.48961618623804470       0.96519162560487237     
         119  0.43904948663861260       0.98120712512644359     
         120  0.46037920336290383       0.99442891003902878     
         121  0.37578050644013028        1.0035122062611308     
         122  0.55213679764938906        1.0281422419563351     
         123  0.54547997093437028        1.0408648524335327     
         124  0.56606173992587139        1.0493144378703825     
         125  0.51800699342709766        1.0571096767866626     
         126  0.33340883726409226        1.0704332751453469     
         127  0.51347973465790031        1.0879289052191021     
         128  0.50494149349814621        1.0938903572118965     
         129  0.41032517391847839        1.1036583351964593     
         130  0.54662040731672401        1.1086522022249568     
         131  0.52685036595211987        1.1163591608345853     
         132  0.55535181764612773        1.1339414499109963     
         133  0.52756329707092997        1.1402419716927568     
         134  0.52672607239742442        1.1482665457777534     
         135  0.44969951772167266        1.1680225122446133     
         136  0.39536800847906023        1.1793241624685480     
         137  0.35552731896308137        1.1852369265879152     
         138  0.42368547032617293        1.1958858428293333     
         139  0.49059439303202740        1.2110878907140481     
         140  0.51280177501068158        1.2228590524765290     
         141  0.54062994245612728        1.2292972824977955     
         142  0.44787439057981465        1.2382053905965245     
         143  0.47994754790001415        1.2435956493821498     
         144  0.43817394108025237        1.2681688377238090     
         145  0.37706466849372666        1.2761975726533168     
         146  0.29390487642070617        1.2821220704334699     
         147  0.46396465465658659        1.2924406946012394     
         148  0.42940621031354426        1.2947380527944092     
         149  0.48427499741467356        1.3026369083071074     
         150  0.29811462582602044        1.3166830941865360     
         151  0.44319825194798629        1.3282467808148803     
         152  0.33370260448896061        1.3363064901205612     
         153  0.41454716956504645        1.3376814877410814     
         154  0.52017361108813254        1.3468124790106411     
         155  0.44353160561320387        1.3635024155742455     
         156  0.52136405356062543        1.3736527744297014     
         157  0.44531442960377349        1.3764697188907578     
         158  0.44677527404714013        1.4025763762064078     
         159  0.46216616562788804        1.4044777578736984     
         160  0.51439597953883676        1.4136922633920550     
         161  0.58312051785078711        1.4298713330005197     
         162  0.44133863401063739        1.4465711804863217     
         163  0.44762611438800265        1.4573094079181754     
         164  0.55354189523947439        1.4617831004024802     
         165  0.59006650080301248        1.4700831966202981     
         166  0.56702116527445168        1.4816127535627015     
         167  0.46353105644177456        1.4963004116135665     
         168  0.42585109930057047        1.5093794104340901     
         169  0.19090776574978643        1.5136081681381353     
         170  0.41239167985031966        1.5209635049558274     
         171  0.53000984306056498        1.5329907522706365     
         172  0.43357900518850523        1.5434106792757099     
         173  0.52474215921080902        1.5517282169884183     
         174  0.41828450512123205        1.5610446829060136     
         175  0.54374230536913282        1.5716792042437120     
         176  0.42780745666488085        1.5761025423135608     
         177  0.46246731110770073        1.5871445852585160     
         178  0.53339283284186789        1.6053918023378371     
         179  0.44653463036020924        1.6189633283776375     
         180  0.39609732940223441        1.6214375010315447     
         181  0.40405660738384513        1.6330726070108070     
         182  0.44376014104732026        1.6490189906420336     
         183  0.51450837763059665        1.6564711975445436     
         184  0.41389556365573371        1.6597035931307034     
         185  0.55381533798260851        1.6713657422109955     
         186  0.36100435184279528        1.6780818226502368     
         187  0.38641004177070554        1.6878599695667205     
         188  0.52619717183010772        1.6902706463545569     
         189  0.40679253693956774        1.7028354778713894     
         190  0.51124442781618906        1.7125818315522001     
         191  0.34536072604251722        1.7206820492171508     
         192  0.51180608440205999        1.7279689319952269     
         193  0.50660912301332817        1.7439776602213346     
         194  0.47399115166233463        1.7457396126901785     
         195  0.39357605677878887        1.7507801356530011     
         196  0.53561714720464848        1.7641353037115135     
         197  0.42020462012054360        1.7704849606172026     
         198  0.45515261382136885        1.7806727989263664     
         199  0.43368978122930418        1.7960535090425316     
         200  0.42098332283910400        1.8139055488375599     
         201  0.42374871757682542        1.8175852545528146     
         202  0.47987028487946104        1.8276652659457504     
         203  0.49055203858406993        1.8394834263987716     
         204  0.40927344738700699        1.8497698958827966     
         205  0.48411701294759074        1.8507217809327536     
         206  0.44939001706774756        1.8586239944091054     
         207  0.48420479370013281        1.8675680077223429     
         208  0.42951433603065159        1.8774983749691880     
         209  0.34245825607237218        1.8807585978303398     
         210  0.48108055388434573        1.8947265694081510     
         211  0.49526453126500408        1.8975798207290371     
         212  0.44067232118421040        1.9091871384777208     
         213  0.37937427220350256        1.9126223055883769     
         214  0.39184610743041415        1.9305060148525626     
         215  0.37992264395364689        1.9361051152378688     
         216  0.45389360844525228        1.9400901420980701     
         217  0.47026853832175552        1.9459847694686001     
         218  0.43585258973931712        1.9547864889770561     
         219  0.28587528323052480        1.9631523510790243     
         220  0.50824547058120306        1.9723655106959330     
         221  0.41488224688582354        1.9763717973760595     
         222  0.40500847538995149        1.9975071293817643     
         223  0.51601177478336047        1.9985574392782772     
         224  0.53728262028059992        2.0049294338763812     
         225  0.42751349018995050        2.0296515211224251     
         226  0.50294204164704315        2.0347840299403646     
         227  0.44683302302709194        2.0439327624367989     
         228  0.51376193282141602        2.0519849824613048     
         229  0.51991102636087316        2.0724289345111808     
         230  0.46968725328930955        2.0840213146799971     
         231  0.56638624262078952        2.0944053571645362     
         232  0.38477150405230548        2.1016404120382499     
         233  0.54058904798338958        2.1077519091176824     
         234  0.39545424451481676        2.1237253032345973     
         235  0.35885940943652272        2.1264794966171658     
         236  0.57970565097086979        2.1396062177638226     
         237  0.42950683168416454        2.1565602538712412     
         238  0.36864207134500937        2.1712186564095930     
         239  0.47502533164039118        2.1834767606159868     
         240  0.53979217176379846        2.1886663824290760     
         241  0.43643580820684308        2.1966783833040284     
         242  0.45432686005566070        2.2028108574482048     
         243  0.52572658351558454        2.2119895531159415     
         244  0.44472985242732505        2.2319508855494470     
         245  0.48751116681602708        2.2483996427906763     
         246  0.51965789384584327        2.2526134011207644     
         247  0.42544295425845441        2.2558350427772216     
         248  0.52838172394124272        2.2788058848511712     
         249  0.48215362581480709        2.2852886515106374     
         250  0.44236299303657939        2.2924181798951055     
         251  0.50386723241987486        2.3003058854491392     
         252  0.50463970004375935        2.3143600677564922     
         253  0.35221763079186352        2.3237046758997173     
         254  0.53661839526616451        2.3377319421425109     
         255  0.56561448594043306        2.3544663816341180     
         256  0.33585450487091567        2.3647520218364084     
         257  0.39387322301928296        2.3671765390385229     
         258  0.36597253481680164        2.3797002707074921     
         259  0.44159188155807583        2.3894070746404643     
         260  0.53557644562318074        2.3932932446617565     
         261  0.40625607225424909        2.4040539832088665     
         262  0.41677459316538579        2.4176484865393810     
         263  0.52980126188389165        2.4214941571967681     
         264  0.43074296072704077        2.4333123287005054     
         265  0.43488930153336630        2.4352898152609037     
         266  0.53825679774144897        2.4633672213013313     
         267  0.55835831763711397        2.4647724000284841     
         268  0.48534468374543971        2.4770128185080220     
         269  0.51193101112088724        2.4847660347494194     
         270  0.47169912993011837        2.4962093150580760     
         271  0.53674986532654234        2.4991148555912539     
         272  0.43687112009978568        2.5128616786422477     
         273  0.49415199125819348        2.5137663248825497     
         274  0.48113356072521263        2.5268710797122127     
         275  0.50881313846926512        2.5349351717489310     
         276  0.50312505126064366        2.5483924232285529     
         277  0.39155813614342216        2.5580002423547379     
         278  0.53132270933805736        2.5711688238788715     
         279  0.41442340130711880        2.5868466273344466     
         280  0.51869323143142121        2.5873641829155107     
         281  0.31936347173481472        2.5975921211737840     
         282  0.48936419348800181        2.6069901726314098     
         283  0.50033502425430754        2.6144755626572214     
         284  0.46644470326363302        2.6182749716477693     
         285  0.43609447036522508        2.6250916401678634     
         286  0.54508063859694522        2.6486289437363792     
         287  0.40423378657594755        2.6597210431176967     
         288  0.52983858236449566        2.6662651863705871     
         289  0.53979748133950789        2.6719575459048399     
         290  0.48315205889124002        2.6791369631399484     
         291  0.53481735725373014        2.6866953748579592     
         292  0.47926273743114750        2.6941698719491343     
         293  0.60561541132955587        2.7060448005263114     
         294  0.47756005737000851        2.7142574257709624     
         295  0.51137650868541240        2.7251136293271156     
         296  0.40745846114876072        2.7314044767518859     
         297  0.37932030363503100        2.7543951289739752     
         298  0.45955985183472381        2.7593620079793895     
         299  0.51044636161162027        2.7680651516190000     
         300  0.52482774473431548        2.7803983179343095     
         301  0.51845233693425663        2.7845039878532631     
         302  0.55159802839933325        2.7924733010799425     
         303  0.60373722117751727        2.7950764082827932     
         304  0.33655541712828285        2.8053871822607790     
         305  0.44569137522909613        2.8092483500608960     
         306  0.51387046386955249        2.8243974100712532     
         307  0.51149132892754690        2.8299682197393978     
         308  0.51452012983323148        2.8439246251428640     
         309  0.53664810970568211        2.8551264540635968     
         310  0.48156307955754324        2.8660230043175985     
         311  0.45275578390809118        2.8804120238373696     
         312  0.26503129097399075        2.8940248570712361     
         313  0.58345032059516699        2.8985302623110099     
         314  0.45924856353141996        2.9075579740939319     
         315  0.34141578590684235        2.9094669721733784     
         316  0.49472885337548256        2.9256390812237512     
         317  0.37257775105394503        2.9356166008107207     
         318  0.55870141927324235        2.9416220060770462     
         319  0.57477225193017523        2.9449995942433831     
         320  0.51184285095386206        2.9617566513475309     
         321  0.55900549317943804        2.9697311997513989     
         322  0.49321870240537996        2.9784778231831237     
         323  0.49146497354457147        2.9866757717270338     
         324  0.51683795910334629        2.9926483870246652     
         325  0.50272918200716998        3.0046783229158867     
         326  0.44006273217832786        3.0114262687039517     
         327  0.42546324735523067        3.0197545274506159     
         328  0.42167009924021132        3.0288639117169431     
         329  0.44126237431686260        3.0382629599032094     
         330  0.39279327291420457        3.0492338223455935     
         331  0.52525906601930583        3.0579819208243624     
         332  0.51649634806395872        3.0628850802835936     
         333  0.58654953683336142        3.0726834763203419     
         334  0.54282471296760537        3.0837242199818009     
         335  0.47892681952377081        3.0941326537638441     
         336  0.46907113555331292        3.0968842818812305     
         337  0.51195625835367242        3.1059472178482341     
         338  0.49919696850071049        3.1252957649780173     
         339  0.47829703143891994        3.1275436735039435     
         340  0.28646729195649595        3.1403406977194877     
         341  0.41773525343010531        3.1525130546870099     
         342  0.55294951819228411        3.1564845184955055     
         343  0.46027419434343120        3.1614365975648875     
         344  0.54247926171603078        3.1691852612482494     
         345  0.50289455017769569        3.1801761351578808     
         346  0.49229464000982698        3.1864225508177220     
         347  0.48202736361786674        3.1970785393591132     
         348  0.46996350419323674        3.2018148626138596     
         349  0.48389364934565549        3.2092907311519361     
         350  0.51455891354033179        3.2198684460772302     
         351  0.59915511146360534        3.2358626519723570     
         352  0.51883452667408203        3.2366733646530754     
         353  0.55605738590220122        3.2412967559468839     
         354  0.46857681602564732        3.2483853374595499     
         355  0.50690111401713311        3.2578508456976873     
         356  0.51972551052671656        3.2683510453104301     
         357  0.33430426874119906        3.2766107109753335     
         358  0.24369995089259652        3.2868252318607283     
         359  0.52183540439321385        3.2913342170092892     
         360  0.46025591920828079        3.3018577040449828     
         361  0.54905077201597607        3.3079805926410848     
         362  0.51665884026211195        3.3221192198319325     
         363  0.45320759398901239        3.3350626556003045     
         364  0.43870782678952858        3.3443511957131173     
         365  0.49653331097514825        3.3548311795956347     
         366  0.47839080532411477        3.3590336455700323     
         367  0.56294069172908445        3.3662667843535594     
         368  0.39891496251749220        3.3751513747876452     
         369  0.50107708633949111        3.3998315441900666     
         370  0.42074460680171649        3.4036056237389549     
         371  0.42374583028187424        3.4150893553636927     
         372  0.55962406168921053        3.4210195723592274     
         373  0.53494394872986539        3.4306999047436508     
         374  0.48410577736671950        3.4462678368089215     
         375  0.52578135527084557        3.4539885029232713     
         376  0.39717211213637205        3.4669116429184768     
         377  0.51563624281998988        3.4692122790055469     
         378  0.47642651105245770        3.4805021598077688     
         379  0.56623888961292124        3.4843201484630857     
         380  0.58855338207396968        3.4910014291612192     
         381  0.54511296209101501        3.5003626221386193     
         382  0.42804720397516116        3.5135169326086668     
         383  0.41589100441752541        3.5299992072627724     
         384  0.51948128719356890        3.5412943465680433     
         385  0.36724331103329816        3.5479683043783701     
         386  0.55441171602600270        3.5631253007306189     
         387  0.50723733480641620        3.5674479989466916     
         388  0.44611894851949863        3.5737633372545572     
         389  0.48255687334322633        3.5793545095386285     
         390  0.51922845304290166        3.5981366370905579     
         391  0.36714006033502705        3.6056675802591625     
         392  0.39495790310386791        3.6094858652551221     
         393  0.45570832874327138        3.6150591211219849     
         394  0.40490895882086947        3.6335805207454275     
         395  0.48965437241876292        3.6463891196446450     
         396  0.30499346379045539        3.6498796930701869     
         397  0.50369868049733280        3.6619060241743022     
         398  0.54233764160301456        3.6690052151061296     
         399  0.52622977427014428        3.6805994886994076     
         400  0.49045428216734960        3.6916224526936761     
         401  0.45082657852118446        3.6979281971436038     
         402  0.50355085559956447        3.7035813648300255     
         403  0.56377870099827709        3.7085424859964404     
         404  0.56214264036390083        3.7266397475859514     
         405  0.40364139671328875        3.7327551887538224     
         406  0.48964019867941205        3.7397940333145354     
         407  0.58551560747328169        3.7493466589986224     
         408  0.51197961304650097        3.7559483192253609     
         409  0.50622888940795696        3.7774124475339836     
         410  0.37404250231236164        3.7785980329078281     
         411  0.57135498106285532        3.7940845077267857     
         412  0.51693215275419091        3.7983927945555127     
         413  0.40546838113663314        3.8080545202870599     
         414  0.47612998285341473        3.8286903396654073     
         415  0.38938650449196843        3.8350104724447509     
         416  0.34719317660017962        3.8445756590331750     
         417  0.49360853599932791        3.8616793678026369     
         418  0.50093207191876765        3.8659501878225142     
         419  0.50621024115552893        3.8787797316158956     
         420  0.52660856468262041        3.8822042909114782     
         421  0.16634247522590523        3.8892468450967383     
         422  0.51995428595770021        3.8969166790927172     
         423  0.48706463426045293        3.9028583792622555     
         424  0.40014747064642531        3.9128144287583391     
         425  0.52937433867433870        3.9208552980002072     
         426  0.49773134445183564        3.9229488130930150     
         427  0.52090134281746014        3.9360034716517553     
         428  0.48974405291134326        3.9445736460127301     
         429  0.51716439562231098        3.9632818602122994     
         430  0.51585771948917014        3.9691885322445084     
         431  0.38957041327170300        3.9707889301823260     
         432  0.41655922572596277        4.0000909578466857     
         433  0.49384933383896101        4.0070844627578133     
         434  0.29287922092283764        4.0151640640266155     
         435  0.55117948446520093        4.0275076431164178     
         436  0.48312630215901453        4.0372105939662637     
         437  0.46370455172474112        4.0437764854190457     
         438  0.47800678150895198        4.0573007401599828     
         439  0.44713087129196438        4.0641626446128889     
         440  0.49664384915041265        4.0751510044579655     
         441  0.56561255538373301        4.0784952489510689     
         442  0.56876635121240615        4.0849663192472558     
         443  0.51087724996841077        4.1068540898334582     
         444  0.55785215487872486        4.1195464005063007     
         445  0.39671428794074209        4.1269956171615654     
         446  0.45747193887841486        4.1310870548467902     
         447  0.22125757865164916        4.1460618491222396     
         448  0.49633475033910496        4.1592188368082965     
         449  0.55559232657898705        4.1635823362924267     
         450  0.52232500253264813        4.1643735336888881     
         451  0.23056454910079818        4.1857220906663928     
         452  0.40636075704661773        4.1903027651030085     
         453  0.56164342458203131        4.1999832399859276     
         454  0.44304983185016561        4.2118194231073387     
         455  0.51971917193016381        4.2243087652235749     
         456  0.54944468536913615        4.2301000439546401     
         457  0.47874976366111527        4.2461975150489648     
         458  0.52247466158291167        4.2561939183476465     
         459  0.44241539580130124        4.2753284928316999     
         460  0.49852847747529810        4.2859075302335006     
         461  0.50582745463973922        4.2892267815206875     
         462  0.47260464174365607        4.2948679919700821     
         463  0.58009411994228788        4.3002373231779147     
         464  0.51333981842610221        4.3189606983121811     
         465  0.44144629726902646        4.3339594266008952     
         466  0.52514311892084020        4.3516902371931723     
         467  0.56209781619113286        4.3634801044014173     
         468  0.54422715336250838        4.3723361961866862     
         469  0.51993422603010819        4.3907636129836565     
         470  0.51382384214450261        4.3962045217528924     
         471  0.53486285036449699        4.4032334980845880     
         472  0.53318528560046796        4.4223495729915969     
         473  0.54019096826442203        4.4355709247882222     
         474  0.56443809574119519        4.4440439329058146     
         475  0.46486288621659344        4.4670972789270396     
         476  0.54449391151467819        4.4748161564763329     
         477  0.48822820161387892        4.4889732236531383     
         478  0.60420361027308744        4.4928877275960293     
         479  0.47688320604747375        4.5238088404497026     
         480  0.45096507784737450        4.5363339898877726     
         481  0.31187026029023751        4.5466823728999035     
         482  0.53131881405665005        4.5555137057661872     
         483  0.46416709162248182        4.5637444008341221     
         484  0.43306688080912459        4.5740949577769312     
         485  0.52432160961966023        4.5894349443522602     
         486  0.53393130136970823        4.5932564557054070     
         487  0.51348590458914556        4.6119425657087820     
         488  0.51925535669760436        4.6188994621999910     
         489  0.44780494880850918        4.6250842210245349     
         490  0.40570572306914920        4.6363258620724643     
         491  0.54993746432474766        4.6675767074618166     
         492  0.57242262177536896        4.6732668537996869     
         493  0.42524531181159642        4.6762184738622041     
         494  0.49056264108671721        4.6961132954237348     
         495  0.52910198159351762        4.7054459988832669     
         496  0.50185355683963861        4.7199382123584890     
         497  0.51115305531947308        4.7377432915472575     
         498  0.52938809400820441        4.7460303232446339     
         499  0.44258379435016176        4.7529554765609916     
         500  0.49511562424661537        4.7656829543476391     
         501  0.55079067082999678        4.7829723259412020     
         502  0.38948259664430290        4.7897459451030668     
         503  0.53325495127508193        4.7970945291478255     
         504  0.57866274159990894        4.8130550901482430     
         505  0.51842785585190909        4.8290554235763565     
         506  0.61860133952752261        4.8452683582709097     
         507  0.52735537823982082        4.8471437074431902     
         508  0.54725690953871176        4.8522703834517280     
         509  0.58118475230816857        4.8657489857738208     
         510  0.44996634038651778        4.8820869592257106     
         511  0.52199739640676202        4.8956310220705612     
         512  0.42968085621986574        4.9106945804886779     
         513  0.55689858425509275        4.9187176448609788     
         514  0.52049596766456474        4.9285942802249405     
         515  0.51461465863382505        4.9480483623556717     
         516  0.58736470063606505        4.9540118249802862     
         517  0.53831764877836596        4.9670882890050994     
         518  0.38665249277468583        4.9722056126123775     
         519  0.54325865085337599        4.9953214332685292     
         520  0.54065926022430499        5.0040485020765972     
         521  0.49874338875609964        5.0236414738778299     
         522  0.51386276511429008        5.0461944348881582     
         523  0.45750180085015202        5.0595169590254354     
         524  0.54131118636851383        5.0640379478114994     
         525  0.55778652615775737        5.0738455280176131     
         526  0.59607731582477796        5.0783534371702359     
         527  0.56709078341215502        5.1041977925705178     
         528  0.46402191233881968        5.1159012211637922     
         529  0.53309674299005450        5.1281939423404905     
         530  0.55127536752571138        5.1428131081625903     
         531  0.52514425505703644        5.1511289902048931     
         532  0.57185848507986647        5.1602641714544220     
         533  0.53188321826391427        5.1758072624893057     
         534  0.58448017909989403        5.2035151360830874     
         535  0.55248099509939308        5.2087768898133842     
         536  0.51124678326865003        5.2296450493311690     
         537  0.52716329575090415        5.2459867790464108     
         538  0.48954274833641415        5.2608220057937052     
         539  0.44886138889079052        5.2663549974222343     
         540  0.52672730932598155        5.2823323971272664     
         541  0.49741369720598289        5.2890890356051257     
         542  0.55979687346773610        5.3034997763603471     
         543  0.46592145386436307        5.3153228216465713     
         544  0.36590740560419360        5.3222196388478915     
         545  0.48874839322903352        5.3317514969731388     
         546  0.52293836634389479        5.3517601437645617     
         547  0.48484270105037020        5.3563217534515255     
         548  0.43785643886261333        5.3711790169018769     
         549  0.58612808024056562        5.3809702362783618     
         550  0.50206001325960770        5.3941035775745858     
         551  0.54217203551439686        5.4079941585355753     
         552  0.57990221473444170        5.4296022857221233     
         553  0.62396329207051882        5.4366860986475833     
         554  0.57622193280560718        5.4617330078122057     
         555  0.52749492981707768        5.4733378297293065     
         556  0.55652474829251775        5.4811444736027219     
         557  0.50357030658845048        5.4925046300206084     
         558  0.55368600692887726        5.5121076384832728     
         559  0.51656582904888626        5.5217036333604019     
         560  0.54725232710911831        5.5327776104571083     
         561  0.55068972732278976        5.5491818709127347     
         562  0.59262896440030077        5.5621473091661642     
         563  0.53884507624101097        5.5687433931605375     
         564  0.50284892717186025        5.5840646586165219     
         565  0.53533623124967111        5.5876150239172029     
         566  0.48016251026319745        5.5985543448056507     
         567  0.49657038547958521        5.6146378560829788     
         568  0.44744444946482870        5.6219189998858319     
         569  0.50828025350557371        5.6399389738103034     
         570  0.57917006309922647        5.6593494266371023     
         571  0.54742832490200566        5.6719878134687987     
         572  0.51730994654529971        5.6820955573891663     
         573  0.60436101392608133        5.7047516503018967     
         574  0.53926718422018871        5.7246783884015144     
         575  0.56169691248184117        5.7368544530666838     
         576  0.59601655463169290        5.7435641895250082     
         577  0.50694801187451932        5.7541911178074630     
         578  0.50689320316918662        5.7568199655515828     
         579  0.34450893185740900        5.7683387671903521     
         580  0.58571634819751150        5.7726208687655323     
         581  0.56935590218728860        5.7839461283572957     
         582  0.49308408433020340        5.7939967998252575     
         583  0.51556934911661800        5.8001660907956643     
         584  0.34533244539010083        5.8168086449417755     
         585  0.46732439235047468        5.8344979896083009     
         586  0.54108634332975258        5.8405136520196166     
         587  0.56414856064436580        5.8587224688183630     
         588  0.55581981290940963        5.8700597852770855     
         589  0.54064209476223046        5.8815412284389925     
         590  0.58985078750495623        5.9017910589581231     
         591  0.48104312037173086        5.9194721223581110     
         592  0.53584072251677128        5.9308708633268932     
         593  0.56995025927602838        5.9343859121119600     
         594  0.43987314702111402        5.9492674965549464     
         595  0.57623718682841329        5.9715829802553895     
         596  0.56905317839639247        5.9779099866149723     
         597  0.46176521161096429        5.9896113032664902     
         598  0.49184093649361732        6.0007789975958534     
         599  0.56601746519488183        6.0112793197510817     
         600  0.48785189177029775        6.0254477148284531     
         601  0.50975230117701842        6.0379866217615490     
         602  0.50492109095710269        6.0547893203717562     
         603  0.53578285999021524        6.0680140627489774     
         604  0.51591768870298926        6.0865624041085447     
         605  0.58320152834756256        6.0934979231815829     
         606  0.48387849273676908        6.1029005416136046     
         607  0.48723480067188124        6.1270722026734052     
         608  0.58973558259864978        6.1395049461996694     
         609  0.46781742798748743        6.1672180751854526     
         610  0.33555264866905077        6.1771825224770582     
         611  0.46875177524962747        6.1841727368776152     
         612  0.53364381733303534        6.1965835578441215     
         613  0.57431984871263408        6.2171817294960965     
         614  0.45118566111376829        6.2282143991998469     
         615  0.48102123378216266        6.2384699903144911     
         616  0.43184136715070059        6.2458593235337130     
         617  0.42694079341125052        6.2557012078163030     
         618  0.39288476457895960        6.2767317136517553     
         619  0.44486543685197583        6.3066421676574462     
         620  0.44976016731584317        6.3148773370847868     
         621  0.42155224294273635        6.3357139160327653     
         622  0.42881858242067683        6.3547266629768222     
         623  0.36125831231304201        6.3648430154935696     
         624  0.54070014034172076        6.3776771334127194     
         625  0.56851780371283833        6.4119782229751809     
         626  0.54929375348977227        6.4242182875036615     
         627  0.53197035522758274        6.4282706113806229     
         628  0.49786702159537255        6.4474234889675781     
         629  0.52723044209412084        6.4596898669959524     
         630  0.55154022926929902        6.4684014227734057     
         631  0.48755603217508398        6.4816654219069161     
         632  0.48421941796891066        6.4866324441181726     
         633  0.42810170025110272        6.5001604688341876     
         634  0.47927911661318057        6.5198991100114263     
         635  0.44359303899993802        6.5301426131452747     
         636  0.46952314184880067        6.5557003181514837     
         637  0.52576231582597543        6.5616038015500182     
         638  0.48792580295781501        6.5710909351135998     
         639  0.36363204878966399        6.5791906070149935     
         640  0.53693215644589776        6.5835147405256063     
         641  0.54725892622800221        6.6043620580847229     
         642  0.46406857410890562        6.6102314703504366     
         643  0.53266823132609475        6.6270378652892310     
         644  0.52795251323035663        6.6408009698578754     
         645  0.47900506665628767        6.6594457368541633     
         646  0.56859419508251441        6.6678525744319259     
         647  0.52112240047298108        6.7063716433472296     
         648  0.52091885234115598        6.7210483425487260     
         649  0.50302265531138457        6.7485447753401111     
         650  0.52287124735725687        6.7541188938404879     
         651  0.44438553126862113        6.7665934271125270     
         652  0.56663531180024318        6.7706356258595068     
         653  0.45111683826827681        6.7920781988599437     
         654  0.48640400495005509        6.8137439074128272     
         655  0.46128461438573959        6.8212712508120541     
         656  0.44971380946039602        6.8336928590106876     
         657  0.50028819497305743        6.8395191231126935     
         658  0.50223316871265677        6.8701342797794123     
         659  0.56745861012456689        6.8872164298784151     
         660  0.52553793932431936        6.8987164145132862     
         661  0.54312329405030346        6.9044901727265273     
         662  0.47581335254264640        6.9322510439417639     
         663  0.57459881678063807        6.9460922590498129     
         664  0.48278285207779437        6.9567128261988547     
         665  0.47715794289800667        6.9913655634300245     
         666  0.51377046381962610        7.0033919146762100     
         667  0.51054231441396936        7.0150624749231767     
         668  0.51483631086440507        7.0386570792650565     
         669  0.52195782281206071        7.0465305298909149     
         670  0.52820225791786546        7.0631801328200581     
         671  0.42590850363774629        7.0925210234747160     
         672  0.55567488235783158        7.1148786989857085     
         673  0.53002083885562123        7.1390424190168273     
         674  0.56319635378422961        7.1477646282503287     
         675  0.50044823896788793        7.1724408063205543     
         676  0.52592392662885723        7.1839212930493321     
         677  0.52491987389781902        7.1955538260809835     
         678  0.53407638342551333        7.2186331733945543     
         679  0.44244311276229231        7.2373101970825138     
         680  0.49054007231724756        7.2624156064240104     
         681  0.51446691035743275        7.2676520768421105     
         682  0.52275322440905692        7.2822495200646129     
         683  0.39264364613624531        7.2914720737547603     
         684  0.50753576105560949        7.3372041012652103     
         685  0.37351849051972608        7.3419503653467242     
         686  0.49290232833506326        7.3588801303059022     
         687  0.48264762215244023        7.3815536825460910     
         688  0.51187554680866731        7.3914191114702605     
         689  0.37768492352910887        7.4050149878177089     
         690  0.51825185685012032        7.4188338203898718     
         691  0.45345882168240875        7.4425920083549064     
         692  0.33508768239797948        7.4608188695709625     
         693  0.49281688970268722        7.4640398150226872     
         694  0.41607290663796526        7.4721787159743087     
         695  0.50917882860109576        7.5050035427554525     
         696  0.45989755416210598        7.5217942189244553     
         697  0.52857675861252695        7.5303968311415250     
         698  0.51673034157814368        7.5420265586461035     
         699  0.47475815248320546        7.5941306815147289     
         700  0.42516667533049712        7.6006981986037765     
         701  0.44088143966850607        7.6185086594095495     
         702  0.42646836563737928        7.6244947444061353     
         703  0.47411628444580800        7.6524509778511414     
         704  0.43688915310298904        7.6816819296186036     
         705  0.45658905391519122        7.6869388751875762     
         706  0.53206687962370092        7.7005398446545748     
         707  0.45008324914072617        7.7350627483065724     
         708  0.44034011622731128        7.7614090957028132     
         709  0.54839721929836605        7.7718269355493907     
         710  0.48734336231430803        7.8207927327597178     
         711  0.48294649525430677        7.8311702516919368     
         712  0.51910724783611883        7.8427484057012720     
         713  0.51230138487144694        7.8566306836731430     
         714  0.43334507732824756        7.8736391569894586     
         715  0.50374623574258726        7.8905797063002092     
         716  0.41967540839523421        7.8964706892615872     
         717  0.49598549939191094        7.9449944234110053     
         718  0.48866708300840578        7.9668002897455352     
         719  0.48304517956889359        8.0094039471205374     
         720  0.55239181333260889        8.0159897266851718     
         721  0.44077360464658355        8.0308901061109239     
         722  0.53849309431291270        8.0569513539810700     
         723  0.49142939528978002        8.0684757894242054     
         724  0.44613914336612864        8.0916728794226120     
         725  0.50941335824628908        8.1151291018781588     
         726  0.30170279676795647        8.1265950210058939     
         727  0.43599350003043463        8.1444507369616925     
         728  0.53086129760971656        8.1781775988402163     
         729  0.43995296670590417        8.1863846485702023     
         730  0.45679830370507801        8.1955884289288754     
         731  0.48851292319457901        8.2144466627700830     
         732  0.35792228392499664        8.2280371317597272     
         733  0.46558894867870432        8.2769565106803711     
         734  0.43495461099404559        8.2894068482263261     
         735  0.47267506340876680        8.3164910166683441     
         736  0.47298883761662297        8.3273503906949919     
         737  0.42632649505884562        8.3414549176782504     
         738  0.51379181267308960        8.3753366288603655     
         739  0.48968544956788318        8.4175412769720346     
         740  0.44401183411563089        8.4256598125522562     
         741  0.45244816064952426        8.4418487254293009     
         742  0.45989385391810378        8.4572618959186308     
         743  0.39117238062419962        8.4710897732877122     
         744  0.41716713892077933        8.5182292627989646     
         745  0.39246497741128256        8.5328377186838491     
         746  0.40555461461254577        8.5475616460997728     
         747  0.46484325838725460        8.5922485880176733     
         748  0.41213252794025046        8.6123309753890727     
         749  0.44365003169608563        8.6426887678820332     
         750  0.44991826024033432        8.6887449912621584     
         751  0.41754795202918132        8.7374148706842814     
         752  0.42936239955258498        8.7438222628474289     
         753  0.50555972747417999        8.7522915119250069     
         754  0.46543469422523975        8.7765191888118377     
         755  0.38533931743854688        8.8229721386046762     
         756  0.36649307337577725        8.8573582652957050     
         757  0.47759431015779152        8.8777115025675677     
         758  0.33431017126565354        8.9017185435921657     
         759  0.39221238418997240        8.9088931754351233     
         760  0.44833316173578397        8.9497935230444501     
         761  0.49767962209975453        8.9524187888439304     
         762  0.43012875160737224        8.9785332711848742     
         763  0.46910783607342621        9.0139938391299932     
         764  0.44470528496158501        9.0337694228596206     
         765  0.28171545236084694        9.0582255685533468     
         766  0.41112224817049570        9.1023920880324951     
         767  0.35720820602836345        9.1706003075961480     
         768  0.39435401917455215        9.1778488002746457     
         769  0.39763059661680100        9.2167708388221925     
         770  0.48097777100636513        9.2226090902762436     
         771  0.41579267644022183        9.2695188812279117     
         772  0.37392215456154404        9.3075772678198749     
         773  0.42172119138272662        9.3438869040631829     
         774  0.43726251279238182        9.3531953168464295     
         775  0.47622847031765903        9.3755145583757198     
         776  0.47610254115532241        9.3867663375314816     
         777  0.38780028157051250        9.4040370248598428     
         778  0.49528225057945618        9.4486144844077913     
         779  0.38445947895601446        9.4641611362313416     
         780  0.37341937225525373        9.5011194964624828     
         781  0.37331101294358476        9.5447809988881911     
         782  0.33977298041696280        9.5693615195609176     
         783  0.42481968719484642        9.6043223543596010     
         784  0.36282619442444408        9.6373206055722278     
         785  0.48951438218750298        9.6748545955663214     
         786  0.46295977881421124        9.7240916646245257     
         787  0.33749722605124144        9.7295181910953890     
         788  0.39488712275211330        9.7573165251199949     
         789  0.41688111889362639        9.7815223317047231     
         790  0.43926774141227437        9.8157649401810865     
         791  0.43030369310435618        9.8457826526939396     
         792  0.40715718064039974        9.9138491266762276     
         793  0.42671244908769734        9.9258555575339660     
         794  0.38147388787590880        9.9552697960423568     
         795  0.29795265702803775        10.020284361434367     
         796  0.36597395680136352        10.094604098161636     
         797  0.34359103495047422        10.127628339697177     
         798  0.32648216216365455        10.192359331298384     
         799  0.32649793259949728        10.206665870906146     
         800  0.37821335390956595        10.226495946164180     
         801  0.27163378930674831        10.261314680258142     
         802  0.36656423909784708        10.294297072414993     
         803  0.27806346169799451        10.298985107209777     
         804  0.41168516646403397        10.389887119484639     
         805  0.35988949638795514        10.445174047229095     
         806  0.26400378382137391        10.524007213862005     
         807  0.37028504994118444        10.534425408328699     
         808  0.37078946537267465        10.645925420903573     
         809  0.39001899407682611        10.655417931476498     
         810  0.32585416643356613        10.673364547861455     
         811  0.31910203634176920        10.688064738534324     
         812  0.26501778455521235        10.789214560298966     
         813  0.23030457971227994        10.868183707006921     
         814  0.21316134820544627        10.890960466740559     
         815  0.22198416057625112        10.970158214274974     
         816  0.24625714812946908        11.017417259903665     
         817  0.31663841675506227        11.058818046788653     
         818  0.27920379702876574        11.125302185099400     
         819  0.13304446609070839        11.234743131984590     
         820  0.24705378777190390        11.296550961032514     
         821  0.16052516191920282        11.358075408812834     
         822  0.23337597102337904        11.495009715823130     
         823   8.2231271831553154E-002   11.573460912113429     
         824  0.18839542563629522        11.650104521924639     
         825  0.16094838253755117        11.889731021443776     
         826  0.16573952231500041        12.018022796789182     
         827  0.17539948783470649        12.114679857578169     
         828  0.14038221385938718        12.276314305198632     
         829  0.11444352459493100        12.391020362876981     
         830  0.10672994251487790        12.725692973688862     
         831  0.12435976345346469        12.767058616867466     
