    1   8.98   0.000
    2   4.74   0.000
    3   9.29   0.000
    4   9.34   0.000
    5   7.19   0.000
    6   8.27   0.000
    7   9.16   0.000
    8  12.18   0.000
    9  10.45   0.000
   10   7.21   0.000
   11   8.77   0.000
   12   8.54   0.000
   13  12.27   0.000
   14  12.70   0.000
   15   9.02   0.000
   16   8.11   0.000
   17  17.42   0.000
   18  15.02   0.000
   19  19.47   0.810
   20  11.01   1.260
   21   5.12   7.080
   22   8.74   0.150
   23   6.85   0.080
   24   6.82   0.000
   25   5.75   0.000
   26   5.26   0.000
   27   4.80   0.000
   28   6.01   0.000
   29   8.19   0.000
   30  15.68   0.000
   31  33.32   0.000
   32  63.20   0.000
   33 105.77   0.000
   34  73.42   0.000
   35  74.50   0.000
   36  43.14   0.000
   37  18.05   0.000
   38  14.61   0.000
   39   7.80   0.000
   40   4.38   0.000
   41   4.05   0.000
   42   3.99   0.000
   43   5.88   0.060
   44   5.69   0.010
   45   6.13   2.870
   46   6.62   0.230
   47   7.74   0.240
   48   7.86   0.420
   49   6.83   0.620
   50   7.65   0.540
   51  10.43   0.430
   52  11.81   0.410
   53  13.91   0.400
   54  12.73   0.230
   55  12.60   0.000
   56   7.89   0.260
   57   7.64   0.300
   58   7.67   0.140
   59   8.86   0.100
   60   5.69   0.150
   61   3.85   0.030
   62   5.69   0.000
   63   5.34   0.000
   64   4.11   0.000
   65   3.82   0.000
   66   5.60   0.000
   67   4.87   0.000
   68   6.60   0.000
   69   4.27   0.000
   70   5.11   0.000
   71   3.06   0.000
   72   2.85   0.000
   73   3.17   0.000
   74   3.68   0.000
   75   3.89   0.000
   76   4.60   0.000
   77   4.51   0.000
   78   4.29   0.000
   79   5.82   0.000
   80   7.92   0.000
   81  13.42   0.000
   82 108.97   0.000
   83  10.86   0.170
   84   7.32   0.290
   85   5.56   0.060
   86   4.45   0.000
   87   4.50   0.000
   88   5.15   0.000
   89   5.59   0.000
   90   5.80   0.000
   91   6.20   0.000
   92   8.14   0.000
   93   5.76   0.000
   94   5.51   0.000
   95   4.21   0.000
   96   3.71   0.000
   97   3.97   0.000
   98   5.49   0.000
   99   5.68   0.000
  100   4.70   0.000
  101   5.56   0.000
  102   8.23   0.000
  103   8.12   0.000
  104   7.24   0.000
  105  11.35   0.000
  106  13.19   0.000
  107   9.53   0.000
  108   8.21   0.000
  109   5.68   0.000
  110   4.90   0.000
  111   5.30   0.000
  112   4.00   0.000
  113   3.68   0.000
  114   3.87   0.000
  115   3.41   0.000
  116   2.77   0.000
  117   3.46   0.000
  118   3.34   0.000
  119   2.69   0.000
  120   2.62   0.000
  121   2.94   0.000
  122   3.32   0.000
  123   2.33   0.000
  124   3.76   0.000
  125   3.73   0.000
  126   3.52   0.000
  127   3.91   0.000
  128   8.57   0.000
  129   6.29   0.000
  130   7.28   0.000
  131   4.97   0.000
  132   3.33   0.010
  133   3.04   0.260
  134   3.25   0.690
  135   2.91   0.930
  136   2.50   0.170
  137   3.56   0.110
  138   4.06   0.000
  139   4.18   0.000
  140   3.80   0.000
  141   3.24   0.000
  142   3.40   0.000
  143   3.90   0.000
  144   4.88   0.000
  145   7.49   0.000
  146   7.25   0.000
  147   6.73   0.000
  148   4.91   0.000
  149   3.39   0.000
  150   3.27   0.000
  151   2.94   0.000
  152   4.04   0.000
  153   4.31   0.240
  154   3.27   0.220
  155   3.43   0.290
  156   4.21   1.000
  157   3.86   0.300
  158   4.66   2.930
  159   6.61  23.050
  160   4.42  59.200
  161   6.03  45.830
  162   5.79  28.710
  163   8.59 158.030
  164   7.82 256.190
  165  12.16 154.660
  166  17.88 250.010
  167  29.77 269.250
  168  52.73 210.810
  169  60.33 191.690
  170  36.86 243.120
  171  12.68  93.190
  172   8.86  88.940
  173   5.58 149.290
  174   5.19  55.870
  175   5.67  47.980
  176   3.91   6.590
  177   4.91   0.060
  178   3.04   0.040
  179   2.65   0.860
  180   2.54   0.190
  181   3.51   0.030
  182   4.37   0.070
  183   4.48   0.340
  184   4.67   0.880
  185   8.75   0.100
  186   9.12   0.130
  187   7.57   0.300
  188   7.07   0.130
  189   4.82   0.750
  190   4.29   0.000
  191   3.04   0.000
  192   3.19   0.000
  193   2.58   0.050
  194   2.49   0.020
  195   2.25   0.000
  196   2.23   0.000
  197   2.15   0.050
  198   2.16   0.000
  199   3.04   0.000
  200   2.20   0.000
  201   2.88   0.000
  202   2.77   0.000
  203   2.78   0.000
  204   2.95   0.000
  205   2.70   0.000
  206   3.86   0.000
  207   4.35   0.000
  208   4.75   0.000
  209   3.92   0.000
  210   6.06   0.000
  211  11.97   0.000
  212   6.11   0.000
  213   7.07   0.000
  214  18.63   0.000
  215  25.15   0.000
  216  10.56   0.000
  217   9.12   0.110
  218   6.31   0.640
  219  10.33   0.250
  220   9.94   0.290
  221   5.53   0.360
  222   6.72   0.340
  223   9.71   0.000
  224   8.55   0.000
  225   6.31   0.000
  226   7.85   0.000
  227  12.76   0.000
  228   9.15   0.000
  229  11.61   0.000
  230   8.79   0.000
  231   6.21   0.000
  232   9.77   0.000
  233   5.60   0.000
  234   4.83   0.000
  235   7.35   0.000
  236   6.65   0.000
  237   5.55   0.000
  238   5.25   0.000
  239   6.79   0.000
  240   8.31   0.000
  241   5.54   0.000
  242   4.77   0.000
  243   6.72   0.000
  244   4.33   0.000
  245   4.46   0.000
  246   4.06   0.000
  247   3.92   0.000
  248   2.53   0.000
  249   2.87   0.000
  250   3.94   0.000
  251   4.55   0.000
  252   9.73   0.000
  253   4.23   0.000
  254   6.73   0.000
  255   6.50   0.000
  256   3.36   0.000
  257   4.06   0.000
  258   4.32   0.000
  259   3.71   0.000
  260   4.16   0.000
  261   5.54   0.000
  262   3.56   0.000
  263   3.47   0.000
  264   5.58   0.000
  265   5.04   0.000
  266   3.54   0.000
  267   4.51   0.000
  268   8.19   0.000
  269   4.96   0.000
  270   4.47   0.000
  271   9.29   0.000
  272   7.61   0.000
  273   5.23   0.000
  274   7.63   0.000
  275   8.72   0.000
  276   5.07   0.000
  277   4.61   0.000
