 beta=   0.0000000000000000     
  -1.1213866001246159E-015
  -5.4370558885317563E-016
   8.0243736181390761E-017
   2.9788178872334448E-016
   1.2614463566024458E-015
   1.2757650445938401E-015
   1.7991879058266252E-002
   2.2050346749320493E-002
   2.9409714086792216E-002
   4.4880471606857431E-002
   4.9789762587510680E-002
   5.2856688087796019E-002
   5.4471662753739040E-002
   5.7247808949698720E-002
   5.9920040537453076E-002
   6.3455190209854587E-002
   6.8082854699978171E-002
   6.9694445207372085E-002
   7.4449913815715155E-002
   7.4814534641368849E-002
   7.8186387467618773E-002
   7.9335737197144207E-002
   8.1824880798570643E-002
   8.2480174149269073E-002
   8.4800183579464089E-002
   8.6769164215010949E-002
   8.7970844358294692E-002
   8.9098410543618223E-002
   9.2107987444667402E-002
   9.2939150899893463E-002
   9.3674555066895912E-002
   9.5618233058119284E-002
   9.8230788199907923E-002
   9.9333882510866167E-002
  0.10018234734622601     
  0.10188940059236715     
  0.10408884034145417     
  0.10623453334920026     
  0.10720135213140661     
  0.10825748128112829     
  0.10916036615579443     
  0.10962430904086470     
  0.11246360232997060     
  0.11293030919759679     
  0.11410589375023707     
  0.11607718598213698     
  0.11703351187382148     
  0.11845807117697417     
  0.12014686182356057     
  0.12260085526340031     
  0.12458992853911202     
  0.12640204890878470     
  0.12760820787828658     
  0.13003200682627977     
  0.13006362807238309     
  0.13111601274330764     
  0.13205583913129773     
  0.13313148187429993     
  0.13357715466783279     
  0.13616557115208719     
  0.13719943377862837     
  0.13854335559409248     
  0.13925211066984658     
  0.14009669894079899     
  0.14050106116398961     
  0.14223919112413841     
  0.14325814007983198     
  0.14462596907070496     
  0.14499100941827683     
  0.14536609625547026     
  0.14656880752925791     
  0.14793097013023818     
  0.14852607348707719     
  0.14881386567782140     
  0.14937616090832062     
  0.15020677296338356     
  0.15092119418332525     
  0.15174333368719781     
  0.15230444815872399     
  0.15307555381607241     
  0.15392155959283568     
  0.15419838084510118     
  0.15465343607663495     
  0.15620696603018269     
  0.15720428170420261     
  0.15757217748365621     
  0.15815575601340118     
  0.15875488243908265     
  0.15931595267351778     
  0.16182087188871716     
  0.16263151439401877     
  0.16348061903564276     
  0.16414817154979505     
  0.16431942948714812     
  0.16513853268836604     
  0.16584315066863825     
  0.16655245196605731     
  0.16692743576440117     
  0.16739725714214460     
  0.16892688670077036     
  0.16999291500522684     
  0.17027225711746299     
  0.17182751494481843     
  0.17253356360255415     
  0.17351783055049941     
  0.17372002568590833     
  0.17421070535673100     
  0.17455937009509134     
  0.17553569553364604     
  0.17581066161400752     
  0.17612902109822207     
  0.17808208087835820     
  0.17840886354171567     
  0.17916877248350738     
  0.17972182952609811     
  0.18062631890866626     
  0.18182337946798297     
  0.18214267114922142     
  0.18265087592157969     
  0.18335424876471779     
  0.18393226492628736     
  0.18501638500496603     
  0.18517447807603268     
  0.18591366581968891     
  0.18649113188742411     
  0.18697776262305332     
  0.18756891833367670     
  0.18766135071870024     
  0.18867073348238828     
  0.18881394211628924     
  0.18955995415533944     
  0.18997674275116219     
  0.19050360366226560     
  0.19080769852049678     
  0.19124537623539412     
  0.19181244715858817     
  0.19235167548287033     
  0.19303813965730104     
  0.19311100054004240     
  0.19342058425229230     
  0.19444897643791526     
  0.19488786773681696     
  0.19577701450877233     
  0.19660101673070624     
  0.19734836872065925     
  0.19746800657444843     
  0.19820915740558079     
  0.19905244813909351     
  0.19919649379763474     
  0.19943538046908807     
  0.20060558081173238     
  0.20100658982003350     
  0.20126415389805652     
  0.20158227152419517     
  0.20261952682948164     
  0.20286476785049978     
  0.20327152336743176     
  0.20370519447512631     
  0.20466805157320092     
  0.20571085352548885     
  0.20613582969052729     
  0.20639628730953213     
  0.20728272063101721     
  0.20808368951656195     
  0.20821916319543057     
  0.20858343398400123     
  0.20925686807487950     
  0.20987207642200958     
  0.21069388280873741     
  0.21127572479833337     
  0.21171055247068149     
  0.21238715241261483     
  0.21280861195251691     
  0.21392220065642406     
  0.21419486786888201     
  0.21511932792827812     
  0.21570695004363710     
  0.21635354937949949     
  0.21695718401716768     
  0.21773602823496421     
  0.21875849472781633     
  0.21910909763303318     
  0.21970533457174704     
  0.22055530618366506     
  0.22079339789308478     
  0.22107733455179748     
  0.22218953223010007     
  0.22341102864943044     
  0.22395511626237627     
  0.22467859418335914     
  0.22491929430973234     
  0.22617446458613288     
  0.22634273948787015     
  0.22718403464938805     
  0.22929758621129404     
  0.22992344984799717     
  0.23050885380261096     
  0.23087154850682279     
  0.23123593836694503     
  0.23267210319561274     
  0.23402339704518596     
  0.23471529972837551     
  0.23568318446711461     
  0.23683577352581267     
  0.23792841828297767     
  0.23876066375689292     
  0.24016133291811056     
  0.24069343934017529     
  0.24096553142726920     
  0.24225725794397748     
  0.24247104654725943     
  0.24356604486933953     
  0.24430603984997998     
  0.24536141442420173     
  0.24588092115152899     
  0.24717314967248719     
  0.24802030075792950     
  0.24948859178420926     
  0.25021991727960630     
  0.25145040771072835     
  0.25231647144857083     
  0.25287757574531378     
  0.25450621175083948     
  0.25483091568598110     
  0.25668778979987916     
  0.25758692906121844     
  0.25800739142809420     
  0.25874558965183309     
  0.25971223244327413     
  0.26083984244223835     
  0.26112934676424648     
  0.26232146858130739     
  0.26248357996854010     
  0.26363943951987445     
  0.26481433897470236     
  0.26585756914850645     
  0.26619308417413096     
  0.26732853346169261     
  0.26821782046212100     
  0.26862966696797014     
  0.27111946542620308     
  0.27135526067543370     
  0.27265497237850544     
  0.27290994851349348     
  0.27476528448177068     
  0.27558883672147672     
  0.27637117677367634     
  0.27720390060031525     
  0.27776828090716776     
  0.27851298935405927     
  0.27918835073742954     
  0.28072261631734141     
  0.28310682199799569     
  0.28331597025404215     
  0.28452456593211933     
  0.28523196648375876     
  0.28529299313299128     
  0.28642660479189991     
  0.28797448927180952     
  0.28832944031277558     
  0.28868395223545185     
  0.28935499546676641     
  0.29151520669509984     
  0.29283763143851688     
  0.29339540674478348     
  0.29414643363519327     
  0.29653002526231492     
  0.29785934979183620     
  0.30019671882618948     
  0.30142498726142941     
  0.30277866749859417     
  0.30414513057015546     
  0.30543684915566077     
  0.30704007212198897     
  0.30897142873103112     
  0.31176656740289760     
  0.31426030176083647     
  0.31670826997695051     
  0.31728444544191103     
  0.31838145050093430     
  0.31959362291711868     
  0.32090503682013766     
  0.32189835779995646     
  0.32534606067069960     
  0.32653482412582857     
  0.32734623261519763     
  0.32963153982175786     
  0.33163821439149133     
  0.33437937187593658     
  0.33463321869863383     
  0.33827273317128687     
  0.33954591180771099     
  0.34272438018944240     
  0.34385771222872658     
  0.34486683059351331     
  0.34598105532920359     
  0.34873369698453882     
  0.34986746493617682     
  0.35358875510857102     
  0.35478673132866156     
  0.35974764913170126     
  0.36167518211198030     
  0.36394641859192634     
  0.36441256950591333     
  0.36595377057635375     
  0.36786340129653156     
  0.36945595975435569     
  0.37226217192421018     
  0.37433611648043175     
  0.37730516327786146     
  0.38019202775891386     
  0.38195905037106803     
  0.38602415982737054     
  0.38816887068210437     
  0.39091397374618486     
  0.39403254802824067     
  0.39506179069544195     
  0.39775547752858098     
  0.39952917377592911     
  0.40527237351690415     
  0.40612481024605801     
  0.40799137541291347     
  0.41208681411342163     
  0.41283318026394539     
  0.41554923365350194     
  0.42002198506752630     
  0.42329173782045126     
  0.42458140142825762     
  0.42674510958476608     
  0.42817732854560309     
  0.42895337813636208     
  0.43157983611320255     
  0.43727939134405336     
  0.43888883124070877     
  0.44099991137290639     
  0.44377106549086687     
  0.45051214709194787     
  0.45380240050233239     
  0.45599680022990180     
  0.45765824809301436     
  0.45980816321540785     
  0.46046267590613010     
  0.46673324729200283     
  0.46899571926298561     
  0.47132153103259833     
  0.47342326504433324     
  0.47511622214983684     
  0.47753461285229920     
  0.47854771891958287     
  0.48546020142087121     
  0.48713969618687547     
  0.48950648651806206     
  0.49135815347777645     
  0.49687026320601746     
  0.49875649464902161     
  0.50113853976536915     
  0.51076606641961775     
  0.51297183311332206     
  0.51657142779001031     
  0.51790869350161017     
  0.52792013891406353     
  0.52796906859585491     
  0.53920213389937832     
  0.54818249165383615     
  0.55756023706055502     
  0.56995787664625597     
  0.57761307866995326     
  0.58425093476550838     
  0.58747471367669335     
  0.59916129561537845     
  0.62836646883843539     
  0.63171698882860572     
  0.63508389378091235     
  0.66056032313000757     
  0.69154486310564167     
  0.72007953047579609     
  0.73242383536889422     
  0.74931336038729635     
  0.75263471447542662     
  0.94302108918708916     
  0.96511140533941731     
  0.98309683674677006     
   1.0026465137019913     
   1.0344346138726033     
   1.0630119012777328     
   1.0693352517101322     
   1.1065974444439599     
   1.1109993469825146     
   1.1411671876760399     
   1.1589224921132071     
   1.1615342940283069     
   1.2032806012925059     
   1.2118426974358172     
   1.2154909571554613     
   1.2316645291796222     
   1.2433969727400072     
   1.2572922895174834     
   1.2970422460278610     
   1.3133983778766980     
   1.3193834550452943     
   1.3380936550977980     
   1.3415057923912301     
   1.3552854695711418     
   1.3610401693830267     
   1.3838482068208016     
   1.4773395374235689     
   1.4850571601798195     
   1.4963610205087468     
   1.5099373457719700     
   1.5403283266642211     
   1.5571614073264413     
   1.5815770569961733     
   1.6022835813663940     
   1.6331352293427908     
   1.6630864908197720     
   1.6692094894075846     
   1.7212142212625012     
   1.7224446083991958     
   1.7510742327085145     
   1.7769995977649991     
   1.7808061444826466     
   1.7970438375993241     
   1.8022609574454331     
   1.8042530024481647     
   1.8111279397028088     
   1.8298543451168650     
   1.8451361407710460     
   1.8541673089081330     
   1.8584562751078477     
   1.8672586585106463     
   1.8989828492757701     
   1.9066403142174821     
   1.9674125979773500     
   1.9961375306443503     
   2.0424626363360798     
   2.0586248819552235     
   2.0622322277020051     
   2.0718931211469132     
   2.0724098769623942     
   2.0784721932191710     
   2.0853992783215154     
   2.0920581373019940     
   2.0960500887136821     
   2.1004600778463374     
   2.1028065718135784     
   2.1057074313710715     
   2.1094078730969317     
   2.1183149352461417     
   2.1300229597237976     
   2.1318146972654253     
   2.1335246927470068     
   2.1346680007805001     
   2.1364008033263961     
   2.1390702263059143     
   2.1410070052201382     
   2.1412256431292680     
   2.1522470106559015     
   2.1684294408044118     
   2.1696971012540573     
   2.1766939199919166     
   2.1784504090007837     
   2.1785401326200859     
   2.1843093548344914     
   2.1859998147366402     
   2.1909857270127544     
   2.1928548315550396     
   2.1952066947764668     
   2.1967147320306633     
   2.1974687898043670     
   2.1995922970685577     
   2.2016457833570091     
   2.2049537343390657     
   2.2125609080214956     
   2.2144306258773390     
   2.2169458411436995     
   2.2229362372518824     
   2.2240413174289233     
   2.2249863388386912     
   2.2310903949025374     
   2.2411664784391974     
   2.2501749824243622     
   2.2572260129910209     
   2.2612650949932886     
   2.2672451164078349     
   2.2679789308990363     
   2.2702736801278895     
   2.2784778767798191     
   2.2850291963536926     
   2.2936692373935501     
   2.3063846066965477     
   2.3133353128974621     
   2.3202634067677641     
   2.3270642375424799     
   2.3323441316966305     
   2.3440826754045596     
   2.3486821900876591     
   2.3494515109571950     
   2.3515556557619210     
   2.3536741453777301     
   2.3623348355007048     
   2.3658179672689683     
   2.3681188906296469     
   2.3852818579066359     
   2.4012586645882350     
   2.4082221604275031     
   2.4136109314431344     
   2.4205138889431570     
   2.4210251912978578     
   2.4241588528001889     
   2.4291755981157483     
   2.4326567576026425     
   2.4679692903662809     
   2.4728220079322361     
   2.4734615092104071     
   2.4788877740620148     
   2.4921708620991097     
   2.5027220765093836     
   2.5208039589120279     
   2.5212547594468124     
   2.5360105182307491     
   2.5710805929909268     
   2.6536650414500356     
   2.6751968064567144     
   2.6896151079692565     
   2.6970006394680479     
   2.7174839260636610     
   2.7386773684237933     
   2.7633842425971920     
   2.8017948699115349     
   2.8175185306069790     
   2.8255231240381322     
   2.8423731719481182     
   2.8615023151171770     
   2.8680835831811979     
   2.9471218289314942     
   2.9700489534373942     
   2.9772617874256575     
   2.9856454083814170     
   3.0175151104371092     
   3.0285700171142640     
   3.0745470602966702     
   3.0773333357779467     
   3.0877069730599693     
   3.0926288836124316     
   3.1555064581513683     
   3.1640994162958656     
   3.1682434958699401     
   3.1835412193785428     
   3.2066262702448580     
   3.2179207840499990     
   3.2801589678119378     
   3.3005859048778916     
   3.3352306420680131     
   3.3416343776607307     
   3.3628887880091725     
   3.3795828690981375     
   3.4742625770359954     
   3.4896044681113336     
   3.5073799034303339     
   3.5414110278835786     
   3.5632589170387998     
   3.5718176447757473     
   3.5853158522218322     
   3.5866902947002588     
