 beta=   0.0000000000000000     
  -9.4544532094997003E-016
  -7.2855516112360864E-016
  -6.2477231837640876E-016
   2.0225268441343833E-016
   2.2462546979162327E-016
   3.6821611047607564E-016
   7.2397330092431305E-003
   9.2763238434216272E-003
   1.1159016066919046E-002
   1.9141007592357068E-002
   2.0597116889201534E-002
   2.0852596473852028E-002
   2.1443566977346947E-002
   2.5837440921338578E-002
   2.6665152090933564E-002
   2.8100573601163959E-002
   2.9718550095271273E-002
   3.1154195565412105E-002
   3.1219465981631774E-002
   3.2865441148450955E-002
   3.4114077646493497E-002
   3.6087543308162912E-002
   3.7035892702163307E-002
   3.8256053636523131E-002
   3.9498901076719287E-002
   4.0097616450336132E-002
   4.0892131364567513E-002
   4.1272269959556816E-002
   4.2720612981718108E-002
   4.3467045115695123E-002
   4.6896953922111996E-002
   4.6927650922575545E-002
   4.7908810835311115E-002
   4.8345866757235692E-002
   4.9773212796024043E-002
   5.0236117889383210E-002
   5.1315621451342434E-002
   5.2229381563204044E-002
   5.2950804867084096E-002
   5.3986548468293843E-002
   5.4504409580697237E-002
   5.5069321689567977E-002
   5.5452627566977900E-002
   5.6269823101380935E-002
   5.8292220174118364E-002
   5.8644770607423242E-002
   5.9715158895900330E-002
   6.0713576226837609E-002
   6.1412115191758099E-002
   6.2444517410615907E-002
   6.2843803095421522E-002
   6.3446595498172845E-002
   6.4207693579246883E-002
   6.4795661622506717E-002
   6.5766787880224803E-002
   6.6359690399908355E-002
   6.6928292858358926E-002
   6.7839753816992268E-002
   6.8702179323682000E-002
   6.9789746167993591E-002
   7.0149159539578995E-002
   7.2136385168379724E-002
   7.2663890258804223E-002
   7.2855186834895974E-002
   7.4084450911612879E-002
   7.5368890905679747E-002
   7.5692705757201675E-002
   7.5997833448117766E-002
   7.7356879357995581E-002
   7.8326238269439255E-002
   7.8774516978354997E-002
   7.9558924993843913E-002
   7.9710344535054406E-002
   8.0114405594153532E-002
   8.1077895265298738E-002
   8.1583847697157957E-002
   8.2440131136948244E-002
   8.3000948608523251E-002
   8.4034882075907424E-002
   8.4675772770068783E-002
   8.4851675876258234E-002
   8.5208746752235276E-002
   8.5704497650287120E-002
   8.6572166191973651E-002
   8.7531478260220938E-002
   8.7906992555989799E-002
   8.8264138573730444E-002
   8.8396090530725460E-002
   8.8770701502454377E-002
   8.9899033876210760E-002
   9.0329916442581190E-002
   9.0862895389568252E-002
   9.1429611815874168E-002
   9.1641331660575781E-002
   9.1855424157550061E-002
   9.2551074347869827E-002
   9.3243921566384766E-002
   9.3882688225905675E-002
   9.4012390371478627E-002
   9.4132241692125390E-002
   9.4790292802772250E-002
   9.4809067743913039E-002
   9.5701312079457673E-002
   9.6286661772399820E-002
   9.6869317866291133E-002
   9.7011801207304862E-002
   9.7525380176745932E-002
   9.7624218878855654E-002
   9.8134995025045441E-002
   9.8882916626230097E-002
   9.9099961690554711E-002
   9.9738868253216859E-002
  0.10027120361564222     
  0.10071982277147999     
  0.10101910774884373     
  0.10136165494590577     
  0.10179293421304104     
  0.10255745160369673     
  0.10293829960837894     
  0.10330088052212354     
  0.10390935404253004     
  0.10419851124097229     
  0.10449335304684672     
  0.10486311384287700     
  0.10531564857611013     
  0.10602901731588280     
  0.10655019680032202     
  0.10677605931661853     
  0.10727461864992431     
  0.10743015000720922     
  0.10760063395542506     
  0.10852066045109503     
  0.10856657946030274     
  0.10980421041461483     
  0.11009235848903362     
  0.11092206398284978     
  0.11108543167665952     
  0.11188296288805670     
  0.11196284380846565     
  0.11230870774031229     
  0.11348143563780869     
  0.11374540104916706     
  0.11421559417023357     
  0.11514954083733867     
  0.11517528120786105     
  0.11534540178111857     
  0.11546516363218585     
  0.11584037725189028     
  0.11626597619843203     
  0.11673147828142216     
  0.11715857062403526     
  0.11757018773415467     
  0.11798601228007594     
  0.11831644827154930     
  0.11917599239603108     
  0.11939038443134925     
  0.12003878279685973     
  0.12076239276626133     
  0.12095867132322656     
  0.12148284878575938     
  0.12194860954439252     
  0.12209398769996586     
  0.12295785395720554     
  0.12327123349983707     
  0.12396860715779749     
  0.12465956113521219     
  0.12478174360622203     
  0.12554035307113492     
  0.12607563733118682     
  0.12642014650838257     
  0.12683439303782565     
  0.12758263487407370     
  0.12769936315825298     
  0.12799185704041846     
  0.12862760560127448     
  0.12911904009646702     
  0.12971916250121801     
  0.13001129715574464     
  0.13080590845068277     
  0.13143782269501267     
  0.13226560623630185     
  0.13250437043534272     
  0.13314111008398782     
  0.13358457321841691     
  0.13408840165458594     
  0.13514737895037277     
  0.13535560886486731     
  0.13597003394175433     
  0.13644468981653585     
  0.13757059407546601     
  0.13785382052208583     
  0.13866413499505761     
  0.13928443157745557     
  0.13986885346919328     
  0.14052732609590785     
  0.14122610180063883     
  0.14160330204947952     
  0.14232702550146986     
  0.14339348355774156     
  0.14397598759612823     
  0.14467579610043924     
  0.14492249959681633     
  0.14562894359477330     
  0.14705635226735786     
  0.14722044252565039     
  0.14788939398908788     
  0.14935726480071107     
  0.14982247704164536     
  0.15043934058906375     
  0.15111346791099339     
  0.15163640724749403     
  0.15219322687216921     
  0.15273774264252007     
  0.15402034024847491     
  0.15473220004035199     
  0.15519181161374496     
  0.15594095407330549     
  0.15637526209595703     
  0.15717915298242821     
  0.15784196620804378     
  0.15865332684843297     
  0.15964715908683769     
  0.16089808147726528     
  0.16176160633459061     
  0.16203034629660318     
  0.16275096272791634     
  0.16315608390300171     
  0.16385293945260437     
  0.16532429460592135     
  0.16596386457886247     
  0.16630917570836870     
  0.16697712750825219     
  0.16785721781432061     
  0.16832721594825639     
  0.16916358601264372     
  0.17019741095093185     
  0.17079732006287776     
  0.17133115154639467     
  0.17245547499503977     
  0.17273617172055858     
  0.17389765942024246     
  0.17418115614968444     
  0.17451321174013110     
  0.17506833246019271     
  0.17582002150405410     
  0.17724376708276074     
  0.17745111164295624     
  0.17859217846206268     
  0.17904398813624897     
  0.18087983404523092     
  0.18135891325327652     
  0.18244972953954353     
  0.18407709052184645     
  0.18528350825817019     
  0.18582638753447067     
  0.18663071835224562     
  0.18684224656372267     
  0.18802484254756752     
  0.18938504065509940     
  0.19050297911173594     
  0.19166583677719140     
  0.19205774943287446     
  0.19319831008124172     
  0.19377748756735713     
  0.19480566773372132     
  0.19539483222425408     
  0.19571278596476108     
  0.19691474679972643     
  0.19849339483209746     
  0.19975275460427047     
  0.20035520669238699     
  0.20106271324346009     
  0.20142527934085128     
  0.20158743773444202     
  0.20271534695387733     
  0.20291824666006983     
  0.20477577321307799     
  0.20813457722181136     
  0.20982021864071027     
  0.21078160636006174     
  0.21193261347282052     
  0.21264398967113307     
  0.21354663978213506     
  0.21528361036825683     
  0.21766606553813347     
  0.21921392871622189     
  0.21973131862810860     
  0.22121401734748106     
  0.22487149502208770     
  0.22685255182653263     
  0.22774174983533327     
  0.23143195702006655     
  0.23213856788854306     
  0.23477500060976544     
  0.23790673240993787     
  0.23951729164014524     
  0.24107976776905105     
  0.24595802328283062     
  0.24910267723802801     
  0.25193488401372305     
  0.25575522782786952     
  0.25686077358259690     
  0.26166131224214106     
  0.26516798558815502     
  0.26591489877025060     
  0.27060412877177847     
  0.27372670682225475     
  0.27722793373961946     
  0.27844316131715485     
  0.27959878849166514     
  0.28181190285831859     
  0.28524813595283027     
  0.28722987327061072     
  0.28753160810226952     
  0.29027522985192622     
  0.29231582890660046     
  0.29408502647881701     
  0.29659997937402410     
  0.29763049652317369     
  0.30019539477569918     
  0.30195380205832661     
  0.30522421328308713     
  0.30661335360328451     
  0.30757162216513789     
  0.31119899225756942     
  0.31331845852894330     
  0.31655878081662892     
  0.32133173299551931     
  0.32362448439226743     
  0.32614650889909880     
  0.33407758111986591     
  0.33682815084535167     
  0.33797764154451826     
  0.33818975726563311     
  0.34110239958606869     
  0.34198283026976734     
  0.34565387002804565     
  0.34784029907619551     
  0.34810134041173557     
  0.35064686479231083     
  0.35711025871179392     
  0.36066746809231254     
  0.36296881643647844     
  0.36370215787025550     
  0.36528632120138355     
  0.36759702488316331     
  0.36940420891576692     
  0.37212238456201008     
  0.37382138418567779     
  0.37769215695773556     
  0.37878224825267842     
  0.38267939752621022     
  0.38956641596280039     
  0.39235563263276008     
  0.39460043028646735     
  0.40289549700414123     
  0.40571519992816935     
  0.41742177809771136     
  0.41980199345355923     
  0.42419541025384788     
  0.43569770628033067     
  0.43784576522543389     
  0.44329503499890044     
  0.44752866346374698     
  0.45771328168177045     
  0.47237972453277433     
  0.48040803050609215     
  0.48481244403534091     
  0.50778692578909734     
  0.52003373435513267     
  0.53070980549243096     
  0.55532999729318633     
  0.56285145145513538     
  0.56924654505118311     
  0.57450840705452799     
  0.61824939609532936     
  0.64274776673627143     
  0.65003770513698700     
  0.66869454231820546     
  0.67086935120758662     
  0.82151076144451207     
  0.84899022785467770     
  0.89949035817742951     
  0.91304901907554659     
  0.91447580698376785     
  0.93966165019143444     
  0.96412313279606732     
  0.97266802352497661     
   1.0207328408397081     
   1.0345550227471643     
   1.0582428595374351     
   1.0617471864051500     
   1.0992007227114582     
   1.1066744805653874     
   1.1536812690769114     
   1.1604712588120378     
   1.1673371638415908     
   1.1806579654699194     
   1.2076474009200773     
   1.2362716926833668     
   1.2383141746750448     
   1.2447533004423608     
   1.2498266769147324     
   1.2646156210941759     
   1.2864709165834909     
   1.3684821220386683     
   1.3870848248327015     
   1.3908515618250823     
   1.4022540339758918     
   1.4395068630652257     
   1.4652027030370085     
   1.4859372254978263     
   1.5121264527277432     
   1.5247369856347377     
   1.5436728453845188     
   1.5687000404650890     
   1.6033675447424072     
   1.6346614833268047     
   1.6626215862915299     
   1.6869270443185673     
   1.7081262069014056     
   1.7095472595962713     
   1.7131315220043559     
   1.7168690218908196     
   1.7242057731642677     
   1.7393816172212420     
   1.7497930772575994     
   1.7873810216984083     
   1.7888697359227110     
   1.8120370891852018     
   1.8164274233234696     
   1.8170690889250216     
   1.8732455398047936     
   1.8910186987424151     
   1.9241460908517642     
   1.9647114086897526     
   1.9980459832120157     
   2.0072145466051632     
   2.0084889767600651     
   2.0133295114083634     
   2.0170230208833773     
   2.0186730980914929     
   2.0197645830533650     
   2.0233335241598898     
   2.0246662097894910     
   2.0288965005864301     
   2.0322322068469960     
   2.0438257120036445     
   2.0496759089161656     
   2.0606568968342236     
   2.0629610318000027     
   2.0665030285680750     
   2.0705958458168365     
   2.0749828654254934     
   2.0806820140192794     
   2.0832831192235779     
   2.0853152156285897     
   2.0961886226222219     
   2.0973442441719587     
   2.1007470659199052     
   2.1012657767794045     
   2.1020516663974633     
   2.1081297623259689     
   2.1124796986739791     
   2.1143426663081479     
   2.1151298289330871     
   2.1203562860998848     
   2.1210124849618914     
   2.1279570765689706     
   2.1304078522363432     
   2.1334679014125153     
   2.1381435400390139     
   2.1387739948165851     
   2.1464995135236715     
   2.1511460210816593     
   2.1527126083322932     
   2.1550931440013947     
   2.1572657823746679     
   2.1578990674005563     
   2.1615517953209009     
   2.1661286507530924     
   2.1721790802233483     
   2.1770514858494967     
   2.1866257859380966     
   2.1870063968094873     
   2.1913498008199563     
   2.1986925822670074     
   2.2049073855871093     
   2.2274411613282674     
   2.2445539459050234     
   2.2466409519202104     
   2.2508750418998549     
   2.2509666607078236     
   2.2606808247145271     
   2.2650351163843263     
   2.2661978780019569     
   2.2701382770753460     
   2.2791784682032872     
   2.2871798334315958     
   2.2939230270997610     
   2.2957317579116561     
   2.2992943220811992     
   2.3057486930009592     
   2.3167718741911028     
   2.3252830628608669     
   2.3362872086670015     
   2.3406491646450052     
   2.3431071353429158     
   2.3517729120308104     
   2.3526764326796386     
   2.3576838836208829     
   2.3760333952201593     
   2.3770386911349681     
   2.3930552282279134     
   2.4326876727103248     
   2.4329819217116766     
   2.4469048768852351     
   2.4475092760431640     
   2.4495361167334067     
   2.4575723997341257     
   2.5198642430166398     
   2.5913401194707171     
   2.5970267212989113     
   2.5973246456351924     
   2.6014355359737777     
   2.6032272197891499     
   2.6340260023903204     
   2.6531854562971602     
   2.7161370072352193     
   2.7356299990119921     
   2.7502477582969194     
   2.7533716324444786     
   2.7657004975590125     
   2.8022017604662466     
   2.8160157989993917     
   2.8697307289527831     
   2.8989651995874404     
   2.9363094619366592     
   2.9440392113665284     
   2.9500847517997788     
   2.9742343365255262     
   2.9781998465973940     
   3.0321167412071279     
   3.0424235969395563     
   3.0499294495849294     
   3.0512449873117862     
   3.0894133208003947     
   3.0920989310328619     
   3.1060979435406271     
   3.1124129863955727     
   3.1949002162988114     
   3.2040686428596485     
   3.2503759693438923     
   3.2670710719381946     
   3.2787044154140617     
   3.2905038969314782     
   3.3888226184462034     
   3.3978159079174302     
   3.4157382683440831     
   3.4268141297594581     
   3.4511619279998724     
   3.4560560464588939     
   3.4707988798448111     
   3.4848288736222952     
