 2.2369E-001
-4.8763E-001
-1.9731E-001
 1.1643E-001
-5.7789E-001
-4.7389E-002
 9.7523E-002
-4.7546E-001
-2.6184E-001
 1.0921E-001
-4.2512E-001
-5.6894E-001
-6.3080E-002
-8.1458E-001
-1.3626E-001
 6.3947E-001
 8.7292E-001
-6.1187E-001
 1.1763E-001
-4.1017E-001
-1.2209E-001
 4.0839E-002
-3.9670E-001
-2.3996E-001
 1.1737E-001
-2.5866E-001
-3.4253E-001
 3.3420E-001
-2.3717E-001
-6.5426E-001
-2.2331E-001
-4.1763E-001
-3.4293E-001
-3.9592E-001
-1.5182E+000
-1.2187E+000
-8.3160E-002
-2.3486E-001
-3.7741E-002
-8.4474E-003
-1.0473E-001
-6.5562E-002
-3.7893E-002
-1.3092E-001
-1.9123E-002
-1.2617E-001
-2.0096E-001
 1.9211E-001
 1.6656E-001
 5.4721E-002
 2.2963E-002
 2.0641E-001
 1.7120E-001
-3.9636E-003
 9.2715E-003
-8.7137E-002
-2.2757E-001
-3.7648E-002
-1.0938E-001
-3.1033E-001
-1.0830E-001
 7.5946E-002
-2.0437E-001
 1.1926E-003
 9.0727E-002
-2.5651E-001
-1.6301E-001
-1.2421E-001
-4.5030E-001
-1.0013E+000
-3.9330E-001
-4.2624E-001
-3.0548E-001
 1.0407E-001
 3.7812E-003
-4.9033E-001
 2.6231E-001
 1.7523E-001
-6.0838E-001
-1.6829E-001
 4.0333E-001
-8.5272E-001
-7.5322E-001
 8.5956E-001
-8.2765E-001
 6.5168E-001
 4.1706E-001
-7.9867E-001
 1.2280E+000
 2.4140E-001
-3.9693E-001
 2.7712E-002
-4.6671E-002
-4.9359E-001
-4.1557E-001
 2.8822E-002
-7.1147E-001
-3.2407E-001
 2.4182E-001
-1.3537E+000
-4.8270E-001
 2.5850E-001
-1.4211E-001
-7.7806E-001
-3.0035E-001
-1.8384E+000
-3.5373E-001
-1.0160E+000
-2.8623E-001
-1.1008E-001
 2.4336E-001
-7.2590E-001
-1.9602E-001
 3.7817E-001
-4.8770E-001
 1.1277E-002
 1.7203E-001
-2.7372E-001
 1.4693E-001
 5.2907E-002
-4.9458E-001
-1.3609E-001
 7.7326E-002
-3.9981E-001
-3.1185E-002
-1.8856E-001
-2.0972E-001
-1.5431E-001
-4.8854E-001
-2.7296E-001
-4.8269E-001
-5.0252E-001
-3.8213E-001
-1.4701E-001
-3.0750E-001
-1.4249E-001
 2.0340E-001
-9.6280E-001
-2.6202E-001
 4.2559E-001
-1.3585E+000
-9.1530E-002
 9.2775E-002
-1.4635E+000
-2.9327E-002
-1.7817E-001
-1.6797E+000
-4.4709E-001
 7.7228E-001
-1.8181E+000
 7.3206E-002
 1.3405E-001
-7.3167E-001
-6.9452E-002
 4.2320E-001
-1.3639E+000
 1.5878E-001
 1.5820E-001
-1.4129E+000
 2.7249E-001
-3.7284E-001
-9.8864E-001
 4.0451E-001
-4.6129E-001
-9.7887E-001
 2.4763E-001
-2.7901E-001
-5.0516E-001
 3.0331E-001
-7.2138E-001
-1.3823E-001
 2.9303E-001
-9.4873E-001
 7.9214E-003
 3.5949E-001
-1.5742E+000
 4.6435E-001
 2.6874E-001
-5.5666E-001
 3.3443E-001
 2.3622E-001
-4.5021E-001
-3.3532E-001
 3.4424E-001
-8.8733E-001
-9.1900E-003
 2.2170E-001
-6.6807E-001
 8.2413E-001
 8.3663E-002
-1.2140E+000
 1.0979E+000
 2.9478E-001
 4.5009E-002
 1.0738E+000
 1.4576E-001
 3.0185E-001
 1.9452E+000
 7.5190E-002
 5.8562E-001
 1.9435E+000
 2.2395E-001
 7.1825E-001
 1.9720E+000
-4.3476E-003
 1.1368E+000
 2.2716E+000
-2.9877E+000
 4.1658E+000
 4.6243E+000
-1.3129E-001
 6.5193E-001
 1.8993E+000
-1.7351E-001
 9.0557E-001
 1.7451E+000
-1.4906E-001
 9.7377E-001
 1.7479E+000
-2.4620E-001
 4.7949E-001
 1.7178E+000
 7.9873E-002
 1.2119E+000
 1.7241E+000
-5.3679E-002
 1.1163E+000
 1.6289E+000
-3.3770E-001
 9.4856E-001
 1.6612E+000
-2.4330E-001
 6.9959E-001
 2.0289E+000
-1.7781E-001
 1.1882E+000
 1.7723E+000
 8.9208E-001
 1.6242E+000
 1.2886E+000
-5.1342E-001
 9.3270E-001
 1.1648E+000
-6.8533E-001
 8.4548E-001
 1.1996E+000
-7.3489E-001
 9.7155E-001
 1.2442E+000
-6.4737E-001
 1.0529E+000
 1.1023E+000
-8.1158E-001
 9.5862E-001
 1.3285E+000
-5.6280E-001
 6.9598E-001
 1.4036E+000
-1.0574E+000
 7.2431E-001
 1.3812E+000
-1.1536E+000
 6.1180E-001
 1.4171E+000
-1.1589E+000
 7.3518E-001
 1.4820E+000
-1.0123E+000
 7.5225E-001
 1.2784E+000
-1.3046E+000
 4.4793E-001
 1.4850E+000
-1.3434E+000
 8.6733E-001
 1.5690E+000
-1.4077E+000
 1.2255E+000
 1.4357E+000
-1.2288E+000
 1.3883E+000
 1.2981E+000
-1.2810E+000
 1.3500E+000
 1.4177E+000
-1.7839E+000
 1.3021E+000
 1.4327E+000
-4.6558E+000
 3.3782E+000
-3.1981E-003
-9.0217E-001
 1.5488E+000
 1.0098E+000
-5.9770E-001
 1.7513E+000
 8.7083E-001
-3.4402E-001
 1.6300E+000
 6.4167E-001
-1.0761E-001
 1.9934E+000
 6.3967E-001
-4.1503E-001
 1.7694E+000
 6.9455E-001
-4.9678E-001
 1.5202E+000
 1.0848E+000
-3.4707E-001
 1.1359E+000
 3.8731E-001
-1.4723E-002
 9.1654E-001
 5.5914E-002
-1.1116E-002
 1.0081E+000
 4.9291E-002
 2.7688E-001
 1.1080E+000
-2.0176E-001
 4.7556E-002
 4.1069E-001
 1.7687E-002
 9.7633E-002
 3.5957E-001
-1.7965E-001
-3.3563E-001
 9.7909E-001
 2.3237E-001
-4.4111E-001
 1.0709E+000
 2.7676E-001
-3.7701E-001
 1.4686E+000
 3.0077E-001
-3.0480E-001
 1.4190E+000
 1.1002E-001
-7.9298E-001
 1.0039E+000
 4.1514E-001
 8.3677E-001
 7.9602E-001
 1.0147E+000
-3.3030E-001
 1.8757E+000
 5.3795E-001
-2.6312E-001
 2.2806E+000
 5.9364E-001
 2.8438E-003
 2.4856E+000
 2.7377E-001
 9.0455E-002
 2.7093E+000
 2.8433E-001
-3.5168E-001
 2.6092E+000
 8.9102E-001
-1.3611E+000
 1.3011E+000
-4.3777E-001
 1.5726E-001
 2.3592E+000
 3.5636E-002
 4.2253E-001
 2.5631E+000
-4.0047E-001
 2.8945E-001
 2.1642E+000
-7.9234E-001
 1.5009E-001
 2.1668E+000
-1.1496E+000
 7.1084E-001
 2.8385E+000
-8.7017E-001
 2.8239E+000
 2.1951E+000
-2.1894E+000
 3.0421E-001
 1.8713E+000
-7.5877E-001
 2.6078E-001
 1.3930E+000
-1.2048E+000
 8.8630E-002
 1.2163E+000
-1.0572E+000
 2.2155E-001
 9.3251E-001
-1.3536E+000
 2.2322E-001
 9.9466E-001
-1.6103E+000
 8.6709E-001
 2.3022E+000
-2.6970E+000
-2.2893E-001
 1.2734E+000
-6.3849E-001
-3.8339E-001
 1.1765E+000
-5.0985E-001
-4.8437E-001
 1.3749E+000
-6.2041E-001
-6.5273E-001
 2.7534E+000
-1.1130E+000
-3.3771E-001
-1.8941E-001
-1.2822E-001
-3.9324E-001
-3.0825E-001
-1.4472E-001
-4.1770E-001
-3.2759E-001
 1.1088E-001
-9.4714E-001
-3.0397E-001
 2.2603E-001
-3.9205E-001
-2.8117E-001
-3.5849E-001
-3.9494E-001
-4.5956E-002
-4.6029E-001
-5.6114E-002
-4.8927E-001
 2.3221E-001
-4.0605E-002
-5.1195E-001
 6.0058E-001
 2.9228E-002
-3.6218E-001
 4.2894E-001
-3.1034E-002
-3.0889E-001
 3.3067E-001
-2.0221E-001
-9.5777E-001
 7.8851E-001
-2.8524E-001
-1.0575E+000
 1.8535E-001
 1.2986E-001
-3.4441E-001
 4.4477E-001
 2.1162E-001
-1.2056E-001
 3.6653E-001
 8.5700E-002
-3.0576E-001
 4.3287E-001
-7.9783E-002
-2.4075E-001
 4.5498E-001
 4.6618E-001
 2.0247E-001
 5.4255E-001
 9.9125E-001
 1.4638E+000
 1.3647E+000
 2.7139E-001
-4.6824E-001
 6.5979E-001
 1.1249E-001
-6.8186E-001
 6.9633E-001
 2.6061E-001
-3.3073E-001
 4.7091E-001
 9.7064E-002
-1.5673E-001
 5.9923E-001
-2.9293E-001
-1.0191E+000
 4.0807E-001
-5.1152E-001
-1.4090E+000
 3.7608E-001
 5.8132E-001
-2.6261E-001
 5.4036E-002
 7.6742E-001
 8.9409E-002
-8.7784E-002
 5.5271E-001
 2.8598E-001
-2.6398E-001
 2.2251E-001
 7.1643E-001
-4.5750E-001
 1.1644E+000
 7.3998E-002
-3.7828E-002
-6.9626E-001
-2.7755E-001
-6.1198E-001
 6.8761E-001
-7.1149E-002
-1.4748E-001
 4.7260E-001
 7.6382E-003
-2.6132E-001
 3.4674E-001
-3.3037E-002
-1.6728E-001
 3.8168E-001
 1.0301E-001
-3.0128E-001
 4.8052E-001
-1.6183E-002
-4.3077E-001
 5.6250E-001
-8.7186E-003
-4.9171E-001
 1.2560E-001
-1.8450E-001
-1.1601E-001
-2.4984E-003
-2.0022E-001
 3.7163E-002
-1.9391E-001
 1.7043E-001
-9.8226E-002
-7.8563E-003
 3.8356E-001
-4.7047E-001
-3.7602E-001
-7.2208E-002
-2.6979E-001
-4.3470E-001
-1.8573E-002
-5.1887E-001
-2.4858E-001
 3.6356E-001
-5.7652E-001
-4.9339E-001
 4.3766E-001
-7.0715E-001
-4.4501E-001
-1.4749E-001
-4.2724E-001
-3.5532E-001
-2.9867E-001
-4.9820E-001
-1.2213E-001
 5.0921E-001
-3.8705E-001
 6.5711E-002
 9.2993E-001
-3.8944E-001
-1.0391E-001
 9.2406E-001
-5.6234E-001
-1.8961E-001
 1.2178E+000
-7.5438E-001
 4.7209E-001
 9.8399E-001
-7.0512E-003
-9.6521E-001
-1.2973E-001
-6.4910E-001
-2.2849E-001
 4.8925E-001
-3.6555E-001
-9.4528E-002
 5.3922E-001
-2.9153E-001
-2.1131E-001
 5.5389E-001
-2.5350E-001
-2.2499E-001
 5.1193E-001
-2.3884E-001
-1.7599E-001
 6.4381E-001
-1.5649E-001
 2.1875E-001
-1.5534E+000
 2.1049E-001
-4.1376E-001
 2.7015E-001
-3.9005E-001
-4.2334E-001
 2.4470E-001
-3.3072E-001
-4.0292E-001
 5.3377E-001
-5.6880E-001
-2.4537E-001
 5.0523E-001
-6.2455E-001
-5.7668E-001
 3.3983E-001
-3.2735E-001
 1.2774E-002
-4.7208E-001
 5.1939E-001
-3.6846E-001
 5.6108E-001
-7.2618E-001
-2.6460E-001
 6.2776E-001
-9.7477E-001
-2.2806E-001
 7.6507E-001
-1.0524E+000
-3.5781E-001
 7.5378E-001
-1.0717E+000
-3.1596E-001
 5.5531E-001
-8.8272E-001
 7.7535E-002
 7.1145E-001
-8.4134E-001
 1.4322E-001
 7.3358E-001
-8.7441E-001
 1.0335E-001
 6.7120E-001
-9.7458E-001
 3.8014E-001
 8.6577E-001
-1.2473E+000
 2.6176E-001
 6.8898E-001
-7.8253E-001
-6.8467E-002
 2.6365E-001
-9.5537E-001
 6.3733E-002
 2.8928E-001
-8.6782E-001
-7.4172E-002
 3.6015E-001
-1.0064E+000
-2.8073E-001
 4.6271E-001
-1.2167E+000
-8.1306E-002
 3.3485E-001
-7.2834E-001
-6.6060E-002
 3.7440E-001
-6.0119E-001
 1.8576E-002
 2.6405E-001
-8.8531E-001
-8.6186E-002
 3.0991E-001
-8.6473E-001
 3.0403E-001
 1.8259E-001
-1.1982E+000
 7.4361E-001
 1.5672E-001
-1.2280E+000
-4.6049E-001
 5.8580E-001
-1.1471E+000
-9.5484E-001
-7.7016E-001
-1.0079E+000
 2.1192E-001
 1.1536E-001
-1.3378E+000
 6.3861E-001
-1.9051E-001
-1.6792E+000
 9.5582E-001
 3.9829E-001
-1.3812E+000
 1.6963E+000
 1.4927E+000
-8.0129E-001
 7.3340E-002
-8.3870E-001
-1.8821E+000
-1.3460E+000
-2.2146E+000
-2.8239E+000
 4.8937E-001
-4.2878E-001
-1.6905E+000
 7.6653E-001
-7.8460E-002
-1.4808E+000
 5.4610E-001
-3.9845E-001
-1.7790E+000
-3.2273E-001
-8.0968E-001
-1.3815E+000
 1.2600E+000
-2.6774E-001
-2.4083E+000
 1.2262E+000
-3.8940E-001
-2.5694E+000
 1.4815E+000
-4.0541E-001
-2.1744E+000
 1.3455E+000
-5.3434E-001
-1.9046E+000
 7.5829E-001
-4.4975E-001
-2.7401E+000
 2.6184E+000
 3.7093E-001
-2.8430E+000
 1.9304E+000
-3.5288E-001
-2.1857E+000
 2.2482E+000
-2.6804E-001
-1.6593E+000
 2.1061E+000
-6.3713E-001
-9.9654E-001
 1.8390E+000
-1.2870E+000
-3.7704E-001
 2.7961E+000
 2.7346E-001
-1.5207E+000
 2.9598E+000
 4.6861E-001
-1.2811E+000
 2.3169E+000
-4.1565E-001
-1.1570E+000
 1.9739E+000
-6.6649E-001
-5.1392E-001
 2.0489E+000
-1.4044E+000
-9.2377E-001
 3.8098E+000
-2.1280E+000
-1.5380E+000
 1.5476E+000
-1.1448E+000
 1.3384E-001
 7.7840E-002
-1.1002E+000
-8.1903E-001
-4.7373E-002
-1.2324E+000
-5.8742E-001
-3.3319E-001
-1.9406E+000
-8.6103E-001
 1.8484E-001
-1.7032E+000
-1.2030E+000
-1.4927E-001
-2.1342E+000
-1.0816E+000
 9.3458E-001
-1.1152E+000
-1.7841E+000
 1.4820E+000
-8.0298E-001
-2.3360E+000
 1.4082E+000
 1.0583E-001
-2.1566E+000
 1.8697E+000
 4.4945E-001
-2.1668E+000
 1.8852E+000
-4.8797E-001
-2.7336E+000
-1.1839E-001
-1.8639E+000
-1.2237E+000
 6.8291E-001
 4.9872E-001
-1.8848E+000
 6.0172E-001
 1.1977E+000
-1.6383E+000
 2.6382E-001
 1.2861E+000
-1.4487E+000
 4.0434E-001
 1.5898E+000
-1.3328E+000
 1.7406E-001
 1.4233E+000
-1.4416E+000
 1.8876E+000
 1.6526E+000
-2.3751E+000
-1.9832E-001
 8.8801E-001
-1.5477E+000
-4.2365E-001
 7.7258E-001
-1.3992E+000
-3.7988E-001
 7.2171E-001
-1.4517E+000
-3.2690E-001
 6.3158E-001
-1.5000E+000
-6.3740E-001
 4.7982E-001
-1.4065E+000
-4.5348E-001
 7.4910E-001
-1.4714E+000
-3.9027E-001
 6.6675E-001
-1.5781E+000
-3.4904E-001
 4.7879E-001
-2.2465E+000
 8.1127E-003
-1.3038E-001
-2.5004E+000
-7.5075E-001
 7.9366E-001
-1.3580E+000
-6.0277E-001
 9.3329E-001
-1.2440E+000
-8.0563E-001
 1.0435E+000
-2.5989E+000
-8.0687E-001
 9.1831E-001
-3.3392E+000
-4.4571E-001
 5.5351E-001
-3.3846E+000
-2.5726E-001
 2.3742E-001
-3.7678E+000
-1.3399E+000
 1.4694E+000
-3.6137E+000
-1.3910E+000
 1.4382E+000
-3.5600E+000
-4.5564E-001
 6.5833E-001
-3.0524E+000
-1.2236E-001
 3.6680E-001
-3.0135E+000
 3.7819E-001
-3.0870E-002
-2.9578E+000
 5.8502E-001
-3.2640E-001
-3.2513E+000
-1.5729E-002
 5.5645E-001
-2.5061E+000
-2.8970E-002
 8.5974E-001
-2.1924E+000
 5.1949E-001
-1.0367E-001
-2.5678E+000
 1.0645E+000
-4.2689E-001
-2.4585E+000
 1.1198E+000
-7.6992E-001
-2.9927E+000
 1.4336E+000
-1.3130E+000
-3.0919E+000
 1.1864E+000
-1.6188E-001
-1.9006E+000
 3.2750E+000
 1.1186E+000
-1.8819E-001
 7.9707E-001
-5.6393E-001
-3.2976E+000
 9.2550E-001
-7.6356E-001
-3.8138E+000
 9.7629E-001
-7.1444E-001
-4.1065E+000
 1.1372E+000
-7.2250E-001
-4.1233E+000
 8.7231E-001
-4.8141E-001
-4.1711E+000
 9.7050E-001
-7.9817E-001
-3.7558E+000
 7.2252E-001
-7.4895E-001
-4.4002E+000
 7.5102E-001
-8.0939E-001
-4.6770E+000
 1.1498E+000
-1.0146E+000
-4.6427E+000
 1.2373E+000
-7.8755E-001
-5.1042E+000
 5.2459E-001
-6.2396E-001
-4.7289E+000
 1.3145E+000
-1.3578E+000
-3.9214E+000
 1.6297E+000
-1.5504E+000
-3.7778E+000
 1.7258E+000
-1.4056E+000
-3.5912E+000
 2.8415E+000
-1.9154E+000
-4.1463E+000
 9.6475E-001
-8.5611E-001
-3.4673E+000
 9.1653E-001
-6.6091E-001
-3.2783E+000
 9.7010E-001
-5.4159E-001
-2.5878E+000
 9.9247E-001
-4.8083E-001
-2.1593E+000
 4.3699E-001
-3.5012E-001
-3.4926E+000
-1.1741E-001
-1.7189E-001
-4.4513E+000
 9.6448E-001
-4.8511E-001
-2.5746E+000
 9.4265E-001
-4.4200E-001
-1.8780E+000
 6.1012E-001
 9.8489E-002
-1.7564E+000
 2.6011E-001
 5.1390E-001
-2.1208E+000
 1.0332E+000
-6.0269E-001
-1.3984E+000
 1.7799E+000
-1.6414E+000
-1.1501E+000
 5.8953E-001
 7.9102E-002
-1.1583E+000
 1.4559E-001
 5.5389E-001
-9.3438E-001
 1.4716E-001
 5.4798E-001
-9.9642E-001
 3.6587E-001
 4.7876E-001
-9.6481E-001
 2.1906E-001
 1.0315E+000
-4.6880E-001
-4.1445E-002
 1.1504E+000
-2.0881E-001
 5.0054E-005
 7.1647E-001
-1.0126E+000
-2.2467E-003
 8.3421E-001
-8.3693E-001
-2.0724E-001
 6.6851E-001
-7.6938E-001
-1.8648E-001
 5.7414E-001
-4.5576E-001
 9.2713E-002
 1.0589E+000
-8.5044E-001
 1.2406E+000
 1.9018E+000
-9.0529E-001
-2.0653E-001
 6.9993E-001
-8.4124E-001
-2.3633E-001
 6.1217E-001
-5.1129E-001
-2.0850E-001
 7.8266E-001
-5.3310E-001
-4.9609E-002
 1.1519E+000
-5.8457E-001
-2.0821E-001
 5.8961E-001
-1.2386E-001
-6.2229E-001
 4.4008E-001
 3.4308E-001
-2.1162E-001
 4.3071E-001
-4.1272E-001
-1.4220E-001
 4.6081E-001
-4.6437E-001
-1.0589E-001
 3.5702E-001
-4.2602E-001
-7.5009E-002
 4.1699E-001
-4.6202E-001
-6.6597E-002
 3.5483E-001
-3.9132E-001
 1.0915E+000
 2.4249E+000
-2.2749E-001
-8.5204E-002
 3.8444E-001
-3.2750E-001
-6.8172E-003
 3.0289E-001
-2.3391E-001
-5.7235E-002
 4.1060E-001
-3.5895E-001
-6.3705E-003
 6.3513E-001
-3.9727E-001
 9.1502E-002
 4.0478E-001
-4.5566E-002
 1.7392E+000
 5.1412E-001
-5.5777E-001
 8.8106E-002
 2.7925E-001
-3.9690E-001
 5.7428E-002
 3.0240E-001
-4.0846E-001
-8.5292E-002
 2.5783E-001
-4.0428E-001
-1.5047E-001
-4.9600E-002
-4.8679E-001
 8.4021E-002
 5.2490E-001
-4.3806E-001
 1.6572E-001
 5.5631E-001
-4.2005E-001
-2.7485E-001
 4.2475E-001
-3.8258E-001
-4.5549E-001
 3.6561E-001
-4.2086E-001
-4.3296E-001
 2.1349E-001
-4.6765E-001
-3.5955E-001
 1.8488E-001
-2.4004E-001
-5.4436E-001
 5.1168E-001
-3.5907E-001
-1.9237E+000
 7.3988E-001
-5.6665E-001
-4.3767E-001
 1.3469E-001
-3.7981E-001
-3.9061E-001
-7.7480E-002
-4.0753E-001
-3.9552E-001
-4.1437E-001
-6.2633E-001
-5.8819E-001
-7.7479E-001
-7.0387E-001
-1.8629E-001
 1.0249E-001
-4.9948E-001
-1.6108E-001
-2.7958E-001
-5.0888E-001
-1.3940E-001
-4.7209E-001
-5.7281E-001
-1.6059E-001
-5.6196E-001
-4.4141E-001
-1.4080E-001
-8.8881E-001
-1.4533E-001
-9.7734E-002
-6.1969E-001
-7.7181E-001
 5.3565E-001
-5.2662E-001
-1.4053E+000
-2.7660E-001
-3.0583E-001
-6.1703E-001
-1.0806E-001
-3.8811E-001
-4.1818E-001
-3.2080E-001
-3.3679E-001
-8.9877E-002
-3.3809E-001
-5.3383E-001
 4.4303E-002
 1.7373E-002
-4.1796E-001
-6.1837E-001
 2.1129E-001
-4.7912E-001
-6.5241E-001
-3.8877E-001
-5.7175E-003
 1.0918E-002
-5.8651E-001
 1.2280E-002
 2.0592E-001
-4.4417E-001
-3.3407E-001
 1.9719E-001
-5.0112E-001
-3.6715E-001
 4.6394E-001
-6.9447E-001
 3.7951E-001
 2.5005E-001
-1.4758E+000
-2.5502E+000
-1.3949E+000
-3.2360E-001
-3.2164E-001
-1.2906E-001
-1.9800E-001
-6.7914E-001
 1.8476E-001
-2.2267E-001
-5.2131E-001
 1.9214E-001
-1.6394E-001
-1.9945E-001
 4.7566E-001
 1.0802E-001
-6.8143E-001
 6.7411E-001
-5.4223E-001
-3.5006E+000
 2.9958E+000
-8.0977E-002
-8.1180E-001
 5.6724E-002
-4.2691E-002
-6.1742E-001
 8.1755E-002
-2.0109E-001
-6.9337E-001
 1.6668E-001
-3.0148E-001
-6.3301E-001
-7.9184E-002
 2.6624E-002
-3.7839E-001
 1.7318E-001
-2.3416E-001
-1.1503E+000
 1.4340E-001
-2.3033E-001
-6.7602E-001
 4.9244E-001
-3.0709E-001
-7.4048E-001
 6.2959E-001
-1.5242E-001
-4.5556E-001
 6.1495E-001
 3.2316E-001
-1.5392E-001
 6.1148E-001
-2.7762E-001
-7.5606E-001
 1.1124E+000
-1.4892E-001
-9.3554E-001
-5.3643E-002
-3.6225E-001
-5.9035E-001
 7.1637E-001
-2.5869E-001
-4.1707E-001
 6.5234E-001
-3.0586E-001
-5.1496E-001
 4.5724E-001
-3.5350E-001
-9.6344E-001
-1.1933E-001
-1.3517E-001
-2.0556E-001
 5.4672E-001
-2.3388E-001
 9.7268E-003
 9.2821E-001
-3.3344E-001
 1.8487E-001
 6.3586E-001
-4.2797E-001
 3.0095E-002
 8.3288E-001
-6.3053E-001
 1.4700E-001
 8.9128E-001
-7.4014E-001
-3.4031E-002
 3.3592E-001
-1.5413E+000
 4.0366E-001
-1.2083E-001
-4.3953E-001
-9.5778E-002
 6.8630E-001
-8.2206E-001
-4.8953E-001
 8.3565E-001
-4.8836E-001
-4.2326E-001
 8.1223E-001
-2.2410E-001
-3.5818E-001
 8.2441E-001
-7.8588E-001
-1.2536E+000
 1.1596E+000
-1.4584E-001
-5.5015E-001
 8.0859E-001
-4.7440E-001
-4.5365E-001
 7.8569E-001
-1.1403E-001
-5.8006E-001
 7.3071E-001
-6.1470E-003
-6.6900E-001
 5.5778E-001
 3.2135E-001
-1.0782E+000
 6.7220E-001
-1.7191E-003
-6.1343E-001
 5.6752E-001
-3.1537E+000
-6.5186E-001
 1.3545E+000
-2.1180E-001
-4.1846E-001
 3.8910E-001
-1.6243E-001
-4.2571E-001
 2.5194E-001
-3.7836E-001
-4.2273E-001
 3.7943E-001
-5.0718E-001
-2.5666E-001
 4.7999E-001
-2.5336E-001
-2.9259E-001
-2.3113E-002
 1.8595E-001
-1.9678E-001
 7.8403E-002
-4.7599E-001
-6.4169E-001
 5.6161E-001
-6.6430E-001
-6.3551E-001
 7.4644E-001
-3.2804E-001
-7.8603E-001
 8.2377E-001
 8.1443E-002
-8.6445E-001
 7.8390E-001
-8.9164E-001
-6.8115E-001
 1.2037E+000
 5.2567E-001
-9.5035E-001
-1.6414E+000
-4.7188E-001
-6.0860E-001
 8.9163E-001
-9.7171E-002
-8.0549E-001
 9.8156E-001
 1.3822E-001
-6.6503E-001
 4.1675E-001
 3.9769E-001
-5.7279E-001
 2.8287E-001
 3.5650E-001
-1.1203E+000
 1.2715E+000
 1.5203E-001
-9.9481E-001
 2.1852E+000
-1.2331E-001
-7.0900E-001
 1.4501E-001
 9.0285E-002
-5.5869E-001
-3.9330E-001
 1.5169E-001
-5.5155E-001
-2.9125E-001
 2.5795E-001
-5.8460E-001
-4.1223E-001
 2.0692E-002
-4.2947E-001
 1.0778E-001
 6.1358E-002
-4.2469E-001
 1.7177E-001
 1.2582E-003
-3.4115E-001
 2.6270E-001
 1.0392E-001
-3.3964E-001
 1.1127E-001
 2.1251E-001
-4.0064E-001
 2.1998E-001
 4.3459E-001
-4.5495E-001
 5.7282E-001
-1.6833E-001
-3.2682E-001
 5.1890E-001
-1.3716E-001
-2.1952E-001
 5.6695E-001
-2.3075E-001
-3.0210E-001
 5.4582E-001
-3.0100E-001
-2.9297E-001
 6.8060E-001
-1.0790E-001
-2.0351E-002
 6.7032E-001
 4.9469E-002
 3.8611E-001
 6.4090E-001
-2.9703E-001
-3.0855E-001
 3.5773E-001
-3.6039E-001
-3.0899E-001
 2.7854E-001
-6.0308E-002
-3.7955E-002
 1.8617E-001
 9.6805E-002
 2.3382E-004
 1.2719E-002
-7.1464E-001
-3.6387E-001
-3.4170E-002
 6.7664E-001
-1.9956E+000
 1.8623E-001
 7.2853E-002
-3.5977E-002
 2.7226E-001
 3.3600E-001
 1.2192E-001
 2.1229E-001
 7.1929E-001
 6.2277E-001
 2.7074E-001
 1.2469E+000
 7.7404E-001
-1.0470E-001
 7.4586E-001
-3.1407E-001
 1.0890E-001
 1.1950E+000
 2.9449E-001
 4.2769E-001
 6.1724E-001
 8.2669E-001
 7.0096E-001
 9.7850E-001
 1.2702E+000
 9.5787E-001
 9.0982E-001
 7.6735E-001
 8.1509E-001
 9.4901E-001
 5.6827E-001
 1.0141E+000
 6.3529E-001
 6.1182E-001
 4.8079E-001
 7.0584E-001
 1.6335E-001
 3.2640E-001
 5.2046E-001
 1.5450E-001
 5.5706E-002
 4.9680E-001
 1.6773E-001
-2.2707E-002
 8.9338E-001
-3.2644E-001
 4.3518E-001
 1.3549E+000
-1.6347E+000
 1.1374E-001
 4.9842E-001
 1.0702E-001
-5.5887E-002
 5.4623E-001
 1.1522E-001
 1.5965E-002
 6.7578E-001
 3.6629E-001
 5.6779E-002
 6.4770E-001
 6.2267E-001
 3.7528E-002
 4.7664E-001
 7.1547E-002
-1.4410E-001
 5.0555E-001
 1.9430E-001
-1.5600E-001
 7.2630E-001
 3.4562E-001
 9.3722E-002
 9.3461E-001
 6.0628E-001
 1.0888E-001
 8.6438E-001
 8.7496E-001
 1.5778E-001
 9.3709E-001
 1.2179E+000
 3.2956E-001
 1.2787E+000
 5.0892E-001
 2.8083E-001
-5.5098E-001
 6.6345E-001
-1.6548E+000
 8.6113E-001
 8.4436E-001
 1.2626E-001
 8.5409E-001
 1.0638E+000
 3.0867E-001
 6.6023E-001
 1.0371E+000
 2.9979E-001
 6.0974E-001
 7.8804E-001
 1.4524E-001
 1.1322E+000
 1.0990E+000
 4.1744E-001
 1.2420E+000
 1.0079E+000
 4.1427E-001
 4.7889E-001
 1.3249E+000
 4.1265E-001
 8.9175E-002
 1.3070E+000
 4.1205E-001
 2.2622E-001
 1.2755E+000
 3.2675E-001
 1.0469E-001
 1.1365E+000
 2.2137E-001
-1.5280E-001
 1.7043E+000
 5.6106E-001
 1.5743E-002
 1.7813E+000
 2.4648E-001
 4.9300E-001
 1.3911E+000
 3.4343E-001
 5.9636E-001
 1.3416E+000
 3.0895E-001
 6.5314E-001
 8.4803E-001
 7.1698E-002
 5.4632E-001
 2.6828E-001
-2.9667E-001
 1.0946E+000
 1.7094E+000
 1.4832E-001
 8.7614E-001
 1.8028E+000
 3.5715E-001
 7.2687E-001
 9.9735E-001
 2.4414E-001
 7.6136E-001
 6.2457E-001
 3.4326E-002
 3.9527E-001
 4.6199E-001
-2.7255E-002
 3.3472E-001
-2.2246E-003
-1.7330E-001
 9.6003E-001
 5.6614E-001
-1.7125E-002
 1.6660E+000
 6.7400E-001
 3.9715E-002
 1.2655E-001
 6.8429E-001
 4.4576E-003
-6.2239E-002
 5.7793E-001
 9.9606E-003
-2.7794E-001
 5.2980E-001
-3.6218E-002
-4.5686E-001
 1.9110E-001
-3.2470E-001
-1.2149E-001
 7.3038E-001
-1.1316E-002
-2.5380E-001
 7.3168E-001
 9.1415E-003
-4.8811E-001
 6.4251E-001
-8.1593E-002
-2.4163E-001
 1.3652E-001
-2.2821E-001
-3.5106E-001
-1.0004E-001
-5.6513E-001
-3.6606E-001
 1.1692E+000
 1.1849E-001
-7.9866E-001
 1.4920E+000
 4.8337E-001
 6.1938E-002
 8.8231E-002
-1.6793E-001
 3.1559E-001
-3.6665E-001
-1.9218E-001
 1.7229E-001
-8.4344E-001
-2.4288E-001
 3.9076E-002
-1.2494E+000
-2.0452E-001
 8.7513E-001
-3.1396E-001
-9.2296E-002
 1.7504E-001
-7.9170E-001
-2.4744E-001
-1.1503E-002
-1.2753E+000
-4.1791E-001
-4.1233E-001
-1.3391E+000
-4.5230E-001
-5.0894E-001
-1.8397E+000
-8.5970E-001
-7.6642E-002
-1.4144E+000
-4.5826E-001
 5.7094E-001
-2.4076E+000
-7.8266E-001
-7.8290E-001
-9.0503E-001
-2.2632E-001
-1.0928E+000
-9.2604E-001
-3.3206E-001
-1.1433E+000
-1.1616E+000
-4.2240E-001
-1.4081E+000
-1.4636E+000
-6.6674E-001
-1.2291E+000
-6.0741E-001
-2.9952E-001
-7.6463E-001
-1.4762E+000
 6.0197E-001
-8.3153E-001
-1.0287E+000
-3.2876E-001
-8.3849E-001
-1.1975E+000
-3.7535E-001
-7.0062E-001
-1.6491E+000
-5.3671E-001
-8.0651E-001
-1.8089E+000
-6.1613E-001
-4.7661E-001
-8.7385E-001
-2.7239E-001
-2.9881E-001
 9.7150E-002
-2.3344E-001
-5.2934E-001
-1.7301E+000
-5.4970E-001
-4.3368E-001
-2.0735E+000
-6.0456E-001
-6.7489E-001
-2.2526E+000
-6.8116E-001
-5.9250E-001
-2.6729E+000
-5.2976E-001
-1.1506E-001
-2.0828E+000
-5.4405E-001
-1.0055E+000
-2.0008E+000
-8.2125E-001
-1.2078E+000
-2.1575E+000
-8.7799E-001
-9.4340E-001
-2.1891E+000
-7.8559E-001
-8.7675E-001
-2.1916E+000
-6.8753E-001
-8.3377E-001
-2.1368E+000
-7.4131E-001
-4.8384E-001
-1.9864E+000
-5.2568E-001
-6.7818E-001
-1.5248E+000
-7.0714E-001
-5.7630E-001
-1.1623E+000
-7.8035E-001
 9.6279E-003
-1.8362E+000
-2.2787E-001
 4.1200E-001
-2.0225E+000
 8.9112E-002
-3.6023E-001
-1.4337E+000
-6.3172E-001
-3.2934E-001
-1.2134E+000
-7.8968E-001
-1.3138E-001
-7.9065E-001
-5.2670E-001
-1.0015E-001
-8.5614E-001
-4.2940E-001
-2.2574E-001
-1.2026E+000
-1.2034E+000
 1.0180E+000
-1.4463E+000
-1.1380E+000
-1.0536E-001
-5.4984E-001
-5.6188E-001
-4.1024E-002
-2.6464E-001
-4.1404E-001
 1.0670E-001
-2.5126E-001
-4.4707E-001
 2.0151E-001
-3.3294E-001
-5.4567E-001
-1.4218E-001
-3.0709E-001
-2.5804E-001
-2.6661E-001
-5.2135E-001
-2.8229E-001
 1.9540E-001
-1.1498E-001
-3.6099E-001
 2.5887E-001
-1.7496E-001
-3.3369E-001
 1.8883E-001
-1.9878E-001
-3.1391E-001
 2.9771E-001
-3.0743E-001
-2.6804E-001
 2.8660E-001
-1.3616E-001
-3.1632E-001
 3.0692E-001
-1.3809E-001
-3.0235E-001
 1.6728E-001
-2.0148E-001
-3.1834E-001
 1.4581E-001
-1.9555E-001
-3.0562E-001
 1.3100E-001
-2.1586E-001
-2.0852E-001
 2.5464E-002
-3.1116E-001
-6.2162E-002
 1.3741E-001
-1.6059E-002
-2.7374E-001
 3.0720E-001
 3.2406E-001
-7.4078E-001
 1.9115E-001
-1.6592E-001
-3.2490E-001
 2.0015E-001
-1.5094E-001
-2.9925E-001
 2.2689E-001
-1.0082E-001
-3.0318E-001
 5.1582E-001
-2.0170E-001
-3.5488E-001
 9.6824E-002
-1.8958E-001
-4.8548E-001
 8.4994E-002
-4.2299E-001
-4.3348E-001
-5.9096E-002
 3.6574E-003
-1.8527E-001
 4.9561E-002
-1.2065E-002
-2.1367E-001
-5.6397E-004
-5.3325E-002
-1.9378E-001
-1.0959E-001
-1.6025E-002
-2.3193E-001
 8.2206E-002
 9.2726E-002
-9.4220E-002
 4.0861E-001
 4.2406E-001
 2.3412E-001
 5.5193E-002
-2.0179E-001
-2.3584E-001
-1.2309E-002
-2.9612E-001
-2.0558E-001
-5.8832E-003
-1.7577E-001
-1.1967E-001
 3.0636E-001
-2.3413E-001
-1.3060E-001
 5.2510E-002
-4.3143E-001
-3.7858E-001
-1.2088E+000
-1.9791E+000
-2.0076E+000
-3.0999E-001
-1.2191E-001
 2.6962E-003
-4.0233E-001
-7.9710E-002
 9.7658E-003
-4.3082E-001
-2.6888E-001
-7.4666E-002
-6.0811E-001
-3.4604E-001
-8.5980E-002
-5.9208E-001
 9.4234E-002
 5.1022E-002
 1.5365E+000
-2.3210E+000
 2.2692E+000
-2.6313E-001
-4.4828E-001
-1.0633E-001
-3.5474E-001
-7.2373E-001
-1.5635E-001
-1.8682E-001
-5.9939E-001
 1.1397E-002
 4.8938E-002
-3.2236E-001
 1.0562E-001
-2.9706E-002
-8.6599E-001
-3.0260E-001
-1.7146E-001
-1.2881E+000
-2.9150E-001
-4.4549E-001
-7.8369E-001
 1.0793E-001
-3.4716E-001
-7.3949E-001
 1.9381E-001
-3.5113E-001
-7.8188E-001
 1.2700E-001
-4.5777E-001
-8.2996E-001
 8.3643E-002
-3.8152E-001
-7.4712E-001
 4.1613E-001
-3.8556E-001
-5.9863E-001
 5.0426E-001
-2.0931E-001
-8.1505E-001
 5.1974E-002
-2.6415E-001
-9.0402E-001
-2.2749E-001
-3.0745E-001
-9.8402E-001
-1.0051E-001
-4.0617E-001
-8.5875E-001
 2.0825E-003
 1.1622E-001
-8.1472E-001
-3.3674E-001
 1.4857E-001
-8.5965E-001
-3.8141E-002
-4.2936E-001
-1.2305E+000
-1.9684E-001
-6.4604E-001
-1.2956E+000
-1.5925E-001
-8.1437E-001
-1.3012E+000
-2.4397E-001
-9.2984E-001
-1.2887E+000
-1.5529E-001
-6.7320E-001
-1.6016E+000
-1.9033E-001
-3.7829E-001
-1.4281E+000
-2.5398E-002
-6.5855E-001
-1.3558E+000
-3.0576E-001
-8.0846E-001
-1.3795E+000
-3.9228E-001
-7.7432E-001
-1.1187E+000
-1.9421E-001
-1.1112E+000
-9.8409E-001
-3.3785E-001
-6.5571E-001
-1.6287E+000
-5.0784E-001
-8.1575E-001
-4.5259E+000
-1.0620E+000
-3.3158E-001
-8.5388E-001
 3.4228E-002
-2.5991E-001
-4.8803E-001
 3.4316E-001
-4.9089E-001
-1.3685E-001
 3.4257E-001
-5.7605E-001
-6.1383E-002
 3.5251E-001
 2.5119E-001
-3.9290E-001
 6.0344E-001
 5.7149E-001
-6.0367E-001
 5.8923E-001
-6.6527E-001
 7.7665E-002
 3.2579E-001
-8.6904E-001
 3.0658E-001
 3.5194E-001
-5.5976E-001
 3.0961E-001
 3.3645E-001
-4.8509E-001
 1.4832E-001
 3.1098E-001
-1.0874E+000
 4.9967E-001
 3.9908E-001
-5.9427E-001
 5.3297E-001
 4.9926E-002
-4.3638E-001
 4.8376E-001
 9.5937E-002
-3.4319E-001
 4.4558E-001
 1.9518E-001
-1.8356E-001
 2.4223E-001
 2.6047E-001
-1.1196E-001
 8.3008E-002
 3.5025E-001
-2.2638E-001
 5.4197E-001
 1.3155E-001
-3.0527E-001
 4.0389E-001
 1.9181E-001
 4.2357E-002
 3.4039E-001
 2.3490E-001
 1.2641E-001
 1.9384E-001
 2.5326E-001
 1.9130E-002
-2.2272E-001
 2.8729E-001
-7.3597E-002
-2.5743E-001
-3.6942E-002
-2.5106E-002
 4.4041E-001
 2.3377E-001
 1.2699E-001
 8.4516E-001
 4.4523E-001
-3.8229E-004
-1.2116E-001
 6.0548E-001
-3.0818E-002
-1.4155E-001
 6.4308E-001
-1.6887E-002
 1.2517E-001
 4.5544E-001
-2.1381E-001
 8.3576E-001
 1.3579E-001
-8.3612E-002
-8.2823E-002
 1.0657E+000
 8.7401E-001
-4.0774E-001
 1.6193E+000
-1.4036E-002
-5.1348E-001
 6.4430E-001
-1.7786E-001
-3.0256E-001
 5.6948E-001
 6.5703E-003
-3.2707E-001
 3.9315E-001
-1.0995E-001
-1.3906E-001
 4.0982E-001
-3.2704E-001
-1.9443E-001
 5.5143E-001
-1.0422E+000
 2.6229E-002
 1.1020E+000
 2.4441E-001
-2.1831E-001
 1.6482E-001
 9.4934E-003
-1.9786E-001
-4.8873E-002
 1.0617E-001
-2.8831E-001
 1.1347E-001
-2.8870E-001
 1.2105E-002
-8.0126E-002
 2.6013E-002
-4.3967E-001
-4.3853E-001
-3.1445E-001
-1.4031E+000
-1.3520E+000
 3.8264E-001
-5.2258E-001
 4.2224E-001
 4.4933E-001
-4.6481E-001
 5.8962E-001
 3.2318E-001
-5.4595E-001
 6.8676E-001
 6.1938E-001
-1.6903E-001
 7.7621E-001
-1.4344E-001
-1.0247E+000
 6.3388E-001
-1.7431E-001
-9.6331E-001
 6.9809E-001
-3.2636E-001
-7.8414E-001
 6.3147E-001
-3.9717E-001
-7.4227E-001
 5.5119E-001
-1.5270E-001
-9.2373E-001
 7.6021E-001
-1.7689E+000
 3.0626E-001
 1.1689E+000
-3.1505E-001
-7.8169E-001
 7.7148E-001
-4.1670E-001
-6.3225E-001
 6.7862E-001
-3.3591E-001
-5.8159E-001
 4.7573E-001
-2.5287E-001
-4.6474E-001
 3.6891E-001
-5.9284E-001
-5.5947E-001
 6.1421E-001
-2.9702E+000
-1.6799E+000
 1.1520E+000
-5.1212E-001
-6.1215E-001
 5.3085E-001
-5.0402E-001
-6.2258E-001
 3.9319E-001
-5.3433E-001
-6.3144E-001
 3.2537E-001
-4.5041E-001
-6.2546E-001
 1.7490E-001
-4.0160E-001
-6.3286E-001
 4.4611E-001
-1.4108E+000
-5.9758E-001
-1.6726E-001
-6.5747E-001
-7.0625E-001
 4.3162E-001
-7.3373E-001
-7.8438E-001
 5.2681E-001
-8.0557E-001
-1.0121E+000
 4.3485E-001
-9.0086E-001
-1.0428E+000
 2.7761E-001
-6.5038E-001
-7.0900E-001
 5.7014E-001
-8.6388E-001
-9.5638E-001
 1.1537E+000
-9.4796E-001
-1.1978E+000
 4.9751E-001
-1.0345E+000
-1.3161E+000
 4.3502E-001
-1.0862E+000
-1.2768E+000
 4.0090E-001
-9.9240E-001
-1.2930E+000
 2.9940E-001
-1.2125E+000
-1.3865E+000
 5.0593E-001
-1.2359E+000
-9.1711E-001
 3.7946E-001
-1.1162E+000
-7.0585E-001
 2.6533E-001
-1.0754E+000
-6.2166E-001
 2.7266E-001
-1.2252E+000
-5.8655E-001
 2.9994E-001
-1.3056E+000
-5.5011E-001
 6.6181E-002
-1.5126E+000
-7.1687E-001
 3.5772E-001
-9.9392E-001
-6.6373E-001
 3.3071E-001
-9.4209E-001
-5.8234E-001
 2.8765E-001
-9.6955E-001
-5.2699E-001
 4.5765E-001
-1.1457E+000
-4.9555E-001
 5.5849E-001
-1.0897E+000
-4.8044E-001
 1.4194E-001
-1.4155E+000
-5.2773E-001
 2.4928E-001
-1.0007E+000
-6.3716E-001
 4.4930E-001
-9.0054E-001
-7.4989E-001
 3.8127E-001
-7.4989E-001
-5.5464E-001
 3.6141E-001
-7.2234E-001
-5.0536E-001
 4.2344E-001
-7.4568E-001
-6.9097E-001
 3.1783E-001
-6.4664E-001
-5.0859E-001
 3.0171E-001
-6.7943E-001
-5.8889E-001
 4.7149E-001
-7.3841E-001
-6.9925E-001
 8.2371E-001
-6.5928E-001
-2.8041E-001
 3.3134E-001
-3.4920E-001
-8.2298E-001
 6.5127E-001
-5.8628E-001
-5.1342E-001
 3.9262E-001
-6.7376E-001
-7.1114E-001
 4.7404E-001
-8.8835E-001
-6.8427E-001
 4.7761E-001
-1.4398E+000
-9.8840E-001
 4.0557E-001
-5.1438E-001
-8.8189E-001
 7.2390E-001
-9.6040E-001
-6.0728E-001
-1.3445E-001
-4.2498E-001
-5.2074E-001
 4.7124E-001
-5.7500E-001
-6.0300E-001
 4.7121E-001
-4.8104E-001
-5.8936E-001
 4.8115E-001
-5.4603E-001
-7.7925E-001
 4.6389E-001
-6.2506E-001
-5.7549E-001
 3.3479E-001
-6.0318E-001
-4.4766E-001
 3.0119E-001
-3.3229E-001
-2.7304E-001
 5.0335E-001
-2.5260E-001
-2.4413E-001
 5.0366E-001
 9.7324E-002
-6.1955E-002
 7.4930E-001
 7.4907E-001
 1.7056E-001
 9.2361E-001
-1.6463E-001
-2.0288E-001
 9.7241E-002
-6.8981E-002
 1.4889E-002
 3.0217E-001
-1.4150E-001
-1.6989E-001
 6.4502E-001
 1.9258E-001
-1.4366E-001
 7.9694E-001
 3.9655E-001
-5.3878E-002
 7.7235E-001
 4.3339E-001
 1.6271E-001
 9.2805E-001
 3.6640E-001
-6.4969E-002
 7.7435E-001
 3.3719E-001
-2.8818E-001
 1.8365E+000
 5.4258E-001
-1.9460E-001
 7.0100E-001
 7.3288E-001
-1.0945E-001
 6.2444E-001
 4.6946E-001
-1.4685E-001
 6.4707E-001
 1.0113E+000
 4.7382E-003
 8.9694E-001
 7.9742E-001
 1.6109E-001
 2.9317E-001
 1.0167E+000
 3.3974E-001
 6.4527E-001
-2.1135E-001
-1.9975E-001
 4.1026E-001
-4.4777E-001
-2.3511E-001
 4.5444E-001
-6.4568E-001
-9.1117E-001
 6.1718E-001
-9.7907E-001
-2.4458E+000
 1.1510E+000
-8.6504E-001
-5.3580E-002
 1.8058E-001
-5.9281E-001
 1.5795E+000
 3.6933E-001
-3.6280E-001
 1.5790E-001
 2.7175E-001
-5.4632E-001
-3.9552E-001
 6.3499E-001
-4.4300E-001
-5.6037E-001
 6.5481E-001
-6.3654E-001
-6.6390E-001
 6.4366E-001
-1.2202E+000
-3.4673E-001
 8.6561E-001
-1.4366E+000
-1.0775E+000
 1.1818E+000
-2.6716E-001
-5.0696E-001
 8.2773E-001
-1.3290E-001
-6.0960E-001
 7.6797E-001
-1.3072E-001
-6.4268E-001
 6.2866E-001
-2.4788E-001
-6.8369E-001
 7.4737E-001
-2.2784E-001
-6.1761E-001
 7.8843E-001
-2.2502E-001
-5.9847E-001
 8.4361E-001
-1.4172E-002
-5.9086E-001
 3.7329E-001
-1.7097E-002
-5.2469E-001
 2.9189E-001
 1.0161E-001
-5.5653E-001
 3.8501E-001
 1.2941E-001
-7.0475E-001
 2.7577E-001
-3.4645E-002
-4.7101E-001
 2.5622E-001
-2.0925E-002
-5.2500E-001
 2.1166E-001
 2.3647E-001
-3.3738E-001
 6.7854E-001
 3.6655E-001
-3.2920E-001
 8.0183E-001
 2.7624E-001
-3.7675E-001
 6.9370E-001
 7.1177E-001
-5.5091E-001
 6.5092E-001
 4.1065E-001
-2.2801E-001
 9.8702E-001
-7.9433E-001
-2.6546E+000
 2.8204E+000
-1.7834E-001
-1.9058E-001
 6.0940E-001
-3.6370E-001
-2.0357E-001
 4.0079E-001
-2.9863E-001
-3.3730E-001
 5.5717E-001
-2.3689E-001
-4.2291E-001
 5.1274E-001
-2.4535E-001
 1.6416E-001
 9.3443E-002
-4.0325E-001
 3.0034E-001
-1.3434E-001
-3.2787E-001
-3.6462E-001
 6.8300E-001
-2.6469E-001
-4.8105E-001
 8.0672E-001
-1.4400E-001
-6.7900E-001
 7.9426E-001
-8.5150E-002
-7.9304E-001
 7.7539E-001
-3.4252E-001
-4.2374E-001
 9.3264E-001
-4.6820E-001
-5.8197E-001
 1.0315E+000
-4.0825E-002
-7.3309E-001
 7.9478E-001
 4.7874E-002
-8.8546E-001
 8.0382E-001
 3.7009E-002
-9.1334E-001
 7.1095E-001
 1.6620E-001
-8.1277E-001
 6.1758E-001
-7.7685E-002
-9.8643E-001
 7.6231E-001
-1.3945E-001
-9.7042E-001
 7.5490E-001
-3.4347E-001
-8.8991E-001
 7.6856E-001
-3.6466E-001
-7.7867E-001
 7.8734E-001
-9.7794E-002
-1.1157E+000
 6.8042E-001
-1.1114E+000
-8.8207E-001
 1.8935E+000
-6.3566E-001
-9.9660E-001
 7.8719E-001
-8.8353E-001
-9.8443E-001
 7.2504E-001
-9.1759E-001
-1.0852E+000
 7.3836E-001
-1.0016E+000
-9.1855E-001
 3.9711E-001
-9.1681E-001
-1.0848E+000
 7.1911E-001
-9.0445E-001
-1.1092E+000
 6.1296E-001
-8.6049E-001
-1.3729E+000
 1.1367E+000
-8.9791E-001
-1.5019E+000
 1.2211E+000
-9.8496E-001
-1.6241E+000
 1.1716E+000
-1.0443E+000
-1.9257E+000
 1.0353E+000
-1.0520E+000
-1.4485E+000
 1.2397E+000
-8.5518E-001
-1.3100E+000
 1.0490E+000
-9.7585E-001
-1.3232E+000
 1.2738E+000
-9.8783E-001
-1.4052E+000
 1.1267E+000
-8.0984E-001
-1.6023E+000
 1.0903E+000
-5.6274E-001
-2.4675E+000
 1.7097E+000
-9.8096E-001
-1.4933E+000
 1.0611E+000
-9.5265E-001
-1.5078E+000
 1.0136E+000
-8.8077E-001
-8.6861E-001
 4.2645E-001
-7.4706E-001
-9.8822E-001
 3.5638E-001
-7.8450E-001
-1.0135E+000
 4.7427E-001
-9.7320E-001
-9.7097E-001
 6.8066E-001
-5.5040E-001
-1.0753E+000
 4.5657E-001
-5.8739E-001
-1.0041E+000
 4.8472E-001
-5.8415E-001
-1.0729E+000
 3.2578E-001
-6.0705E-001
-1.0986E+000
 4.3327E-001
-2.9180E-001
-9.8330E-001
 5.6768E-001
 4.9857E-001
-6.1945E-001
 9.5223E-001
-8.8577E-001
-1.2264E+000
 2.5937E-001
-6.6802E-001
-1.0830E+000
 2.8108E-001
-5.8865E-001
-7.3054E-001
 3.6164E-001
-7.6012E-001
-4.7375E-001
 2.6441E-001
-7.6793E-001
-1.0802E+000
 2.8357E-001
 1.1656E+000
-1.9760E+000
-8.6794E-002
-3.5967E-001
-7.4435E-001
 5.7638E-001
-2.6985E-001
-5.3128E-001
 6.9727E-001
-2.6828E-001
-6.2890E-001
 4.8013E-001
-2.1585E-001
-9.5660E-001
 3.0780E-001
-1.3650E-001
-6.1173E-001
 1.0927E+000
 4.8196E-001
-1.0883E+000
-4.3712E-001
-2.4882E-001
-4.7050E-001
 4.9574E-001
-2.3073E-001
-5.1078E-001
 3.6072E-001
-3.1545E-001
-5.1702E-001
 1.9183E-001
-1.4394E-001
-5.1530E-001
 3.2707E-001
-6.4689E-002
-5.1563E-001
 2.8431E-001
 1.0031E-001
-5.2337E-001
 5.7276E-001
-6.0797E-001
-5.1299E-001
-1.2558E-001
-7.1010E-001
-4.4808E-001
-3.4869E-001
-6.8915E-001
-3.9422E-001
-2.3214E-001
-7.3513E-001
-5.1490E-001
 1.3125E-001
-9.3995E-001
-2.6797E-001
-3.2365E-001
-9.6108E-001
 4.6819E-002
-2.0041E-001
-6.0964E-001
-1.6327E-001
-3.7341E-001
-5.9587E-001
-1.9113E-001
-8.6240E-002
-5.1822E-001
-1.5760E-001
-6.4481E-002
-7.2439E-001
 6.7255E-002
-2.2048E-001
-7.4718E-001
-2.0637E-001
 1.0692E-001
-2.4316E-001
 7.0001E-001
 7.4508E-001
-4.0520E-001
-1.6478E-001
 1.5103E-001
-3.4408E-001
-1.9390E-001
 1.4972E-001
-1.1363E-001
 4.5774E-002
 3.6444E-001
 2.2473E-002
 2.1412E-001
 3.4669E-001
-6.9037E-001
-1.3721E-001
 6.5212E-003
-1.6333E+000
-1.6400E-001
 1.1565E+000
 2.1726E-002
-2.0799E-001
 4.2577E-001
 2.2763E-001
 1.6755E-001
 4.1462E-001
-4.1257E-002
 5.9926E-001
 5.6195E-001
 1.4711E-001
 1.0154E+000
 7.5484E-001
 2.9906E-001
 2.2763E-001
 4.0743E-001
 4.3742E+000
-1.4671E+000
-1.1743E+000
-5.2348E-001
 5.7020E-001
 4.6445E-001
-9.7377E-001
 1.1261E+000
 5.5002E-001
-7.8006E-001
 8.9663E-001
 5.1781E-001
-6.4577E-001
 7.7892E-001
 3.4578E-001
-1.8536E+000
 1.1506E+000
 1.1521E+000
-8.5391E-001
 9.4346E-002
-1.1849E+000
-6.7871E-001
 8.6770E-001
 5.7882E-001
-4.7816E-001
 7.3188E-001
 5.6649E-001
-2.8023E-001
 7.5207E-001
 3.6233E-001
 4.8646E-001
 1.3669E+000
 9.0875E-001
-3.7614E-001
 4.3306E-001
 7.6662E-001
-8.2207E-001
 2.3287E-001
 8.9738E-001
-9.7736E-001
 2.2007E-002
-4.6816E-001
-8.2461E-001
 8.5620E-002
-6.2168E-001
-7.8462E-001
-3.9413E-002
-5.0646E-001
-4.7112E-001
-1.7811E-001
-4.6232E-001
-7.3675E-001
 2.2111E-001
-7.1954E-001
-1.3939E+000
-1.1783E+000
 3.4728E-001
-9.7431E-001
-2.2353E-002
-3.7948E-001
-9.5876E-001
-1.9216E-001
-1.6834E-001
-7.0372E-001
-3.0473E-001
 1.8848E-002
-1.4603E-001
-5.1472E-001
 2.9880E-001
-1.1974E+000
-3.0881E-001
-1.0825E-001
-1.0671E+000
-6.6457E-001
-2.6138E-001
-1.0298E+000
-2.3007E-001
-1.9001E-001
-8.6128E-001
-2.8852E-001
-3.4709E-002
-5.9754E-001
-6.9011E-002
 8.7067E-002
-5.3230E-001
-5.6551E-002
 2.9775E-001
-1.0286E+000
-2.0595E-001
-1.8289E-001
-7.5503E-001
 4.1885E-001
-1.7942E+000
-5.7369E-001
-3.0772E-002
-5.1772E-002
-4.6634E-001
 7.2762E-002
-5.7884E-002
-2.8223E-001
 6.9087E-002
 4.0665E-002
 2.4813E-001
-2.9272E-003
 2.1957E-001
-5.4320E-001
 2.7680E-001
-1.2970E-001
-5.5478E-001
 3.8394E-001
-1.5419E-001
-4.9408E-001
-6.0588E-002
-5.5747E-003
-3.5639E-001
-1.6396E-001
 1.9928E-001
-3.3348E-001
-1.9257E-001
 3.9411E-001
-2.5181E-001
-1.9967E-001
 3.3663E-001
-4.5323E-001
-3.5461E-001
 1.2743E-001
-3.6256E-001
-3.1014E-001
 2.0772E-001
-4.2787E-001
-2.4735E-001
 6.8624E-001
-5.0751E-001
-1.2455E-001
 8.6267E-001
-9.5733E-003
-1.6054E-001
 1.0554E+000
 3.9625E-001
-3.1786E-001
 1.1342E+000
-4.8300E-001
 1.8734E-002
 1.1325E+000
-7.8446E-001
 1.2640E+000
 1.4878E+000
-1.5414E-001
-1.3185E-001
 1.0835E+000
 3.0851E-001
 3.1575E-002
 1.3345E+000
 6.3860E-001
 1.4404E-001
 9.5010E-001
 8.4867E-001
 2.0056E-001
 1.2730E+000
 8.0870E-001
 1.4405E-001
 1.1680E+000
 2.0501E+000
 6.3881E-001
 9.4668E-001
 5.0327E-001
 1.4196E-001
 4.1735E-001
 7.1249E-001
 2.4792E-001
 3.0965E-002
 5.9117E-001
 1.6220E-001
 2.7719E-001
 8.0285E-001
 1.3086E-001
 2.5415E-001
 5.3308E-001
 3.9710E-001
-6.0896E-001
 6.5907E-001
-4.2770E-001
-2.2689E+000
 1.8836E-001
 1.7171E-001
 4.0991E-001
 1.4605E-001
 9.9231E-002
 5.2730E-001
 3.4830E-001
-2.2998E-002
 8.4903E-001
 3.4747E-001
-3.4291E-002
 7.3589E-001
-1.3538E-001
 3.4537E-002
 5.8708E-001
-5.8670E-001
-7.0332E-001
 3.1203E-001
 4.1716E-001
-2.0400E-001
 1.4177E+000
 4.6769E-001
-2.4668E-002
 1.6857E+000
 9.8297E-001
 7.8471E-002
 1.6533E+000
 8.8606E-001
 1.0489E-001
 1.5919E+000
 7.8035E-001
 1.3770E-001
 1.9096E+000
 7.7416E-001
 3.2386E-001
 2.0290E+000
 1.1981E+000
-1.8596E-001
 1.6977E+000
 1.6874E+000
-2.1776E-001
 1.5467E+000
 1.3762E+000
-2.1918E-001
 9.6573E-001
 1.5248E+000
-2.3392E-001
 9.6925E-001
 2.3520E+000
-3.8487E-001
 1.1126E+000
 2.1682E+000
-1.1142E+000
 1.7123E+000
 9.3838E-001
-1.3156E-001
 5.4637E-001
 6.4427E-001
-2.3668E-001
 2.8515E-001
 3.8587E-001
-9.7958E-002
 6.0809E-001
 2.9862E-001
-1.0634E-001
 6.2565E-001
 2.8130E-001
-3.9883E-001
-1.7163E-002
-1.0639E+000
-8.6134E-001
-5.7023E-001
 4.0764E-002
 6.1982E-002
 1.0518E+000
-3.7358E-001
 3.8083E-001
 1.1653E+000
-1.1065E-001
 5.9552E-001
 1.5022E+000
-5.8061E-001
 6.7075E-001
 1.3765E+000
-4.9494E-001
 8.5241E-001
 1.5621E+000
-1.0071E+000
 8.6503E-001
 1.4034E+000
 5.6057E-001
 4.5175E-001
 1.9864E+000
 7.6013E-001
 7.5926E-001
 2.2945E+000
 1.0733E+000
 6.8024E-001
 1.9552E+000
 1.0877E+000
 5.9230E-001
 1.6272E+000
 1.3689E+000
 1.0588E+000
 2.4785E+000
 1.4497E+000
 4.5286E+000
 2.7771E+000
 1.0799E+000
 6.6640E-001
 1.9334E+000
 1.1323E+000
 4.9723E-001
 1.7319E+000
 1.2606E+000
 7.5412E-001
 1.5945E+000
 1.1699E+000
 5.7417E-001
 1.3154E+000
 9.9632E-001
 3.7709E-001
 2.0520E+000
 1.4592E+000
 2.1815E-001
 2.0497E+000
 1.5261E+000
 1.1839E+000
 1.8316E+000
 1.7377E+000
 1.3985E+000
 1.8342E+000
 1.8544E+000
 1.5566E+000
 1.5593E+000
 1.5423E+000
 1.3970E+000
 1.8298E+000
 1.8272E+000
 1.6630E+000
 2.1909E+000
 2.5553E+000
 1.1170E+000
 2.7199E+000
 2.2242E+000
 1.7165E+000
 1.0104E+000
 2.2482E+000
 2.0864E+000
 4.8005E-001
 1.8783E+000
 1.9672E+000
 2.0891E-001
 1.8827E+000
 2.0221E+000
 1.0941E-001
 2.4875E+000
 2.5550E+000
 1.3816E-001
 1.5534E+000
 1.8321E+000
 2.7408E-002
 1.1069E+000
 1.7298E+000
-2.5358E-001
 8.8888E-001
 1.3443E+000
-4.2801E-001
 4.3126E-001
 1.3095E+000
-3.8054E-001
 1.1902E+000
 1.6849E+000
-2.2814E-001
 9.7718E-001
 1.6591E+000
-2.2140E-001
 1.1538E+000
 9.7139E-001
-5.8032E-001
 9.4329E-001
 5.0736E-001
-6.0860E-001
 7.2641E-001
 3.6370E-001
-5.3452E-001
 6.8431E-001
 3.4359E-001
-5.0248E-001
 1.3217E+000
 1.2977E-001
-5.6458E-001
-3.1364E-002
 8.1502E-001
 4.9791E-001
 6.3859E-001
 2.5503E-001
-5.4285E-001
 4.7018E-001
 1.4765E-001
-5.3164E-001
 4.2971E-001
 1.9494E-001
-3.2304E-001
 3.4296E-001
 9.3680E-002
-2.1458E-001
 2.7450E-001
 2.7894E-003
-4.9081E-001
 1.2350E-001
 7.8072E-003
-5.4953E-001
 4.9063E-001
 2.9095E-001
-1.8463E-001
 3.8672E-001
 4.0040E-001
 2.1556E-002
 4.4442E-001
 5.0796E-001
 1.6317E-002
 4.4776E-001
 4.9056E-001
 1.0755E-001
 5.5268E-001
 6.5555E-001
-1.2844E-001
 5.1859E-001
 6.8859E-001
-6.6047E-002
 4.5052E-001
 5.0129E-001
 6.8856E-002
 3.5529E-001
 5.5102E-001
 2.5366E-001
 6.1894E-001
 7.6516E-001
-1.9958E-001
-6.1552E-002
 1.0329E+000
 3.3129E-001
 5.4369E-001
 2.7000E-001
-1.0974E-002
 4.4689E-001
 5.3706E-002
 9.1747E-002
 2.3481E-001
 9.9784E-002
 8.9840E-002
 2.7224E-001
 1.7507E-001
-1.9075E-001
 7.0660E-001
-1.1316E-001
 2.4395E-001
 4.5203E-001
-4.3525E-001
 6.2190E-001
 6.5332E-002
 1.1949E-001
 3.4284E-001
-1.3701E-001
 1.8567E-001
 3.6130E-001
-1.5012E-002
 2.4395E-001
 4.6050E-001
 8.8384E-002
 2.5441E-001
 5.7094E-001
-3.1258E-001
 1.5786E-001
 6.8635E-001
-5.7016E-001
 2.2207E-001
 7.5422E-001
 1.0249E-002
 3.3098E-001
 4.7294E-001
 1.0812E-001
 4.6300E-001
 6.9383E-001
 2.0128E-001
 3.5866E-001
 4.3065E-001
 1.3041E-001
 3.2756E-001
 4.4201E-001
 4.3688E-001
 6.9766E-001
 9.5456E-001
 2.2545E-001
-3.0613E-002
 3.7148E+000
 3.5927E-001
 3.2368E-001
 2.3592E-001
 4.5765E-001
 2.5535E-001
-1.2292E-003
 3.0081E-001
 2.6672E-001
-1.2386E-001
 1.9215E-001
 1.9382E-001
-2.5804E-001
 6.3852E-001
 1.8513E-001
-1.2392E-001
 5.8051E-001
 3.4725E-001
-1.2719E-001
 2.4740E-001
 3.2415E-001
-9.0962E-002
 7.4157E-002
 2.7022E-001
-1.5242E-001
-1.3085E-002
 2.7290E-001
-3.9682E-002
-1.0378E-001
 2.9887E-001
-2.5076E-001
-5.0152E-002
 2.3989E-001
-1.6322E-001
 1.9968E-002
 2.3869E-001
 2.8954E-001
-5.2058E-002
 2.5820E-001
 4.1768E-001
-3.8535E-002
 1.7630E-001
 3.0631E-001
-2.5745E-001
 1.3132E-001
 3.7848E-001
-3.6695E-002
 2.8757E-001
 6.3923E-001
-1.8263E-001
 2.0609E-001
 8.1200E-001
 2.1086E-001
 8.5528E-002
 2.8669E-001
 2.9684E-001
-2.7939E-002
 1.4722E-001
 3.1248E-001
-3.7885E-002
 7.9106E-002
 2.8685E-001
 1.2705E-002
 2.1599E-001
 3.4146E-001
-1.7752E-001
 2.4584E-001
 2.4171E-001
-1.4051E-001
-1.1221E-001
 2.3295E-001
-1.4316E-001
-2.1350E-001
 3.0646E-001
-4.5697E-002
-3.4168E-001
 3.2228E-001
 1.1567E-001
-4.0601E-001
 2.5692E-001
-1.4239E-001
-2.7862E-001
 2.7416E-001
-6.2680E-002
-3.6869E-001
 1.8296E-001
-1.4308E-001
-5.8913E-001
 3.7751E-001
-2.6434E-001
-7.7688E-001
 2.9375E-001
 1.0162E-002
-3.9064E-001
 2.4075E-001
 7.8843E-002
-3.4812E-001
 6.8428E-002
-1.7273E-001
-5.6208E-001
 1.7808E-002
-1.7669E-001
-6.0235E-001
 1.2888E-001
-2.5128E-001
-6.1503E-001
 1.9494E-001
-3.0487E-001
-6.3948E-001
-1.2492E-001
-1.6093E-001
-6.8081E-001
-1.6962E-001
-1.9537E-001
-7.0056E-001
 1.4451E-001
-1.5273E-001
-5.1459E-001
 3.0485E-001
-8.7658E-002
-5.3880E-001
 2.0617E-001
-1.1942E-001
-5.2657E-001
 9.5252E-002
 2.3519E-002
-6.5029E-001
 4.2298E-001
 1.8685E-001
-3.9013E-001
-3.8867E-001
 4.8821E-001
-1.7119E+000
 1.5485E-001
-3.5160E-001
-4.6149E-001
 6.9526E-002
-4.0617E-001
-5.4506E-001
 2.6598E-001
-3.0703E-001
-5.1675E-001
 6.4655E-001
-2.9258E-001
-5.5692E-001
 2.1892E-002
-6.0212E-001
-7.9359E-001
 1.7098E-001
-4.8576E-001
 4.0640E-002
 4.1377E-002
-2.3071E-001
-3.5240E-001
 3.2812E-001
-1.4992E-001
-3.3658E-001
 4.0138E-001
-1.0944E-001
-1.5620E-001
 4.6977E-001
-8.4819E-002
-1.9509E-001
 4.0663E-001
-1.3713E-001
-6.6090E-002
 4.2315E-001
-2.1819E-001
-1.8262E-001
 4.1804E-001
-2.2438E-001
-1.4661E-001
 3.1747E-001
-3.1128E-001
-2.1836E-001
 3.8405E-001
-4.0732E-001
-9.2197E-002
 4.0391E-001
-2.5486E-001
-7.6419E-002
-2.5574E-001
-7.0610E-001
 5.6268E-001
 1.5183E-001
-2.9252E-001
-2.9623E-001
-1.2511E-002
-3.6161E-001
-4.6309E-001
 3.2631E-002
-2.6771E-001
-2.8898E-001
 6.6116E-003
-4.3714E-001
-1.1688E-001
 1.6611E-001
-4.6767E-001
-7.9857E-001
-2.1253E-001
-1.4437E-001
 1.6942E-001
 3.4645E-001
 4.8316E-002
-2.6461E-001
 3.7343E-001
 1.2932E-001
-1.2620E-001
 1.1259E-001
 2.9500E-001
 1.9257E-001
-1.5182E-002
 7.3091E-001
 1.2413E-001
 6.5288E-001
 3.7601E-001
-2.5423E-001
 4.8493E-001
 3.2943E-001
-1.3187E-001
 6.4028E-002
 8.8297E-004
 4.4329E-001
-2.7262E-001
 1.9313E-001
 7.1347E-001
-2.9832E-001
 1.8265E-001
 6.7689E-001
-4.2078E-001
 1.9488E-001
 8.0218E-001
-1.6607E-001
 1.9416E-001
 5.6805E-001
-1.5946E-001
 2.4772E-001
 5.9457E-001
-1.1724E-001
 5.3566E-001
 6.3094E-001
-2.1633E-001
 6.8719E-001
 7.8064E-001
-6.8963E-002
 2.1379E-001
 4.1111E-001
-1.0147E-001
 2.7256E-001
 3.5809E-001
-1.0500E-001
 5.4119E-001
 4.7780E-001
-2.7549E-002
 6.6605E-001
 5.3202E-001
-1.4167E-001
 7.4752E-001
 6.6470E-001
-2.5043E-001
 6.1274E-001
 7.4542E-001
 1.8601E-001
 7.6078E-001
 5.5681E-001
-2.3264E-001
 4.6304E-001
 4.7297E-001
-6.6719E-003
 7.2681E-001
 7.9489E-001
-8.4718E-002
 7.8790E-001
 8.8913E-001
-8.8848E-002
 9.7975E-001
 9.7450E-001
 5.3079E-002
 1.0241E+000
 9.5809E-001
 5.9919E-002
 7.0287E-001
 9.5484E-001
-2.5051E-001
 1.2976E+000
 7.3732E-001
-2.9252E-001
 9.8147E-001
 1.1190E+000
-2.7700E-001
 1.1993E+000
 1.1797E+000
-2.4167E-001
 1.2464E+000
 1.1381E+000
-4.3867E-001
 1.0859E+000
 9.3112E-001
-4.4026E-001
 1.3684E+000
 9.9184E-001
-5.1934E-001
 1.5304E+000
 9.4589E-001
 3.9979E-002
 1.4747E+000
 1.3341E+000
 1.3110E-001
 1.5998E+000
 1.2108E+000
 2.7696E-001
 1.5338E+000
 1.0815E+000
 3.3662E-001
 1.5738E+000
 1.0988E+000
 3.3403E-002
 1.7888E+000
 1.2245E+000
 3.2207E-001
 1.4321E+000
 9.0262E-001
 4.2640E-001
 1.4136E+000
 7.2055E-001
 4.4391E-001
 1.2589E+000
 6.4100E-001
 7.2192E-001
 1.2557E+000
 4.9050E-001
 4.8785E-001
 1.4118E+000
 6.3857E-001
-1.1924E+000
 2.2411E+000
 3.9724E-001
 1.1355E-001
 1.0690E+000
 6.7187E-001
 1.7172E-002
 9.3265E-001
 5.8885E-001
-1.2260E-002
 9.6131E-001
 6.7539E-001
 5.7039E-002
 9.1667E-001
 5.9571E-001
-8.3389E-002
 7.9164E-001
 6.8653E-001
-1.5134E-001
 7.9907E-001
 5.1626E-001
-7.7141E-002
 1.0961E+000
 7.7447E-001
-1.1220E-001
 1.1405E+000
 8.6148E-001
 1.0537E-002
 1.2097E+000
 8.4660E-001
 1.1536E-001
 1.2586E+000
 8.3941E-001
-1.5644E-001
 1.2018E+000
 9.1376E-001
 9.7796E-001
 1.3094E+000
 2.7091E+000
 1.2299E-001
 1.1518E+000
 8.4092E-001
 3.2102E-001
 1.1878E+000
 8.4058E-001
 3.3259E-001
 1.0825E+000
 6.5448E-001
 3.7201E-001
 1.0811E+000
 5.2240E-001
 5.6375E-001
 1.2115E+000
 8.2749E-001
 2.9074E-001
 9.5655E-001
 6.1948E-001
 3.0722E-001
 7.8401E-001
 3.6162E-001
 2.5393E-001
 7.8518E-001
 3.6252E-001
 4.0000E-001
 7.3644E-001
 2.2304E-001
 2.1017E-001
 6.1947E-001
 2.6645E-001
 2.0435E-001
 2.9436E-001
 2.7898E-001
-1.8136E-002
 8.1611E-001
 4.7097E-001
-6.1941E-002
 8.8124E-001
 4.7730E-001
-2.8925E-002
 9.5883E-001
 3.4267E-001
-1.8801E-001
 6.4915E-001
-6.1491E-002
-1.4155E-001
 9.2733E-001
 4.0446E-001
-3.8254E-001
 6.6351E-001
 2.9078E-001
 9.1434E-002
 1.2384E+000
 5.6263E-001
 1.4456E-001
 1.3265E+000
 4.0163E-001
 3.3678E-001
 1.2907E+000
 1.9499E-001
 5.7391E-001
 1.2910E+000
-1.0711E-001
 1.1791E-001
 1.5385E+000
 4.8119E-001
 1.1235E-001
 3.7576E+000
-9.1086E-001
 2.7795E-001
 1.1762E+000
 2.7344E-001
 4.6789E-001
 1.1425E+000
 8.0276E-002
 6.3378E-001
 9.3042E-001
 1.2625E-002
 9.0281E-001
 9.5896E-001
-9.6435E-002
 3.9219E-001
 1.1350E+000
 1.4304E-001
 3.6738E-001
 1.7229E+000
 2.8190E-001
 5.5684E-001
 7.6344E-001
 1.1150E-001
 6.0053E-001
 5.8283E-001
 4.9401E-002
 7.3361E-001
 4.9816E-001
-1.1215E-001
 7.9981E-001
 3.4835E-001
-3.1140E-001
 5.5816E-001
 4.7098E-001
 1.7974E-001
 5.8257E-001
 4.8742E-001
 1.2118E-001
 7.0207E-001
 5.2707E-001
-7.4962E-002
 8.8266E-001
 4.7474E-001
-2.1994E-001
 7.6044E-001
 4.4473E-001
-5.6124E-001
 2.3925E-001
-3.4114E-001
-1.4614E+000
 1.0052E+000
 4.5270E-001
-2.6612E-001
 1.0136E+000
 5.6484E-001
-3.8951E-001
 1.4151E+000
 1.3007E+000
 1.0863E-001
 1.4559E+000
 1.4937E+000
-1.3506E-001
 1.3678E+000
 1.6382E+000
-6.7378E-002
 1.5494E+000
 1.6283E+000
 1.8182E-001
 9.8445E-001
 1.6587E+000
-1.8716E-001
