 beta=   0.0000000000000000     
  -3.9678174680572418E-015
  -1.2212567676904636E-015
  -7.4811498387511998E-016
  -6.5501525294598015E-016
  -2.8094837016501097E-016
   4.1356795789712866E-016
   2.1660163782084515E-002
   2.5990143900375039E-002
   3.7387302664032396E-002
   5.5465267950069508E-002
   6.1464379889493992E-002
   6.6329715533888459E-002
   6.6396953657932481E-002
   7.0298477603771198E-002
   7.4945991451525279E-002
   7.6940883789102951E-002
   7.9499306555426336E-002
   8.3946309031289801E-002
   8.6425355825117359E-002
   9.0965996579357819E-002
   9.2614682387971631E-002
   9.4284533753889344E-002
   9.5833704266098482E-002
   9.6676249449533055E-002
   9.8129600378734610E-002
  0.10173864616064175     
  0.10265243819535129     
  0.10425485528107152     
  0.10606345512747377     
  0.10694132765270008     
  0.10877026675694330     
  0.11204992786697163     
  0.11265967547590355     
  0.11381038632896240     
  0.11531198230310101     
  0.11588091987535674     
  0.11786667110903694     
  0.12022046103167737     
  0.12152968972966639     
  0.12386627225428362     
  0.12574528497293924     
  0.12699552616855594     
  0.12782173527401380     
  0.12882368406706518     
  0.13018661273367246     
  0.13231643395222617     
  0.13313248870062727     
  0.13641521800993375     
  0.13816147450788202     
  0.13923670364276025     
  0.14078143864536918     
  0.14348330042960458     
  0.14456769722450002     
  0.14645039751418509     
  0.14750834252302619     
  0.14818641624341178     
  0.14834743330274844     
  0.14882187518820222     
  0.15093140143456851     
  0.15262073139208238     
  0.15300951046608763     
  0.15404618009301119     
  0.15535350446202867     
  0.15603080226007485     
  0.15757530650762303     
  0.15795167095891585     
  0.15929810106632039     
  0.15988519614148008     
  0.16045032846760462     
  0.16178484446745067     
  0.16228232253687480     
  0.16311662174921052     
  0.16392001398421058     
  0.16495890901292254     
  0.16599216414046139     
  0.16758352561501480     
  0.16761288609932865     
  0.16913578538563145     
  0.16943022903940508     
  0.17029243618253959     
  0.17148860321782597     
  0.17285278419343231     
  0.17336017816783922     
  0.17486056727259491     
  0.17556465585271275     
  0.17606390963575044     
  0.17774269025676862     
  0.17810978433858946     
  0.17850650742129237     
  0.17927157709414582     
  0.18060889824441978     
  0.18135575256904954     
  0.18209437864512434     
  0.18250347379345450     
  0.18407418357686472     
  0.18482449558525066     
  0.18521855765785836     
  0.18681621122026609     
  0.18741010068586439     
  0.18856285515103960     
  0.18980173465417982     
  0.19079697125072773     
  0.19236167792326972     
  0.19277396314316642     
  0.19369139815657543     
  0.19403760891433258     
  0.19559196839520340     
  0.19634959188865647     
  0.19812959776577407     
  0.19834416478979577     
  0.19867906764940194     
  0.20025098858211529     
  0.20094750009368964     
  0.20172269356605074     
  0.20188545449868706     
  0.20224794404135102     
  0.20320569128076710     
  0.20354591910242975     
  0.20396109560787581     
  0.20498304447725862     
  0.20521875416284432     
  0.20602083589778644     
  0.20713285584162933     
  0.20785913235082776     
  0.20862217081353090     
  0.20900120268302275     
  0.20917441291882394     
  0.21010322229809927     
  0.21065949895958638     
  0.21100521970888267     
  0.21150669593051483     
  0.21307525171008143     
  0.21370722631254616     
  0.21489223935218837     
  0.21528797761590596     
  0.21584176412880954     
  0.21661463175879650     
  0.21797373992507488     
  0.21858598997360160     
  0.21925397495896001     
  0.21970441683844552     
  0.22066461705204493     
  0.22099837245577780     
  0.22142141161089615     
  0.22250764391242098     
  0.22303565192760208     
  0.22318961682443095     
  0.22398613965771066     
  0.22466895420988731     
  0.22487459743831470     
  0.22525405135668120     
  0.22632066343408733     
  0.22686886016491348     
  0.22708946011779724     
  0.22775208798557481     
  0.22816054915965014     
  0.22908899084444814     
  0.22944822787003299     
  0.23060928529753638     
  0.23121492004053204     
  0.23156547471011249     
  0.23232806862314442     
  0.23270178052949289     
  0.23316580958359043     
  0.23373621664192051     
  0.23496650497457541     
  0.23530951433259825     
  0.23615428673105124     
  0.23654271247082773     
  0.23729224428712059     
  0.23756107712694186     
  0.23808086323374716     
  0.23850557243928822     
  0.23914123511918764     
  0.23989312528746132     
  0.23997969417550008     
  0.24067085937121407     
  0.24118916509546062     
  0.24174123503582709     
  0.24195189307150275     
  0.24251236024898698     
  0.24362051355610073     
  0.24421644674661910     
  0.24445953966419101     
  0.24497334231284820     
  0.24555628592016945     
  0.24587141427024756     
  0.24664646082153852     
  0.24823282718952785     
  0.24898157596063997     
  0.24983058132369590     
  0.25061204694691552     
  0.25084121891999417     
  0.25183321648632423     
  0.25251586109119528     
  0.25295375420575827     
  0.25361572551440992     
  0.25401652784530815     
  0.25529144505096329     
  0.25622654272584572     
  0.25678791068370072     
  0.25771034159390699     
  0.25785886656547957     
  0.25975993336032666     
  0.26070702982006405     
  0.26075617512282467     
  0.26148729276127147     
  0.26283042539631846     
  0.26451395569688035     
  0.26484245213790691     
  0.26582617214477289     
  0.26684576419537331     
  0.26789438970312995     
  0.26960891494041517     
  0.27001715944397392     
  0.27092440531359024     
  0.27192767968160741     
  0.27285519985382328     
  0.27390823241663015     
  0.27535142700054471     
  0.27589206129556954     
  0.27677262941556968     
  0.27751132327398392     
  0.27886825284732691     
  0.27992226377981289     
  0.28049989169536310     
  0.28089926845441232     
  0.28140110635530940     
  0.28221915623436922     
  0.28277394443257314     
  0.28482150455353539     
  0.28515660884880906     
  0.28812675547764133     
  0.28840586060366058     
  0.28933258542323337     
  0.29067377973031611     
  0.29177527639356632     
  0.29248557531974673     
  0.29373558013207385     
  0.29450449714374999     
  0.29577930806227865     
  0.29703806702251861     
  0.29865810573994267     
  0.30010129841906930     
  0.30086202736884793     
  0.30149460353158486     
  0.30198561520862260     
  0.30365626639828575     
  0.30511667488153077     
  0.30566518667585674     
  0.30722550439353502     
  0.30956340603562826     
  0.31084807993527774     
  0.31137653338651267     
  0.31239268494312467     
  0.31370168296176293     
  0.31485294425287363     
  0.31520050725388321     
  0.31672154113688950     
  0.31734142899091483     
  0.31832155427958653     
  0.31930333791790305     
  0.32078721409030980     
  0.32252783331564350     
  0.32311327471848650     
  0.32393566095788096     
  0.32731637300182953     
  0.32838810893963016     
  0.33084788995910042     
  0.33132591655981808     
  0.33369360553060140     
  0.33493284265166623     
  0.33648948239169540     
  0.33868102068787792     
  0.34002871745130508     
  0.34134809525358750     
  0.34351943743636754     
  0.34459439455120855     
  0.34762452855009901     
  0.34942521319513814     
  0.35118927476802841     
  0.35235657339909610     
  0.35345785553604697     
  0.35510246733028922     
  0.35546637753554156     
  0.35901414411153254     
  0.36018667899960849     
  0.36339994197040298     
  0.36389537084546070     
  0.36665861851974546     
  0.36810369530654141     
  0.37004056080209813     
  0.37113107712891830     
  0.37320193221195425     
  0.37605013089567518     
  0.37690129599801525     
  0.38017373446682634     
  0.38113835387251566     
  0.38201461260612063     
  0.38269146806952425     
  0.38663456296474108     
  0.38802305686792760     
  0.38941329672190145     
  0.39070753378999373     
  0.39348552106369339     
  0.39402574350072361     
  0.39869989565962216     
  0.40133170891012615     
  0.40379725445720588     
  0.40482990888404852     
  0.40815375664008835     
  0.41011794299427518     
  0.41145468482015934     
  0.41288283650505975     
  0.41476837853126236     
  0.41596589037146514     
  0.41697017909099915     
  0.41719189946233309     
  0.41931554897857959     
  0.42411061030613040     
  0.42490841081840719     
  0.42575588374188961     
  0.42815202782456524     
  0.42941214129339272     
  0.43048141275281637     
  0.43223354586883955     
  0.43553738878122311     
  0.43976343653034988     
  0.44033562770089074     
  0.44164249384463844     
  0.44747427797109085     
  0.44958044735635183     
  0.45514712206475466     
  0.45731045332984710     
  0.46032153329719672     
  0.46370109881494748     
  0.47160704672582937     
  0.47266788143955302     
  0.47770678523825699     
  0.48371342010665391     
  0.48467250667335482     
  0.48807644169664566     
  0.48895027169582450     
  0.49252221626134857     
  0.49303122719808667     
  0.49347097047452132     
  0.49689295462748656     
  0.49746141355955770     
  0.50162964198995352     
  0.50253061847775349     
  0.50397126545632054     
  0.50705070561720800     
  0.51242291514135940     
  0.51538018288445375     
  0.51908224766903710     
  0.52292875094909164     
  0.52449621925485590     
  0.53002014840341993     
  0.54453171404075940     
  0.54945331326378311     
  0.55284163962611854     
  0.55835285070560992     
  0.56050366440249277     
  0.56650471195697438     
  0.56905696296598129     
  0.58374987802150580     
  0.58863512644494531     
  0.60752091344977621     
  0.61648554037356140     
  0.63006204623732942     
  0.64964057354135252     
  0.65494012312110528     
  0.65724516456211834     
  0.66950045837460870     
  0.69832893504124971     
  0.70870062423302860     
  0.73992765493598067     
  0.77372472447238394     
  0.77399028359871680     
  0.93255917472291239     
  0.97902250030441385     
  0.99821003106831574     
   1.0339766162991497     
   1.0393353330579307     
   1.0529296157750787     
   1.1118433527347695     
   1.1282762389803846     
   1.1570490749183000     
   1.1616430782413942     
   1.1754231206984997     
   1.1791719407675221     
   1.1938363119630893     
   1.2031910137947730     
   1.2102940804955695     
   1.2631355830734630     
   1.2660278136978127     
   1.2687773424770266     
   1.3269462752087251     
   1.3341523940436568     
   1.3455758484651725     
   1.3499066622410001     
   1.3798486050777530     
   1.3942279986591040     
   1.4123493718402882     
   1.4982751152563940     
   1.4999837138991157     
   1.5051859583047351     
   1.5291952467659182     
   1.5414884237299584     
   1.5652738510800928     
   1.5866300040366044     
   1.5988346405425764     
   1.6223240555925633     
   1.6560239912218662     
   1.6667870910791094     
   1.6693211619767372     
   1.7039836640480226     
   1.7369152451350993     
   1.7705981682545298     
   1.7920014260924977     
   1.8043059809767887     
   1.8101386951787291     
   1.8286676779508275     
   1.8334306105984024     
   1.8433019297759083     
   1.8500940294668982     
   1.8544099190644712     
   1.8642857867402123     
   1.8834223628696607     
   1.9267392031586363     
   1.9350178372706521     
   1.9611142275012750     
   2.0241088200815045     
   2.0423544805078175     
   2.0536865404226758     
   2.0578151958610698     
   2.0678261945675742     
   2.0745175898862822     
   2.0869629660758653     
   2.0924995030110076     
   2.0964076463304737     
   2.1002967992989485     
   2.1130825389902776     
   2.1191363300398840     
   2.1248616846374402     
   2.1274003494334952     
   2.1314474922546012     
   2.1341138864910376     
   2.1423278712010463     
   2.1450766247685999     
   2.1460473398920610     
   2.1498331827274360     
   2.1527879171358388     
   2.1547351667171299     
   2.1572764570832308     
   2.1597012513013274     
   2.1732237558895204     
   2.1780901951468752     
   2.1802273079658026     
   2.1806613482289401     
   2.1891844727954877     
   2.1953111947796558     
   2.2012301457968002     
   2.2049468916391319     
   2.2125113981325848     
   2.2187468679445996     
   2.2206722039207745     
   2.2212928291052796     
   2.2231449463411272     
   2.2245465227042192     
   2.2276167686544541     
   2.2280364118655012     
   2.2395721724609219     
   2.2429853718044628     
   2.2437471747095437     
   2.2476719708378288     
   2.2493946598057977     
   2.2500627677969489     
   2.2525535272670463     
   2.2580865139510720     
   2.2584571832996052     
   2.2650167916961030     
   2.2753644713821077     
   2.2756876297831514     
   2.2885592542637583     
   2.2918458058014686     
   2.2929010404845180     
   2.3150422436497209     
   2.3206643953977069     
   2.3215039877075969     
   2.3263609648219772     
   2.3306292759574085     
   2.3482843438833911     
   2.3577025261209541     
   2.3659011970956145     
   2.3728328182554121     
   2.3763789976505403     
   2.3803892678665903     
   2.3810091248395784     
   2.3852003030105688     
   2.3893706443625011     
   2.3981457773769823     
   2.4022911361951071     
   2.4077504005895167     
   2.4234948837406067     
   2.4261276675975423     
   2.4319039392851076     
   2.4345368772474845     
   2.4359936616015641     
   2.4396017259005740     
   2.4441134519761341     
   2.4457742502278310     
   2.4615488463732733     
   2.4739850951923472     
   2.4990315681610746     
   2.5005590306384513     
   2.5009464920933442     
   2.5455845450635706     
   2.5508276984890963     
   2.5580084371736160     
   2.6736246530794641     
   2.6817470268583761     
   2.7057141625776713     
   2.7224378813508179     
   2.7397190770087838     
   2.7488853609960997     
   2.8016557581906283     
   2.8175232929055425     
   2.8435137791201015     
   2.8534401916590473     
   2.8539335828495123     
   2.8582464907495195     
   2.8676203758106360     
   2.8897608637469974     
   2.9668869138415621     
   2.9819130011490205     
   2.9828175205053480     
   3.0275132833193870     
   3.0356925151076557     
   3.0852257187562806     
   3.1239547713842608     
   3.1301988934022997     
   3.1348087607338284     
   3.1417555585096761     
   3.1931403676763748     
   3.2049734675463784     
   3.2071232672177694     
   3.2261619450021946     
   3.2484457297873250     
   3.2674211654413940     
   3.3422460379217966     
   3.3491336171034369     
   3.3620886328019020     
   3.3766071106971509     
   3.3836202057919560     
   3.4035805138063266     
   3.5344232483029616     
   3.5431046657251861     
   3.5659418880886280     
   3.5972056223725537     
   3.6102338594886505     
   3.6221507077776778     
   3.6250229796894837     
   3.7050100047165531     
