 beta=   0.0000000000000000     
  -2.1855587128686953E-016
  -1.0459315159160632E-016
   3.0949944198477717E-017
   5.8272485764803117E-017
   1.8207271958571562E-016
   4.0535431814451576E-016
   1.7814200110364032E-004
   2.3664661378758795E-004
   3.1927892457543351E-004
   5.0768932415154162E-004
   5.5523496383203994E-004
   6.1548653530769395E-004
   6.8316653170685403E-004
   6.9742600847518389E-004
   8.0990885916164496E-004
   1.0901896057886862E-003
   1.1739638619803722E-003
   1.3153110342359953E-003
   1.3419262857606801E-003
   1.4174403423238096E-003
   1.4764426641885918E-003
   1.7186557679430658E-003
   1.8304295285020294E-003
   1.9076130074077008E-003
   2.0406703842013275E-003
   2.1337575294300541E-003
   2.4277814217081172E-003
   2.6041559925818660E-003
   2.6513898163105397E-003
   2.9198474576648125E-003
   3.0627544425010835E-003
   3.1578037241540855E-003
   3.3271220305706615E-003
   3.6618136234072948E-003
   3.7488825298583077E-003
   3.8061271761382128E-003
   4.0021742987188490E-003
   4.1577607141478319E-003
   4.2995054515564896E-003
   4.3351686763012272E-003
   4.4232220369438040E-003
   4.6562303741281477E-003
   4.7044636950287246E-003
   4.9256228788570264E-003
   4.9991908222454320E-003
   5.1958895848444138E-003
   5.3869347987145965E-003
   5.6356597037272096E-003
   5.7203687748017982E-003
   5.9534707037345166E-003
   6.0873708507259653E-003
   6.1640566569692535E-003
   6.3556389479285831E-003
   6.5879718812339927E-003
   6.7052968814274808E-003
   6.7861030674973696E-003
   6.8503970336164996E-003
   7.1168985853394644E-003
   7.3068395453568871E-003
   7.4461795700398814E-003
   7.5409216678835808E-003
   7.7027072354605526E-003
   7.8511794099401233E-003
   7.8875866002037654E-003
   8.1613136926885037E-003
   8.1738795169060043E-003
   8.4849824072551257E-003
   8.5995525350008525E-003
   8.8247302326914644E-003
   8.8435820045434672E-003
   8.8706852123326234E-003
   9.3114897154788576E-003
   9.4193845400244412E-003
   9.6775267067061386E-003
   1.0063820605344180E-002
   1.0268002630903921E-002
   1.0410520913220568E-002
   1.0616151871184160E-002
   1.0806193880704565E-002
   1.0823573138214988E-002
   1.1117361528010340E-002
   1.1252036063905990E-002
   1.1365328714932931E-002
   1.1571782966338569E-002
   1.1789081059451071E-002
   1.2092529516790898E-002
   1.2119066580785971E-002
   1.2226831707476852E-002
   1.2458542198135565E-002
   1.2661690889701023E-002
   1.2732758079635984E-002
   1.3013420276755523E-002
   1.3120144941939624E-002
   1.3189432193321787E-002
   1.3418502970103099E-002
   1.3588480330552847E-002
   1.4098068030330027E-002
   1.4344513148717670E-002
   1.4479621041823400E-002
   1.4605235453942081E-002
   1.5018553702048196E-002
   1.5376128297746677E-002
   1.5474940360885167E-002
   1.5629844202170406E-002
   1.5876813069758772E-002
   1.5986760724641967E-002
   1.6065124129542661E-002
   1.6377881611911418E-002
   1.6517220497474706E-002
   1.6707688229239515E-002
   1.6870151741779606E-002
   1.6943160483260406E-002
   1.7161064848410044E-002
   1.7382086050915936E-002
   1.7640799501850744E-002
   1.7991586690441843E-002
   1.8155848898623282E-002
   1.8394217777564899E-002
   1.8563247351788999E-002
   1.8702968520296199E-002
   1.8985799030097342E-002
   1.9039614452428431E-002
   1.9414355877575305E-002
   1.9509701122331330E-002
   1.9639041355542515E-002
   2.0041692703339109E-002
   2.0156600495220341E-002
   2.0378764030693587E-002
   2.0456854435761972E-002
   2.0685896824365720E-002
   2.0923883299008066E-002
   2.0995631932822393E-002
   2.1241560088912051E-002
   2.1375308168506416E-002
   2.1589680144573201E-002
   2.1653325805834577E-002
   2.1717163162592180E-002
   2.1935453781819110E-002
   2.2024354459840564E-002
   2.2141197574048293E-002
   2.2284437827729042E-002
   2.2398981897117837E-002
   2.2633656646948837E-002
   2.2895651907982300E-002
   2.3133535271013250E-002
   2.3268750648317606E-002
   2.3673846150171766E-002
   2.3740339268633011E-002
   2.4032268596895948E-002
   2.4079957816377028E-002
   2.4346301381684289E-002
   2.4690031777655816E-002
   2.4883033389907848E-002
   2.5092875019085831E-002
   2.5187825254848899E-002
   2.5383533845853266E-002
   2.5418714371865898E-002
   2.6002578766855682E-002
   2.6025680327281000E-002
   2.6206979937395649E-002
   2.6445244292876566E-002
   2.6501406860511435E-002
   2.6808977928122882E-002
   2.7214458036903286E-002
   2.7433314589200983E-002
   2.7606053182605297E-002
   2.7791161686765976E-002
   2.8066640987041612E-002
   2.8290774410815928E-002
   2.8310817804708642E-002
   2.8535148052750536E-002
   2.8746999793491951E-002
   2.8943688866167033E-002
   2.9189930683088814E-002
   2.9327856321731599E-002
   2.9602960233838415E-002
   2.9723884110869108E-002
   2.9946229829327237E-002
   3.0267224004241061E-002
   3.0328436773198922E-002
   3.0445784581980224E-002
   3.0775483227013838E-002
   3.0839094347859093E-002
   3.0986350364700172E-002
   3.1295482152326928E-002
   3.1308863655116287E-002
   3.1552065001678190E-002
   3.1804683755594344E-002
   3.2060937389863250E-002
   3.2284463617805396E-002
   3.2556347085438621E-002
   3.2930671719299739E-002
   3.3281051931545923E-002
   3.3442405938136875E-002
   3.3594365810032341E-002
   3.3878785670899275E-002
   3.4231601468392797E-002
   3.4449206319891353E-002
   3.4771213681686751E-002
   3.5026744322635098E-002
   3.5204744569684268E-002
   3.5435664358647104E-002
   3.5620444113178558E-002
   3.6046881792028140E-002
   3.6587282249817110E-002
   3.6643696432253799E-002
   3.6904239287275292E-002
   3.7202071412974096E-002
   3.7386522107998560E-002
   3.7747121097822980E-002
   3.8111322397720512E-002
   3.8136886600850621E-002
   3.8560854838319968E-002
   3.8730845215486365E-002
   3.9094411347617555E-002
   3.9186524604079884E-002
   3.9529959339329956E-002
   3.9745067487255648E-002
   3.9977771452872214E-002
   4.0213706728244439E-002
   4.0640757011194614E-002
   4.1227738296799279E-002
   4.1335067261594083E-002
   4.1853303222117957E-002
   4.2352258912677500E-002
   4.2506152765400269E-002
   4.2908489115880605E-002
   4.3175365429546843E-002
   4.3557265026640216E-002
   4.4137774730641843E-002
   4.4338671479570352E-002
   4.4533935719682789E-002
   4.5019210676780816E-002
   4.5291823396497906E-002
   4.5625164821460451E-002
   4.6268629465345074E-002
   4.6609944282396301E-002
   4.6721802115331522E-002
   4.7550074064477726E-002
   4.8136858653340865E-002
   4.8371738206576968E-002
   4.9249578531858122E-002
   4.9430977892354136E-002
   5.0519270270013204E-002
   5.0969770798534056E-002
   5.1049290251503829E-002
   5.1438253902742370E-002
   5.1455246221314914E-002
   5.1792086168881077E-002
   5.2172636349018683E-002
   5.2624071532524262E-002
   5.2919796399313435E-002
   5.3717199890338005E-002
   5.3767102138195105E-002
   5.4811868083105134E-002
   5.5110669263694317E-002
   5.5664211372156998E-002
   5.5794877907296155E-002
   5.6227458252821792E-002
   5.6591058979619219E-002
   5.7464055765639815E-002
   5.7797386984648702E-002
   5.8736337775333498E-002
   5.9298112595425737E-002
   5.9973289081042026E-002
   6.1254731611441918E-002
   6.3993624412061148E-002
   6.5385058330937593E-002
   6.5771027881607741E-002
   6.6950852912499748E-002
   6.7570944887587289E-002
   7.0831664969612129E-002
   7.5570184279717581E-002
   7.7055865677476298E-002
   8.2199029654261596E-002
   8.7485833791661916E-002
   9.0227574440489400E-002
   9.4402976203617553E-002
   9.7548623531487244E-002
  0.10157856169054023     
  0.10276856123877590     
  0.10530202321566555     
  0.10594144188181939     
  0.10988670735057751     
  0.11069840174569748     
  0.11144108671710506     
  0.11353233737373672     
  0.11887297646890149     
  0.11958369059178148     
  0.12129326043179893     
  0.12441037391771506     
  0.12525693915895872     
  0.12861168480635021     
  0.12980109160664322     
  0.13094298565522444     
  0.13285993733314852     
  0.13343968269563794     
  0.13377609701804732     
  0.13542963635298672     
  0.14336601585483302     
  0.14601320723231098     
  0.14724669848113381     
  0.15593852374920839     
  0.15615702248588476     
  0.15890726211816464     
  0.15927283968372444     
  0.15970614985803813     
  0.16527833749711790     
  0.16813318722612886     
  0.17444394743469221     
  0.17823023572093608     
  0.18287670031557260     
  0.18609103392279175     
  0.18779207713302967     
  0.18877763852475682     
  0.19201287000442760     
  0.19476757081321411     
  0.19539330725888507     
  0.19670736673377842     
  0.19724670254872073     
  0.19856072041046771     
  0.20244767452994616     
  0.20281714498438647     
  0.20651568630217196     
  0.20694223547460969     
  0.20945989354273861     
  0.21131854097264610     
  0.21266278941550271     
  0.21359461028931268     
  0.21398382460161808     
  0.21497819678465130     
  0.21858303746331839     
  0.21999019778003198     
  0.22039551337396007     
  0.22630159498278421     
  0.22872376456865612     
  0.23206182816340568     
  0.23340581995631152     
  0.23493427257609178     
  0.23537045855546518     
  0.23756297392395290     
  0.24022858213916654     
  0.24543420775782609     
  0.24727693288629804     
  0.25199181820318084     
  0.25292546701946833     
  0.26491576925635457     
  0.26841106693616090     
  0.27105157382382261     
  0.27259274366018871     
  0.27696225619662934     
  0.28243081078212579     
  0.28936453862821593     
  0.29360216416059853     
  0.29418248372856376     
  0.29868976246193618     
  0.30723126376504745     
  0.31588491092670984     
  0.32273568369127520     
  0.32349530001472904     
  0.32546919827742798     
  0.32781832105556569     
  0.32947591264275550     
  0.33053650133178286     
  0.34472584380565713     
  0.35010280308886921     
  0.36021025661326084     
  0.40173493458171972     
  0.41186348223109298     
  0.42836166419890020     
  0.43172360128283654     
  0.43534156177766231     
  0.44685965516996146     
  0.46443905088532988     
  0.50002052017194532     
  0.51039206437773599     
  0.53085862891985014     
  0.53602712639451766     
  0.57535447493111092     
  0.57569910106336875     
  0.71788833600745594     
  0.73724861718073575     
  0.74252473980359324     
  0.75778382283363688     
  0.76306321043200276     
  0.76403566658480904     
  0.77420325044261307     
  0.78037946716031448     
  0.91065493649311191     
  0.92865289190291533     
  0.92890885724142824     
  0.94194886814079493     
  0.94835827160282504     
   1.0283023222873868     
   1.0452378010194463     
   1.0561904724353239     
   1.0728758180406239     
   1.0774131871719888     
   1.0815659553249306     
   1.1324600520339507     
   1.1416393138405374     
   1.2029762404369162     
   1.2091696442808308     
   1.2138942018783487     
   1.2158948011187314     
   1.2179950815122822     
   1.2646604030118467     
   1.2771538450087305     
   1.2787663341088469     
   1.3584615921199636     
   1.3788539249436795     
   1.4120851749586796     
   1.4247781049432042     
   1.4428023120678608     
   1.4474036645152852     
   1.4850236984205496     
   1.5012015259475553     
   1.5054182702941488     
   1.5367921388882153     
   1.5377637945755878     
   1.5517214468677825     
   1.5595303333938846     
   1.5832113861819102     
   1.6020511389165184     
   1.6964714040901201     
   1.7052211869349752     
   1.7079631974662410     
   1.7244695467415334     
   1.7250577877219282     
   1.7390522343763888     
   1.7598532590265870     
   1.7784993740648551     
   1.7890217108912256     
   1.8163109731787586     
   1.8259019001854062     
   1.8355149429936979     
   1.8431307029530943     
   1.8859751446054576     
   1.8919157107042635     
   1.8979690640530218     
   1.9071082201396583     
   1.9096791241054862     
   1.9474781023060925     
   1.9533746666387068     
   1.9558814657360948     
   1.9565113699768710     
   1.9570895576838931     
   1.9640466030287085     
   1.9704649326855699     
   1.9791264317137738     
   1.9875232721766163     
   1.9893745119828241     
   1.9910053662789489     
   1.9943996676240123     
   2.0032996364498277     
   2.0057322264662178     
   2.0076253355312410     
   2.0106001787660079     
   2.0123500633347975     
   2.0139514973787573     
   2.0180715101390447     
   2.0192772714753313     
   2.0211232985719798     
   2.0227235848795595     
   2.0246901563439348     
   2.0263117571872669     
   2.0298834827015129     
   2.0362238448268011     
   2.0370335281660998     
   2.0426416132836076     
   2.0469349617867238     
   2.0525363493990563     
   2.0549976908569447     
   2.0576727286386522     
   2.0584193582752035     
   2.0616304430223424     
   2.0635609538660376     
   2.0668393888478027     
   2.0704277340130304     
   2.0774556640585162     
   2.0886940131843170     
   2.0951251431806486     
   2.0963689421389811     
   2.1010153926545292     
   2.1063327305679067     
   2.1222794987228779     
   2.1232475443765186     
   2.1262626920516272     
   2.1538004534257813     
   2.1557550319556742     
   2.1614402401349984     
   2.1745763452709332     
   2.1808728762635696     
   2.1819436616090488     
   2.1860197537192843     
   2.1882651023549107     
   2.1917606482365457     
   2.1992558282626278     
   2.2041424291839751     
   2.2113259048448577     
   2.2141810571535125     
   2.2212506891897283     
   2.2303052561833709     
   2.2346496751418057     
   2.2383580991204890     
   2.2419760302804641     
   2.2450346709780753     
   2.2491244666774830     
   2.2638856135632688     
   2.2910213462209219     
   2.2952128845780906     
   2.2985511970096404     
   2.3075344820260986     
   2.3243981330350478     
   2.3452727727952154     
   2.3591285802714559     
   2.3654422401881936     
   2.3672412190711953     
   2.3744266383788775     
   2.3937159945664908     
   2.4950147970761969     
   2.5088907046729467     
   2.5335853565038358     
   2.5467187015967165     
   2.5471420235920932     
   2.5547600715759460     
   2.5609804011067610     
   2.5755549652566785     
   2.6105107716687783     
   2.6497343608991994     
   2.6774110560597988     
   2.6800743688170505     
   2.6838659358379546     
   2.6864028147011725     
   2.7403363775934411     
   2.7811458642278399     
   2.8150880637666775     
   2.8175631277028472     
   2.8287724956581508     
   2.8295293768815046     
   2.8424578985817184     
   2.8834957889812394     
   2.8894390108841388     
   2.9535481781066752     
   2.9684154269235852     
   2.9813469578525611     
   3.0025678176517090     
   3.0173971442062846     
   3.0208759520863864     
   3.0335912387426194     
   3.0644671976552087     
   3.1381313022675212     
   3.1432351757657084     
   3.1571717969865865     
   3.1669937599771791     
   3.1692312947701677     
   3.2966391488606543     
   3.3066631968241014     
   3.3099197526466448     
   3.3197648953310805     
   3.3313681463554543     
   3.3322454882255279     
   3.3367988003499827     
   3.3722180373192270     
