 beta=   0.0000000000000000     
  -1.3325535053226180E-015
  -1.2520357009933983E-015
  -2.0383219611790132E-016
   3.7335984827279673E-016
   8.6234938114149949E-016
   1.2512757174111440E-015
   2.7638191247017090E-002
   3.2478978941930234E-002
   4.7347971509562672E-002
   6.8655580917152126E-002
   7.6203543092361506E-002
   8.1445271408234654E-002
   8.4511947087479333E-002
   8.6094632107905994E-002
   9.1461815053135526E-002
   9.3694981731563626E-002
   9.7445286582215851E-002
   9.8877217527624989E-002
  0.10512816276171502     
  0.10834471155927423     
  0.11087679599010360     
  0.11108968658691806     
  0.11358343112172745     
  0.11586486364146505     
  0.11974503954689292     
  0.12260678665056700     
  0.12407120764903894     
  0.12514991035702852     
  0.12749652737568132     
  0.12862927275034278     
  0.13024869842093700     
  0.13055200256204036     
  0.13190464445129269     
  0.13296342634324532     
  0.13501157400030797     
  0.13792226787146095     
  0.14044537550585268     
  0.14122365199275841     
  0.14160512841185535     
  0.14335493303529631     
  0.14465457662052153     
  0.14759106163799371     
  0.14852504174383802     
  0.14980022880315139     
  0.15250523471960051     
  0.15539048641049019     
  0.15632245420627530     
  0.15680243947462200     
  0.15986375275631018     
  0.16097029591999015     
  0.16141449939961131     
  0.16325074752168758     
  0.16413306880909659     
  0.16567795718327757     
  0.16688342359085998     
  0.16752559621748592     
  0.16929895528845801     
  0.17085180353472085     
  0.17123492083754760     
  0.17155350595183472     
  0.17329001574373734     
  0.17398684058142605     
  0.17498477746456542     
  0.17529214508856150     
  0.17750981790382861     
  0.17835057252718964     
  0.18014843671696856     
  0.18059778215776065     
  0.18107271965365462     
  0.18198022964086341     
  0.18238611022725684     
  0.18322678637175913     
  0.18433921604179726     
  0.18610519614866755     
  0.18790368513839054     
  0.19056502778471007     
  0.19098433156221256     
  0.19196839358647966     
  0.19249127181930242     
  0.19317249969228803     
  0.19446620573476706     
  0.19480603816037750     
  0.19594670860247534     
  0.19701978229564626     
  0.19789702779569943     
  0.19912218681782687     
  0.20051663926235833     
  0.20105263511491156     
  0.20289354042935034     
  0.20402327043316640     
  0.20570823868409169     
  0.20727737453708109     
  0.20887175465018301     
  0.20985012415207879     
  0.21081601995877947     
  0.21166119325704208     
  0.21281520172821553     
  0.21406261088654893     
  0.21476210621939551     
  0.21600642776621312     
  0.21678550739734181     
  0.21786732403732453     
  0.21802038373275798     
  0.21907085755483363     
  0.22076360745520285     
  0.22204572190865310     
  0.22217665391689231     
  0.22336608966979371     
  0.22460933512601519     
  0.22654390286508311     
  0.22695232221580097     
  0.22724352606337231     
  0.22835836785016747     
  0.22973644448187594     
  0.23076660298039708     
  0.23124611494679087     
  0.23194436758687378     
  0.23309580969440000     
  0.23401684669334188     
  0.23434122019014217     
  0.23559368638514694     
  0.23663897546084495     
  0.23842040510381757     
  0.23966010741475086     
  0.24027011078656527     
  0.24072684995884264     
  0.24153256203877410     
  0.24198250213393729     
  0.24246436048101555     
  0.24270389630567057     
  0.24385148424609815     
  0.24443871226350836     
  0.24566888691390434     
  0.24663097106345847     
  0.24716221318761483     
  0.24779025038252556     
  0.24882664606976229     
  0.24911543855263776     
  0.25035421213924025     
  0.25168361204937628     
  0.25268950050153055     
  0.25331887652824669     
  0.25394180976107883     
  0.25448553575161331     
  0.25551673659251328     
  0.25569091910336844     
  0.25682571193063175     
  0.25729856527358452     
  0.25751191346555513     
  0.25881988144443674     
  0.25963080466387900     
  0.25986104904340096     
  0.26038567428912968     
  0.26106932646696746     
  0.26285442923446473     
  0.26337417258808565     
  0.26352111031191117     
  0.26402258510770144     
  0.26467477449210136     
  0.26534675461095714     
  0.26593873602792689     
  0.26659313679037072     
  0.26729351199613871     
  0.26744573584057141     
  0.26893935141220482     
  0.26951906145287907     
  0.26978905514082752     
  0.27053426046144585     
  0.27073725694190093     
  0.27138992152012709     
  0.27199768998659440     
  0.27267813329559237     
  0.27282384400553034     
  0.27416606540946431     
  0.27489108184674166     
  0.27539313374748298     
  0.27581061248064931     
  0.27635919998949982     
  0.27686803186795861     
  0.27707164236344112     
  0.27801756998582799     
  0.27877120467786998     
  0.27921012427064656     
  0.27992260792635160     
  0.28017988849395031     
  0.28097467892541234     
  0.28121731892785112     
  0.28251802688618127     
  0.28274779341833939     
  0.28331658072531457     
  0.28439515816231442     
  0.28568245360283701     
  0.28600199733445342     
  0.28656190412878069     
  0.28755842868809245     
  0.28815960238780586     
  0.28917842187963572     
  0.28977059286106394     
  0.29071353702832753     
  0.29175125334867008     
  0.29269911993911907     
  0.29376136263861280     
  0.29406140795714653     
  0.29447121422877981     
  0.29561931111331208     
  0.29637537799621161     
  0.29688645515860429     
  0.29801335712042154     
  0.29951602325118148     
  0.30109487990031747     
  0.30203075463948864     
  0.30334646128457576     
  0.30384333410094344     
  0.30471346231407859     
  0.30541252343752900     
  0.30565063010212362     
  0.30604897372457140     
  0.30675690326738542     
  0.30771674506938812     
  0.30851511980600621     
  0.30917402082744877     
  0.31027391075161853     
  0.31047422761539883     
  0.31103654916775236     
  0.31218158254881373     
  0.31320607507880438     
  0.31365759593839621     
  0.31484083753614339     
  0.31558028663077403     
  0.31655765647906053     
  0.31821182358370603     
  0.31839316514837102     
  0.31971154486717568     
  0.32073239907014572     
  0.32124069727523674     
  0.32202848031159764     
  0.32281391498791467     
  0.32345577445804674     
  0.32463783684540604     
  0.32579264129012797     
  0.32697406003150004     
  0.32827988648713052     
  0.32935917528400122     
  0.33128847878430523     
  0.33231247780437012     
  0.33387019981137378     
  0.33506013782157229     
  0.33564370994784609     
  0.33650924068199450     
  0.33758312167743409     
  0.33893476323175237     
  0.33964958897445735     
  0.34233741896022146     
  0.34417439837747349     
  0.34514657523679865     
  0.34633656529276313     
  0.34714063574523840     
  0.34864473717642752     
  0.35086075873287537     
  0.35294696184830465     
  0.35310538149774906     
  0.35444648289201508     
  0.35535988598348511     
  0.35636255378603310     
  0.35740910437735773     
  0.35830076377266484     
  0.35922606659191514     
  0.35935346392061412     
  0.36126941361614601     
  0.36226936766346657     
  0.36337062069096870     
  0.36477207319672805     
  0.36591937130854718     
  0.36763589943439068     
  0.36965796349789626     
  0.37032927103404306     
  0.37181781989764284     
  0.37521646576857043     
  0.37750402182480219     
  0.38059214633028737     
  0.38154985743643782     
  0.38351814259041900     
  0.38460168057369609     
  0.38760901227747863     
  0.38961374320594733     
  0.39202678316253659     
  0.39257959338153831     
  0.39441267953302306     
  0.39671824601687844     
  0.39911857586298438     
  0.40005712672178528     
  0.40114029477890389     
  0.40333884402985615     
  0.40544500463594835     
  0.40646830107412874     
  0.40693223552790891     
  0.41040980881985395     
  0.41155982755167775     
  0.41348996691108630     
  0.41529615001066134     
  0.41682786811930228     
  0.41903377774750011     
  0.41973515744429507     
  0.42257531119258002     
  0.42519044063552269     
  0.42682055626302223     
  0.42917091627651199     
  0.43033646869423492     
  0.43218198828981857     
  0.43434144498712224     
  0.43669986231593216     
  0.43756319001180694     
  0.44213854339374764     
  0.44332181683868327     
  0.44541517147163651     
  0.44789881475033833     
  0.44949929576404568     
  0.45071283197397377     
  0.45388171266185678     
  0.45653614268128528     
  0.45765382665711785     
  0.45969482685910451     
  0.46393352719527609     
  0.46672032028554666     
  0.46738037329108978     
  0.46929277868547692     
  0.47184767479736556     
  0.47323060243250392     
  0.47549067054689209     
  0.47819208276314829     
  0.48027268880655827     
  0.48446431031329423     
  0.48574873734397583     
  0.49474422589749761     
  0.49779864127453505     
  0.49847903229875973     
  0.50185184627913149     
  0.50319991608838310     
  0.50636591149192489     
  0.50720454717204722     
  0.51124483649668884     
  0.51206316512154970     
  0.51759870064496316     
  0.52016968782359096     
  0.52496202582280027     
  0.52715458388648506     
  0.53040988194038030     
  0.53176831659219492     
  0.53988802962079663     
  0.54097230458702583     
  0.54549179195567943     
  0.54594283960246059     
  0.55080056863671600     
  0.55625390578592304     
  0.55939021149187407     
  0.56486365200693178     
  0.56692849014343405     
  0.56997822866023462     
  0.57352425680366448     
  0.57826449230094923     
  0.58554253041017823     
  0.58831354108349765     
  0.59429305308217817     
  0.60288742633926296     
  0.60393676934805662     
  0.60897074797483719     
  0.61704842627244061     
  0.61967211145924950     
  0.63373853870936647     
  0.65494944510642861     
  0.65920789342820196     
  0.66828788677781736     
  0.67344131314985944     
  0.67654781790201968     
  0.70195736216831439     
  0.70443155946104019     
  0.73399884708476337     
  0.77590559677865012     
  0.78467841201565092     
  0.97070710845168529     
   1.0158231907167390     
   1.0511685125220933     
   1.0568155235957655     
   1.0937647924653189     
   1.1269798113726885     
   1.1333940684380053     
   1.1749298171855893     
   1.1870895381169360     
   1.2020342688244887     
   1.2227101856446614     
   1.2283699899156715     
   1.2538133429548490     
   1.2609517602730136     
   1.2629363236489219     
   1.2938183092036799     
   1.3032444846653337     
   1.3245394789994089     
   1.3328985054852711     
   1.3514834505253004     
   1.3685977390991595     
   1.4009945804892483     
   1.4125939627190833     
   1.4195598669543597     
   1.4346497873341457     
   1.5274509938111258     
   1.5578312602943858     
   1.5678607478900783     
   1.5797289147800486     
   1.5837859653594795     
   1.6287958970361009     
   1.6447938115246976     
   1.6715113154733987     
   1.6858537044947879     
   1.6935271292520653     
   1.7081647397342345     
   1.7182075454125214     
   1.7589693704535803     
   1.7777284580840684     
   1.8152130777866247     
   1.8166182968167925     
   1.8379703424021794     
   1.8506412285583300     
   1.8550659533804748     
   1.8568318880588381     
   1.8708704692263551     
   1.8769621525968352     
   1.8802475476680554     
   1.9040107299087674     
   1.9499458491206592     
   1.9655798901037249     
   1.9856522439723912     
   2.0191688811739490     
   2.0321431695513601     
   2.0498461085545254     
   2.0629136592580708     
   2.0724055016763288     
   2.0947019768779809     
   2.0964157888244923     
   2.1101497181162805     
   2.1140805205909579     
   2.1176891084148814     
   2.1359391849363782     
   2.1364199668877464     
   2.1503174788135864     
   2.1509043767548750     
   2.1514698278305482     
   2.1537810838613116     
   2.1570022013758483     
   2.1622707304642965     
   2.1658331650425353     
   2.1738093570644654     
   2.1767149005906181     
   2.1793125665216739     
   2.1864454929641828     
   2.1940833843973659     
   2.1958343480768066     
   2.1969891865873050     
   2.2053925779321952     
   2.2098110859094753     
   2.2155203049418897     
   2.2162794244804012     
   2.2173926437228149     
   2.2214688243546341     
   2.2255658563002791     
   2.2316483522443460     
   2.2369247893058088     
   2.2398436138773876     
   2.2444303877905725     
   2.2460660781349313     
   2.2467219657949387     
   2.2484995539264689     
   2.2559573435136606     
   2.2585602438348875     
   2.2608220844558002     
   2.2614287993879123     
   2.2686384378671081     
   2.2688526614277054     
   2.2745363555264064     
   2.2879719345040805     
   2.2953757853993868     
   2.2973333155748783     
   2.3002254473206443     
   2.3091698408406480     
   2.3172552723736928     
   2.3200759607437282     
   2.3264277294398368     
   2.3316318170587347     
   2.3482781720676771     
   2.3600927587521641     
   2.3603652210937960     
   2.3704819705945464     
   2.3717695447103484     
   2.3775705175221367     
   2.3805899421209604     
   2.3812173056399102     
   2.3846774416145373     
   2.3933684448147878     
   2.4159191926848878     
   2.4165245253207761     
   2.4207116708831564     
   2.4229894386907804     
   2.4245844383097430     
   2.4488986331140725     
   2.4570927035263046     
   2.4612313058774378     
   2.4641543173003306     
   2.4694006323218862     
   2.4717735566281576     
   2.4751090154664195     
   2.4769277004502448     
   2.4824722931942032     
   2.4892228482909164     
   2.5057529643900356     
   2.5081417686041663     
   2.5327242620220014     
   2.5365578519763594     
   2.5408840602277767     
   2.5585338629045129     
   2.5618901050833180     
   2.5915246609072193     
   2.5991424797951899     
   2.7037858557224639     
   2.7164298836340044     
   2.7557401441141027     
   2.7571190762323301     
   2.7844004358335219     
   2.7994382575450381     
   2.8054362734318858     
   2.8409704990653704     
   2.8846949098090713     
   2.8931570757144018     
   2.8991066849094635     
   2.9003059621092762     
   2.9071206035664043     
   2.9689242094941770     
   3.0244875281519001     
   3.0486461986705966     
   3.0530196556312283     
   3.0573063183130658     
   3.0912983904581619     
   3.1107618135398525     
   3.1574273538648150     
   3.1603633101918884     
   3.1684333761754950     
   3.2246882722917261     
   3.2362374979428363     
   3.2376958600525225     
   3.2391929450331900     
   3.2450076726173656     
   3.2875657802652989     
   3.3772254403554318     
   3.3886072611836511     
   3.4046039223176154     
   3.4228602385045224     
   3.4323827976774766     
   3.4434061680753967     
   3.5306908423949275     
   3.5643324806029515     
   3.5833599039896540     
   3.5918477176127430     
   3.6191668261061842     
   3.6312899352603520     
   3.6727880970461482     
   3.7195742451089320     
