 beta=  0.31027730255341263     
  -6.5572871437840493E-013
  -2.3800087765574938E-013
  -6.1486787249347525E-014
  -1.3839590426625624E-015
   1.5777906815534070E-013
   2.6249148313515731E-013
   2.2568638324582668E-004
   3.1171745726517910E-004
   4.2388800116803516E-004
   5.0677907495475774E-004
   5.7163511242987880E-004
   6.5189785274415157E-004
   8.0253167238326234E-004
   8.6568878591840879E-004
   8.8447700949821108E-004
   9.6506310368409814E-004
   1.0873412461122178E-003
   1.1046373209329555E-003
   1.2258908328780724E-003
   1.3910432337402084E-003
   1.4496313293693738E-003
   1.4544921916367359E-003
   1.5522067879530504E-003
   1.6756101796216293E-003
   1.7096805796577793E-003
   1.7488730689900465E-003
   1.8705449744956329E-003
   1.9330534040922845E-003
   1.9739795041589280E-003
   1.9887465554298163E-003
   2.0930852056443502E-003
   2.1560603907616648E-003
   2.2449559357003851E-003
   2.3197897172320611E-003
   2.4263468212530601E-003
   2.5350590808915704E-003
   2.5756216691102912E-003
   2.6143628124320000E-003
   2.6316859338466891E-003
   2.7232898102135875E-003
   2.7660577402472031E-003
   2.8361704811733363E-003
   2.8897635157249316E-003
   3.0088455588531682E-003
   3.0298879921774055E-003
   3.1181515093082145E-003
   3.2250785246698832E-003
   3.3202873186071475E-003
   3.3456462116223436E-003
   3.4018933140711198E-003
   3.4736767655983714E-003
   3.5455679199407749E-003
   3.5666138783194091E-003
   3.7172057560319050E-003
   3.7666445972180801E-003
   3.7830315908616422E-003
   3.8169657448240677E-003
   3.8416824608055559E-003
   3.8975005020535172E-003
   3.9100210605563079E-003
   3.9666629846562100E-003
   4.0014311662681544E-003
   4.0136175157852484E-003
   4.0494460867370151E-003
   4.1144671015088405E-003
   4.1684212494747389E-003
   4.3409336171009770E-003
   4.3719476237744394E-003
   4.3856339053559715E-003
   4.3913355022460092E-003
   4.4627639270948148E-003
   4.5029691498103151E-003
   4.5271455312124861E-003
   4.5386588762437070E-003
   4.6026745603062191E-003
   4.6794010219058275E-003
   4.6905656859913929E-003
   4.7396856585606943E-003
   4.7504497227645777E-003
   4.8394565540976070E-003
   4.9055372519316298E-003
   4.9392042165575150E-003
   4.9616290539932573E-003
   5.0176814977411915E-003
   5.0623244744459426E-003
   5.1199802563851524E-003
   5.1482310402623929E-003
   5.1872341026167760E-003
   5.2498952459457127E-003
   5.3075755166106450E-003
   5.3733342977361279E-003
   5.4159726638694696E-003
   5.4534697065521344E-003
   5.4785045633550973E-003
   5.5411188968391414E-003
   5.5732610680096460E-003
   5.6001416246684354E-003
   5.6425740005868960E-003
   5.7024707179169701E-003
   5.7393453986012977E-003
   5.7560544370133223E-003
   5.7731028721679945E-003
   5.7864626229090161E-003
   5.8350806162387548E-003
   5.9007468089887112E-003
   5.9346376774337276E-003
   5.9868644845518454E-003
   6.0191277786060971E-003
   6.0419520505164389E-003
   6.0764464765163629E-003
   6.1047095096150254E-003
   6.1268445886775045E-003
   6.1692589433695452E-003
   6.2313602082060705E-003
   6.3183047507999884E-003
   6.4017571147727895E-003
   6.4194020203455866E-003
   6.4748524785588624E-003
   6.5101705654130428E-003
   6.5555966342220797E-003
   6.5615823827932188E-003
   6.6194399221043837E-003
   6.6614008089261540E-003
   6.6893456527394538E-003
   6.7438781730690938E-003
   6.7465935540319197E-003
   6.7659309561254009E-003
   6.7904557944300122E-003
   6.8071827536250757E-003
   6.8348968151803954E-003
   6.8616911700250032E-003
   6.9067917155699269E-003
   6.9269060149866864E-003
   6.9613076297972594E-003
   7.0047088590854158E-003
   7.0420797082899464E-003
   7.0670290436170343E-003
   7.0848780891957465E-003
   7.1230065726360543E-003
   7.1694394985688673E-003
   7.1956203002458670E-003
   7.2101909405731064E-003
   7.2918476870161503E-003
   7.3377481594513660E-003
   7.3502439723969731E-003
   7.4351301008231466E-003
   7.4714157522098191E-003
   7.5261805819450880E-003
   7.5375328024240634E-003
   7.5559371974985214E-003
   7.5996244585333893E-003
   7.6156760442786511E-003
   7.6463256298546257E-003
   7.6932766674437780E-003
   7.7324187282120501E-003
   7.7641645562339778E-003
   7.7757760619171050E-003
   7.8636291257054101E-003
   7.8785350023842342E-003
   7.8842460171861528E-003
   7.9066650732100008E-003
   7.9357387251565454E-003
   7.9885976733941478E-003
   7.9984176586384587E-003
   8.0254693593606458E-003
   8.0602385142738067E-003
   8.0767799138850484E-003
   8.1149469938376611E-003
   8.1465419756670751E-003
   8.1755419289723311E-003
   8.2006302555197898E-003
   8.2122110295844517E-003
   8.2518165075285942E-003
   8.2899523074152215E-003
   8.3204142550331144E-003
   8.3587904334613220E-003
   8.3890887596261999E-003
   8.4124295442025519E-003
   8.4425782047920766E-003
   8.4625872919571535E-003
   8.5084769421953713E-003
   8.5331413754697605E-003
   8.5382719306591557E-003
   8.5661850277407945E-003
   8.5989106547261964E-003
   8.6481624276849457E-003
   8.6555471307798674E-003
   8.6865901679886049E-003
   8.6903206935974673E-003
   8.7276920145476517E-003
   8.7513150809650879E-003
   8.7623962235811835E-003
   8.7748641473238860E-003
   8.8229459289668553E-003
   8.8560127665705413E-003
   8.8854414490001071E-003
   8.9015888985769995E-003
   8.9317696418823016E-003
   8.9582030163524035E-003
   8.9943579744662765E-003
   9.0061868256161564E-003
   9.0309349511890902E-003
   9.0490196946065530E-003
   9.0850926776813914E-003
   9.1026350641534477E-003
   9.1366846652837248E-003
   9.2159115418515222E-003
   9.2507086870411981E-003
   9.2625985463931689E-003
   9.2756912796536518E-003
   9.3268131491359325E-003
   9.3356886116389409E-003
   9.3698782197794411E-003
   9.3919886440539235E-003
   9.4094669437074785E-003
   9.4355519142761031E-003
   9.4375186845031545E-003
   9.4802649660880259E-003
   9.5248287998864218E-003
   9.5474156028750850E-003
   9.5660322371728165E-003
   9.6012905198789422E-003
   9.6333306242699073E-003
   9.6719334063153275E-003
   9.6985159739229349E-003
   9.7286060882501683E-003
   9.7424674307408123E-003
   9.7762250646232125E-003
   9.8339643991396542E-003
   9.8441933336972376E-003
   9.8680022995840857E-003
   9.8962074739210992E-003
   9.9231336100766322E-003
   9.9276252144409240E-003
   9.9532296461033089E-003
   9.9746657274367122E-003
   1.0001880448057991E-002
   1.0026722671065235E-002
   1.0069521461818316E-002
   1.0085202571082929E-002
   1.0114635184127771E-002
   1.0157575444037496E-002
   1.0199409721261495E-002
   1.0212106480940107E-002
   1.0227215942380666E-002
   1.0259867767818499E-002
   1.0295319339985448E-002
   1.0304914372232429E-002
   1.0328370228447719E-002
   1.0351110226485730E-002
   1.0371746361373314E-002
   1.0413405663306315E-002
   1.0431032454430405E-002
   1.0460070635184397E-002
   1.0488240372663091E-002
   1.0504353087627262E-002
   1.0526822973016424E-002
   1.0536338134260885E-002
   1.0597282214776082E-002
   1.0610332669749017E-002
   1.0632276178306652E-002
   1.0640609238071060E-002
   1.0668872639823650E-002
   1.0691798406899060E-002
   1.0711683786399652E-002
   1.0754031661243673E-002
   1.0763971638874688E-002
   1.0801914321391763E-002
   1.0802688361033310E-002
   1.0843960745187415E-002
   1.0849899797663412E-002
   1.0892450959537493E-002
   1.0926452531632231E-002
   1.0944535636788811E-002
   1.0960983644870761E-002
   1.1034037602912883E-002
   1.1047034081015395E-002
   1.1051747813365532E-002
   1.1073505029360699E-002
   1.1085706318082388E-002
   1.1128074188941376E-002
   1.1157584823906894E-002
   1.1217436327102471E-002
   1.1243137560785965E-002
   1.1250386550163213E-002
   1.1278668502141877E-002
   1.1287167787698685E-002
   1.1323280560467025E-002
   1.1337155760288991E-002
   1.1352294907295618E-002
   1.1410464242961889E-002
   1.1442988854367408E-002
   1.1451285117292586E-002
   1.1485078925100090E-002
   1.1498136551144487E-002
   1.1518774042112684E-002
   1.1546805910426641E-002
   1.1567357070282214E-002
   1.1575649173951421E-002
   1.1586306151455847E-002
   1.1606853130780498E-002
   1.1666534988895414E-002
   1.1670359366019924E-002
   1.1688520562675201E-002
   1.1700693076657260E-002
   1.1709009597388327E-002
   1.1723390032614290E-002
   1.1776161657483641E-002
   1.1820958079902960E-002
   1.1829390036548003E-002
   1.1842562304294504E-002
   1.1902553144023192E-002
   1.1908211896494660E-002
   1.1912101448342181E-002
   1.1956726985520336E-002
   1.1965075587759432E-002
   1.1978603381432014E-002
   1.2016120934067575E-002
   1.2043104422005171E-002
   1.2091505110530133E-002
   1.2100016661568177E-002
   1.2142462288560479E-002
   1.2157529027628830E-002
   1.2177903596895209E-002
   1.2209806040140610E-002
   1.2237136379678909E-002
   1.2240768420694693E-002
   1.2256607788325123E-002
   1.2274183896481909E-002
   1.2304225414414576E-002
   1.2308307132736505E-002
   1.2324148733214482E-002
   1.2344531961838032E-002
   1.2403871021225848E-002
   1.2408766788674006E-002
   1.2423704478324284E-002
   1.2445544552955563E-002
   1.2448125058206208E-002
   1.2467814212630723E-002
   1.2482662442430523E-002
   1.2502035113095309E-002
   1.2534100894825402E-002
   1.2552091835537984E-002
   1.2572522180829169E-002
   1.2590911145227025E-002
   1.2603937694627454E-002
   1.2628835811231006E-002
   1.2651840552553620E-002
   1.2680709490020743E-002
   1.2689863946007617E-002
   1.2716101582245658E-002
   1.2733762266583034E-002
   1.2762276517463847E-002
   1.2779419741823393E-002
   1.2806081529424220E-002
   1.2811751364467052E-002
   1.2840215525888722E-002
   1.2864479839744859E-002
   1.2890583569951606E-002
   1.2898199251857497E-002
   1.2915872263491180E-002
   1.2936246334468937E-002
   1.2949690751668630E-002
   1.2974961527396758E-002
   1.2988207004376126E-002
   1.2993520089667901E-002
   1.3012233245888655E-002
   1.3031961030291885E-002
   1.3054044111451193E-002
   1.3083773583089049E-002
   1.3090492159886398E-002
   1.3118407875275939E-002
   1.3128190836198612E-002
   1.3156758457690626E-002
   1.3197393286030720E-002
   1.3206236151002668E-002
   1.3217246486440733E-002
   1.3229262103363825E-002
   1.3259362757780344E-002
   1.3262975867309708E-002
   1.3279355255318894E-002
   1.3295758695298213E-002
   1.3327041624731228E-002
   1.3336078379509295E-002
   1.3352498114701560E-002
   1.3360583725028153E-002
   1.3368551609610577E-002
   1.3375471059875757E-002
   1.3388898860673874E-002
   1.3406087919811379E-002
   1.3429144843233680E-002
   1.3449891088523902E-002
   1.3474316986808954E-002
   1.3486099973401259E-002
   1.3492882000826979E-002
   1.3514785120461153E-002
   1.3520623640184878E-002
   1.3540606225492578E-002
   1.3551777236995606E-002
   1.3570799127878390E-002
   1.3576160499738629E-002
   1.3584414579599639E-002
   1.3598762751340789E-002
   1.3603459975939413E-002
   1.3616810552877159E-002
   1.3638121980700990E-002
   1.3662338624597760E-002
   1.3676321437297910E-002
   1.3694642363429809E-002
   1.3710372125772774E-002
   1.3728066773742109E-002
   1.3738510459356257E-002
   1.3769401281739918E-002
   1.3780501963681645E-002
   1.3799614226074801E-002
   1.3811013013534336E-002
   1.3819891057789056E-002
   1.3834269885343368E-002
   1.3853967769777190E-002
   1.3857111660306592E-002
   1.3884548465423344E-002
   1.3901666189288639E-002
   1.3916723969631475E-002
   1.3935096064200842E-002
   1.3947822588644495E-002
   1.3954987666674438E-002
   1.3980149465387936E-002
   1.3998486505558339E-002
   1.4005035521462633E-002
   1.4044000374743832E-002
   1.4049787088347769E-002
   1.4067565185013823E-002
   1.4071084370709091E-002
   1.4092781948115985E-002
   1.4103942399069685E-002
   1.4129828010442979E-002
   1.4144539209138524E-002
   1.4187429379699554E-002
   1.4201117781710586E-002
   1.4202574947920162E-002
   1.4223020595419930E-002
   1.4243533730277303E-002
   1.4251911573088321E-002
   1.4257235327904261E-002
   1.4276597943783192E-002
   1.4291085898092365E-002
   1.4313946864955709E-002
   1.4323374863414432E-002
   1.4343397668503462E-002
   1.4369840018442230E-002
   1.4383466887667864E-002
   1.4397932803064742E-002
   1.4408434748074921E-002
   1.4411823980782263E-002
   1.4431703478692010E-002
   1.4476347692709932E-002
   1.4482362852187519E-002
   1.4491007021790537E-002
   1.4504890959404782E-002
   1.4514860217810786E-002
   1.4522245784598270E-002
   1.4534142275792125E-002
   1.4545112854906585E-002
   1.4550975331989818E-002
   1.4594771375860424E-002
   1.4605294794558479E-002
   1.4608581515225734E-002
   1.4612892380760844E-002
   1.4651640347234589E-002
   1.4671798750612468E-002
   1.4684876905665939E-002
   1.4692817882702582E-002
   1.4717879182627944E-002
   1.4723573531463292E-002
   1.4727623634641389E-002
   1.4746436614287454E-002
   1.4767939086037678E-002
   1.4777664775149229E-002
   1.4798103171624357E-002
   1.4816480346759614E-002
   1.4829350718327217E-002
   1.4844794949223724E-002
   1.4862993168776352E-002
   1.4892681715014499E-002
   1.4900009406502096E-002
   1.4908685959803157E-002
   1.4923962717831744E-002
   1.4930493229850765E-002
   1.4958102131029206E-002
   1.4963746912477788E-002
   1.4983757272968532E-002
   1.4991769206019186E-002
   1.5019273539990202E-002
   1.5036957486715250E-002
   1.5048529010597802E-002
   1.5055890866637434E-002
   1.5082216740904477E-002
   1.5093404641574626E-002
   1.5113302948938923E-002
   1.5120553641185733E-002
   1.5132520151851247E-002
   1.5147242903422889E-002
   1.5164607289705763E-002
   1.5174470152013186E-002
   1.5185000298630383E-002
   1.5200905815391415E-002
   1.5203043052724722E-002
   1.5250643186321444E-002
   1.5268002563320700E-002
   1.5273137180322235E-002
   1.5286080345885468E-002
   1.5301157730913088E-002
   1.5311374246807334E-002
   1.5322149382051366E-002
   1.5351413392739400E-002
   1.5361538604519675E-002
   1.5368702956201821E-002
   1.5382383525491634E-002
   1.5390568802435297E-002
   1.5402935163648787E-002
   1.5418574711702609E-002
   1.5425893228667265E-002
   1.5444074193604846E-002
   1.5455041509123697E-002
   1.5470216608688001E-002
   1.5480755289509093E-002
   1.5488026189292193E-002
   1.5512843655533695E-002
   1.5518131233236551E-002
   1.5539272966425403E-002
   1.5557563617120105E-002
   1.5570801627703067E-002
   1.5584759879739247E-002
   1.5597084519884764E-002
   1.5619871446777069E-002
   1.5628180970121409E-002
   1.5640852933015075E-002
   1.5648655310619243E-002
   1.5665249653224345E-002
   1.5679470184412892E-002
   1.5684974544959020E-002
   1.5697893011845279E-002
   1.5726068601975906E-002
   1.5740374204282041E-002
   1.5752918564551837E-002
   1.5766074789610254E-002
   1.5788838995403516E-002
   1.5801098834909280E-002
   1.5811407937167274E-002
   1.5836396274591831E-002
   1.5841638845693656E-002
   1.5852864140946082E-002
   1.5865703104575180E-002
   1.5883764332618677E-002
   1.5901689050474243E-002
   1.5913926953864468E-002
   1.5935921606174824E-002
   1.5940963370907908E-002
   1.5952442184550247E-002
   1.5959306676386786E-002
   1.5982783343372910E-002
   1.5994383517088279E-002
   1.6016085112601372E-002
   1.6024985024173963E-002
   1.6041633716540361E-002
   1.6046510013906459E-002
   1.6063470830958215E-002
   1.6078839208893202E-002
   1.6086361847128677E-002
   1.6105833217160619E-002
   1.6131661147013823E-002
   1.6144014857602342E-002
   1.6156717801998982E-002
   1.6175214806030406E-002
   1.6178202545835012E-002
   1.6185693272956672E-002
   1.6199440876380207E-002
   1.6209566176222250E-002
   1.6217062610708721E-002
   1.6226611870314624E-002
   1.6247768879446491E-002
   1.6258185076803138E-002
   1.6269482064217529E-002
   1.6282383969663031E-002
   1.6299897756082198E-002
   1.6317277584326606E-002
   1.6322398640258005E-002
   1.6333221844292613E-002
   1.6342316723010886E-002
   1.6358817908317246E-002
   1.6368343801292554E-002
   1.6386522060505081E-002
   1.6411736272677172E-002
   1.6418499071816844E-002
   1.6426010095375462E-002
   1.6442144117639421E-002
   1.6456475382955520E-002
   1.6461358369021933E-002
   1.6462491152742269E-002
   1.6488943322338436E-002
   1.6498960462424581E-002
   1.6519799017933576E-002
   1.6542791617798508E-002
   1.6550905250704503E-002
   1.6568643028788927E-002
   1.6583323108727781E-002
   1.6597002990899237E-002
   1.6607258773476748E-002
   1.6616205392497349E-002
   1.6636079158441588E-002
   1.6659198155444414E-002
   1.6681043170797150E-002
   1.6690515795818955E-002
   1.6696602513470559E-002
   1.6731281924197206E-002
   1.6740710993539798E-002
   1.6749835951470036E-002
   1.6761031270018153E-002
   1.6789892853215641E-002
   1.6791394695212562E-002
   1.6801388802318240E-002
   1.6806476840523048E-002
   1.6833086944462210E-002
   1.6837898399150893E-002
   1.6850670399182172E-002
   1.6865999044432936E-002
   1.6877195781221432E-002
   1.6887557085351206E-002
   1.6896718567377331E-002
   1.6915616890325232E-002
   1.6929761983617467E-002
   1.6947486621620923E-002
   1.6950185661469150E-002
   1.6986335326788952E-002
   1.7001956348777950E-002
   1.7014485147345548E-002
   1.7023164204814346E-002
   1.7048070211274632E-002
   1.7067783421899511E-002
   1.7080730470092335E-002
   1.7090992883460304E-002
   1.7102601966136288E-002
   1.7112854187320233E-002
   1.7126342197387064E-002
   1.7134418931975311E-002
   1.7149811503753415E-002
   1.7157491259582280E-002
   1.7178655018403381E-002
   1.7193742517668961E-002
   1.7199425462840357E-002
   1.7209909436799654E-002
   1.7227834274894435E-002
   1.7247192285729490E-002
   1.7262912083295362E-002
   1.7273196908185684E-002
   1.7288157580866225E-002
   1.7294678413482343E-002
   1.7311960723152928E-002
   1.7325509707779949E-002
   1.7334714707586803E-002
   1.7361971531129918E-002
   1.7372950810624177E-002
   1.7389213823547790E-002
   1.7400034083930573E-002
   1.7405538081089973E-002
   1.7419895774003893E-002
   1.7429877297416484E-002
   1.7449218732376186E-002
   1.7455557821371027E-002
   1.7465687396545946E-002
   1.7484106631612529E-002
   1.7515313257770206E-002
   1.7526723505816015E-002
   1.7534880531677278E-002
   1.7544878218737882E-002
   1.7576495865920909E-002
   1.7587300726883678E-002
   1.7594489822377723E-002
   1.7612399106292354E-002
   1.7617221203124363E-002
   1.7637408877439597E-002
   1.7648612207228995E-002
   1.7650274593746632E-002
   1.7673311819827876E-002
   1.7675401271015700E-002
   1.7687575566370795E-002
   1.7702845226658381E-002
   1.7707663404183761E-002
   1.7716410288915449E-002
   1.7725017454473156E-002
   1.7740019710094247E-002
   1.7742329290327947E-002
   1.7761784546788163E-002
   1.7784750627709914E-002
   1.7794872602754915E-002
   1.7815398955596622E-002
   1.7818632746497112E-002
   1.7835362560828433E-002
   1.7840652420500824E-002
   1.7858716876874792E-002
   1.7879908517593399E-002
   1.7890738359912596E-002
   1.7902548665867307E-002
   1.7914637384544119E-002
   1.7931515328260393E-002
   1.7946738053246026E-002
   1.7949008927476764E-002
   1.7984824598835256E-002
   1.7992875816748861E-002
   1.7999153345532828E-002
   1.8005322734349523E-002
   1.8022391299902896E-002
   1.8055836667318279E-002
   1.8058706771703091E-002
   1.8067550491679910E-002
   1.8077316763124351E-002
   1.8085996003935862E-002
   1.8103177533908870E-002
   1.8114846258550327E-002
   1.8132358624042257E-002
   1.8141765582624564E-002
   1.8142735274362335E-002
   1.8169158212195245E-002
   1.8185423006020354E-002
   1.8197289429329723E-002
   1.8214695679456234E-002
   1.8228528625601436E-002
   1.8245824803225816E-002
   1.8258380365509939E-002
   1.8264961526183243E-002
   1.8275351633843837E-002
   1.8286337108306475E-002
   1.8304955177402164E-002
   1.8328805794628540E-002
   1.8335798149822721E-002
   1.8345384827341053E-002
   1.8354628348179435E-002
   1.8370663513927982E-002
   1.8384176133230425E-002
   1.8400161182792075E-002
   1.8401408602798999E-002
   1.8415952534810431E-002
   1.8426885602370907E-002
   1.8450583582259265E-002
   1.8457114039565493E-002
   1.8463145244360560E-002
   1.8469278552156115E-002
   1.8485562657668108E-002
   1.8503830785714333E-002
   1.8511508624547677E-002
   1.8521676065564322E-002
   1.8539029098463517E-002
   1.8556297793207843E-002
   1.8565255246435253E-002
   1.8569702315561997E-002
   1.8581357885351462E-002
   1.8605216955666158E-002
   1.8610331881862348E-002
   1.8613243002647582E-002
   1.8641010994087773E-002
   1.8653054704979667E-002
   1.8674420334981730E-002
   1.8678782164984239E-002
   1.8693805524605738E-002
   1.8699210005985969E-002
   1.8704354201731166E-002
   1.8718925582631187E-002
   1.8732102501205852E-002
   1.8749609636053835E-002
   1.8769449676288470E-002
   1.8774293451820009E-002
   1.8794473824244404E-002
   1.8801302400416844E-002
   1.8824209103253282E-002
   1.8826759530519318E-002
   1.8841390262278015E-002
   1.8851893069631032E-002
   1.8855243855889457E-002
   1.8863724809138706E-002
   1.8871760525884351E-002
   1.8880366870960136E-002
   1.8891889676411158E-002
   1.8907094090922606E-002
   1.8912003032399136E-002
   1.8927142705264865E-002
   1.8933326027180689E-002
   1.8945919157950575E-002
   1.8950959840738805E-002
   1.8952203132813778E-002
   1.8985457947870089E-002
   1.9009876552276712E-002
   1.9018962393441516E-002
   1.9023325541282943E-002
   1.9033461440447864E-002
   1.9046559435992153E-002
   1.9056192936981908E-002
   1.9073874582131289E-002
   1.9084474967900809E-002
   1.9099346915426054E-002
   1.9111363837309648E-002
   1.9128182068238426E-002
   1.9144055931485309E-002
   1.9147333281511289E-002
   1.9149784447113388E-002
   1.9156694748971304E-002
   1.9172262652112870E-002
   1.9175698170564401E-002
   1.9194536342985825E-002
   1.9198047681774556E-002
   1.9215724251284583E-002
   1.9241772820598361E-002
   1.9249367116728873E-002
   1.9256301537358678E-002
   1.9263635398309976E-002
   1.9277193429477178E-002
   1.9299391312182949E-002
   1.9310647771570315E-002
   1.9328702501071188E-002
   1.9343046205664117E-002
   1.9350966144151296E-002
   1.9362839648001361E-002
   1.9367270119771789E-002
   1.9381831051180763E-002
   1.9383381499725197E-002
   1.9390150362701319E-002
   1.9392825140231239E-002
   1.9402686992915971E-002
   1.9407126943684700E-002
   1.9418241997828441E-002
   1.9433005017614836E-002
   1.9449292428089477E-002
   1.9459012020290177E-002
   1.9466345155689319E-002
   1.9474224392665659E-002
   1.9484155483751590E-002
   1.9488423716932966E-002
   1.9495440314012145E-002
   1.9508505076612104E-002
   1.9516258890115011E-002
   1.9535101959187506E-002
   1.9543740440847175E-002
   1.9548528870950287E-002
   1.9561100350472267E-002
   1.9573042720061159E-002
   1.9580293098453834E-002
   1.9588997055533089E-002
   1.9599919586667229E-002
   1.9608317378863271E-002
   1.9622214925807280E-002
   1.9639237661409029E-002
   1.9645143266498584E-002
   1.9666683700762938E-002
   1.9679422869351895E-002
   1.9690701304398216E-002
   1.9696036798853653E-002
   1.9706137357929254E-002
   1.9724416732976539E-002
   1.9747360430179297E-002
   1.9765646794648831E-002
   1.9774975508951308E-002
   1.9780707781773030E-002
   1.9799490752298393E-002
   1.9809946284907790E-002
   1.9819915572252596E-002
   1.9829545096762016E-002
   1.9852429860606351E-002
   1.9857297299268939E-002
   1.9879862858388993E-002
   1.9888967559537715E-002
   1.9900112909233676E-002
   1.9907575202964004E-002
   1.9916495653325275E-002
   1.9936929979099106E-002
   1.9947946132867919E-002
   1.9956379930887839E-002
   1.9969840454781868E-002
   1.9974635088289679E-002
   1.9987909306379330E-002
   1.9993807877166644E-002
   2.0007353159336088E-002
   2.0015312484025428E-002
   2.0030357609753982E-002
   2.0047291132493532E-002
   2.0056871232986634E-002
   2.0061035862879231E-002
   2.0070080996087720E-002
   2.0086244942442717E-002
   2.0090892479324329E-002
   2.0091430540759892E-002
   2.0118286024331262E-002
   2.0128397168386099E-002
   2.0139752541952563E-002
   2.0152589449714466E-002
   2.0159905042868631E-002
   2.0173993131544929E-002
   2.0174334029074592E-002
   2.0189084061323605E-002
   2.0205801861158276E-002
   2.0212725099813623E-002
   2.0227715019654171E-002
   2.0236845343128831E-002
   2.0244705896941623E-002
   2.0252656481374212E-002
   2.0269356479244174E-002
   2.0284151719669914E-002
   2.0293594483328466E-002
   2.0302756715974975E-002
   2.0317369897719987E-002
   2.0323259543061217E-002
   2.0340084732307692E-002
   2.0344312076455384E-002
   2.0359078883975246E-002
   2.0372337715175791E-002
   2.0376418645190388E-002
   2.0382592017644269E-002
   2.0400251399014548E-002
   2.0412590563258948E-002
   2.0422535894728637E-002
   2.0424382281601674E-002
   2.0448140693760442E-002
   2.0448926274388962E-002
   2.0466184318378010E-002
   2.0477476093170240E-002
   2.0488403530632273E-002
   2.0494979603250987E-002
   2.0503947858132688E-002
   2.0512768739955303E-002
   2.0517236831465398E-002
   2.0533631660140515E-002
   2.0543925746196505E-002
   2.0554182995192193E-002
   2.0563009969851720E-002
   2.0565896637741755E-002
   2.0583469588871438E-002
   2.0588399470609746E-002
   2.0602483640524090E-002
   2.0616176397848292E-002
   2.0634361477377496E-002
   2.0644935758357449E-002
   2.0653510889710722E-002
   2.0658104243980593E-002
   2.0672327088006103E-002
   2.0681623488364394E-002
   2.0694435503516205E-002
   2.0708439420128913E-002
   2.0718831977815117E-002
   2.0732280953661222E-002
   2.0739132902902292E-002
   2.0746537072478081E-002
   2.0753736389964052E-002
   2.0762991255647546E-002
   2.0783807207175226E-002
   2.0785455802648171E-002
   2.0799379230185499E-002
   2.0815497600239530E-002
   2.0828587651170839E-002
   2.0845029943769151E-002
   2.0848858033077514E-002
   2.0864503092032104E-002
   2.0869409079424413E-002
   2.0880789844070796E-002
   2.0892343414400657E-002
   2.0906578544526350E-002
   2.0912157861750044E-002
   2.0922591599120646E-002
   2.0927822958295060E-002
   2.0942102602032209E-002
   2.0958456664424151E-002
   2.0960991982774652E-002
   2.0967897061435196E-002
   2.0981152111262509E-002
   2.0997340279316001E-002
   2.1004057125279071E-002
   2.1015795350180590E-002
   2.1021383834641146E-002
   2.1042002400628368E-002
   2.1045151002239901E-002
   2.1052151765082388E-002
   2.1073231441476725E-002
   2.1076857841635772E-002
   2.1079086445263632E-002
   2.1084519367423529E-002
   2.1098895467212265E-002
   2.1107435750369379E-002
   2.1119938545057785E-002
   2.1133672010324987E-002
   2.1137530383038200E-002
   2.1147464357644339E-002
   2.1171475851032750E-002
   2.1189720645143940E-002
   2.1191484803593789E-002
   2.1194575938916254E-002
   2.1209618472650318E-002
   2.1228036211159887E-002
   2.1239522411635677E-002
   2.1246932104448540E-002
   2.1248000510367727E-002
   2.1266463803046549E-002
   2.1276016919740313E-002
   2.1280156587149990E-002
   2.1295123719728769E-002
   2.1310202100702409E-002
   2.1317795872793619E-002
   2.1328917271904835E-002
   2.1347367031906324E-002
   2.1348988731456745E-002
   2.1356495262805017E-002
   2.1363225223429642E-002
   2.1369977530027760E-002
   2.1379994069645376E-002
   2.1396424764388161E-002
   2.1397772492060558E-002
   2.1405391227748670E-002
   2.1416181818271443E-002
   2.1436514318190648E-002
   2.1440524758363430E-002
   2.1449027728253117E-002
   2.1453674722472584E-002
   2.1461574132351190E-002
   2.1465476756612638E-002
   2.1478446159434509E-002
   2.1483404807899353E-002
   2.1501917726434148E-002
   2.1508813077942501E-002
   2.1525767422229787E-002
   2.1528463947225535E-002
   2.1540181301326667E-002
   2.1549859671134649E-002
   2.1571527336405383E-002
   2.1576964600200210E-002
   2.1587503519211251E-002
   2.1603193920409786E-002
   2.1621675638090112E-002
   2.1628002339813792E-002
   2.1642791976754328E-002
   2.1649411051461218E-002
   2.1656863036869357E-002
   2.1665927042526515E-002
   2.1672726238362746E-002
   2.1680961286891710E-002
   2.1682254194976928E-002
   2.1688624603921434E-002
   2.1700479971624474E-002
   2.1709648369066567E-002
   2.1724829202048851E-002
   2.1738439311339387E-002
   2.1741284944838936E-002
   2.1765131230276815E-002
   2.1772393451377013E-002
   2.1778687904607408E-002
   2.1795064526668854E-002
   2.1802507616875830E-002
   2.1814769291625777E-002
   2.1818482028994300E-002
   2.1834204163517265E-002
   2.1849532197499532E-002
   2.1859084179568406E-002
   2.1867498186440938E-002
   2.1876949181653279E-002
   2.1893437512801928E-002
   2.1908457255136748E-002
   2.1910347153614115E-002
   2.1918992441510961E-002
   2.1937384658690499E-002
   2.1948287830772528E-002
   2.1952925052566415E-002
   2.1963846850254785E-002
   2.1978575228633473E-002
   2.1991101135957664E-002
   2.2004051829024353E-002
   2.2004808067415099E-002
   2.2028270737667728E-002
   2.2041829395497894E-002
   2.2046262808399796E-002
   2.2059117692294863E-002
   2.2065237835325813E-002
   2.2081460138987798E-002
   2.2091429657799252E-002
   2.2109275788422277E-002
   2.2115534009195800E-002
   2.2124803051007062E-002
   2.2128040448037824E-002
   2.2152128120567379E-002
   2.2166598926370858E-002
   2.2175784811683776E-002
   2.2179633664632433E-002
   2.2190823146685790E-002
   2.2195731383424851E-002
   2.2216817881781255E-002
   2.2227943732584413E-002
   2.2243866897298663E-002
   2.2244154974970478E-002
   2.2255431775299761E-002
   2.2266786994107002E-002
   2.2280833206259235E-002
   2.2291261853978450E-002
   2.2296526764354892E-002
   2.2298202129544527E-002
   2.2305392991987621E-002
   2.2319277410717771E-002
   2.2327983144144838E-002
   2.2334383111974682E-002
   2.2352396035464739E-002
   2.2356538469413621E-002
   2.2362471690335461E-002
   2.2378011979007083E-002
   2.2403804534133574E-002
   2.2411012414385305E-002
   2.2415366530928849E-002
   2.2429400244333816E-002
   2.2437032189961192E-002
   2.2453414477914779E-002
   2.2463663778930637E-002
   2.2473683208090268E-002
   2.2481537455692348E-002
   2.2505586900660124E-002
   2.2518736665185918E-002
   2.2526551298525949E-002
   2.2532923703529554E-002
   2.2549574360377491E-002
   2.2562328801418421E-002
   2.2575124314174765E-002
   2.2587156388168009E-002
   2.2592034278116936E-002
   2.2605322603255786E-002
   2.2621561380998211E-002
   2.2624745447004286E-002
   2.2636145727679021E-002
   2.2647456380278451E-002
   2.2656436840176895E-002
   2.2665884883641674E-002
   2.2688317763303784E-002
   2.2692394795728776E-002
   2.2711857144609413E-002
   2.2720755332456759E-002
   2.2733978208176148E-002
   2.2740117818683094E-002
   2.2749824822311859E-002
   2.2763341789013694E-002
   2.2777561971895066E-002
   2.2786750569015642E-002
   2.2793103961983349E-002
   2.2819738251503064E-002
   2.2828005445064161E-002
   2.2842567728873657E-002
   2.2857699330734050E-002
   2.2862907702988173E-002
   2.2890952242916672E-002
   2.2892033214935843E-002
   2.2904823705269705E-002
   2.2919675378076768E-002
   2.2932698847415861E-002
   2.2939501509939269E-002
   2.2943480805939172E-002
   2.2956750421324532E-002
   2.2975128593924893E-002
   2.2987533878335322E-002
   2.2990687910785165E-002
   2.2993430063878571E-002
   2.3004859775721233E-002
   2.3017081786895193E-002
   2.3026703857208293E-002
   2.3031212805992980E-002
   2.3050596682124044E-002
   2.3075226969981051E-002
   2.3085487979785706E-002
   2.3091196585264297E-002
   2.3098655818164775E-002
   2.3111935930718443E-002
   2.3121854974769686E-002
   2.3137498019672575E-002
   2.3141160631773090E-002
   2.3154608247374531E-002
   2.3159770146232227E-002
   2.3180998727157988E-002
   2.3197537962734639E-002
   2.3227645364404227E-002
   2.3235883769299002E-002
   2.3241057374916847E-002
   2.3249738385343031E-002
   2.3253823009714108E-002
   2.3273408319340411E-002
   2.3283241359703132E-002
   2.3289959802163869E-002
   2.3297173871044453E-002
   2.3309841448456711E-002
   2.3329996443049554E-002
   2.3347368600764778E-002
   2.3352339029764541E-002
   2.3355080079047099E-002
   2.3372254205074269E-002
   2.3373205123809526E-002
   2.3385067410537197E-002
   2.3402259591054776E-002
   2.3430192553187384E-002
   2.3439812245257260E-002
   2.3445082953069577E-002
   2.3452711607645893E-002
   2.3459158966566186E-002
   2.3476737302169093E-002
   2.3495368616946555E-002
   2.3500920830595597E-002
   2.3520242106484981E-002
   2.3530246491838422E-002
   2.3540742917689525E-002
   2.3556591869913233E-002
   2.3569485121269461E-002
   2.3591412111418474E-002
   2.3618335890058240E-002
   2.3626280449424344E-002
   2.3632841442493495E-002
   2.3637612643229972E-002
   2.3641388942833168E-002
   2.3654117775490924E-002
   2.3671339235221450E-002
   2.3682608441048185E-002
   2.3695198205018204E-002
   2.3696447159151125E-002
   2.3704308663147110E-002
   2.3712105839506448E-002
   2.3734307366453149E-002
   2.3746919248949293E-002
   2.3756957671984286E-002
   2.3762441942499771E-002
   2.3780355266845778E-002
   2.3781070592075338E-002
   2.3799010737887691E-002
   2.3807222302290012E-002
   2.3812833801590074E-002
   2.3833301488915586E-002
   2.3845014090091009E-002
   2.3849751950197354E-002
   2.3861420306098013E-002
   2.3882520780516909E-002
   2.3888631763902872E-002
   2.3903517686305244E-002
   2.3923923478334882E-002
   2.3931635602753805E-002
   2.3948294876428852E-002
   2.3970114763106582E-002
   2.3975098974487040E-002
   2.3996708834045036E-002
   2.4013357255609390E-002
   2.4027173011738300E-002
   2.4043629461413633E-002
   2.4049224881797227E-002
   2.4056889838009698E-002
   2.4073521393930413E-002
   2.4087542424038287E-002
   2.4102092657457330E-002
   2.4104427822915650E-002
   2.4105639490632890E-002
   2.4125253743514052E-002
   2.4136172720275319E-002
   2.4139377658074689E-002
   2.4157047887113141E-002
   2.4174882875358072E-002
   2.4195132333029386E-002
   2.4201334749666056E-002
   2.4206554211486937E-002
   2.4221366870833396E-002
   2.4233756355132908E-002
   2.4257095363120911E-002
   2.4262430465563221E-002
   2.4275483535839484E-002
   2.4295807293799623E-002
   2.4304597808329078E-002
   2.4309092900966247E-002
   2.4313931460255064E-002
   2.4322128463578254E-002
   2.4340173569884133E-002
   2.4361073856910040E-002
   2.4363917267553679E-002
   2.4377454993858048E-002
   2.4389388755177852E-002
   2.4396178491639876E-002
   2.4413330092831920E-002
   2.4420057487789196E-002
   2.4437622235018868E-002
   2.4445131858470331E-002
   2.4455415770606500E-002
   2.4458030016805587E-002
   2.4478607334934545E-002
   2.4489909954456358E-002
   2.4499908570564066E-002
   2.4514652484887926E-002
   2.4525362565214356E-002
   2.4533962023898185E-002
   2.4545247831579787E-002
   2.4551239629258738E-002
   2.4568068314046541E-002
   2.4576839198178952E-002
   2.4594527146325745E-002
   2.4606187210727725E-002
   2.4627279437594036E-002
   2.4637196804560339E-002
   2.4651165296660036E-002
   2.4666383029645279E-002
   2.4670078397840224E-002
   2.4681033104534449E-002
   2.4696369204716753E-002
   2.4698661879480940E-002
   2.4710914277266103E-002
   2.4713623026619752E-002
   2.4727623766742583E-002
   2.4739316351682243E-002
   2.4747293646746611E-002
   2.4772068459630113E-002
   2.4780285712994832E-002
   2.4791055502271384E-002
   2.4803017663462615E-002
   2.4811707970942006E-002
   2.4825078077785893E-002
   2.4842827648383987E-002
   2.4847680600210566E-002
   2.4852486234544065E-002
   2.4875877428015218E-002
   2.4885761882454657E-002
   2.4893324577781258E-002
   2.4919393494033760E-002
   2.4928611604274762E-002
   2.4934572127893104E-002
   2.4943515161782157E-002
   2.4969914506075306E-002
   2.4973632478175727E-002
   2.4982805236904489E-002
   2.4997968247008034E-002
   2.5003843809424629E-002
   2.5020677234964279E-002
   2.5032617605976675E-002
   2.5044265692157647E-002
   2.5065492596835274E-002
   2.5073516693814177E-002
   2.5076996938901863E-002
   2.5092674166868306E-002
   2.5106510044497481E-002
   2.5112095001024980E-002
   2.5126170920310525E-002
   2.5128690838481658E-002
   2.5138379087104659E-002
   2.5158046187405098E-002
   2.5167272852803846E-002
   2.5180221163555564E-002
   2.5180723811532038E-002
   2.5201197769055772E-002
   2.5215527187120581E-002
   2.5231325100936605E-002
   2.5240553439364447E-002
   2.5254165060351337E-002
   2.5258091503921706E-002
   2.5269691747306099E-002
   2.5272931063989715E-002
   2.5286998729951469E-002
   2.5299579916118871E-002
   2.5313834186173178E-002
   2.5315182566483029E-002
   2.5331475275481269E-002
   2.5346762481414899E-002
   2.5360173767951445E-002
   2.5379302571134216E-002
   2.5388521535855881E-002
   2.5393132342672740E-002
   2.5412154316709363E-002
   2.5421015979552472E-002
   2.5444208051877849E-002
   2.5452251785781144E-002
   2.5467713695236455E-002
   2.5476788842275961E-002
   2.5497964614921088E-002
   2.5502936176299784E-002
   2.5522976675461259E-002
   2.5525714885473297E-002
   2.5540605931672473E-002
   2.5552391788644123E-002
   2.5561211865902895E-002
   2.5565234113139598E-002
   2.5586001489597283E-002
   2.5603391127186643E-002
   2.5609621492784236E-002
   2.5627038082097202E-002
   2.5635074448784715E-002
   2.5645256190377143E-002
   2.5669925162400541E-002
   2.5674852784330217E-002
   2.5693889985567337E-002
   2.5708102463023214E-002
   2.5711032559175787E-002
   2.5721380000819274E-002
   2.5732932091590804E-002
   2.5752603206281074E-002
   2.5764216525812466E-002
   2.5776152617368722E-002
   2.5779988625428626E-002
   2.5802270618900565E-002
   2.5814783206706382E-002
   2.5834542891745152E-002
   2.5843459174215669E-002
   2.5858642152543888E-002
   2.5871400625965917E-002
   2.5886156571757236E-002
   2.5894131173008917E-002
   2.5909223288470961E-002
   2.5932700976209550E-002
   2.5935309940497940E-002
   2.5955063639903412E-002
   2.5964703562448423E-002
   2.5973438409285326E-002
   2.5992513690989053E-002
   2.5998904734910171E-002
   2.6009334868944616E-002
   2.6017534652122736E-002
   2.6044796725356520E-002
   2.6053357934486904E-002
   2.6078474204026567E-002
   2.6098985175960498E-002
   2.6105528532531619E-002
   2.6116539721782076E-002
   2.6133886141870809E-002
   2.6148962107844079E-002
   2.6158385670001522E-002
   2.6182408846600592E-002
   2.6199183873091690E-002
   2.6212000303910431E-002
   2.6218509764674644E-002
   2.6225493868459567E-002
   2.6235156047275394E-002
   2.6238713494364851E-002
   2.6261135069091595E-002
   2.6276386106875101E-002
   2.6289459640559797E-002
   2.6311909445743333E-002
   2.6320198653075142E-002
   2.6329513987900035E-002
   2.6340483518032757E-002
   2.6348968299636399E-002
   2.6363086071493968E-002
   2.6367958900320471E-002
   2.6368794791020198E-002
   2.6386086813962852E-002
   2.6407035426151831E-002
   2.6411515850044524E-002
   2.6425786737446066E-002
   2.6432978522777074E-002
   2.6449137623575779E-002
   2.6460066643215239E-002
   2.6474103454776254E-002
   2.6477680893700881E-002
   2.6502628377835201E-002
   2.6512811293842295E-002
   2.6525292227352958E-002
   2.6542043992263419E-002
   2.6556593666397947E-002
   2.6595275805688746E-002
   2.6606829236492536E-002
   2.6609856538094560E-002
   2.6611099038731847E-002
   2.6618674769919932E-002
   2.6637307817499824E-002
   2.6641633768521564E-002
   2.6667448004627978E-002
   2.6671723085409098E-002
   2.6685960894369195E-002
   2.6697064452044623E-002
   2.6712864178453175E-002
   2.6716844802002909E-002
   2.6730269493609897E-002
   2.6738906191074926E-002
   2.6761555982323000E-002
   2.6765638308739775E-002
   2.6772283918137324E-002
   2.6790701438327052E-002
   2.6794056127137342E-002
   2.6812513684515645E-002
   2.6832627022942410E-002
   2.6846814989893889E-002
   2.6856046809998601E-002
   2.6878167008427423E-002
   2.6891282119822953E-002
   2.6912246137007368E-002
   2.6923311096335233E-002
   2.6932929831986030E-002
   2.6953972863293381E-002
   2.6956319137669913E-002
   2.6984430866952392E-002
   2.7001767615151304E-002
   2.7013203478413926E-002
   2.7029836037230557E-002
   2.7038862978268515E-002
   2.7048143847599942E-002
   2.7063230510805787E-002
   2.7081508226957093E-002
   2.7099791635728534E-002
   2.7122365386866288E-002
   2.7127657065840905E-002
   2.7140040539166299E-002
   2.7156865985799986E-002
   2.7177728038081470E-002
   2.7186958787897675E-002
   2.7190498177517598E-002
   2.7217166283789101E-002
   2.7223379098341920E-002
   2.7237818491420995E-002
   2.7240269821364207E-002
   2.7255973062400306E-002
   2.7258281658085810E-002
   2.7283585939716672E-002
   2.7298618280225041E-002
   2.7310122740325023E-002
   2.7316010757379262E-002
   2.7333987769030507E-002
   2.7339842583979816E-002
   2.7352369790713073E-002
   2.7365876648004085E-002
   2.7375913426140954E-002
   2.7396708467508725E-002
   2.7414484801974701E-002
   2.7422930699509400E-002
   2.7432422707429894E-002
   2.7438617140433722E-002
   2.7450413224369308E-002
   2.7457447214488215E-002
   2.7464046125169402E-002
   2.7500460422508852E-002
   2.7511809844346553E-002
   2.7524536285042384E-002
   2.7554851539776288E-002
   2.7564479603078812E-002
   2.7570391751704143E-002
   2.7583647259606093E-002
   2.7602835362020503E-002
   2.7621276387618399E-002
   2.7635328413931237E-002
   2.7656595470477229E-002
   2.7659516060515994E-002
   2.7662965607708697E-002
   2.7696194156743497E-002
   2.7716093556644009E-002
   2.7731672031199472E-002
   2.7744978692302025E-002
   2.7764158543700641E-002
   2.7766276098323918E-002
   2.7780829953295894E-002
   2.7789724489299367E-002
   2.7797647869177902E-002
   2.7814881008781382E-002
   2.7832179001325549E-002
   2.7851147027349414E-002
   2.7852606838687462E-002
   2.7878458403187679E-002
   2.7897653359645475E-002
   2.7909304045943783E-002
   2.7936376438927529E-002
   2.7956103007314884E-002
   2.7963075716453338E-002
   2.7971917130480400E-002
   2.7996851283387459E-002
   2.8002906238989662E-002
   2.8005299889530419E-002
   2.8026007681064113E-002
   2.8034942254674816E-002
   2.8041318995330539E-002
   2.8061988217898133E-002
   2.8072827629723289E-002
   2.8075072576209743E-002
   2.8104031176121473E-002
   2.8109521318567417E-002
   2.8130688031513251E-002
   2.8147752020949848E-002
   2.8150867721125013E-002
   2.8164069135011842E-002
   2.8187737434121625E-002
   2.8202542115876698E-002
   2.8205717453289168E-002
   2.8210921543168760E-002
   2.8228901466666088E-002
   2.8245726194105630E-002
   2.8261470009363691E-002
   2.8273234831839692E-002
   2.8297233322579319E-002
   2.8317027546304486E-002
   2.8326299578189624E-002
   2.8335189090840932E-002
   2.8341133830314082E-002
   2.8346860512827296E-002
   2.8361674258935904E-002
   2.8382648612316711E-002
   2.8389225267277600E-002
   2.8397706339162183E-002
   2.8408931321346070E-002
   2.8429576486107264E-002
   2.8445671474677189E-002
   2.8460239475528570E-002
   2.8467478592711107E-002
   2.8487091236762921E-002
   2.8508626874035468E-002
   2.8525836009686074E-002
   2.8538472597955122E-002
   2.8556663636399741E-002
   2.8560886022418019E-002
   2.8595886793805814E-002
   2.8598069505936612E-002
   2.8628168967654594E-002
   2.8644452780413648E-002
   2.8665420872973225E-002
   2.8691824243011158E-002
   2.8693107672009398E-002
   2.8707338775213930E-002
   2.8720536109950082E-002
   2.8748293001176935E-002
   2.8753478553254597E-002
   2.8774500593873351E-002
   2.8783272860914939E-002
   2.8807426950575456E-002
   2.8829808643403825E-002
   2.8856190365072313E-002
   2.8871441132972794E-002
   2.8885395568069180E-002
   2.8895311784910522E-002
   2.8914601325648447E-002
   2.8935274515755442E-002
   2.8944047297655224E-002
   2.8965479988044645E-002
   2.8982307178511382E-002
   2.8989124979895368E-002
   2.9005184028842220E-002
   2.9018935501435767E-002
   2.9038020560071116E-002
   2.9047569337170141E-002
   2.9064416442537638E-002
   2.9073266991212481E-002
   2.9084521961198821E-002
   2.9102438088198890E-002
   2.9132654157398546E-002
   2.9135962525460871E-002
   2.9157892349305135E-002
   2.9177187297494866E-002
   2.9195324163197263E-002
   2.9207159654370013E-002
   2.9211029104480046E-002
   2.9223841568704834E-002
   2.9224823409787694E-002
   2.9270903372655491E-002
   2.9276384702019313E-002
   2.9295465336426515E-002
   2.9302294031237068E-002
   2.9312278185247603E-002
   2.9355345419135349E-002
   2.9373798226836889E-002
   2.9390745805312077E-002
   2.9413016573964147E-002
   2.9424991200364119E-002
   2.9454656953766922E-002
   2.9471142105984716E-002
   2.9498152514880045E-002
   2.9512407945954267E-002
   2.9521483500621972E-002
   2.9527135622500825E-002
   2.9543998677314616E-002
   2.9573089683246664E-002
   2.9593992872801466E-002
   2.9612725437828669E-002
   2.9633307304561946E-002
   2.9643372888061698E-002
   2.9657602556518222E-002
   2.9673888618618142E-002
   2.9690590451171492E-002
   2.9707816352945737E-002
   2.9710790699098450E-002
   2.9723985461520306E-002
   2.9746914824726200E-002
   2.9754345398170741E-002
   2.9809766335533776E-002
   2.9812974555603080E-002
   2.9842112835535218E-002
   2.9849003597394494E-002
   2.9868493188218818E-002
   2.9881858530182197E-002
   2.9892629265738151E-002
   2.9923838950059494E-002
   2.9930244113642094E-002
   2.9950022834016262E-002
   2.9973581170230894E-002
   2.9982710495942186E-002
   2.9992585500851199E-002
   3.0010533386189680E-002
   3.0039926725158123E-002
   3.0070335984748637E-002
   3.0072806467389523E-002
   3.0102596842892286E-002
   3.0108064443920082E-002
   3.0129071000697977E-002
   3.0154504190768341E-002
   3.0170647039938502E-002
   3.0208899768204879E-002
   3.0220248644979204E-002
   3.0236112333566389E-002
   3.0248650555754590E-002
   3.0260985863685811E-002
   3.0268657034068544E-002
   3.0281280320293716E-002
   3.0308681902378263E-002
   3.0325683395464566E-002
   3.0332958995423282E-002
   3.0339433997472021E-002
   3.0356050754188950E-002
   3.0362719806010012E-002
   3.0383531999592935E-002
   3.0395061873618987E-002
   3.0402545624096666E-002
   3.0425154700024756E-002
   3.0437402684447383E-002
   3.0454056415117465E-002
   3.0464880668213939E-002
   3.0478248846686394E-002
   3.0497077552623448E-002
   3.0511423210854403E-002
   3.0524356408463203E-002
   3.0536769759831977E-002
   3.0579884549688935E-002
   3.0604617730934959E-002
   3.0609336130447386E-002
   3.0629839476906923E-002
   3.0654705473329248E-002
   3.0669050700865955E-002
   3.0670720993580584E-002
   3.0694315617203684E-002
   3.0706498966405163E-002
   3.0713741090064809E-002
   3.0737178633725173E-002
   3.0753490759705356E-002
   3.0780038815526725E-002
   3.0804349089751125E-002
   3.0818463259743079E-002
   3.0835028230403825E-002
   3.0863743094699005E-002
   3.0883339475746632E-002
   3.0899049454398125E-002
   3.0925192128313950E-002
   3.0948251605074823E-002
   3.0968895469914968E-002
   3.0985105092408753E-002
   3.1013012190691133E-002
   3.1037292876729801E-002
   3.1053091012752713E-002
   3.1077144294248467E-002
   3.1088940344365545E-002
   3.1099317235367064E-002
   3.1115114168846023E-002
   3.1136327445982433E-002
   3.1160156274975735E-002
   3.1182769410384829E-002
   3.1200666785021879E-002
   3.1206106308287442E-002
   3.1222145419987177E-002
   3.1258708804183487E-002
   3.1264454295252139E-002
   3.1275440934176717E-002
   3.1289326259616966E-002
   3.1295720948599066E-002
   3.1340556962790957E-002
   3.1355346437612341E-002
   3.1379479879006918E-002
   3.1403808242444056E-002
   3.1421621370691558E-002
   3.1447750852237645E-002
   3.1455442159588162E-002
   3.1474710673510771E-002
   3.1495754260864088E-002
   3.1514527653836152E-002
   3.1524172095819675E-002
   3.1533838228800140E-002
   3.1567124210751266E-002
   3.1586237876239757E-002
   3.1603095510914607E-002
   3.1623901683720063E-002
   3.1634739528627505E-002
   3.1654271881721437E-002
   3.1663277954715061E-002
   3.1695869997399824E-002
   3.1729237765772134E-002
   3.1746116408737417E-002
   3.1759677521836505E-002
   3.1784886366854385E-002
   3.1807722692513765E-002
   3.1819271488669400E-002
   3.1835242017102180E-002
   3.1857042940225441E-002
   3.1890779203488526E-002
   3.1907686611246038E-002
   3.1920394600248404E-002
   3.1940210728820029E-002
   3.1947791362236674E-002
   3.1975731926397299E-002
   3.1999000492030069E-002
   3.2032344349061229E-002
   3.2037779297361901E-002
   3.2060384903385163E-002
   3.2080920272413584E-002
   3.2093377850122722E-002
   3.2119446092990354E-002
   3.2157095466895776E-002
   3.2173507525158400E-002
   3.2182741699109479E-002
   3.2241760499979656E-002
   3.2260605505269976E-002
   3.2267734366528494E-002
   3.2302579329392317E-002
   3.2309273302113951E-002
   3.2322975291193844E-002
   3.2352901427380613E-002
   3.2393673645581732E-002
   3.2408463281358282E-002
   3.2431345698581561E-002
   3.2440291019964658E-002
   3.2490412827526238E-002
   3.2500435606209542E-002
   3.2526223081828821E-002
   3.2542252344924465E-002
   3.2571292606027369E-002
   3.2609738539119033E-002
   3.2644366159836229E-002
   3.2650561329375376E-002
   3.2657001514621517E-002
   3.2689084019550139E-002
   3.2695993177511748E-002
   3.2761234126323861E-002
   3.2761562158874387E-002
   3.2795839988059669E-002
   3.2814979960696385E-002
   3.2834497363197705E-002
   3.2867546519775748E-002
   3.2880398332741256E-002
   3.2907147461863830E-002
   3.2918988736687464E-002
   3.2952680645778568E-002
   3.2963750104367508E-002
   3.2986515813774868E-002
   3.3013724728510732E-002
   3.3033316592424158E-002
   3.3043020696826991E-002
   3.3063586156189463E-002
   3.3093518492184976E-002
   3.3111489013095109E-002
   3.3123631601597224E-002
   3.3134780633787657E-002
   3.3169491450083570E-002
   3.3174061467106941E-002
   3.3215579773314519E-002
   3.3254467922247379E-002
   3.3273664334641642E-002
   3.3285859192854060E-002
   3.3301279058082583E-002
   3.3324033817563666E-002
   3.3331187225571601E-002
   3.3346702043761708E-002
   3.3366187543604639E-002
   3.3387222624309917E-002
   3.3424966234586281E-002
   3.3449251027169682E-002
   3.3464190970997079E-002
   3.3492669765249838E-002
   3.3500993580549338E-002
   3.3520695839149010E-002
   3.3552213743624951E-002
   3.3585203247634074E-002
   3.3593293007763488E-002
   3.3607682924866884E-002
   3.3628278576931799E-002
   3.3667779410504986E-002
   3.3690025257685795E-002
   3.3697887263313901E-002
   3.3712829988533810E-002
   3.3738262064963123E-002
   3.3757148257830924E-002
   3.3779932420944479E-002
   3.3821044282605170E-002
   3.3830438643351043E-002
   3.3856466197626195E-002
   3.3871631950736794E-002
   3.3885944989158971E-002
   3.3896486036703609E-002
   3.3931630679695894E-002
   3.3961993350430472E-002
   3.3969454566243736E-002
   3.4007808638515200E-002
   3.4053778587595715E-002
   3.4079679364406562E-002
   3.4096198464930248E-002
   3.4137072594734336E-002
   3.4150951239698531E-002
   3.4163599924867123E-002
   3.4181504911959405E-002
   3.4204431661876478E-002
   3.4242695098961287E-002
   3.4256168092940804E-002
   3.4270301563477254E-002
   3.4297799458212708E-002
   3.4310937978866411E-002
   3.4336245655819914E-002
   3.4352318752617537E-002
   3.4366283312990430E-002
   3.4380402750865451E-002
   3.4410484962133697E-002
   3.4448425878326035E-002
   3.4457474332981228E-002
   3.4467627473220706E-002
   3.4497237726072709E-002
   3.4562483476478070E-002
   3.4579095705151747E-002
   3.4601640277185139E-002
   3.4620186080535652E-002
   3.4652661507334662E-002
   3.4663244422150706E-002
   3.4713136841875124E-002
   3.4722973363821595E-002
   3.4760545026249111E-002
   3.4779721273233866E-002
   3.4806773898268896E-002
   3.4831347010951433E-002
   3.4865890357176660E-002
   3.4874438220678268E-002
   3.4921609087556822E-002
   3.4940960173924521E-002
   3.4960824710619481E-002
   3.4962241102604687E-002
   3.4993903900460470E-002
   3.5059855308546273E-002
   3.5061735442021999E-002
   3.5089158384007675E-002
   3.5116945728197013E-002
   3.5138630476032336E-002
   3.5162952907752260E-002
   3.5202202717233698E-002
   3.5213850894068879E-002
   3.5255941829883383E-002
   3.5290455895296259E-002
   3.5325952488215913E-002
   3.5348596852268481E-002
   3.5382737140060731E-002
   3.5394086628719436E-002
   3.5431200443372488E-002
   3.5441976089506042E-002
   3.5475578850800521E-002
   3.5496794994251860E-002
   3.5512449520774647E-002
   3.5548602177735152E-002
   3.5559414395893905E-002
   3.5577406981421658E-002
   3.5611615652893024E-002
   3.5622830495336884E-002
   3.5638834134937389E-002
   3.5682726813064003E-002
   3.5721876977102746E-002
   3.5737935770472684E-002
   3.5791394961650687E-002
   3.5804518165433279E-002
   3.5821559632407476E-002
   3.5837339630741316E-002
   3.5874888701108769E-002
   3.5889878989844408E-002
   3.5906737001108927E-002
   3.5953509465434103E-002
   3.5975581723124789E-002
   3.6009697321002607E-002
   3.6034458189382196E-002
   3.6057443243554449E-002
   3.6076783195221784E-002
   3.6094599673046138E-002
   3.6118281386780582E-002
   3.6127999150795523E-002
   3.6153724044787387E-002
   3.6207467255426236E-002
   3.6212622083626175E-002
   3.6259274583660642E-002
   3.6293500566050511E-002
   3.6348956921768122E-002
   3.6401556503909194E-002
   3.6419895560320270E-002
   3.6423093201772269E-002
   3.6458033152157412E-002
   3.6495998620939329E-002
   3.6520542333969071E-002
   3.6548176656052672E-002
   3.6588305036089543E-002
   3.6627570081586208E-002
   3.6629109767865306E-002
   3.6667525439278731E-002
   3.6697640406825882E-002
   3.6728224877448763E-002
   3.6743233914279971E-002
   3.6756501783600834E-002
   3.6788889935803544E-002
   3.6814322323480829E-002
   3.6827843575494693E-002
   3.6873202234472671E-002
   3.6895549137474282E-002
   3.6930897364998730E-002
   3.6950136819373432E-002
   3.6985651221115891E-002
   3.6990004430868112E-002
   3.7009546736928411E-002
   3.7020640628139721E-002
   3.7063165962724187E-002
   3.7088749828855364E-002
   3.7107891883838680E-002
   3.7136671482665438E-002
   3.7172538153632230E-002
   3.7193614904739540E-002
   3.7220070658052821E-002
   3.7243435016068256E-002
   3.7281006608717658E-002
   3.7295291561496441E-002
   3.7324562809946137E-002
   3.7335856064344239E-002
   3.7349227376058503E-002
   3.7410763746660899E-002
   3.7470396539842382E-002
   3.7513727524157263E-002
   3.7527111497842665E-002
   3.7556111570897353E-002
   3.7599515412296579E-002
   3.7637120549206128E-002
   3.7649461104804730E-002
   3.7672484599901239E-002
   3.7718851988966670E-002
   3.7764326129786238E-002
   3.7778700756683117E-002
   3.7823676687104797E-002
   3.7853090727745557E-002
   3.7896140336980466E-002
   3.7919832900777391E-002
   3.7942837778096553E-002
   3.7986814351533671E-002
   3.8017604050223142E-002
   3.8031466506263704E-002
   3.8067144060002278E-002
   3.8083898870176637E-002
   3.8111036756586045E-002
   3.8146117688612785E-002
   3.8181176946680682E-002
   3.8208252524904424E-002
   3.8218054382922785E-002
   3.8252477990422362E-002
   3.8276358742616860E-002
   3.8327333377154611E-002
   3.8349520521497600E-002
   3.8371939257489336E-002
   3.8385297684851230E-002
   3.8407528024261388E-002
   3.8453812356078164E-002
   3.8466474813673400E-002
   3.8522779436341442E-002
   3.8537852852884226E-002
   3.8553143545186928E-002
   3.8592525945189984E-002
   3.8610178338021647E-002
   3.8665633979262093E-002
   3.8669283445993533E-002
   3.8706311895289280E-002
   3.8722791936568968E-002
   3.8748775154787390E-002
   3.8790926477500279E-002
   3.8803745175748278E-002
   3.8829981835722983E-002
   3.8896419709503159E-002
   3.8922885820830574E-002
   3.8938126238082217E-002
   3.8974631638112961E-002
   3.9011052757805656E-002
   3.9051522976848468E-002
   3.9083888563099321E-002
   3.9101797856533699E-002
   3.9111668382978526E-002
   3.9133867926105813E-002
   3.9175808012045815E-002
   3.9205006321531982E-002
   3.9229942856071377E-002
   3.9265789810496485E-002
   3.9315039437731229E-002
   3.9354495666765819E-002
   3.9381234736832228E-002
   3.9389757412222580E-002
   3.9416712595222538E-002
   3.9459301395517288E-002
   3.9490530172041252E-002
   3.9548519275528590E-002
   3.9562991664467015E-002
   3.9583835477231162E-002
   3.9614947737925559E-002
   3.9642756979985039E-002
   3.9671689364808763E-002
   3.9720317280995857E-002
   3.9754168459103963E-002
   3.9791800876102970E-002
   3.9826048751823745E-002
   3.9830415454630667E-002
   3.9854585477028227E-002
   3.9895371758551637E-002
   3.9923141132937934E-002
   4.0001147806244280E-002
   4.0024021506628933E-002
   4.0034564194172284E-002
   4.0090124035102433E-002
   4.0116989724440867E-002
   4.0149921206729354E-002
   4.0194167746554224E-002
   4.0211046313415481E-002
   4.0215609098894434E-002
   4.0272040695347101E-002
   4.0307282875694482E-002
   4.0338238776868901E-002
   4.0358457137119060E-002
   4.0409717214792883E-002
   4.0443357904579806E-002
   4.0474134418222119E-002
   4.0538534882332035E-002
   4.0586724445911146E-002
   4.0658211744644915E-002
   4.0696578260174546E-002
   4.0749024784254691E-002
   4.0792543481359772E-002
   4.0825024028060396E-002
   4.0868705421454675E-002
   4.0872805874735768E-002
   4.0921031832108705E-002
   4.0977478774532061E-002
   4.0999723391255738E-002
   4.1041539396313560E-002
   4.1055549385872588E-002
   4.1161669385222407E-002
   4.1176542361566544E-002
   4.1239190261711987E-002
   4.1293903787934481E-002
   4.1352178515172776E-002
   4.1359737658644057E-002
   4.1417713708257566E-002
   4.1465204432620695E-002
   4.1498390127671321E-002
   4.1549755352875507E-002
   4.1594723408054493E-002
   4.1651001459230771E-002
   4.1676270684192572E-002
   4.1698062875743756E-002
   4.1731583947484621E-002
   4.1775197584413427E-002
   4.1810120677540988E-002
   4.1838747120530859E-002
   4.1897293265890978E-002
   4.1929363390987982E-002
   4.1977782153155993E-002
   4.2037687727914538E-002
   4.2059199228696179E-002
   4.2107342254995558E-002
   4.2140365595118669E-002
   4.2155560113584317E-002
   4.2209534059793531E-002
   4.2213369770280201E-002
   4.2290247749275894E-002
   4.2373641594838952E-002
   4.2435677315181115E-002
   4.2467276497568915E-002
   4.2516312162178861E-002
   4.2570950835903579E-002
   4.2607123557225055E-002
   4.2636366175633218E-002
   4.2696641093621659E-002
   4.2751665687792241E-002
   4.2801525314910348E-002
   4.2816198705472500E-002
   4.2925167147398073E-002
   4.2932743516528267E-002
   4.2993416705715604E-002
   4.3045611909632367E-002
   4.3102982190447676E-002
   4.3134286364890313E-002
   4.3226340312517042E-002
   4.3239411387907462E-002
   4.3362467358425978E-002
   4.3383456559147653E-002
   4.3426224766651852E-002
   4.3492302142682765E-002
   4.3506133374465725E-002
   4.3588692894538240E-002
   4.3643438925299365E-002
   4.3669055458538761E-002
   4.3730802852105927E-002
   4.3760344859678293E-002
   4.3828247681472782E-002
   4.3894630881891640E-002
   4.3925652039823578E-002
   4.4004104171755244E-002
   4.4070363727146955E-002
   4.4126152183923073E-002
   4.4221067528978475E-002
   4.4294201525569357E-002
   4.4314651691679655E-002
   4.4405614197526158E-002
   4.4471273971902647E-002
   4.4494531807468832E-002
   4.4551211063300969E-002
   4.4641485412566899E-002
   4.4692740590377068E-002
   4.4743470626244286E-002
   4.4847101872230254E-002
   4.4914743428950521E-002
   4.4971363838108791E-002
   4.5027888957473804E-002
   4.5140406335794372E-002
   4.5202052223855024E-002
   4.5215833326617161E-002
   4.5221859620133892E-002
   4.5299766719966154E-002
   4.5334589038001930E-002
   4.5377287629536689E-002
   4.5459438254983810E-002
   4.5545272546165236E-002
   4.5617122028939208E-002
   4.5645191485841854E-002
   4.5659113495903500E-002
   4.5821489608365351E-002
   4.5868796402566352E-002
   4.5898361996541362E-002
   4.5953740378166671E-002
   4.5964376954109570E-002
   4.6028264681277443E-002
   4.6124078430951204E-002
   4.6318795240257823E-002
   4.6410340380307155E-002
   4.6506721340881692E-002
   4.6537075991728183E-002
   4.6702232862156308E-002
   4.6745834510071374E-002
   4.6777867697510508E-002
   4.6984732169237986E-002
   4.7176530876893295E-002
   4.7300726134827394E-002
   4.7335386766010075E-002
   4.7390323804363234E-002
   4.7447430322884759E-002
   4.7579563424879748E-002
   4.7671988227495271E-002
   4.7768422340155083E-002
   4.7915740469956419E-002
   4.8019650531808525E-002
   4.8024638114344202E-002
   4.8138331672081112E-002
   4.8196004247696267E-002
   4.8363039689217506E-002
   4.8447242882606448E-002
   4.8577785730644620E-002
   4.8618407959198792E-002
   4.8764934088590742E-002
   4.8810033910115166E-002
   4.8998777895699931E-002
   4.9078676168783780E-002
   4.9148769586757915E-002
   4.9311429088116074E-002
   4.9375874725579132E-002
   4.9505256521028274E-002
   4.9608022744135803E-002
   4.9635267114679124E-002
   4.9660917968092723E-002
   4.9835028504293576E-002
   5.0049983935533025E-002
   5.0193220319012362E-002
   5.0331429162629178E-002
   5.0498494374046680E-002
   5.0543522146373157E-002
   5.0640924008172231E-002
   5.0894647417955644E-002
   5.0947573948635638E-002
   5.1180299055357155E-002
   5.1304020690534746E-002
   5.1378408068784097E-002
   5.1533395502818137E-002
   5.1618930264236244E-002
   5.1961429152233306E-002
   5.2132293309976027E-002
   5.2297242400265627E-002
   5.2569780512827770E-002
   5.2743372898919665E-002
   5.2830900730356047E-002
   5.3273405691368521E-002
   5.3392731397390820E-002
   5.3651205340335510E-002
   5.3805090072983647E-002
   5.4122291536926867E-002
   5.4287473857801985E-002
   5.4668945514737617E-002
   5.4808014041667637E-002
   5.4856158407544604E-002
   5.5359402381436149E-002
   5.5608041073798090E-002
   5.5974704233715811E-002
   5.6401735669821457E-002
   5.6873428783480867E-002
   5.7124282801204074E-002
   5.7615982072328417E-002
   5.7862854220102032E-002
   5.8325686425979545E-002
   6.0905701593146892E-002
   6.0971508433816636E-002
   6.1322958235268489E-002
   6.3510883084591338E-002
   6.3672145147475420E-002
   6.3744765114169141E-002
   6.4994721350825249E-002
   6.6372437051710073E-002
   6.7271610983588179E-002
   6.7544814143990745E-002
   6.7649883935638880E-002
   7.0663504773958996E-002
   7.1077819770282658E-002
   7.2047584780520132E-002
   7.3088337610374254E-002
   7.9841724809324610E-002
   8.0770885446088223E-002
   8.1167520057348716E-002
   8.1273138504192349E-002
   8.6767383238950016E-002
   8.9995308217158537E-002
   9.1443055034980250E-002
   9.1729000801439142E-002
   9.3149352709510053E-002
   9.3962940204387474E-002
   9.5680194938598390E-002
   9.6480338949667219E-002
   9.6571285527815520E-002
   9.7015834079161797E-002
   9.7513291255588358E-002
   9.7719080715707632E-002
   9.7928120126868343E-002
   9.8968844861838490E-002
   9.9791378512472662E-002
  0.10085830911280076     
  0.10133701138832953     
  0.10168053874959078     
  0.10261743739582189     
  0.10299614014336869     
  0.10322182963047061     
  0.10397664345728777     
  0.10460537982403451     
  0.10466112142742511     
  0.10467189193396249     
  0.10635839872487028     
  0.10805514661953926     
  0.10843347538276941     
  0.10869956613076641     
  0.10988708746629706     
  0.10994343700988488     
  0.11027907934739675     
  0.11054989101294349     
  0.11073255170165637     
  0.11262050701885365     
  0.11303134221326416     
  0.11349391453812838     
  0.11426820101095662     
  0.11471131306762097     
  0.11584090922002932     
  0.11599005633379714     
  0.11711557757219837     
  0.11787397654421181     
  0.11794029125144598     
  0.11954170052187749     
  0.11988477634906559     
  0.12254134395868618     
  0.12286225820360146     
  0.12339694443508810     
  0.12433076645138565     
  0.12448832434210889     
  0.12511625113546174     
  0.12587185241938834     
  0.12654516899364809     
  0.12704342026336640     
  0.12776781695681516     
  0.12892166596954946     
  0.12968812083369960     
  0.13115097348112714     
  0.13193838248454648     
  0.13243204417885909     
  0.13262420456976659     
  0.13275646505269773     
  0.13280721594461561     
  0.13312537563898649     
  0.13321156772098475     
  0.13435064350231790     
  0.13455538626716990     
  0.13471509383268307     
  0.13637089466325308     
  0.13646037859995114     
  0.13677292358081741     
  0.13731932084973258     
  0.13775105938738247     
  0.13841780153065497     
  0.13951317989963605     
  0.14029891866484590     
  0.14165248849904599     
  0.14196159816804740     
  0.14228097196391359     
  0.14255472345747155     
  0.14277353330058437     
  0.14331694114589827     
  0.14348522239689609     
  0.14362154910342179     
  0.14533531808294636     
  0.14544837197425714     
  0.14553183955227456     
  0.14610143668568459     
  0.14625108941416673     
  0.14660994815363143     
  0.14804908963776126     
  0.14893778091328036     
  0.14904580394249875     
  0.14920586009350639     
  0.14936166086614430     
  0.14982735759607096     
  0.15050739558163723     
  0.15085585021013853     
  0.15161478774472825     
  0.15163983414084936     
  0.15225004486412536     
  0.15285528738794657     
  0.15478097336135366     
  0.15562982020215041     
  0.15633156726247219     
  0.15671360374317317     
  0.15717606833493608     
  0.15750882881335329     
  0.15829779626874588     
  0.15854991002992372     
  0.15940050568013261     
  0.15973646113014597     
  0.16051177316288712     
  0.16065473778831554     
  0.16188625608920260     
  0.16227763417860713     
  0.16290241504344505     
  0.16292755032644118     
  0.16457988855411043     
  0.16671040509324117     
  0.16713642680221016     
  0.16760967469351615     
  0.16847536409550182     
  0.16864106871099430     
  0.16873363975074521     
  0.16901296480612432     
  0.17022162493975332     
  0.17154240621305938     
  0.17258783034378825     
  0.17353484453175147     
  0.17391833259863343     
  0.17499487530476560     
  0.17548518694297724     
  0.17606320602310557     
  0.17691562317886028     
  0.17917909218291964     
  0.17947767443647955     
  0.18024560736166872     
  0.18312246818635164     
  0.18346356584430773     
  0.18354951416265583     
  0.18422471426555431     
  0.18850094319212710     
  0.18886142623610155     
  0.18957438509034169     
  0.19132465641354590     
  0.19163009239660203     
  0.19216605981916213     
  0.19540517119802212     
  0.19598526406101921     
  0.19621045444890289     
  0.19871834099825608     
  0.19887425636425249     
  0.20083709610189396     
  0.20103322976599242     
  0.20122778919009843     
  0.20177483775677937     
  0.20209320080439044     
  0.20211034472393349     
  0.20343992369005451     
  0.20445924738490878     
  0.20454749252526855     
  0.20597358172909228     
  0.20606766680151167     
  0.20616254269115719     
  0.20783322466518500     
  0.20829851384646131     
  0.20922579618492296     
  0.20990104703354201     
  0.21102526569246846     
  0.21292475081245726     
  0.21357411579206745     
  0.21357734335939565     
  0.21434155815509945     
  0.21517672476779745     
  0.21573508890921206     
  0.21693147031415624     
  0.21848642638521881     
  0.21915714862095734     
  0.22016304316535731     
  0.22049461386521813     
  0.22260404730790753     
  0.22271974651574672     
  0.22283338902573732     
  0.22602693459015619     
  0.22756894879473941     
  0.22803983128708377     
  0.22815637324131693     
  0.22896194918462467     
  0.23010872529461440     
  0.23029346868792794     
  0.23109794424501565     
  0.23220013115472649     
  0.23516132291251510     
  0.23581501377428388     
  0.23649523374375500     
  0.23653308409762830     
  0.23826744233695038     
  0.23871303861373408     
  0.23877669318202011     
  0.23948983480655917     
  0.24139141609986547     
  0.24181353264571340     
  0.24347378134946634     
  0.24579067947684782     
  0.24615115954351680     
  0.24841341876021608     
  0.25042192708604943     
  0.25084906355303632     
  0.25148032496658079     
  0.25367181538309247     
  0.25378674021424652     
  0.25635535604050175     
  0.25978086711039644     
  0.26130442056571868     
  0.26347490109531563     
  0.26865211554669355     
  0.27033200768586235     
  0.29965797638382508     
  0.30335135657094803     
  0.30577020558665691     
   558.91223425592341     
   608.64765317925185     
   629.65963635851460     
   641.67166870949791     
   645.83985375535246     
   646.07618492838390     
   646.48969747386491     
   649.50205484305945     
   652.07450443815219     
   658.14461275290819     
   658.84698086316780     
   665.35706743611161     
   665.91587741110004     
   667.01232495144654     
   667.36009869091322     
   668.10609529463295     
   672.83331894472713     
   674.51313953660679     
   675.75912511324918     
   676.64392738108654     
   677.15147557135379     
   677.43239596292904     
   678.03122383611253     
   680.57463577201918     
   685.15605980746818     
   685.78174859496312     
   685.93793077690350     
   688.35024268708787     
   689.29543756433259     
   692.87673090242572     
   694.66951456874108     
   695.90000683368396     
   696.06656161573710     
   696.11075156515062     
   698.19893980037830     
   701.40141684448292     
   701.53116966920084     
   702.61822306612123     
   705.43881137718370     
   706.22007429346320     
   707.32736677176217     
   707.81809400004647     
   708.62731667832713     
   708.64624265740133     
   711.66061045374749     
   712.61572912994791     
   714.32295450769720     
   715.98682055613563     
   717.34236208674452     
   717.56563164774468     
   717.96519758558441     
   718.14146857671983     
   720.26749274529254     
   720.52704832528855     
   721.27731258286678     
   722.49718090393890     
   728.63342081909593     
   729.07540069781896     
   732.29700806012102     
   733.23594964851532     
   733.23781324334050     
   736.06124324366135     
   736.26599042612179     
   737.43610097389751     
   738.82428713307604     
   739.85646619153385     
   743.12653795414144     
   743.93847254019306     
   746.02148862506931     
   746.18122014670655     
   746.70634383614390     
   747.45890792107718     
   750.10874761271668     
   751.13855307153653     
   754.15420191140322     
   754.32859419399745     
   755.63339946323651     
   757.46898038318773     
   757.74068427078055     
   758.13558841795998     
   759.40290705785799     
   760.64405765605477     
   761.58076540179763     
   765.81235313018590     
   766.05037957045897     
   768.11023703279307     
   769.10715735567078     
   770.29255162548930     
   772.62154955097878     
   773.93425301894570     
   774.29645362869667     
   774.71287593589636     
   776.51685765644129     
   780.35528408160269     
   780.90827971208114     
   781.10216162254153     
   782.00162674172100     
   785.26263733985627     
   785.28555980428916     
   786.91583273837068     
   788.63411689905456     
   792.32833893958457     
   792.93985485062126     
   794.19459220944759     
   796.26771886527172     
   797.57145946372816     
   798.74822857435277     
   803.04586640774494     
   804.58932778068811     
   805.79637885338354     
   806.96284912638453     
   808.56860133223813     
   810.05712703648624     
   814.13227242045298     
   815.37574345904864     
   816.13133352315697     
   816.37686279084426     
   818.48483666269306     
   820.43263620455525     
   821.23733631581513     
   824.04998271685179     
   824.37234383648490     
   825.63080545960020     
   828.13839196976403     
   830.05199669856529     
   834.00527672631256     
   834.49630891737047     
   835.90304922399685     
   843.22066554227433     
   844.19419728968683     
   844.46343268760825     
   845.63399192107772     
   849.18533030650906     
   851.13279699344059     
   851.75129409763372     
   852.41951418084761     
   855.10542936050717     
   855.22216278333042     
   855.75320330860939     
   859.35623719114596     
   862.45146074860781     
   863.09311987735737     
   863.72813949685485     
   866.08432935650865     
   870.34155309380378     
   872.69905254309379     
   873.94327086556336     
   876.31587397590317     
   877.33015656439761     
   882.24813290096438     
   884.87265468703492     
   885.45715788896553     
   886.56820429338836     
   888.95922397433651     
   891.41879384710342     
   892.49169883065656     
   894.11295350183161     
   898.13998755561647     
   898.26745177784983     
   900.88984831853463     
   902.82067701345397     
   907.44788580559657     
   908.90294733935241     
   910.65138931915396     
   912.45923419349549     
   913.45532059870970     
   915.87188490506821     
   916.69090355969058     
   917.07407980498272     
   918.86720970648560     
   922.20801957364006     
   925.10116040371622     
   925.83004344168160     
   926.47747703278424     
   927.55944863795003     
   928.72903836372245     
   929.34365751983125     
   929.88085218540073     
   931.52029828877244     
   932.39046198859228     
   932.88007817703510     
   934.52649900306710     
   939.25899416987772     
   939.29248625993012     
   940.48991606441575     
   942.38828604767809     
   942.84713086740146     
   943.92148273581984     
   944.50321381128890     
   948.71652515683547     
   949.09231515723081     
   950.01978950923728     
   950.49054663730885     
   951.70610071827628     
   951.79371878771792     
   953.15495178894071     
   956.53199916710287     
   956.74254708486865     
   957.80863839195706     
   958.24483654707194     
   958.97251893300756     
   960.14398173581628     
   962.44257335154964     
   962.50606415322000     
   963.55785225336319     
   964.56391900077438     
   966.38185601434623     
   966.55769465902790     
   967.33342326775676     
   974.51029407632780     
   976.45683701497501     
   984.34154500187196     
   1011.4652371542689     
   1189.3248052766596     
   1202.2764356654552     
   1202.9657748186944     
   1206.7432810540340     
   1213.1639059118993     
   1215.3042665468413     
   1222.4344970172133     
   1222.7644727170518     
   1226.0921498591053     
   1226.6589380910848     
   1227.3686746562526     
   1230.3971250404875     
   1237.5751846955125     
   1240.2925257398626     
   1243.4730650166161     
   1246.9260981442442     
   1248.0578305196714     
   1250.6317133304296     
   1253.5511612559769     
   1254.5600888834219     
   1254.6919276184892     
   1256.9029640679260     
   1257.8228461778833     
   1260.1893834247508     
   1262.8070453077992     
   1265.8409091741464     
   1267.5958214089519     
   1272.6941934999629     
   1273.6456318985774     
   1274.7567463410401     
   1278.6978732821278     
   1278.9496734821605     
   1279.1466570739046     
   1292.6939993955514     
   1292.7727275803079     
   1292.7802948527310     
   1294.4922009851396     
   1294.6564772132749     
   1294.7306474179343     
   1296.4952103683461     
   1300.9434918017691     
   1302.2629459066795     
   1311.2900052402308     
   1317.0281141528008     
   1320.2078672512860     
   1326.0997721205345     
   1327.3079833183288     
   1327.7202553351558     
   1333.8504265827185     
   1335.2817600966771     
   1335.2923200928210     
   1336.8849540821461     
   1338.4855365364567     
   1339.2772556107418     
   1340.3347370217696     
   1340.5189226671689     
   1344.2041952746890     
   1344.7810485940113     
   1353.7481614479480     
   1356.3272720398681     
   1360.1406107983958     
   1361.0802585419119     
   1362.7911424821975     
   1365.5307274003617     
   1367.2811665488769     
   1371.3377077355647     
   1372.9290678013579     
   1374.4721099784572     
   1378.8554091206195     
   1380.1338480554473     
   1384.3644155297045     
   1385.0499364943514     
   1386.9009622782610     
   1386.9142409442634     
   1389.5537917464476     
   1395.0402195787401     
   1397.2838321577012     
   1398.3421987134113     
   1399.5318537156238     
   1402.4265739631080     
   1405.4840088677454     
   1406.8029494032846     
   1407.2760782258149     
   1412.4822917811925     
   1416.5787610565205     
   1417.8813336666292     
   1418.6564735301697     
   1419.9930947484950     
   1425.6439634836972     
   1426.7024931463930     
   1429.7726678457625     
   1430.1238123919818     
   1431.2806853313807     
   1431.7669537228003     
   1438.4526414096370     
   1441.9935886500994     
   1442.5063658328286     
   1445.4091274137013     
   1446.9568965069357     
   1448.4911656205209     
   1452.5375615031110     
   1453.4871765096862     
   1455.4777612068344     
   1457.0439012328764     
   1460.8407193591690     
   1461.2409896346248     
   1461.5684210028571     
   1461.8978766550333     
   1462.5888819326972     
   1469.1094142078980     
   1471.8946440020775     
   1473.2733698441068     
   1489.9067477721269     
   1490.0158864213865     
   1493.9508001691897     
   1495.0217315657535     
   1497.0870402878365     
   1497.3153874875300     
   1498.1427149677895     
   1502.6439867626357     
   1505.5350790416499     
   1505.5854026694753     
   1506.2988715553997     
   1509.2737952361892     
   1511.6236561075416     
   1518.3869813467907     
   1519.9620547646539     
   1522.7045218031340     
   1525.0286818243858     
   1525.3319056798593     
   1527.0668210914903     
   1528.2344791021073     
   1529.5714520422855     
   1543.2729488565108     
   1544.0296765863561     
   1553.2507219045440     
   1554.2506300426662     
   1555.7668092834449     
   1558.3162759825320     
   1560.1632302150022     
   1561.9691500932586     
   1562.8547579224864     
   1564.5873236506229     
   1567.2974217979158     
   1569.9800329746784     
   1574.5451992755159     
   1575.9268385840853     
   1580.1373030927534     
   1580.2812311743521     
   1581.2088585041088     
   1581.5458294732575     
   1585.0430758389666     
   1587.3991050692348     
   1587.8987693222489     
   1588.9014008637971     
   1602.9871673542355     
   1605.6279524453187     
   1609.0968599419500     
   1614.4628784586707     
   1616.3302597846814     
   1618.7145570888583     
   1625.1024522076054     
   1626.9249155198700     
   1628.4668832373009     
   1630.1383226990604     
   1631.7619659218265     
   1631.8936376210770     
   1631.9034466623802     
   1635.0472525686444     
   1639.0612164351085     
   1645.3867798734259     
   1647.6471437806006     
   1651.7171714733336     
   1663.5718097017648     
   1664.0382836284298     
   1667.9794695819387     
   1669.1592403511290     
   1673.2483936581461     
   1674.0086629139360     
   1676.8021460444265     
   1681.4247595927070     
   1682.5677620471938     
   1686.4119926930898     
   1687.6165376277934     
   1696.2363064048250     
   1696.9901854484508     
   1704.2657337084870     
   1705.0788180923273     
   1708.4109680917707     
   1708.9827115730418     
   1710.0734682023656     
   1713.7112429203794     
   1721.4932581851685     
   1724.8403860138162     
   1728.6287214156314     
   1731.6083931362095     
   1734.3915396990055     
   1738.1801281895553     
   1745.0479648388591     
   1749.7014855295986     
   1751.5941606103195     
   1753.4342401453355     
   1759.1746787676268     
   1760.2268063048539     
   1764.8619670413113     
   1767.9268924200665     
   1771.7623246116539     
   1776.1024521557622     
   1778.4996829855716     
   1785.4319011656160     
   1793.3727764076118     
   1794.1808422339886     
   1797.4241442981922     
   1798.5458079062635     
   1798.7594495675576     
   1799.7049670733393     
   1803.8633875769228     
   1806.8020374681394     
   1807.0805904319318     
   1808.1856210520491     
   1808.4183029576122     
   1810.1067344731766     
   1814.6184445790054     
   1820.2285134569365     
   1821.9542195944236     
   1822.5231483457039     
   1823.0535540951316     
   1823.9198214484393     
   1827.8783161343506     
   1828.2347645628379     
   1830.2180698032362     
   1831.2297131418859     
   1834.5127030896979     
   1838.0443020383705     
   1838.6335796051549     
   1839.2702296339553     
   1839.7629868614358     
   1846.3745135818476     
   1851.2825549220893     
   1854.7706859514710     
   1858.2901039960173     
   1861.3418978718250     
   1864.4501268835065     
   1866.2518990971791     
   1871.0193294775911     
   1874.6284887613845     
   1877.8675719952769     
   1882.7372248170584     
   1883.4304320817675     
   1888.7614794689055     
   1888.8131372113276     
   1891.6426563573702     
   1892.1040043590440     
   1894.2570216578183     
   1897.7395671663185     
   1898.6334323674525     
   1900.4530788223663     
   1900.9782608049286     
   1901.8387771283290     
   1901.8549433620456     
   1902.6793833383247     
   1905.1528573240614     
   1905.1792200643945     
   1908.2426943206710     
   1910.1405458152456     
   1911.0418149983595     
   1912.7294911441031     
   1912.9630512218885     
   1914.1316106443373     
   1914.9446558086634     
   1915.8813472923691     
   1918.1657623632411     
   1921.6099241098696     
   1922.3292095487789     
   1922.7255125290915     
   1922.7570037628232     
   1923.0294023703530     
   1923.0345606580229     
   1925.7993056528546     
   1926.8187320782570     
   1927.2622873861021     
   1928.6061227622015     
   1932.7143423336004     
   1933.2713620099391     
   1934.3513329056939     
   1939.2718214179672     
   1942.3347073943312     
   1947.7219137630957     
   1948.2021324762268     
   1949.5421318525664     
   1949.6572901946511     
   1953.7226718108973     
   1953.9039046961711     
   1956.7515053488930     
   1962.8177773413590     
   1964.1198880234394     
   1965.4999615094207     
   1966.6829835941392     
   1970.6780425460740     
   1972.4770433744252     
   1976.4837294192851     
   1977.4480045111911     
   1981.8127380492163     
   1984.2281362234853     
   2037.7437807462625     
   2066.1113988354819     
   2075.8831221966798     
   2078.4275146059695     
   2079.2002654641001     
   2081.5610552760368     
   2083.3813358379125     
   2092.2587804170348     
   2095.3185446704224     
   2099.2513650055589     
   2099.8487347979085     
   2101.7577051984008     
   2106.1891508379713     
   2108.5884333434233     
   2112.3750613132142     
   2113.9110314769905     
   2113.9850256650252     
   2117.0532499464371     
   2117.6932344931965     
   2121.9469073770115     
   2126.7516749746469     
   2127.4119848503883     
   2129.2827602193570     
   2130.4243286849196     
   2130.7675239036871     
   2134.9011281490557     
   2140.6634719970884     
   2141.4418064868278     
   2143.2452100469436     
   2144.7725812804688     
   2145.4343814062258     
   2146.7551621493421     
   2155.0375622675429     
   2159.1057815096779     
   2160.3104135135345     
   2162.6906335770886     
   2165.0977344206403     
   2166.1072607960559     
   2166.5993780994909     
   2171.2779186452722     
   2171.9084410840196     
   2172.1790043001656     
   2173.6392531407796     
   2174.6402317188508     
   2176.3453988282031     
   2176.5039799960678     
   2176.8490119081207     
   2179.0051156105333     
   2179.6777321394966     
   2180.0665511847474     
   2181.3423010822871     
   2181.3647149327048     
   2181.6223160126624     
   2182.3958885974430     
   2182.8274937425590     
   2184.3589217903800     
   2186.0720313316579     
   2186.7841381278522     
   2188.3174690510809     
   2190.7897524387581     
   2192.0750135098328     
   2192.7096545825416     
   2195.5047191648459     
   2195.5466677046747     
   2195.7492095124085     
   2196.5860863636508     
   2196.8351909192356     
   2197.5857094257258     
   2198.4776799608089     
   2200.7077713469448     
   2201.3718482872596     
   2201.8256033949856     
   2203.9251123890240     
   2206.1393108761313     
   2208.9790138660596     
   2209.1060515109120     
   2211.9056295096539     
   2212.5056551542293     
   2212.8276257977777     
   2216.2722669085078     
   2223.0407827534336     
   2224.4291833228112     
   2224.7225790044768     
   2226.6412416737749     
   2227.7855638937849     
   2229.2052109412734     
   2232.5065174306378     
   2232.6843208044620     
   2234.0277028450282     
   2235.3881324108793     
   2235.8350330005192     
   2236.1091296679151     
   2239.1054277506796     
   2243.3992121280930     
   2243.4839698331207     
   2248.1088258243535     
   2248.8389253815981     
   2249.6163323752594     
   2250.3666791037963     
   2256.5980216908556     
   2258.1919254151999     
   2264.0248090366631     
   2270.3492214514868     
   2271.8633930391811     
   2272.5514796749417     
   2273.0660451102463     
   2273.3709064630766     
   2277.7719078786681     
   2278.2151495559610     
   2279.9805962489927     
   2286.8713951009736     
   2287.8574955424542     
   2297.7395898034629     
   2298.6323895098312     
   2302.7353586995632     
   2306.0511451921957     
   2307.2043479749659     
   2312.6345524573094     
   2313.0285650394085     
   2313.2586092221418     
   2315.1556146728035     
   2322.1470878900900     
   2322.2890538130655     
   2326.6555064025829     
   2333.6306362404612     
   2334.6077711969078     
   2334.6080568224697     
   2335.3565102369366     
   2338.3689990277321     
   2340.0958042892753     
   2342.5284076563757     
   2351.4305479013883     
   2353.8800480772152     
   2354.6264277187679     
   2355.7884411450082     
   2355.9638943610621     
   2356.2534983319970     
   2361.1734420830580     
   2363.2674926873042     
   2363.2975734517668     
   2364.7992340989081     
   2365.1128978857182     
   2365.2336576573657     
   2373.9775875259334     
   2376.7502108473336     
   2378.3844689580460     
   2380.2969067974363     
   2380.6707848554161     
   2382.3843390387538     
   2383.3483647794956     
   2384.3333209080774     
   2384.5606816170507     
   2384.7280837975613     
   2384.7514619276039     
   2387.3263782040017     
   2387.4633347211175     
   2389.6630922691916     
   2393.6368177779759     
   2394.1680445472284     
   2396.5782405683635     
   2400.9592691697658     
   2401.6633627609531     
   2403.3368153970955     
   2405.4059095359980     
   2408.6848766675794     
   2408.9490953429081     
   2408.9691686212641     
   2418.4001736544101     
   2418.6769617359741     
   2420.9538714068112     
   2424.0973128631622     
   2425.8395202296451     
   2429.9963961807916     
   2430.0196301604078     
   2430.2166352914251     
   2432.6688367285774     
   2433.4251387807049     
   2434.1721040439425     
   2435.4425962729188     
   2437.5777677942901     
   2438.6363549717307     
   2438.9544392243702     
   2440.2873386359965     
   2440.4784637574367     
   2440.8877543045946     
   2446.0681425775806     
   2446.4161334899841     
   2446.4562831736657     
   2446.6112265772331     
   2454.2719540179555     
   2456.4492009580290     
   2456.6432846903381     
   2456.9415514124144     
   2458.3258798409929     
   2461.8079984145820     
   2463.0223930239963     
   2467.1254582344782     
   2473.9832267928455     
   2475.6107678318226     
   2477.9184506698593     
   2477.9419485105414     
   2479.7377778143837     
   2480.9643771331380     
   2484.2622920288295     
   2487.0800406137569     
   2488.6386461772131     
   2488.9863337459897     
   2492.9319824340937     
   2493.6111463630345     
   2497.5808537078929     
   2497.7211692535607     
   2498.6177037321418     
   2504.6524877904526     
   2509.1936113514375     
   2516.4231800732405     
   2517.3337174760090     
   2517.6110064730556     
   2517.6299035256261     
   2517.7272107267245     
   2519.1836360284069     
   2519.3789827764472     
   2522.1075906831416     
   2525.3912288004276     
   2525.7918704281392     
   2526.7514706473139     
   2530.7389245516247     
   2532.7367969572133     
   2535.2480462500935     
   2537.1057142886234     
   2539.6105250901651     
   2539.8440407117710     
   2540.9406935849306     
   2542.8762576829304     
   2545.8691720693378     
   2548.1835229761837     
   2548.9422078715352     
   2554.0983686602171     
   2555.4506286569290     
   2559.4875202064118     
   2562.8821165116842     
   2562.9096535363237     
   2565.7840803229415     
   2566.6202225975053     
   2567.9200065749201     
   2571.7173588299543     
   2572.1123915683538     
   2573.1418150406871     
   2576.9677996592795     
   2577.9116549788700     
   2578.5876216059887     
   2579.8035392759398     
   2582.1126693495908     
   2583.0148058247428     
   2583.9208989289159     
   2584.0081316650362     
   2586.2532204238673     
   2586.2963587499212     
   2588.8051625699923     
   2590.3225121130313     
   2590.9095054728614     
   2592.0780903552582     
   2592.5356775452378     
   2593.1581992278257     
   2594.6541362431631     
   2596.1911363762142     
   2597.2608588942062     
   2600.7394828126721     
   2600.9670259818522     
   2601.0202873900589     
   2602.6843022297007     
   2603.6588246452329     
   2604.1487626465332     
   2605.2037054882053     
   2605.6212520262129     
   2605.6239897774826     
   2606.5277242153434     
   2607.2352307554306     
   2608.3059146604560     
   2608.7798034605089     
   2610.5204451126137     
   2611.5732664819038     
   2612.1022707235379     
   2612.4793922084573     
   2612.7584832781658     
   2613.0422876868383     
   2614.9965268419778     
   2616.0896733420009     
   2616.3072901062219     
   2618.6068943440841     
   2619.9276493328289     
   2620.5779447518589     
   2622.7477968967582     
   2623.8008420568708     
   2625.1631434007795     
   2625.5481562879845     
   2627.7855749977853     
   2630.5765622788044     
   2631.0574438778858     
   2631.4730062538742     
   2632.2386220642989     
   2633.8085803734830     
   2635.2187683555785     
   2635.6880131515359     
   2636.5274080967056     
   2637.6023875979854     
   2638.3776871842870     
   2638.5075467617785     
   2640.6069740863268     
   2640.8709729813872     
   2641.6939372885395     
   2643.7446420209812     
   2643.8389938882474     
   2644.5158832753850     
   2645.2733579395626     
   2646.6774445713427     
   2647.0332224198000     
   2647.1627041276724     
   2649.5879000709433     
   2649.9017765991252     
   2650.0425208466309     
   2650.7369729097568     
   2651.9173794698509     
   2653.7446161512526     
   2656.3799188635653     
   2659.2810996740945     
   2660.5454397168596     
   2661.3399546507994     
   2666.3581015649602     
   2667.7494732223527     
   2668.6535404537703     
   2669.5533223083289     
   2670.0810872722427     
   2670.4750327010420     
   2670.8612418123071     
   2672.5543629533804     
   2673.9156053987676     
   2675.1745483401251     
   2676.9353497806678     
   2677.5427172395230     
   2678.1888155925717     
   2678.9480123828525     
   2679.9277991534209     
   2681.3077317826469     
   2681.8828481678802     
   2682.5239060848171     
   2684.2020753740276     
   2684.3938573035934     
   2685.0952915642251     
   2685.4721293438165     
   2686.5593824471962     
   2688.6273014705630     
   2689.1899370297601     
   2690.9253384892272     
   2692.6235359703751     
   2694.9949991868407     
   2696.6168158411747     
   2699.4551356832899     
   2700.0341820886838     
   2700.4095201597424     
   2700.8417810305295     
   2700.8906533729332     
   2701.7669728552423     
   2702.0551786399160     
   2702.7397268665177     
   2704.5862026248747     
   2705.9978557757595     
   2706.1209153147711     
   2706.4947987980368     
   2707.0139028593912     
   2708.6620696162704     
   2710.7484481791848     
   2711.9051119548785     
   2713.1520809853082     
   2713.4632630034130     
   2713.5393213857210     
   2713.9913939850990     
   2714.2024765741116     
   2716.7663810271215     
   2717.5843580424339     
   2720.2531595497030     
   2720.7859766758861     
   2721.8130192050708     
   2724.3294104485917     
   2724.7120750990111     
   2725.4659901630453     
   2725.7155958062540     
   2728.2880175509249     
   2729.8033295217124     
   2730.6878391917630     
   2731.6363862379862     
   2736.8333281130645     
   2740.8004732295672     
   2740.9743699702985     
   2741.4169432504855     
   2741.4678564876776     
   2741.9956009028056     
   2742.6220695062798     
   2746.2512654622374     
   2746.3764160871410     
   2750.0639575612231     
   2751.4087174220408     
   2751.8969670482288     
   2752.0957025492303     
   2752.6160097665070     
   2755.4491337640388     
   2755.7627884310264     
   2757.8097024739100     
   2758.5991180590072     
   2759.7450513314534     
   2762.4791267121595     
   2764.0400215849413     
   2765.0692124406578     
   2766.3060715879815     
   2766.3214004047486     
   2767.7756135163168     
   2767.8766505474050     
   2768.3138708716046     
   2772.4720885666857     
   2773.3099438127715     
   2773.5995921543640     
   2774.6215046176130     
   2777.2506586223130     
   2778.5143979912323     
   2779.2980287026380     
   2781.5749248292354     
   2783.1643476300469     
   2783.5159550190242     
   2785.1856094298332     
   2785.7131994815009     
   2786.1995209870465     
   2786.5200418733439     
   2787.4275713504658     
   2789.3251495648738     
   2789.3442284490475     
   2791.0451343620507     
   2792.5435627985257     
   2793.6416702993738     
   2794.0498179765445     
   2794.1102574991282     
   2797.1145425975865     
   2798.4280449617299     
   2799.4904693797357     
   2800.1517541957619     
   2800.2540758738705     
   2803.6251652647179     
   2806.0428060000677     
   2807.4322684038934     
   2807.5823828500297     
   2808.0708450770944     
   2808.3554725307131     
   2809.6621791144280     
   2810.0118861114975     
   2810.7336586156684     
   2811.3982643476129     
   2811.5905595640324     
   2811.6733815819830     
   2813.5720717807603     
   2814.1388269323133     
   2815.2728217254376     
   2815.3721959055797     
   2815.8080448947530     
   2818.2095373339184     
   2819.2934153167475     
   2819.3091251515889     
   2820.2208454986276     
   2820.4568052350501     
   2820.9607782598000     
   2823.7168476605802     
   2828.4138929851456     
   2828.5335386861061     
   2828.7244039048005     
   2831.3343260444162     
   2832.0891600854261     
   2832.1856604837890     
   2833.2242370830350     
   2833.3636591618979     
   2834.3567579100882     
   2834.3937342972858     
   2835.9901910990379     
   2836.1216125284559     
   2837.9268132473562     
   2841.4019726066740     
   2842.4082812165866     
   2843.0996806664816     
   2844.8223428494116     
   2845.1052116755927     
   2846.0636087501407     
   2847.1287669921257     
   2847.4431819586471     
   2847.7591805756574     
   2848.9386254625015     
   2850.0342444322496     
   2852.1776453833345     
   2854.2039312966467     
   2856.2219518269721     
   2856.4902199179355     
   2856.6867246084448     
   2857.2422495995083     
   2857.4934143852024     
   2859.8533751035848     
   2859.9772615666111     
   2860.0677289166210     
   2860.6197339474170     
   2861.1898829505126     
   2861.4354111479693     
   2861.4694916429407     
   2861.4765472194299     
   2861.9629256605713     
   2862.1615678358180     
   2862.1681595469781     
   2862.5576461806263     
   2864.8971916899250     
   2865.0589376745884     
   2866.6182218763370     
   2869.5968657293329     
   2869.7073902373786     
   2869.8499629103126     
   2870.2260205699799     
   2874.9620476110340     
   2875.5537128334627     
   2876.0339990424013     
   2876.8086442442223     
   2879.2744080799062     
   2879.6392067698735     
   2880.8522280223847     
   2884.5523649522615     
   2884.9868657447510     
   2885.3472506576895     
   2886.5990771181082     
   2887.4130839478698     
   2888.4942086209098     
   2889.4415185562002     
   2890.6465506814961     
   2890.9624580554650     
   2891.2258556254642     
   2891.3594301128828     
   2893.1577543554208     
   2893.4369561920957     
   2893.8777274614999     
   2894.4246050228489     
   2894.6983452858044     
   2894.8582850948528     
   2895.3818992308420     
   2896.7511301073141     
   2897.2607524134369     
   2898.5796005956154     
   2901.1738765691493     
   2901.3356537546601     
   2903.9444135020085     
   2906.2007851273970     
   2907.9077672449753     
   2909.7538642059644     
   2910.7855134696911     
   2915.7458514711298     
   2916.1696758633361     
   2917.5185934466340     
   2919.3630083717039     
   2919.7468211312739     
   2919.9491476188891     
   2922.8214039429736     
   2924.4947183378722     
   2929.1465626546469     
   2929.6776742487764     
   2930.2421726095408     
   2930.6667566818955     
   2934.3948443807167     
   2936.4608311064903     
   2936.5509772194050     
   2939.2157934168667     
   2939.3297103815239     
   2939.8419674474039     
   2943.0079846961044     
   2943.4844838820595     
   2949.2873809081502     
   2949.6535125423156     
   2952.4305176324119     
   2958.0595477602947     
   2958.9632847017315     
   2960.1073802158717     
   2962.8844469968599     
   2962.9504425655127     
   2964.4177774437435     
   2968.0919766228217     
   2971.3622888979344     
   2973.5126052249529     
   2973.8037480640864     
   2977.9427148876584     
   2979.7286340886712     
   2981.3263027766857     
   2983.1262186074364     
   2983.9567758429816     
   2989.6336816632065     
   2993.1157711848605     
   2994.8192982833743     
   3006.9244737671006     
   3007.9670619383651     
   3009.3026420332903     
   3009.8390609430689     
   3010.4646605594871     
   3016.2577223266330     
   3025.7600944267620     
   3025.9713246542569     
   3027.6818113038212     
   3031.3337362967536     
   3040.2026730603898     
   3042.7016786976601     
   3046.5359847702466     
   3063.8362050237311     
   3067.2478252409342     
   3077.9773851269529     
   3079.3873056961097     
   3081.1731145774465     
   3087.3669184717160     
   3090.7760741510215     
   3098.6549047493259     
   3099.1761354070331     
   3099.6091760418512     
   3126.5030818927330     
   3129.3278237584609     
   3275.4532287388870     
