 beta=  0.31202453338129899     
  -3.9794621708071284E-013
  -2.5497678263477466E-013
   3.9866687944866386E-014
   6.5086184350260499E-014
   1.3788235087227572E-013
   5.5208258676302184E-013
   2.2076758441103711E-004
   3.3377084281395231E-004
   4.2308253795515251E-004
   5.1183081224478598E-004
   6.0873355156933207E-004
   6.7008183880900207E-004
   8.1210374963505000E-004
   8.8445962878622500E-004
   8.9615616549293766E-004
   9.7742575020305644E-004
   1.1029968601685375E-003
   1.1401400209786554E-003
   1.2271724275670849E-003
   1.4207656732484765E-003
   1.4557806093590381E-003
   1.4994928249521576E-003
   1.5956173035237969E-003
   1.6745623126960228E-003
   1.7120730712693294E-003
   1.7626188703115792E-003
   1.8723001380339379E-003
   1.9274869546687869E-003
   1.9800583764236395E-003
   2.0252933892332078E-003
   2.1683608537526738E-003
   2.1893064709563419E-003
   2.2535717900760669E-003
   2.2863823837961476E-003
   2.4174017272147680E-003
   2.5587640462456807E-003
   2.5898018073639969E-003
   2.6270237858036882E-003
   2.6481658475704726E-003
   2.7701280915818950E-003
   2.7836499874354728E-003
   2.8565918174254905E-003
   2.8849260721090270E-003
   3.0420338522961637E-003
   3.0603411038187252E-003
   3.2549688398464051E-003
   3.2809796320082711E-003
   3.3403141661411655E-003
   3.4532745701837744E-003
   3.5070704270701654E-003
   3.5859026263246772E-003
   3.6270967152875646E-003
   3.7609352319037401E-003
   3.7977105396942608E-003
   3.8262535303062993E-003
   3.8481491345765052E-003
   3.9078748554954596E-003
   3.9186828475455794E-003
   3.9464842142826429E-003
   4.0126807821845622E-003
   4.0307761133078629E-003
   4.1018083522618015E-003
   4.1294676730168787E-003
   4.1553792238342340E-003
   4.1915283207072029E-003
   4.3370292831285762E-003
   4.3556938386693231E-003
   4.4021171616346168E-003
   4.4241174802885563E-003
   4.4596665544481854E-003
   4.4826348557348060E-003
   4.5762450211861514E-003
   4.6107408817902835E-003
   4.6750619532416673E-003
   4.7328134158563118E-003
   4.7470453837955154E-003
   4.8322471278918798E-003
   4.8532249920049189E-003
   4.9116085310774785E-003
   4.9400746269841738E-003
   4.9758324127065767E-003
   5.0461397747810152E-003
   5.1100005707802459E-003
   5.1664096449910444E-003
   5.2613407618573582E-003
   5.2897041717342268E-003
   5.3261916440580656E-003
   5.3386842939809791E-003
   5.3689149223729322E-003
   5.4296525007823480E-003
   5.4849602184485350E-003
   5.5206617092488676E-003
   5.5858882736376375E-003
   5.6287619915844711E-003
   5.6719597627289545E-003
   5.6875574659161678E-003
   5.7457116123806537E-003
   5.8095735048953878E-003
   5.8289471526205214E-003
   5.8810076793272235E-003
   5.9179752154682706E-003
   5.9701616388495790E-003
   6.0077779215801054E-003
   6.0608666578891301E-003
   6.0865749271384294E-003
   6.1087806461154262E-003
   6.1420544245437718E-003
   6.1818155014692353E-003
   6.2198242944643415E-003
   6.2398875885354430E-003
   6.2775923615310579E-003
   6.3235573827318007E-003
   6.3836827439506718E-003
   6.4206450690055894E-003
   6.4514196103083376E-003
   6.5333615193345785E-003
   6.5436743532313862E-003
   6.6109837320623213E-003
   6.6582091125536452E-003
   6.7092313042146495E-003
   6.7168750665909391E-003
   6.7526043990364789E-003
   6.7729318612978848E-003
   6.8103913084981245E-003
   6.8351842450342553E-003
   6.8477064017293037E-003
   6.8588840194892288E-003
   6.9168918618416368E-003
   6.9202756288573837E-003
   6.9309941681536674E-003
   6.9704899661601760E-003
   7.0212634471410462E-003
   7.0851807187264819E-003
   7.1143629703635481E-003
   7.1687747356503524E-003
   7.1948186453182428E-003
   7.1985195887968824E-003
   7.2721045281734292E-003
   7.2969617853576073E-003
   7.3402083117603059E-003
   7.4081280215910752E-003
   7.4152020392517799E-003
   7.4642193019632749E-003
   7.4965413953531224E-003
   7.5135844868797572E-003
   7.5823773104838343E-003
   7.6207383469547047E-003
   7.6527161116188812E-003
   7.6648159536685297E-003
   7.6972690926695392E-003
   7.7176951120453089E-003
   7.7351614755644645E-003
   7.8081900286358493E-003
   7.8195902683581946E-003
   7.8446360992160957E-003
   7.8801282410253144E-003
   7.9060860882331115E-003
   7.9272567531453470E-003
   7.9473331142270679E-003
   7.9547467938722999E-003
   7.9681836755763555E-003
   7.9912782561568103E-003
   8.0272386482708440E-003
   8.0570901148888045E-003
   8.0919768341059586E-003
   8.1177545574104646E-003
   8.1733262473169289E-003
   8.1997581614906105E-003
   8.2169908259992139E-003
   8.2348179060038138E-003
   8.2560211083528932E-003
   8.2695930935128194E-003
   8.3142845983034397E-003
   8.3370779895865395E-003
   8.3766023443299330E-003
   8.4069646307306303E-003
   8.4438901120207823E-003
   8.4808897725496737E-003
   8.5191835751129603E-003
   8.5855906482596774E-003
   8.6093893220609303E-003
   8.6589754552396040E-003
   8.6784991055124574E-003
   8.7035323514107806E-003
   8.7155042052932032E-003
   8.7356851359553147E-003
   8.7723703542687582E-003
   8.7891594066006849E-003
   8.8138210072287657E-003
   8.8524348585329021E-003
   8.8692384969382386E-003
   8.9001236338286174E-003
   8.9364459372294619E-003
   8.9432679784189669E-003
   8.9874002081803059E-003
   9.0091128759167711E-003
   9.0383453036276193E-003
   9.0514987137499687E-003
   9.0824992487407320E-003
   9.0936889315986393E-003
   9.0999015874267172E-003
   9.1346883894449695E-003
   9.1810195205826225E-003
   9.1941946790082725E-003
   9.2326154251265273E-003
   9.2435928650898853E-003
   9.2806093226582495E-003
   9.2972884206571557E-003
   9.3560619018797676E-003
   9.3688209286789999E-003
   9.4033528819666128E-003
   9.4354215255257542E-003
   9.4833759803785635E-003
   9.4967021186539349E-003
   9.5612241131964905E-003
   9.5641920857910401E-003
   9.5699826247519076E-003
   9.6064781368568851E-003
   9.6218046458327253E-003
   9.6539080534725104E-003
   9.6810580118027317E-003
   9.6855330022363930E-003
   9.7347500109303906E-003
   9.7357889610628166E-003
   9.7573006807273772E-003
   9.7904643937275129E-003
   9.8114433198658868E-003
   9.8340322226782313E-003
   9.8601517719842050E-003
   9.8883038779451100E-003
   9.9188684601833801E-003
   9.9385928526162393E-003
   9.9586285085693088E-003
   1.0003638649599841E-002
   1.0015407655113983E-002
   1.0041498467236464E-002
   1.0059555505885682E-002
   1.0103565972511440E-002
   1.0114784729572796E-002
   1.0141665550395168E-002
   1.0167232199532946E-002
   1.0179427922230566E-002
   1.0225628584486952E-002
   1.0241218628518763E-002
   1.0272285055615078E-002
   1.0295075234490181E-002
   1.0308111484324280E-002
   1.0369821326388530E-002
   1.0377187601656460E-002
   1.0412209325604700E-002
   1.0432831983095128E-002
   1.0476033507181522E-002
   1.0486192801225674E-002
   1.0514574928431802E-002
   1.0537212464907107E-002
   1.0567258027771382E-002
   1.0592199454602309E-002
   1.0601833099626805E-002
   1.0616610623538145E-002
   1.0628779397157466E-002
   1.0659868373525217E-002
   1.0693937991523178E-002
   1.0709671785352363E-002
   1.0743290708784286E-002
   1.0752589458944693E-002
   1.0782703223628785E-002
   1.0818794864055846E-002
   1.0824405330198787E-002
   1.0862112874259046E-002
   1.0886684889951157E-002
   1.0904068657491347E-002
   1.0936543407219730E-002
   1.0965767335609113E-002
   1.0988215494408676E-002
   1.1013051408374558E-002
   1.1043242121792978E-002
   1.1061098844063826E-002
   1.1103734530623778E-002
   1.1119205767031336E-002
   1.1143654890325684E-002
   1.1187297784075879E-002
   1.1219263150644887E-002
   1.1240733149965813E-002
   1.1267345369657242E-002
   1.1290804526279626E-002
   1.1307529766497100E-002
   1.1351854352193203E-002
   1.1365535437195689E-002
   1.1393858958238570E-002
   1.1411898967740225E-002
   1.1425054004993844E-002
   1.1445997667584073E-002
   1.1469157885324092E-002
   1.1493934297415576E-002
   1.1511493259501425E-002
   1.1549310881163590E-002
   1.1581089148249332E-002
   1.1600800727426508E-002
   1.1608611368525562E-002
   1.1625651439605039E-002
   1.1647498414529958E-002
   1.1690784251509415E-002
   1.1691719356951119E-002
   1.1718324085974625E-002
   1.1746897574353090E-002
   1.1762103038247979E-002
   1.1772073983034969E-002
   1.1790463573181103E-002
   1.1827473246081213E-002
   1.1849338106987874E-002
   1.1877049659310995E-002
   1.1895344009505253E-002
   1.1915323432416219E-002
   1.1925157926435214E-002
   1.1940812366593667E-002
   1.1986251572197737E-002
   1.2008867339423862E-002
   1.2038746111696893E-002
   1.2048430329610015E-002
   1.2091429066182956E-002
   1.2111425413918112E-002
   1.2138626486126663E-002
   1.2142739064097515E-002
   1.2158434930521270E-002
   1.2181826919560599E-002
   1.2212169263442790E-002
   1.2228500693694263E-002
   1.2236232738168968E-002
   1.2269061703150190E-002
   1.2285929973975745E-002
   1.2300815553546611E-002
   1.2336664983021493E-002
   1.2368640636624519E-002
   1.2384209827951407E-002
   1.2391773311412379E-002
   1.2411146553390508E-002
   1.2424891121064489E-002
   1.2456759351684069E-002
   1.2475598405719971E-002
   1.2487426155337579E-002
   1.2506985638562583E-002
   1.2535017229122734E-002
   1.2543184206374665E-002
   1.2550240929349721E-002
   1.2571675258456828E-002
   1.2631813242599347E-002
   1.2650286542863756E-002
   1.2653390872168173E-002
   1.2681542719751042E-002
   1.2715768512039753E-002
   1.2740866455984691E-002
   1.2754599193505927E-002
   1.2767927256972528E-002
   1.2771918930238392E-002
   1.2784269916780068E-002
   1.2809394893253152E-002
   1.2822013503507045E-002
   1.2865593009033442E-002
   1.2877373380620555E-002
   1.2889330779844789E-002
   1.2906295681398261E-002
   1.2916880658804874E-002
   1.2944103287955032E-002
   1.2948945581612210E-002
   1.2969196044370966E-002
   1.2982118667640893E-002
   1.2996454540568020E-002
   1.3017464536395599E-002
   1.3030324902446327E-002
   1.3043882199766790E-002
   1.3056183088988279E-002
   1.3083132843500031E-002
   1.3090893468992271E-002
   1.3099573394577371E-002
   1.3141156085607040E-002
   1.3177863460061987E-002
   1.3187360671839664E-002
   1.3193395747639895E-002
   1.3228832689894592E-002
   1.3234592663769819E-002
   1.3255906355641474E-002
   1.3265629780499510E-002
   1.3276665805256740E-002
   1.3293104611329239E-002
   1.3309313673873505E-002
   1.3334463180048077E-002
   1.3350333088167087E-002
   1.3365740796723377E-002
   1.3380335927984117E-002
   1.3384668622825967E-002
   1.3399422964208889E-002
   1.3431660946347046E-002
   1.3448234157185547E-002
   1.3479520245008380E-002
   1.3488498687979548E-002
   1.3506500496141334E-002
   1.3516597576091872E-002
   1.3533059423759014E-002
   1.3544560646534091E-002
   1.3553622787764728E-002
   1.3558707482532260E-002
   1.3566893343440533E-002
   1.3587003579338645E-002
   1.3600609311117727E-002
   1.3626910215114937E-002
   1.3635075125600381E-002
   1.3649744926619372E-002
   1.3673954989822773E-002
   1.3683431388185544E-002
   1.3694379222080612E-002
   1.3708667025976165E-002
   1.3715911899802917E-002
   1.3746756320764712E-002
   1.3758812999857997E-002
   1.3767418438484372E-002
   1.3780162059627626E-002
   1.3790993661701846E-002
   1.3815060166885405E-002
   1.3835095227691495E-002
   1.3864650866189859E-002
   1.3868057756193522E-002
   1.3878586377166395E-002
   1.3888545183513509E-002
   1.3908101772666505E-002
   1.3924310259170927E-002
   1.3929195063828224E-002
   1.3963189259742839E-002
   1.3992587133873679E-002
   1.4004972028936606E-002
   1.4023748531319201E-002
   1.4044174034918795E-002
   1.4059329247269008E-002
   1.4077207363075774E-002
   1.4090215426318366E-002
   1.4097289517146125E-002
   1.4106093837852005E-002
   1.4120960626891575E-002
   1.4135452152380767E-002
   1.4149031518237229E-002
   1.4159632464951784E-002
   1.4191951808518594E-002
   1.4196837908605309E-002
   1.4210195940953321E-002
   1.4219721316033451E-002
   1.4240160245099267E-002
   1.4246844098071847E-002
   1.4259588100169156E-002
   1.4279382890470900E-002
   1.4289777620216187E-002
   1.4328733473442386E-002
   1.4344226761890528E-002
   1.4351908589422103E-002
   1.4358090160283282E-002
   1.4377379895729188E-002
   1.4391531914903296E-002
   1.4406160293622633E-002
   1.4429492858375109E-002
   1.4433536612513438E-002
   1.4438172254063276E-002
   1.4449381003126247E-002
   1.4475596476201355E-002
   1.4493835734699928E-002
   1.4513731380327615E-002
   1.4529115321611229E-002
   1.4552122217035224E-002
   1.4558666022069710E-002
   1.4570123693927685E-002
   1.4591535861613242E-002
   1.4594844462312526E-002
   1.4605760670383829E-002
   1.4631867127586993E-002
   1.4644795126671153E-002
   1.4665846891775480E-002
   1.4676185366265700E-002
   1.4694830024687014E-002
   1.4700076837296872E-002
   1.4731511284683604E-002
   1.4753451779823899E-002
   1.4775891771402660E-002
   1.4795330068717564E-002
   1.4808234588564376E-002
   1.4811236019968721E-002
   1.4845908874460049E-002
   1.4864884565819655E-002
   1.4866359858552053E-002
   1.4888471072437990E-002
   1.4900825242829175E-002
   1.4916386404018111E-002
   1.4922184684134494E-002
   1.4947459959338693E-002
   1.4965605362974008E-002
   1.4979839050420850E-002
   1.4988018895064259E-002
   1.5006655347839929E-002
   1.5014322020124008E-002
   1.5042298930437308E-002
   1.5050260780306853E-002
   1.5070866404444168E-002
   1.5080340910245370E-002
   1.5087718408747437E-002
   1.5107048550139500E-002
   1.5116549502268213E-002
   1.5123748886177131E-002
   1.5147312306054091E-002
   1.5172264005186042E-002
   1.5184256459902762E-002
   1.5198325424141405E-002
   1.5204888500019604E-002
   1.5222698002889296E-002
   1.5233776707784743E-002
   1.5253523409268525E-002
   1.5267507109082172E-002
   1.5279334441761199E-002
   1.5294403886788080E-002
   1.5305755161145095E-002
   1.5316227995948133E-002
   1.5336417962512663E-002
   1.5336818496803961E-002
   1.5342227209104451E-002
   1.5373032964121743E-002
   1.5380789461138465E-002
   1.5391321080174398E-002
   1.5400685079503571E-002
   1.5419405838892921E-002
   1.5439672775051962E-002
   1.5446364799224987E-002
   1.5469624803257587E-002
   1.5487843492559687E-002
   1.5500829262185538E-002
   1.5507245830804730E-002
   1.5528423588804153E-002
   1.5542778181155830E-002
   1.5550190111068644E-002
   1.5570224730706298E-002
   1.5577289698660634E-002
   1.5583410502446221E-002
   1.5609084891815681E-002
   1.5623175984526578E-002
   1.5643678982081945E-002
   1.5670454872573489E-002
   1.5680306375011523E-002
   1.5682940913345038E-002
   1.5693380038906607E-002
   1.5725703370655562E-002
   1.5735695626699877E-002
   1.5746417818483197E-002
   1.5771038095653726E-002
   1.5784273679888786E-002
   1.5803100183637411E-002
   1.5812201509764538E-002
   1.5833748893330005E-002
   1.5846866254209582E-002
   1.5861916075125566E-002
   1.5872298097810440E-002
   1.5884253284927114E-002
   1.5899911592958227E-002
   1.5910418447816006E-002
   1.5916464028942354E-002
   1.5935375629441955E-002
   1.5949240764231536E-002
   1.5975477653646531E-002
   1.5987708512549836E-002
   1.6007417061068670E-002
   1.6015490644998381E-002
   1.6031611792280895E-002
   1.6038338499278781E-002
   1.6050276771511600E-002
   1.6066877956836347E-002
   1.6080486857924989E-002
   1.6095392504098409E-002
   1.6121918477841803E-002
   1.6130200828812773E-002
   1.6137930650226666E-002
   1.6151191721719495E-002
   1.6159106185937480E-002
   1.6171924153249029E-002
   1.6178016227378873E-002
   1.6194316696244500E-002
   1.6204808388197680E-002
   1.6215184779135826E-002
   1.6226881142455209E-002
   1.6238820254143603E-002
   1.6250790140457664E-002
   1.6261096756829890E-002
   1.6272278617117643E-002
   1.6287327163750764E-002
   1.6297680973108172E-002
   1.6305878686037490E-002
   1.6316693868050475E-002
   1.6326014671574806E-002
   1.6347817920736314E-002
   1.6360275804620822E-002
   1.6377561807500447E-002
   1.6411009564059491E-002
   1.6416486270007892E-002
   1.6423630583732911E-002
   1.6430660225968414E-002
   1.6447895330362308E-002
   1.6458318755468854E-002
   1.6480976951826619E-002
   1.6489019563009740E-002
   1.6510731552890172E-002
   1.6531898382944173E-002
   1.6539115992630957E-002
   1.6549885664491625E-002
   1.6554993861198335E-002
   1.6580643449120493E-002
   1.6597054129864449E-002
   1.6613011527983827E-002
   1.6622590418175227E-002
   1.6643738668150655E-002
   1.6657199175469532E-002
   1.6665511697009614E-002
   1.6697798390505166E-002
   1.6707442729956799E-002
   1.6734938600900865E-002
   1.6738240249523331E-002
   1.6756505867144701E-002
   1.6762337025109837E-002
   1.6775593593378074E-002
   1.6784099844742321E-002
   1.6798671870390920E-002
   1.6807300508807896E-002
   1.6813143419025879E-002
   1.6836858036155429E-002
   1.6844025664716003E-002
   1.6851973180932771E-002
   1.6863977866373930E-002
   1.6870082498404625E-002
   1.6891736188661612E-002
   1.6902117331567899E-002
   1.6925776034732658E-002
   1.6945081606764698E-002
   1.6959843877312079E-002
   1.6965693887633183E-002
   1.6974235775281246E-002
   1.6975149555560495E-002
   1.6992708347321205E-002
   1.7009940029298821E-002
   1.7016200223872777E-002
   1.7041338985355231E-002
   1.7052993056871742E-002
   1.7064732272311259E-002
   1.7072629768342999E-002
   1.7080313923888472E-002
   1.7107754632470929E-002
   1.7118348787436496E-002
   1.7134611124523181E-002
   1.7144327350739706E-002
   1.7158561117840403E-002
   1.7180164514609148E-002
   1.7201443428104833E-002
   1.7205247689279581E-002
   1.7218205505513291E-002
   1.7230912370930464E-002
   1.7241043027355317E-002
   1.7262054293858995E-002
   1.7280731774354428E-002
   1.7290711753659888E-002
   1.7302207549012655E-002
   1.7326035829428092E-002
   1.7335283811476056E-002
   1.7346933097417302E-002
   1.7359656073751211E-002
   1.7379614346906828E-002
   1.7389891549437323E-002
   1.7392417178922519E-002
   1.7410606400913419E-002
   1.7414002218119676E-002
   1.7444539483266408E-002
   1.7459000975543922E-002
   1.7466682861073377E-002
   1.7484634651480320E-002
   1.7504104500006109E-002
   1.7509912516316201E-002
   1.7520116433189261E-002
   1.7541953141501587E-002
   1.7550781675273398E-002
   1.7558559804705796E-002
   1.7568477054359620E-002
   1.7585219454977992E-002
   1.7594504386237032E-002
   1.7610915084771344E-002
   1.7628807681162248E-002
   1.7647584207563783E-002
   1.7649563498382575E-002
   1.7667723671570622E-002
   1.7682153805975223E-002
   1.7689090513722631E-002
   1.7706056894943419E-002
   1.7717357211913826E-002
   1.7727818014548136E-002
   1.7742175206803126E-002
   1.7748502349476673E-002
   1.7756363801480900E-002
   1.7791581196329551E-002
   1.7809267945660654E-002
   1.7825340488130358E-002
   1.7834918406399603E-002
   1.7850832742994725E-002
   1.7868186590929647E-002
   1.7871435263312196E-002
   1.7892089003646548E-002
   1.7908584443783328E-002
   1.7934993819346948E-002
   1.7942938351432843E-002
   1.7945694652511477E-002
   1.7956648962630644E-002
   1.7964921716637321E-002
   1.7979103465355594E-002
   1.7985360471876030E-002
   1.7987571941488145E-002
   1.8005162839985881E-002
   1.8020020749249469E-002
   1.8030417101262956E-002
   1.8033758617293758E-002
   1.8051174243005643E-002
   1.8057723533467577E-002
   1.8067745567018633E-002
   1.8091680569589728E-002
   1.8098042856269356E-002
   1.8108888380427023E-002
   1.8114042637921698E-002
   1.8131154304860092E-002
   1.8156198632497376E-002
   1.8159946412649289E-002
   1.8169130986753053E-002
   1.8173513296188909E-002
   1.8187375433106980E-002
   1.8207267771840095E-002
   1.8208059622784448E-002
   1.8231712662528959E-002
   1.8236513964695496E-002
   1.8261974342680853E-002
   1.8265554489946628E-002
   1.8276962967601583E-002
   1.8281476803559800E-002
   1.8297533063954263E-002
   1.8310723437181937E-002
   1.8323407020135511E-002
   1.8350876410216207E-002
   1.8354410537992600E-002
   1.8363353332610553E-002
   1.8377281953552392E-002
   1.8386208399351470E-002
   1.8407598629195141E-002
   1.8418693547252521E-002
   1.8435000166807949E-002
   1.8439140774606642E-002
   1.8463511871729614E-002
   1.8466416010895804E-002
   1.8470861837444924E-002
   1.8503702768751802E-002
   1.8517596440088518E-002
   1.8523339095322822E-002
   1.8540743374492682E-002
   1.8542097081920044E-002
   1.8562246738393427E-002
   1.8575458925151681E-002
   1.8580027699431245E-002
   1.8592480197083705E-002
   1.8607259448608388E-002
   1.8627099624454781E-002
   1.8627760870169947E-002
   1.8637552354651213E-002
   1.8653910287970765E-002
   1.8662596110508970E-002
   1.8677079565971325E-002
   1.8679004299152847E-002
   1.8694297771489326E-002
   1.8712100516316166E-002
   1.8738998262813677E-002
   1.8763237286286084E-002
   1.8773757562682316E-002
   1.8782794475548724E-002
   1.8794205999415371E-002
   1.8802404845012485E-002
   1.8808129028224947E-002
   1.8827972906197806E-002
   1.8829621211660114E-002
   1.8845372435360112E-002
   1.8850539285634470E-002
   1.8860961796188978E-002
   1.8875790364908086E-002
   1.8878145044561600E-002
   1.8898041539548584E-002
   1.8907398830044275E-002
   1.8913524108877616E-002
   1.8915256256320241E-002
   1.8936255701641116E-002
   1.8950771276119924E-002
   1.8956726289827072E-002
   1.8959574459427728E-002
   1.8980114246517982E-002
   1.9001799901912815E-002
   1.9006036396637397E-002
   1.9031967308023728E-002
   1.9033890227155261E-002
   1.9045248674597545E-002
   1.9059204857521810E-002
   1.9071572048968581E-002
   1.9080855716111865E-002
   1.9086833674516742E-002
   1.9093534063119016E-002
   1.9105104173223423E-002
   1.9112875819854165E-002
   1.9135971740438320E-002
   1.9146436509378674E-002
   1.9152980057549524E-002
   1.9160726198632495E-002
   1.9180282811899204E-002
   1.9191620960089029E-002
   1.9202232371966142E-002
   1.9216097961965273E-002
   1.9232988907363316E-002
   1.9245316868508590E-002
   1.9246710928308795E-002
   1.9278406782271156E-002
   1.9286035772042527E-002
   1.9293644983219393E-002
   1.9296490190992135E-002
   1.9315008222320081E-002
   1.9327167943236006E-002
   1.9337941137673488E-002
   1.9355060435418788E-002
   1.9358887376497946E-002
   1.9373578276446552E-002
   1.9383039741646735E-002
   1.9398100795500486E-002
   1.9411275045387772E-002
   1.9413211982030363E-002
   1.9414545205855230E-002
   1.9444729863926140E-002
   1.9462315810660803E-002
   1.9468022379429802E-002
   1.9480132265621935E-002
   1.9487208734938307E-002
   1.9493512164860453E-002
   1.9501542626155166E-002
   1.9513552967718544E-002
   1.9520203168387960E-002
   1.9526305126818414E-002
   1.9543956487987339E-002
   1.9545397288687254E-002
   1.9558509990393744E-002
   1.9573040116347203E-002
   1.9578281949126610E-002
   1.9582291426801228E-002
   1.9590010075413784E-002
   1.9607224997240949E-002
   1.9614521108571294E-002
   1.9624066710405758E-002
   1.9635771093644245E-002
   1.9645648385055926E-002
   1.9658795052947892E-002
   1.9662891792413414E-002
   1.9674246835822726E-002
   1.9689971629735622E-002
   1.9695346933431775E-002
   1.9713950432755895E-002
   1.9731584169795102E-002
   1.9739972518620769E-002
   1.9746854546026180E-002
   1.9770082695437841E-002
   1.9789110376730593E-002
   1.9795523262970887E-002
   1.9804100997456039E-002
   1.9815704023911657E-002
   1.9842138494797306E-002
   1.9846502018126350E-002
   1.9855929639888789E-002
   1.9869508571196643E-002
   1.9874733709804231E-002
   1.9881146401908436E-002
   1.9917176271120531E-002
   1.9924064319962007E-002
   1.9938695701339028E-002
   1.9951048098801018E-002
   1.9958648745615502E-002
   1.9974148057595925E-002
   1.9976770112613357E-002
   1.9994970459634845E-002
   2.0000766044195865E-002
   2.0014605599741397E-002
   2.0027519382264169E-002
   2.0038806672115536E-002
   2.0043719639632557E-002
   2.0061033633906496E-002
   2.0072343306021406E-002
   2.0077451525120592E-002
   2.0097465888868626E-002
   2.0109335274538120E-002
   2.0125411728865346E-002
   2.0132310347625363E-002
   2.0139293473542645E-002
   2.0144282698801554E-002
   2.0148156306960392E-002
   2.0176218341991656E-002
   2.0181460833207043E-002
   2.0191617498481688E-002
   2.0199187442987869E-002
   2.0219858217735903E-002
   2.0221831711972584E-002
   2.0231639685908808E-002
   2.0247696882495076E-002
   2.0252212141459176E-002
   2.0264712729144069E-002
   2.0278758006039583E-002
   2.0290026335840369E-002
   2.0300191667392862E-002
   2.0311257917270675E-002
   2.0323325180989140E-002
   2.0338262244625722E-002
   2.0345340213622564E-002
   2.0352145493772691E-002
   2.0356349547676265E-002
   2.0370868238893395E-002
   2.0380175220881262E-002
   2.0389455286992136E-002
   2.0405377025365698E-002
   2.0416731028549712E-002
   2.0417445329119883E-002
   2.0428608081935803E-002
   2.0444088379726447E-002
   2.0449357145352596E-002
   2.0475790740677780E-002
   2.0488547323702585E-002
   2.0500814587421951E-002
   2.0504191240576296E-002
   2.0506848609816549E-002
   2.0524913756211731E-002
   2.0534981115192578E-002
   2.0539485336194735E-002
   2.0554358902646671E-002
   2.0559498945312144E-002
   2.0570462036940480E-002
   2.0581433685296972E-002
   2.0596425664026377E-002
   2.0607110503233557E-002
   2.0614502056515913E-002
   2.0620526778770784E-002
   2.0641460664505194E-002
   2.0646982384792605E-002
   2.0662670288330860E-002
   2.0668960593098865E-002
   2.0686978991268232E-002
   2.0693248249114497E-002
   2.0702382511320026E-002
   2.0720881294548184E-002
   2.0728344912851464E-002
   2.0739662146525523E-002
   2.0749863389765446E-002
   2.0762553545688147E-002
   2.0773864036710693E-002
   2.0792721544467183E-002
   2.0794245215115977E-002
   2.0807654956325212E-002
   2.0813638580419618E-002
   2.0817560490520262E-002
   2.0830755183009361E-002
   2.0839375403524946E-002
   2.0841043076752511E-002
   2.0845963972445085E-002
   2.0849718423445445E-002
   2.0869255225245697E-002
   2.0879099431100889E-002
   2.0884106659108784E-002
   2.0892443144921263E-002
   2.0900124225058072E-002
   2.0917637881974326E-002
   2.0937108834322538E-002
   2.0949242855839097E-002
   2.0954667147268388E-002
   2.0963387426983993E-002
   2.0969710518408957E-002
   2.0983953760778461E-002
   2.0992346089152760E-002
   2.0999843937424770E-002
   2.1013367816319049E-002
   2.1022211382602667E-002
   2.1032545397668190E-002
   2.1050531319649287E-002
   2.1060569937055691E-002
   2.1078445834346510E-002
   2.1082730897883165E-002
   2.1089825948463769E-002
   2.1102587007740214E-002
   2.1114830806438778E-002
   2.1138158197644509E-002
   2.1138590289745979E-002
   2.1146174013159710E-002
   2.1155189200876705E-002
   2.1158274991598329E-002
   2.1188106265380265E-002
   2.1200751928416715E-002
   2.1224609561781436E-002
   2.1230844293884964E-002
   2.1239828339925063E-002
   2.1247428423187744E-002
   2.1262647283286990E-002
   2.1277268851319857E-002
   2.1285103069363660E-002
   2.1286298203965302E-002
   2.1295764063502139E-002
   2.1318443036020172E-002
   2.1322116735733056E-002
   2.1331028958413368E-002
   2.1350507260030353E-002
   2.1356436101400249E-002
   2.1364061933151875E-002
   2.1388105368743804E-002
   2.1392997912089252E-002
   2.1399187686366478E-002
   2.1415237876241344E-002
   2.1437278936803573E-002
   2.1440069605270801E-002
   2.1446411689980748E-002
   2.1455743309211749E-002
   2.1471181480080332E-002
   2.1479158096793394E-002
   2.1503387474725286E-002
   2.1512453228963349E-002
   2.1514265228362861E-002
   2.1521597795919469E-002
   2.1532351955623891E-002
   2.1549207748098879E-002
   2.1551547922582941E-002
   2.1560676942780164E-002
   2.1578886960783663E-002
   2.1593239622649515E-002
   2.1599009533308195E-002
   2.1610232475186127E-002
   2.1622456445516774E-002
   2.1625751888226807E-002
   2.1635159334830893E-002
   2.1645597482372405E-002
   2.1660113998924077E-002
   2.1666903302978522E-002
   2.1677755017733485E-002
   2.1687130404373062E-002
   2.1698974051527369E-002
   2.1711985129423336E-002
   2.1725248871825958E-002
   2.1734276387062497E-002
   2.1740233357082441E-002
   2.1748384758883122E-002
   2.1765121937339569E-002
   2.1781928194159788E-002
   2.1787643738613551E-002
   2.1790944127257572E-002
   2.1799720792088490E-002
   2.1809753313554191E-002
   2.1814946647101964E-002
   2.1823789263369697E-002
   2.1836495013228884E-002
   2.1844508613312413E-002
   2.1849393117874993E-002
   2.1864021261444263E-002
   2.1881025304476914E-002
   2.1890211649905407E-002
   2.1903796957293015E-002
   2.1915298327565426E-002
   2.1925353463666503E-002
   2.1934182486946556E-002
   2.1952590904647403E-002
   2.1961996928525671E-002
   2.1968512782477037E-002
   2.1992752734506054E-002
   2.2001825562333654E-002
   2.2015080981239749E-002
   2.2019942359072842E-002
   2.2035862911085530E-002
   2.2050135315190528E-002
   2.2054631914946492E-002
   2.2068483260040638E-002
   2.2088910382822600E-002
   2.2096809470639574E-002
   2.2110672028256922E-002
   2.2119241244774056E-002
   2.2124491421133225E-002
   2.2140777606798407E-002
   2.2149234104754882E-002
   2.2173055988473935E-002
   2.2175040495323067E-002
   2.2185434492756079E-002
   2.2206146454128699E-002
   2.2207408810577360E-002
   2.2217861483975965E-002
   2.2223666676330935E-002
   2.2238328686458843E-002
   2.2248517190983523E-002
   2.2255379597776816E-002
   2.2266418843161259E-002
   2.2273525305526055E-002
   2.2278004662199823E-002
   2.2296663819705135E-002
   2.2299613230063974E-002
   2.2310136137980722E-002
   2.2319733895682231E-002
   2.2327237321405069E-002
   2.2343444995940959E-002
   2.2348275937623736E-002
   2.2369829250800801E-002
   2.2377755714794129E-002
   2.2389568063667702E-002
   2.2405773378416826E-002
   2.2420733563999810E-002
   2.2423724176461331E-002
   2.2430299861181013E-002
   2.2450078341053940E-002
   2.2454516077669278E-002
   2.2472861655627386E-002
   2.2487141467240738E-002
   2.2495187435248701E-002
   2.2498067587735926E-002
   2.2518280403121285E-002
   2.2529196504904814E-002
   2.2546548785198583E-002
   2.2559638248689239E-002
   2.2577837084594852E-002
   2.2587243192623310E-002
   2.2595386468265644E-002
   2.2608548587040825E-002
   2.2620188529418040E-002
   2.2624931060281996E-002
   2.2642679638514619E-002
   2.2647634879381897E-002
   2.2653976679820730E-002
   2.2661486252027206E-002
   2.2680982923980995E-002
   2.2683781240948022E-002
   2.2694710006674876E-002
   2.2698611325681291E-002
   2.2704622878979449E-002
   2.2714009931459781E-002
   2.2723571003665104E-002
   2.2737194188599080E-002
   2.2755620473610974E-002
   2.2765346809779492E-002
   2.2769114008053041E-002
   2.2785676941398356E-002
   2.2789363211142107E-002
   2.2806932693856738E-002
   2.2819747990543881E-002
   2.2826043905027345E-002
   2.2849628775070224E-002
   2.2864853705805887E-002
   2.2878195403990172E-002
   2.2896167658468986E-002
   2.2913121945036221E-002
   2.2931869453877346E-002
   2.2937169260824123E-002
   2.2944712024179657E-002
   2.2950038703508799E-002
   2.2961186073841192E-002
   2.2974069077008021E-002
   2.2985116901793872E-002
   2.2986303310347199E-002
   2.3005533200139854E-002
   2.3011113394928170E-002
   2.3013760593474878E-002
   2.3031365594232547E-002
   2.3036161336940079E-002
   2.3053156315540703E-002
   2.3071327631401590E-002
   2.3076646834983113E-002
   2.3088211688709542E-002
   2.3100296604662771E-002
   2.3115848795600046E-002
   2.3128336422103622E-002
   2.3138275593485268E-002
   2.3149411329034524E-002
   2.3152558481144295E-002
   2.3178402189661673E-002
   2.3193607898673241E-002
   2.3200433062627448E-002
   2.3208140760021569E-002
   2.3223245098440100E-002
   2.3232624461128462E-002
   2.3239388205456762E-002
   2.3251121031881532E-002
   2.3255075489744780E-002
   2.3274021710288025E-002
   2.3287899290874915E-002
   2.3301990025462280E-002
   2.3314269177806882E-002
   2.3317916081325815E-002
   2.3330673030226224E-002
   2.3340394863219066E-002
   2.3351780625368794E-002
   2.3360108108662493E-002
   2.3373913973395860E-002
   2.3385692885716874E-002
   2.3405611775627975E-002
   2.3417225712347167E-002
   2.3428463997858653E-002
   2.3441240557940269E-002
   2.3450844253431091E-002
   2.3458579050998293E-002
   2.3464399128993722E-002
   2.3483319860308632E-002
   2.3496346261133512E-002
   2.3501968515565907E-002
   2.3513185083589488E-002
   2.3524604308115527E-002
   2.3532150952212373E-002
   2.3542997498463163E-002
   2.3571509100641541E-002
   2.3577102908873535E-002
   2.3592531557406815E-002
   2.3598584463959418E-002
   2.3616394361346917E-002
   2.3626304992157638E-002
   2.3634997773412807E-002
   2.3644920942813341E-002
   2.3653785481264171E-002
   2.3667095038585446E-002
   2.3688599889335350E-002
   2.3698957579214586E-002
   2.3711652594596781E-002
   2.3721097201667755E-002
   2.3741372484932910E-002
   2.3749160002939161E-002
   2.3758370768827558E-002
   2.3765522653557577E-002
   2.3782611820186858E-002
   2.3797848563455484E-002
   2.3813940146441032E-002
   2.3827237467560779E-002
   2.3837459067661885E-002
   2.3847717555147308E-002
   2.3860777091912960E-002
   2.3868255455868573E-002
   2.3873213701884520E-002
   2.3883737320122597E-002
   2.3909221669249296E-002
   2.3920784446073852E-002
   2.3929817011619978E-002
   2.3938782640883866E-002
   2.3946411335560174E-002
   2.3951286896555228E-002
   2.3976357167037176E-002
   2.3994608174950166E-002
   2.4006852638782852E-002
   2.4016694461715032E-002
   2.4028721280700705E-002
   2.4042689630146382E-002
   2.4048843707840720E-002
   2.4057496887241962E-002
   2.4067063898690975E-002
   2.4080050073870686E-002
   2.4092284103122266E-002
   2.4099027422452575E-002
   2.4122413849006610E-002
   2.4131099918833311E-002
   2.4141407019742395E-002
   2.4151030551454844E-002
   2.4165820554122211E-002
   2.4176527867186111E-002
   2.4188656037300030E-002
   2.4204582305769971E-002
   2.4212515766051323E-002
   2.4227973064950947E-002
   2.4237643287323331E-002
   2.4252361923865335E-002
   2.4256794240583354E-002
   2.4275186919063128E-002
   2.4290252707788264E-002
   2.4311242981429098E-002
   2.4315622520753526E-002
   2.4331309936881280E-002
   2.4354557167543495E-002
   2.4363731029555559E-002
   2.4376116945961611E-002
   2.4386188153565979E-002
   2.4395332703375280E-002
   2.4401192749449376E-002
   2.4417022542765440E-002
   2.4444992334919282E-002
   2.4446320053371263E-002
   2.4451493850757830E-002
   2.4462771370720768E-002
   2.4466657001380038E-002
   2.4484144945042436E-002
   2.4490493604353382E-002
   2.4518839783551901E-002
   2.4527576041108060E-002
   2.4537013451070580E-002
   2.4545486008372402E-002
   2.4549113491585506E-002
   2.4560643433507407E-002
   2.4576955504473509E-002
   2.4599910654717783E-002
   2.4609884547948432E-002
   2.4614876042627184E-002
   2.4644997031881093E-002
   2.4645982532141696E-002
   2.4650991626625013E-002
   2.4653952136902295E-002
   2.4671742323868588E-002
   2.4679513394823150E-002
   2.4688411304169461E-002
   2.4693425476791760E-002
   2.4710194534688104E-002
   2.4719217161214089E-002
   2.4721034907073725E-002
   2.4732694849749475E-002
   2.4742832852860892E-002
   2.4754060652411061E-002
   2.4765471827291132E-002
   2.4768963668080339E-002
   2.4777951761402406E-002
   2.4790681632585222E-002
   2.4806952964643827E-002
   2.4812862890756585E-002
   2.4823362014751719E-002
   2.4831503946566677E-002
   2.4839166766122512E-002
   2.4859029071449934E-002
   2.4874843506502119E-002
   2.4881109675806156E-002
   2.4895333882746545E-002
   2.4905697853272735E-002
   2.4912808733645587E-002
   2.4929064317041859E-002
   2.4935454330268232E-002
   2.4952362542893652E-002
   2.4957064690125982E-002
   2.4959447653580866E-002
   2.4983447853513648E-002
   2.5000266107930363E-002
   2.5003066602963812E-002
   2.5013812685878080E-002
   2.5030172875095565E-002
   2.5036935758700377E-002
   2.5049039010887873E-002
   2.5054961024354640E-002
   2.5068580684560724E-002
   2.5072555764582848E-002
   2.5096748543417657E-002
   2.5100690529214372E-002
   2.5124275385219785E-002
   2.5138403212647851E-002
   2.5145919397416571E-002
   2.5153350579635556E-002
   2.5156736953893141E-002
   2.5166761103939804E-002
   2.5179091239767078E-002
   2.5202645469996461E-002
   2.5203610415872563E-002
   2.5215200947905494E-002
   2.5221469173820728E-002
   2.5245754424795666E-002
   2.5256402356586220E-002
   2.5270448734480592E-002
   2.5280645963608506E-002
   2.5290283375169260E-002
   2.5295997013309732E-002
   2.5317901735892916E-002
   2.5327655464626876E-002
   2.5338877465429760E-002
   2.5358656708204357E-002
   2.5368490852664124E-002
   2.5372423456399885E-002
   2.5374390514799314E-002
   2.5390944088495675E-002
   2.5403143456318014E-002
   2.5413946697843446E-002
   2.5418519617644134E-002
   2.5447581037847659E-002
   2.5458465624141918E-002
   2.5476759136756941E-002
   2.5480437700423259E-002
   2.5489599484394929E-002
   2.5494351358119897E-002
   2.5505946484837588E-002
   2.5524268911703580E-002
   2.5541468455478177E-002
   2.5549867836917279E-002
   2.5557474578689052E-002
   2.5572166088132058E-002
   2.5579443706042419E-002
   2.5612659114701043E-002
   2.5625485179303766E-002
   2.5635579567533789E-002
   2.5646054067775131E-002
   2.5649888472847840E-002
   2.5656739697534701E-002
   2.5669256695941247E-002
   2.5687364970573244E-002
   2.5710057033301450E-002
   2.5721790511238612E-002
   2.5733764382542164E-002
   2.5749380429844985E-002
   2.5758345603795064E-002
   2.5767503271588686E-002
   2.5770571681345417E-002
   2.5791567094259057E-002
   2.5800647446218766E-002
   2.5815853638820781E-002
   2.5834437972271175E-002
   2.5870483354145719E-002
   2.5880945374975765E-002
   2.5886292196607655E-002
   2.5898859145216196E-002
   2.5912852284218298E-002
   2.5928698712027430E-002
   2.5931508548066397E-002
   2.5949243184620416E-002
   2.5970148991962930E-002
   2.5977863153247592E-002
   2.5989408234810416E-002
   2.6008528902817813E-002
   2.6017143872532299E-002
   2.6033532047539228E-002
   2.6058195950782050E-002
   2.6061154278310648E-002
   2.6079978225880485E-002
   2.6087706197416693E-002
   2.6113585511721028E-002
   2.6116198769950649E-002
   2.6121592931166501E-002
   2.6160349346179109E-002
   2.6173895212789653E-002
   2.6178595324708367E-002
   2.6186498129551202E-002
   2.6199260831730915E-002
   2.6216109918719806E-002
   2.6223623487891441E-002
   2.6237029104160130E-002
   2.6248298654908304E-002
   2.6252517101503437E-002
   2.6272456555181491E-002
   2.6285152692755220E-002
   2.6301119096523811E-002
   2.6308648325282326E-002
   2.6331825670093987E-002
   2.6339188391543054E-002
   2.6359521406637710E-002
   2.6367710945693547E-002
   2.6389611514692806E-002
   2.6397101455937058E-002
   2.6404570490201746E-002
   2.6408501573043097E-002
   2.6425359237731122E-002
   2.6437899843609076E-002
   2.6450585108871300E-002
   2.6457201252843541E-002
   2.6466463699781995E-002
   2.6492720151091997E-002
   2.6518202085108061E-002
   2.6523250055170002E-002
   2.6533133493840590E-002
   2.6543048627480973E-002
   2.6549697134413037E-002
   2.6561702006133569E-002
   2.6573639356491423E-002
   2.6588904688929601E-002
   2.6595015055648489E-002
   2.6610043653400663E-002
   2.6626664269092510E-002
   2.6643137021326313E-002
   2.6648545496451407E-002
   2.6671781094962640E-002
   2.6696515982361016E-002
   2.6697775065629235E-002
   2.6713644425487446E-002
   2.6736979774775106E-002
   2.6759352930041700E-002
   2.6759727608360175E-002
   2.6769876706279880E-002
   2.6788907793473656E-002
   2.6809685881972363E-002
   2.6818167877083951E-002
   2.6840916984056089E-002
   2.6843849655556050E-002
   2.6858623126713835E-002
   2.6860777445372068E-002
   2.6870488511061465E-002
   2.6886817168437160E-002
   2.6897078176396926E-002
   2.6902682750069788E-002
   2.6939239521237883E-002
   2.6960935129196031E-002
   2.6963840254631413E-002
   2.6978733441436389E-002
   2.6994363838516017E-002
   2.7009066340897059E-002
   2.7014204398896804E-002
   2.7019643095109628E-002
   2.7036263759170672E-002
   2.7054418325146403E-002
   2.7065925031137569E-002
   2.7084089303870833E-002
   2.7110457505859557E-002
   2.7136867862085332E-002
   2.7144918785792841E-002
   2.7162179620411959E-002
   2.7184499660872243E-002
   2.7204741535181050E-002
   2.7225883916987409E-002
   2.7233675032536462E-002
   2.7243623939339209E-002
   2.7261216901779149E-002
   2.7280163249002790E-002
   2.7285215368836994E-002
   2.7304552873386196E-002
   2.7315052842279156E-002
   2.7329123133269941E-002
   2.7342973209945203E-002
   2.7347070864555446E-002
   2.7351852903225497E-002
   2.7372779599228909E-002
   2.7387679434626461E-002
   2.7403169097546441E-002
   2.7417962127403248E-002
   2.7425800305711973E-002
   2.7436876879700919E-002
   2.7454806571778255E-002
   2.7464373895699033E-002
   2.7487941108647142E-002
   2.7503215589911419E-002
   2.7513558468369885E-002
   2.7534993026306385E-002
   2.7540439775723475E-002
   2.7563480833961866E-002
   2.7564423673600621E-002
   2.7577848754183090E-002
   2.7585804440928178E-002
   2.7599226396674927E-002
   2.7603320843745390E-002
   2.7631099292620604E-002
   2.7643072699579097E-002
   2.7651224996976111E-002
   2.7660479249049932E-002
   2.7670832884394453E-002
   2.7690190401209319E-002
   2.7717293092682675E-002
   2.7725065441510086E-002
   2.7739439077737873E-002
   2.7743695570421563E-002
   2.7767908704306749E-002
   2.7772654154351987E-002
   2.7787198565132919E-002
   2.7797573960968082E-002
   2.7823682429625018E-002
   2.7826930791313934E-002
   2.7839184636240466E-002
   2.7855837299015928E-002
   2.7875702883195852E-002
   2.7891271743843392E-002
   2.7895806622970858E-002
   2.7917024103714834E-002
   2.7921126503306991E-002
   2.7946149682582293E-002
   2.7951243956084074E-002
   2.7978276812689103E-002
   2.7991654851269376E-002
   2.8002586211730317E-002
   2.8020789282568480E-002
   2.8040756866097284E-002
   2.8051837749739988E-002
   2.8051929110387706E-002
   2.8082634577221655E-002
   2.8088821717272523E-002
   2.8099063582565174E-002
   2.8111550224539178E-002
   2.8121266197596084E-002
   2.8139961740167689E-002
   2.8155104399026760E-002
   2.8161813176246973E-002
   2.8169560269362473E-002
   2.8188405983298227E-002
   2.8193654725713741E-002
   2.8214658877118548E-002
   2.8235895555049729E-002
   2.8252103217916005E-002
   2.8266115308267694E-002
   2.8281087901327655E-002
   2.8292298173112747E-002
   2.8314090251887254E-002
   2.8325768625103408E-002
   2.8348393936921019E-002
   2.8356949333595685E-002
   2.8366668818470255E-002
   2.8376188027871927E-002
   2.8393366057214438E-002
   2.8412704864868733E-002
   2.8444159048082999E-002
   2.8455198211532841E-002
   2.8469416083851437E-002
   2.8483102653594543E-002
   2.8487540633875052E-002
   2.8509886042438544E-002
   2.8522443234494946E-002
   2.8534699648732332E-002
   2.8550892050323160E-002
   2.8574022740119210E-002
   2.8579340362269959E-002
   2.8599456902168013E-002
   2.8610709013165710E-002
   2.8626603692610126E-002
   2.8637758961489845E-002
   2.8657347693409455E-002
   2.8673215949232621E-002
   2.8683284421791855E-002
   2.8697151566472998E-002
   2.8741618966558215E-002
   2.8743323789690790E-002
   2.8751533603070086E-002
   2.8765768430596132E-002
   2.8785152793554956E-002
   2.8799912904505166E-002
   2.8822272878743893E-002
   2.8845609636914477E-002
   2.8871042210994045E-002
   2.8880699864426897E-002
   2.8886413864848408E-002
   2.8895016560259525E-002
   2.8917612639940273E-002
   2.8942198139422535E-002
   2.8958955909802016E-002
   2.8962998523581515E-002
   2.8992083891833692E-002
   2.9005265947225793E-002
   2.9014677036899795E-002
   2.9041987198822217E-002
   2.9048403997672154E-002
   2.9063207618509498E-002
   2.9081764611194102E-002
   2.9087791926985605E-002
   2.9095119861028522E-002
   2.9122880687361387E-002
   2.9140254853741870E-002
   2.9148152468464854E-002
   2.9163074686415096E-002
   2.9170427603190864E-002
   2.9192701495257590E-002
   2.9212582064525129E-002
   2.9217450662388986E-002
   2.9226427803347249E-002
   2.9243707049876621E-002
   2.9262324254290480E-002
   2.9290227196760645E-002
   2.9294831319941702E-002
   2.9332690541866536E-002
   2.9346470787163358E-002
   2.9363222537819846E-002
   2.9398118144257392E-002
   2.9405095180310339E-002
   2.9418517966053190E-002
   2.9430532716777279E-002
   2.9450450271580414E-002
   2.9460364528803788E-002
   2.9479277178246832E-002
   2.9494829954305066E-002
   2.9519714047435426E-002
   2.9543750346088332E-002
   2.9558243048646113E-002
   2.9562009499446675E-002
   2.9570779352843544E-002
   2.9595473984156802E-002
   2.9606495351652117E-002
   2.9620775185700360E-002
   2.9627582006794807E-002
   2.9653856285778175E-002
   2.9673977829757513E-002
   2.9687623163319545E-002
   2.9717550017823838E-002
   2.9723401209372825E-002
   2.9731028738098915E-002
   2.9762834772080263E-002
   2.9770352982093958E-002
   2.9787066512174273E-002
   2.9790057381027277E-002
   2.9832365793527705E-002
   2.9838528274124799E-002
   2.9849047751799831E-002
   2.9862526139615726E-002
   2.9882052007258183E-002
   2.9890725663498305E-002
   2.9925625751019490E-002
   2.9940879687016170E-002
   2.9960547578211389E-002
   2.9976495588072728E-002
   2.9984301698246819E-002
   2.9999351247677438E-002
   3.0009790745579433E-002
   3.0025334220579059E-002
   3.0041128698547657E-002
   3.0055141551942516E-002
   3.0090246702857877E-002
   3.0099388143662403E-002
   3.0133275749357032E-002
   3.0143827723061203E-002
   3.0165413736043752E-002
   3.0167063707689540E-002
   3.0184298270437806E-002
   3.0187677679933217E-002
   3.0217695896670529E-002
   3.0224853205093608E-002
   3.0241874086325247E-002
   3.0265331285671826E-002
   3.0273484804141760E-002
   3.0285746881587160E-002
   3.0294612142855497E-002
   3.0321081361857998E-002
   3.0337175064315842E-002
   3.0354808055265983E-002
   3.0379421344749021E-002
   3.0386688937347969E-002
   3.0398801163118067E-002
   3.0408807893030698E-002
   3.0427212236053297E-002
   3.0429941351970281E-002
   3.0450325617375346E-002
   3.0458466320215885E-002
   3.0466678412136374E-002
   3.0494683508658353E-002
   3.0518491779025870E-002
   3.0548748901101964E-002
   3.0560164374856764E-002
   3.0586675625361104E-002
   3.0596205914835698E-002
   3.0637680871863963E-002
   3.0639436388085878E-002
   3.0663573701136274E-002
   3.0677371766704563E-002
   3.0681008348476112E-002
   3.0698196029846862E-002
   3.0716149231998249E-002
   3.0740103321892535E-002
   3.0759525721126980E-002
   3.0775464064751762E-002
   3.0780569749409403E-002
   3.0809469905944159E-002
   3.0846310247997361E-002
   3.0857440321230636E-002
   3.0880599549890714E-002
   3.0886685584905295E-002
   3.0914692847142131E-002
   3.0930729515956504E-002
   3.0960486549588852E-002
   3.0977736241066801E-002
   3.0990546313802256E-002
   3.1024898760401244E-002
   3.1038421043673197E-002
   3.1068240993845978E-002
   3.1074212399608558E-002
   3.1085671952755023E-002
   3.1137136573557624E-002
   3.1159039667115227E-002
   3.1173138715401876E-002
   3.1176677752921021E-002
   3.1209918041590110E-002
   3.1224327632884043E-002
   3.1234131321280729E-002
   3.1245415671609818E-002
   3.1259126655973878E-002
   3.1311104227875274E-002
   3.1313699592359523E-002
   3.1339845178854138E-002
   3.1360699216357313E-002
   3.1384056851626825E-002
   3.1408175253535085E-002
   3.1426198349796229E-002
   3.1443494677497186E-002
   3.1466411565303685E-002
   3.1476622014919256E-002
   3.1501937753883859E-002
   3.1513258891767634E-002
   3.1542856162665202E-002
   3.1548760470992060E-002
   3.1563880639309538E-002
   3.1571133441214441E-002
   3.1624228422172607E-002
   3.1649002998670066E-002
   3.1661247740317623E-002
   3.1669476120497940E-002
   3.1699481794772208E-002
   3.1721671102420898E-002
   3.1757598081341973E-002
   3.1768907662447193E-002
   3.1788776966541477E-002
   3.1811897824618421E-002
   3.1837830854808145E-002
   3.1861568248061897E-002
   3.1889463739559830E-002
   3.1912594321959142E-002
   3.1932896096437562E-002
   3.1957469398410460E-002
   3.1972309645673089E-002
   3.1980747998014002E-002
   3.1996340967440286E-002
   3.2032111404361983E-002
   3.2046787335496027E-002
   3.2052701322856356E-002
   3.2087582701551279E-002
   3.2106435033450391E-002
   3.2127870027077655E-002
   3.2162093891253539E-002
   3.2165923512313219E-002
   3.2205818860050341E-002
   3.2216972079898418E-002
   3.2241468127886912E-002
   3.2262277075813042E-002
   3.2271782287113637E-002
   3.2302716963147036E-002
   3.2313275882881368E-002
   3.2333553270445785E-002
   3.2350868371686013E-002
   3.2370477999365162E-002
   3.2398970975953179E-002
   3.2417211660291899E-002
   3.2444221554083025E-002
   3.2481901169107708E-002
   3.2502034295026495E-002
   3.2515614592895169E-002
   3.2547548915031622E-002
   3.2566034542994934E-002
   3.2575796102268614E-002
   3.2588458644479179E-002
   3.2604059700187815E-002
   3.2609423277136396E-002
   3.2642850730746867E-002
   3.2663401144654672E-002
   3.2700776718180287E-002
   3.2705937352934131E-002
   3.2711144024702300E-002
   3.2776740542601358E-002
   3.2792920418756463E-002
   3.2802668305281758E-002
   3.2831830916709048E-002
   3.2857948130718947E-002
   3.2866514046979024E-002
   3.2912723665143633E-002
   3.2919857786185315E-002
   3.2964095573931894E-002
   3.2985775253989352E-002
   3.3000585372141407E-002
   3.3005442968007302E-002
   3.3040462780169262E-002
   3.3072472604909003E-002
   3.3085234597755663E-002
   3.3098705379403424E-002
   3.3110348528968360E-002
   3.3133332850385881E-002
   3.3155132324232610E-002
   3.3199873685673412E-002
   3.3205348989144755E-002
   3.3246868717808319E-002
   3.3253336708151858E-002
   3.3290772794838289E-002
   3.3317740861080018E-002
   3.3347970563359766E-002
   3.3358232205485165E-002
   3.3375292651583496E-002
   3.3403720520083585E-002
   3.3419401155446268E-002
   3.3423369984087792E-002
   3.3449580973530395E-002
   3.3482432197064108E-002
   3.3486025900345259E-002
   3.3498889218705058E-002
   3.3536356178749782E-002
   3.3576736274316649E-002
   3.3608279172627036E-002
   3.3613844680174594E-002
   3.3631145066325668E-002
   3.3650875033583376E-002
   3.3675853549017642E-002
   3.3709368688941019E-002
   3.3726253396290935E-002
   3.3746066865028228E-002
   3.3772849627677091E-002
   3.3786841878604125E-002
   3.3794234159691655E-002
   3.3835818768226028E-002
   3.3852949656694831E-002
   3.3891632054191739E-002
   3.3898606642719389E-002
   3.3937142770672744E-002
   3.3947083584270461E-002
   3.3963612979881805E-002
   3.3992622642012763E-002
   3.4031112162260638E-002
   3.4038753414827191E-002
   3.4079418016424626E-002
   3.4084872602008688E-002
   3.4102519022831380E-002
   3.4148460119650656E-002
   3.4161676103173097E-002
   3.4174744281854311E-002
   3.4190324649065039E-002
   3.4205123938453687E-002
   3.4240192366303664E-002
   3.4258100371122514E-002
   3.4273289285951032E-002
   3.4300000855637849E-002
   3.4311191470860813E-002
   3.4355467085674232E-002
   3.4363925778912598E-002
   3.4381085160319874E-002
   3.4392021842947137E-002
   3.4412559836027361E-002
   3.4449663257913821E-002
   3.4454789790777575E-002
   3.4483512657974023E-002
   3.4495049436671713E-002
   3.4522380349515012E-002
   3.4528882571722701E-002
   3.4559905250613594E-002
   3.4579524067445001E-002
   3.4584732117181265E-002
   3.4622217346048346E-002
   3.4641581633915342E-002
   3.4669429520883824E-002
   3.4676411319596284E-002
   3.4694956259655525E-002
   3.4762164066277884E-002
   3.4794866269071301E-002
   3.4804224607850209E-002
   3.4809093601939803E-002
   3.4831711188142468E-002
   3.4849003477420350E-002
   3.4877479868841661E-002
   3.4917339937090106E-002
   3.4946948459180643E-002
   3.4954584392701472E-002
   3.4976069578000958E-002
   3.5026284378111297E-002
   3.5055844130279401E-002
   3.5066946685257110E-002
   3.5128349226204010E-002
   3.5145226320717197E-002
   3.5161411700890960E-002
   3.5179124497744567E-002
   3.5223405919972875E-002
   3.5244895452774878E-002
   3.5256730451194498E-002
   3.5281957526911878E-002
   3.5336703144189165E-002
   3.5345400455964765E-002
   3.5364572987601324E-002
   3.5383588229723435E-002
   3.5413469750223137E-002
   3.5443570312213471E-002
   3.5456179067748735E-002
   3.5466789410356789E-002
   3.5483405228682631E-002
   3.5519839557855037E-002
   3.5562047923324624E-002
   3.5577567281304318E-002
   3.5618472191187051E-002
   3.5624430711170489E-002
   3.5659528998572547E-002
   3.5692961278008146E-002
   3.5730227696680848E-002
   3.5769621082009199E-002
   3.5784530473429194E-002
   3.5810445683980487E-002
   3.5825521851121866E-002
   3.5853317679760785E-002
   3.5883315029266158E-002
   3.5900133052076413E-002
   3.5919760021817196E-002
   3.5959201104785475E-002
   3.5973850282807480E-002
   3.5990078473849628E-002
   3.6039187990698357E-002
   3.6067314500200627E-002
   3.6075311414144370E-002
   3.6103908416686696E-002
   3.6109948178836358E-002
   3.6162479087862569E-002
   3.6184328236698572E-002
   3.6224306955684918E-002
   3.6235898488591690E-002
   3.6266418432382846E-002
   3.6317935781215206E-002
   3.6332786351037316E-002
   3.6340056654163122E-002
   3.6401468624381532E-002
   3.6425756474223199E-002
   3.6447240554508695E-002
   3.6464889005343594E-002
   3.6524460158861127E-002
   3.6530080926762319E-002
   3.6574626845671740E-002
   3.6601246747634854E-002
   3.6620948550238799E-002
   3.6670374901927087E-002
   3.6688935032810024E-002
   3.6735473644954962E-002
   3.6747192276550801E-002
   3.6755216648402624E-002
   3.6779040324874314E-002
   3.6839445342333896E-002
   3.6846222331325916E-002
   3.6891892463144504E-002
   3.6896073276074512E-002
   3.6924402046378847E-002
   3.6946848227299878E-002
   3.6963482630247652E-002
   3.6995709901123212E-002
   3.7004267882158978E-002
   3.7029023945236564E-002
   3.7094026503583982E-002
   3.7105454634080270E-002
   3.7120959883927926E-002
   3.7176779420844339E-002
   3.7212334691511931E-002
   3.7227499712286956E-002
   3.7261267554885215E-002
   3.7281325071447588E-002
   3.7315146090763793E-002
   3.7337122419016121E-002
   3.7347589005978094E-002
   3.7392314111255855E-002
   3.7401515788025981E-002
   3.7418017807583706E-002
   3.7461377281675465E-002
   3.7486389721044136E-002
   3.7506551188147490E-002
   3.7519357389384396E-002
   3.7559771427628015E-002
   3.7615631125223654E-002
   3.7619526143503043E-002
   3.7684737831733379E-002
   3.7712621580996024E-002
   3.7744702978214917E-002
   3.7784491483785189E-002
   3.7813869219912019E-002
   3.7818650744376590E-002
   3.7837065647675201E-002
   3.7859106925579221E-002
   3.7919796012944318E-002
   3.7954668978352153E-002
   3.8012491200075535E-002
   3.8058010377563609E-002
   3.8067404635030382E-002
   3.8082780345828293E-002
   3.8135323070839423E-002
   3.8162712485374242E-002
   3.8204475030314093E-002
   3.8211746292198895E-002
   3.8235360049163704E-002
   3.8254506123958781E-002
   3.8302340501704529E-002
   3.8327363931998336E-002
   3.8345826373354389E-002
   3.8355938412349612E-002
   3.8364273482586385E-002
   3.8435295173862523E-002
   3.8461005301255437E-002
   3.8488897662814249E-002
   3.8515409157230653E-002
   3.8541571524100642E-002
   3.8554126355904959E-002
   3.8576403272387816E-002
   3.8608999614374667E-002
   3.8629085660304860E-002
   3.8666444917965434E-002
   3.8708888298113531E-002
   3.8720501388482056E-002
   3.8738826849863350E-002
   3.8755738102828056E-002
   3.8758178635290026E-002
   3.8803912371140586E-002
   3.8835613644091924E-002
   3.8871190975860066E-002
   3.8883701009553892E-002
   3.8912010544737773E-002
   3.8928518081020408E-002
   3.8976634445385266E-002
   3.8995688893173848E-002
   3.9009234945621314E-002
   3.9065912720972949E-002
   3.9099050375854386E-002
   3.9135539359471144E-002
   3.9186351315161572E-002
   3.9217700943823756E-002
   3.9267889033299912E-002
   3.9302645311797405E-002
   3.9319752538087824E-002
   3.9425335371918502E-002
   3.9434667664498477E-002
   3.9457864529430682E-002
   3.9471658063418055E-002
   3.9519652983330975E-002
   3.9548679747750365E-002
   3.9579540230525706E-002
   3.9615929416260721E-002
   3.9669016349713530E-002
   3.9696351381335405E-002
   3.9729415487331998E-002
   3.9740765586192613E-002
   3.9803341971509455E-002
   3.9809403141042483E-002
   3.9842359340884745E-002
   3.9872515070570991E-002
   3.9941056655795212E-002
   3.9965557978980146E-002
   3.9981595974334407E-002
   4.0006241303057681E-002
   4.0061909916926638E-002
   4.0086951458522070E-002
   4.0108796970167893E-002
   4.0165408709601315E-002
   4.0189927580436699E-002
   4.0260627489335211E-002
   4.0285674367828053E-002
   4.0316794136425346E-002
   4.0347206132351564E-002
   4.0367379743660899E-002
   4.0411037358549423E-002
   4.0428838028913117E-002
   4.0460301807137347E-002
   4.0498530105549282E-002
   4.0540253961071575E-002
   4.0585517962201341E-002
   4.0610685359455181E-002
   4.0680949310985808E-002
   4.0710904516885367E-002
   4.0807816181541869E-002
   4.0815166138316643E-002
   4.0848439955552013E-002
   4.0880893475605709E-002
   4.0931237236810025E-002
   4.0965707837765548E-002
   4.0972449940967659E-002
   4.1007151801818569E-002
   4.1100015316808208E-002
   4.1167420462778867E-002
   4.1195691653309989E-002
   4.1272809093353360E-002
   4.1325430505608531E-002
   4.1356048620908754E-002
   4.1416886828876981E-002
   4.1455787408444772E-002
   4.1492737093376121E-002
   4.1543417873917854E-002
   4.1552575344138538E-002
   4.1634305716389354E-002
   4.1662169039219640E-002
   4.1689280123250155E-002
   4.1745157066057074E-002
   4.1785239782154371E-002
   4.1836943729609305E-002
   4.1876137908476496E-002
   4.1947900648958529E-002
   4.1961204013686401E-002
   4.1983548123525484E-002
   4.2031044746591861E-002
   4.2048001798595656E-002
   4.2091058177682217E-002
   4.2134190705637016E-002
   4.2156785248683618E-002
   4.2217308787013269E-002
   4.2258389848631388E-002
   4.2332680376420850E-002
   4.2356565793668012E-002
   4.2406363646042944E-002
   4.2420787452132867E-002
   4.2482993724232650E-002
   4.2559999887484636E-002
   4.2565974866176907E-002
   4.2589304250885959E-002
   4.2680046757098307E-002
   4.2727079447474399E-002
   4.2773219664451495E-002
   4.2818540973617744E-002
   4.2857474402252960E-002
   4.2922540365103810E-002
   4.2961551975761431E-002
   4.2990439709707888E-002
   4.3047469760998498E-002
   4.3191514056618786E-002
   4.3220462871782384E-002
   4.3248996676454508E-002
   4.3318084967128676E-002
   4.3360142707810585E-002
   4.3426823580899103E-002
   4.3434910499969143E-002
   4.3448842502538436E-002
   4.3539992389374581E-002
   4.3607344647493738E-002
   4.3637899028100446E-002
   4.3692302654203992E-002
   4.3723668347336958E-002
   4.3803457239076575E-002
   4.3881715815593199E-002
   4.3928054433461143E-002
   4.3953887333348846E-002
   4.4022482202886438E-002
   4.4105447910238356E-002
   4.4142793265452597E-002
   4.4206266488754080E-002
   4.4271259862586870E-002
   4.4368772251405036E-002
   4.4431105369994596E-002
   4.4528339539062670E-002
   4.4575045445671542E-002
   4.4604718877064083E-002
   4.4694777550107333E-002
   4.4719411082915286E-002
   4.4763199891038163E-002
   4.4783454656026414E-002
   4.4810018297095251E-002
   4.4927693972905455E-002
   4.5021830194980517E-002
   4.5097736110039803E-002
   4.5120811764959148E-002
   4.5202423277959078E-002
   4.5234032631606996E-002
   4.5334114403803208E-002
   4.5357635615184771E-002
   4.5472311535503580E-002
   4.5521071058079940E-002
   4.5536956237350247E-002
   4.5557353992553083E-002
   4.5644956538964360E-002
   4.5739893898896267E-002
   4.5804927791372463E-002
   4.5957629789633532E-002
   4.5973436004053944E-002
   4.6033995346746411E-002
   4.6053030371609675E-002
   4.6142022776131122E-002
   4.6176213779695136E-002
   4.6279257994090127E-002
   4.6301427187930143E-002
   4.6394557095369909E-002
   4.6432530305364511E-002
   4.6515179053955774E-002
   4.6758232370308406E-002
   4.6869661426638065E-002
   4.6949297559336724E-002
   4.6964697104685323E-002
   4.7219530980534774E-002
   4.7303071087912624E-002
   4.7332395305170347E-002
   4.7405812296989362E-002
   4.7459989318403124E-002
   4.7531329733163638E-002
   4.7646369228408147E-002
   4.7893570941364622E-002
   4.7981165805443926E-002
   4.8053914926426626E-002
   4.8145961182629350E-002
   4.8207278820697100E-002
   4.8269155182865946E-002
   4.8390225026240984E-002
   4.8465454577617716E-002
   4.8657887349709189E-002
   4.8717097730227941E-002
   4.8806275842558561E-002
   4.8854874243469751E-002
   4.8930249296964594E-002
   4.9012421951079584E-002
   4.9164627379653443E-002
   4.9188109175965333E-002
   4.9267145541280227E-002
   4.9326262351109429E-002
   4.9501940164285427E-002
   4.9710573274229862E-002
   4.9757155972006022E-002
   5.0132519888266058E-002
   5.0147971424650224E-002
   5.0214582683123281E-002
   5.0410630792132594E-002
   5.0576897090388685E-002
   5.0700972956425727E-002
   5.0796942582918989E-002
   5.1026345030064722E-002
   5.1055467619620237E-002
   5.1187979431831426E-002
   5.1243728148219585E-002
   5.1427488493703197E-002
   5.1531930335144978E-002
   5.1803585780747861E-002
   5.1873017272970091E-002
   5.1970575702777584E-002
   5.2160637959008910E-002
   5.2341609184247281E-002
   5.2566821140851719E-002
   5.2712910161193151E-002
   5.3046338044107064E-002
   5.3330859386923571E-002
   5.3469745027848826E-002
   5.3625714630149882E-002
   5.3979063007120978E-002
   5.4478244982042706E-002
   5.4597491644073855E-002
   5.4786670277296549E-002
   5.4983985600304333E-002
   5.5277955810785998E-002
   5.5490552277754610E-002
   5.5641253803363842E-002
   5.6028798368705689E-002
   5.6582936225723808E-002
   5.6897941571408032E-002
   5.7205691381147651E-002
   5.8033618643492248E-002
   5.8573960913279759E-002
   6.0477393961991248E-002
   6.0806332421411223E-002
   6.1183210972474464E-002
   6.3712354024521536E-002
   6.4252821997244983E-002
   6.4638075299546807E-002
   6.6168399944160822E-002
   6.6418261255795502E-002
   6.7591645092456867E-002
   6.7981761097504256E-002
   6.8052118575640905E-002
   6.9921930002033117E-002
   7.0393060628881496E-002
   7.1556754927675228E-002
   7.3811093083815171E-002
   7.5155410549058527E-002
   7.8148606485751712E-002
   7.9932865860764285E-002
   8.5126772538050788E-002
   8.6852461168191952E-002
   8.7646452783082654E-002
   8.7863552323339825E-002
   8.8052362466753770E-002
   9.2542359652183506E-002
   9.2601565130681462E-002
   9.3138196990826358E-002
   9.4150332949974699E-002
   9.5602263987439554E-002
   9.5880535158958613E-002
   9.6793472999062588E-002
   9.7632925436950457E-002
   9.8733322239174914E-002
   9.9070219383540839E-002
   9.9491605842861749E-002
  0.10034380094231049     
  0.10071113683599225     
  0.10291408329783003     
  0.10363740304164074     
  0.10369111852434297     
  0.10381864029395256     
  0.10453621693039980     
  0.10462341359906599     
  0.10465281404636571     
  0.10733080756590906     
  0.10898125130769160     
  0.10945203101742551     
  0.10960795121738215     
  0.10970447393804368     
  0.11024011110825595     
  0.11024095246651994     
  0.11107714345740158     
  0.11113114370902816     
  0.11314319287264854     
  0.11347357622925291     
  0.11372613275294705     
  0.11447494127898662     
  0.11519978440397159     
  0.11526939738953092     
  0.11588930114742434     
  0.11682832301714378     
  0.11717161425371149     
  0.11887250182167597     
  0.11918957742447271     
  0.12033948773100192     
  0.12104796142444324     
  0.12209133696211194     
  0.12283607385469328     
  0.12292322539819313     
  0.12590325934689126     
  0.12593525584898854     
  0.12675973087372136     
  0.12704244895119970     
  0.12721949821563103     
  0.12805260959099413     
  0.13054192024304376     
  0.13152744705466241     
  0.13185146195031403     
  0.13304854699204746     
  0.13309532395144938     
  0.13360258158899241     
  0.13374616268799189     
  0.13426602939406090     
  0.13439785420231767     
  0.13454272248348870     
  0.13460060060874077     
  0.13684373108188783     
  0.13704530406684140     
  0.13707342742753839     
  0.13721962371267651     
  0.13805287287552850     
  0.13818278462443151     
  0.13927421439184853     
  0.13937639761900014     
  0.13965116513174605     
  0.13976606114368342     
  0.14128483503217418     
  0.14217285770005600     
  0.14248766563601886     
  0.14270007498054460     
  0.14285908797379815     
  0.14350536656822233     
  0.14378687223486647     
  0.14454492709123648     
  0.14569914887084051     
  0.14613744511499283     
  0.14659537796504271     
  0.14683105613835154     
  0.14731444434804833     
  0.14821733778259658     
  0.14846119671186295     
  0.14900238048723013     
  0.14910085767799133     
  0.14995758398772627     
  0.15024007450227123     
  0.15083420090215077     
  0.15117509383431627     
  0.15140793189287491     
  0.15154556862885449     
  0.15163906049949896     
  0.15166267172222284     
  0.15185379788667139     
  0.15517378187752914     
  0.15552739059003678     
  0.15732999784409260     
  0.15803183317739158     
  0.15808694769220855     
  0.15848807777398546     
  0.15923794799522026     
  0.15989874205695853     
  0.16022052593801142     
  0.16079355287161567     
  0.16138620966598977     
  0.16206884344111150     
  0.16226024459319210     
  0.16289239303448891     
  0.16348019882224524     
  0.16416236241815904     
  0.16689952616039333     
  0.16778021771339130     
  0.16850925109903697     
  0.16861022086528121     
  0.16921655915663814     
  0.16995184961208382     
  0.17012291801326390     
  0.17108437221413492     
  0.17178981176270183     
  0.17243145308799482     
  0.17259711310591830     
  0.17281397882833255     
  0.17382074092974248     
  0.17471138043691328     
  0.17636973510811560     
  0.17644430432969604     
  0.17728649436945157     
  0.18010643377081118     
  0.18102833247270667     
  0.18179004493160492     
  0.18352362110929737     
  0.18502773634924710     
  0.18563427113756698     
  0.18791479694176236     
  0.18860471796857212     
  0.18888236960139412     
  0.19091190264222199     
  0.19141988320099051     
  0.19245431123076720     
  0.19594178418652664     
  0.19727825633609847     
  0.19782928685145490     
  0.19928509492484439     
  0.19962927822843168     
  0.19964523315109620     
  0.20096203178426877     
  0.20111769525200993     
  0.20243033619654208     
  0.20264757966033933     
  0.20321001047025336     
  0.20408047157577988     
  0.20644919899470160     
  0.20671453855665853     
  0.20712586659630661     
  0.20722872433611755     
  0.20851434199346947     
  0.20861749772831845     
  0.20970702756225140     
  0.21029073510496585     
  0.21253015875873846     
  0.21308901538224528     
  0.21384880104930606     
  0.21562845831782868     
  0.21587655430697963     
  0.21796184448585176     
  0.21883398709285043     
  0.21929839108791946     
  0.22066735796505479     
  0.22115376838519535     
  0.22221176422567285     
  0.22328286639678779     
  0.22352603282518449     
  0.22502646177046953     
  0.22796556305164387     
  0.22933909216063128     
  0.22955243506183273     
  0.23022511350546257     
  0.23145189760579957     
  0.23170795562962135     
  0.23368780345720552     
  0.23382241514476054     
  0.23422121530035586     
  0.23531344269020738     
  0.23546906528371492     
  0.23634537533834454     
  0.23666949588599528     
  0.23912423650902823     
  0.23961410224033911     
  0.24081141372559303     
  0.24133248550514247     
  0.24326020154607528     
  0.24470012072626421     
  0.24666730776119516     
  0.24742664400957207     
  0.24846978245951704     
  0.24914070102169547     
  0.25079930061791961     
  0.25219806892572133     
  0.25286007744638306     
  0.25409094825490292     
  0.25576786134247420     
  0.25868633275289860     
  0.26791684000743360     
  0.26835940533857189     
  0.27065520514772456     
  0.29451854838948788     
  0.30298533842060482     
  0.30549344261922901     
  0.30602392614745549     
   531.00745419287671     
   620.87979126343532     
   631.04817766729309     
   635.46520538757886     
   635.67728466375297     
   639.07422692563432     
   645.24715154525802     
   645.62835888000268     
   647.54506736821929     
   647.77036807846844     
   656.26109266923379     
   659.02695511197726     
   664.83631277023949     
   665.92026447481351     
   668.30846533401677     
   668.31170018710202     
   671.71972690909138     
   671.84333999469413     
   672.53547254205364     
   672.88910164372351     
   672.99407275348415     
   673.73784349171319     
   675.72626745807236     
   679.92408087104388     
   681.60804411894992     
   683.23772485018856     
   683.39474235139437     
   684.50599050644507     
   686.20978452615407     
   688.19181281801389     
   691.41388674756502     
   692.19041455814067     
   692.48044710330998     
   693.55079943879332     
   697.57777105591310     
   697.83110792006471     
   698.69404370128382     
   698.70925041689395     
   699.89203938131834     
   700.81805814327697     
   707.51770437401910     
   707.69298525504496     
   707.95981540422838     
   710.87234904385889     
   712.59443301061231     
   714.53703419704493     
   714.74944493407259     
   715.17684568201832     
   715.73400011105275     
   715.88317862247447     
   716.99976972313061     
   721.00904832210665     
   722.51525934869028     
   722.60082415076329     
   722.85403146135013     
   723.72970569696349     
   724.42873156462633     
   727.26901639615278     
   729.46523313132957     
   730.22867627190919     
   731.85421247807199     
   733.56671245322627     
   735.96976266496870     
   738.05146354956810     
   738.40161780025858     
   739.19605599459999     
   742.73973984745953     
   747.27068696954996     
   749.56550891407733     
   749.67933896565489     
   750.60974437727054     
   751.77117986682026     
   752.42770511647598     
   753.05741210350516     
   753.83252247392579     
   755.45840446840316     
   756.33545438831845     
   756.71830745422346     
   758.61033857495806     
   758.72830103596436     
   761.68948633555601     
   763.50014062709988     
   763.81875790409060     
   764.01360661525689     
   766.35306971335490     
   766.66982786381254     
   769.28735221516422     
   769.76529057198775     
   772.86057592874863     
   773.11716626375733     
   774.20664233794741     
   775.24438677846808     
   776.58939255968073     
   778.26573791300052     
   781.58049240783305     
   782.96405354551473     
   785.18253033253939     
   787.10357338346614     
   788.37998398150796     
   790.19839650430572     
   791.11733418003280     
   792.34010932127012     
   792.83298748883828     
   796.75921409848399     
   797.24013135033294     
   799.05613523067109     
   799.56374230870881     
   802.69560577075822     
   804.29581532312636     
   805.79898726781778     
   806.12795870090815     
   806.83615417471117     
   812.72693560552727     
   812.93607327373684     
   813.76792828251928     
   815.25187344406595     
   819.36953652881118     
   819.80379013068443     
   820.84079308911953     
   821.40572897315656     
   821.93403951250241     
   822.15287734816582     
   826.03379148476586     
   831.86891622778137     
   834.04786209907263     
   835.15948184332285     
   837.15330884292450     
   838.96360132336315     
   841.26058750217828     
   841.31532691487155     
   843.67940258212229     
   845.07618929368709     
   848.73434165390915     
   849.39565768416890     
   850.86987669203427     
   853.32509087193887     
   854.92897397874356     
   855.07924758886099     
   855.15888282049264     
   860.34738998814066     
   862.12681835654587     
   865.08950617253913     
   865.36936780498945     
   866.48185872919578     
   872.72950296639397     
   873.03916311600972     
   874.45808212231418     
   875.72135769212309     
   881.04120148134962     
   882.73693738045847     
   884.17297522979561     
   888.16011195350393     
   888.77959826939650     
   890.68229232940280     
   891.31083640971838     
   892.65180163652769     
   892.96446905594155     
   894.94441231239034     
   897.20212484568890     
   899.89859409242797     
   901.47355184008484     
   909.28799136993996     
   909.43146578756455     
   913.05579497301414     
   914.64155639474814     
   914.97742263752434     
   916.14251702462673     
   917.06142124078974     
   917.35879456139696     
   920.65490274432841     
   922.13865846513409     
   924.81266400876564     
   924.95737755155619     
   925.62844385680921     
   925.98861647542026     
   927.25733637085398     
   929.84267363397134     
   932.38586301754151     
   932.78499823250297     
   933.08449232584542     
   934.16599630126075     
   934.53373591258901     
   938.63200481061733     
   939.75397016314776     
   941.56193221163744     
   941.81645889769879     
   943.19756535828969     
   944.11528206690468     
   946.41961652997156     
   949.12726894925788     
   949.33470962952765     
   949.39289649154568     
   951.60195796839230     
   951.72872901703624     
   951.93624613972202     
   953.59692306540978     
   956.80451203458165     
   956.90998413964928     
   957.11971839109776     
   959.83821869769451     
   960.16349940072610     
   960.91016970103965     
   962.39147786914577     
   964.45188692198178     
   965.15424175037845     
   966.15880687715435     
   966.63699323993740     
   967.29103879402783     
   967.88550261002069     
   973.06061739973973     
   978.35983273932948     
   988.48902277825994     
   1025.2151443687633     
   1182.5238994900387     
   1197.8140116040490     
   1203.6789407592510     
   1204.9815998214394     
   1209.2757286108788     
   1215.2204240273954     
   1217.2130035694879     
   1222.2764800052842     
   1225.5969892609710     
   1226.8045184089171     
   1229.6890574169997     
   1230.2362441351333     
   1238.2725146043138     
   1240.8581182988469     
   1243.7259805591907     
   1248.6226009292809     
   1248.7593156332580     
   1251.0043381741896     
   1252.4921682858649     
   1253.6726271363154     
   1254.1679479111353     
   1254.2972171532774     
   1258.8540197017483     
   1260.7161849614652     
   1262.0343377724732     
   1265.2034691513754     
   1269.4276688603309     
   1273.2832086974236     
   1276.1726888429184     
   1277.4466985124702     
   1278.0995460536969     
   1278.6849820036859     
   1281.0203642347378     
   1291.3180502992668     
   1292.9066317570027     
   1293.3094977515113     
   1293.4433221735183     
   1294.7020524142756     
   1296.7864713138949     
   1298.2826588933533     
   1298.2836924931892     
   1300.9237221095862     
   1311.0011605043360     
   1316.5064766124081     
   1319.3647723015554     
   1325.3520387028780     
   1326.6825356277841     
   1328.4297805321964     
   1334.4081670042610     
   1334.5464620571927     
   1335.3243936923539     
   1335.6002830563452     
   1338.1002408900197     
   1338.4844196503618     
   1340.4681055542383     
   1342.2108782489483     
   1347.9605347491865     
   1353.2374113842857     
   1354.4672439139883     
   1357.7734843224205     
   1361.2069468196050     
   1361.5864312732990     
   1363.9035132432657     
   1364.0172780229045     
   1365.3427668416241     
   1367.4847050660157     
   1372.5075978684013     
   1375.2205635389384     
   1377.5309002212903     
   1380.1189702985405     
   1384.7932075215274     
   1384.9009482317474     
   1386.7466152256768     
   1387.2593892671073     
   1389.5924164942983     
   1394.5620406194034     
   1398.4019151641855     
   1402.6566868059674     
   1403.5762072074690     
   1403.6320137971047     
   1405.0573277740000     
   1408.0975411811439     
   1408.3341276827612     
   1412.6146519502356     
   1413.1502321770552     
   1419.1878115345930     
   1424.1811990528493     
   1425.3714283713398     
   1427.9876856061812     
   1428.1304749642240     
   1428.1843689584218     
   1429.6321943138084     
   1430.8375885913563     
   1431.4529319731384     
   1435.6905928607302     
   1438.8099694777959     
   1442.8493154207961     
   1446.3195165855198     
   1447.4515546843813     
   1452.4604320149660     
   1453.8881689273928     
   1455.5549030645550     
   1456.1208941800921     
   1461.1232443717306     
   1461.3846296806294     
   1462.2636265536958     
   1462.7044022331856     
   1464.7877880192611     
   1464.8521206519808     
   1467.3521069004209     
   1471.4045000142801     
   1479.5641448212125     
   1487.1147477802381     
   1489.0473064293451     
   1490.5723315473224     
   1495.0067211285416     
   1496.7696371809695     
   1500.1994303585425     
   1501.9690667214932     
   1503.8966112999135     
   1505.7141451517875     
   1507.5588485898147     
   1508.2653780791022     
   1512.2284620938221     
   1512.9636239588747     
   1521.7172240248954     
   1523.7019810759059     
   1524.0952186909510     
   1524.4015215322290     
   1525.3028827365054     
   1526.0461221593052     
   1528.6693059913653     
   1529.6571219414138     
   1542.5954787256421     
   1546.2403795917337     
   1551.5515974290608     
   1556.3962660705536     
   1558.7463287320284     
   1559.3801049470605     
   1561.0291404956217     
   1562.4286102778385     
   1565.0872163192921     
   1565.6933991761609     
   1567.4294695889887     
   1569.6120801650625     
   1574.0532036008165     
   1575.6620009677595     
   1579.1651034272488     
   1581.0333980894836     
   1582.5902395308526     
   1584.3908813752153     
   1584.9548986965683     
   1585.3031656486683     
   1589.6023657099470     
   1592.1691739201610     
   1605.2987769730591     
   1605.6109206901547     
   1607.1656045202235     
   1614.7194812240914     
   1617.8660449206525     
   1620.1503910117474     
   1620.4975573611675     
   1621.0288730040716     
   1626.3153074143179     
   1627.5975436697620     
   1629.1990325989309     
   1629.9728406982015     
   1632.9375620708304     
   1633.7209954261796     
   1642.6996017206941     
   1645.5754415844572     
   1646.5845525965028     
   1652.7602731017203     
   1664.0769036640659     
   1664.8399696674960     
   1667.2677423027546     
   1667.4954050629024     
   1668.4171799163512     
   1669.4488529903897     
   1674.2070064778256     
   1677.2502252000656     
   1680.5541378527976     
   1689.0468456108881     
   1689.9895652836321     
   1691.3962931224407     
   1695.2177451900739     
   1696.5512298935475     
   1706.3076407070826     
   1706.3742713491199     
   1708.0995231795246     
   1713.5459422080303     
   1715.3425289226388     
   1716.0091232340944     
   1726.0148301858178     
   1735.2648576884983     
   1738.5723088552536     
   1743.3718377507089     
   1748.5363747663641     
   1751.4317317120219     
   1752.2189891063822     
   1752.6763644223165     
   1754.7398291392606     
   1754.8657314388538     
   1755.5535122145739     
   1763.4451781495084     
   1764.9099078075658     
   1775.7570555479156     
   1782.4694258126808     
   1782.9416841761981     
   1784.3865408463223     
   1791.4486351166902     
   1792.8166607612150     
   1795.0179198727021     
   1798.3433077340019     
   1799.4676710331635     
   1800.1434892125308     
   1802.0380380285360     
   1803.9828103279845     
   1804.3008994995155     
   1812.2574349923416     
   1812.8303211070299     
   1814.5869310186652     
   1815.0460928682012     
   1815.3035896027154     
   1818.0055807098202     
   1819.0321801624405     
   1823.2357242006865     
   1824.3196646325061     
   1826.1572146016754     
   1827.5195759262399     
   1829.5949503958532     
   1832.6526727085695     
   1833.1753493561878     
   1836.0397946478824     
   1838.7875089832819     
   1844.2970126363384     
   1849.0971261084408     
   1849.3902984866254     
   1855.3753030098283     
   1857.7014962782462     
   1858.7704939554587     
   1861.6594160890302     
   1861.9027553152293     
   1868.0435364035113     
   1869.4980148212539     
   1875.7716075062733     
   1878.6129472292237     
   1879.1602026678954     
   1880.1130310350904     
   1881.0431142966540     
   1886.9323864088578     
   1889.0110653627055     
   1891.2431213797972     
   1891.6515444728898     
   1893.8807219119112     
   1894.4723491589671     
   1895.9023673664112     
   1900.4895450232580     
   1901.9323631889799     
   1903.8748826794197     
   1904.3459024820238     
   1904.4142010506307     
   1904.5327245315698     
   1906.2501320672068     
   1907.8382308216828     
   1908.8912870275358     
   1911.3099948117283     
   1911.3539267761739     
   1911.9291823952813     
   1912.1987897953502     
   1912.3269171529673     
   1912.6709801978061     
   1922.0749241611111     
   1922.8514842943071     
   1923.2516508621443     
   1923.4377022367628     
   1924.2086011117674     
   1926.3492563132863     
   1927.0243465626631     
   1927.2155126195535     
   1927.4430562397790     
   1928.4316034106416     
   1931.5839506060670     
   1931.9824214144637     
   1933.5804240086354     
   1934.4845625363939     
   1940.2352584082662     
   1946.3514107038318     
   1946.7525544833507     
   1947.4784219561416     
   1948.9559250748223     
   1949.8861242232288     
   1950.5112938740856     
   1954.5131812123275     
   1963.3680170303135     
   1963.8529428975346     
   1964.9629316006829     
   1967.2145565579549     
   1968.1032068310235     
   1973.3114351928950     
   1977.1810765689543     
   1978.3706523827316     
   1981.9216983737190     
   1985.2882635175031     
   2040.4510089485091     
   2054.4252683546229     
   2068.9419143564705     
   2071.4464344852331     
   2075.0151887390803     
   2083.1381657631032     
   2086.2452592134600     
   2086.5943782298104     
   2088.6215665701889     
   2088.9710746789169     
   2096.5051732258489     
   2103.7903944920190     
   2107.8129641325654     
   2109.5307822153736     
   2109.7824966148805     
   2112.1485899276458     
   2115.8477610956861     
   2117.9004296340304     
   2119.1997652756099     
   2125.1960569806747     
   2126.6494480447823     
   2126.8990737173344     
   2129.4596308995133     
   2129.4886461858187     
   2132.0883250327956     
   2132.4785223896870     
   2135.7716046919163     
   2136.3435502041052     
   2140.0434562678342     
   2143.4121611772630     
   2145.3164642196407     
   2148.9354069210949     
   2150.2913813704804     
   2150.3711110219697     
   2152.6329567181278     
   2158.0931863696951     
   2161.8275299717166     
   2163.5594056841928     
   2164.6660920300797     
   2165.2919661765468     
   2167.8948070846441     
   2169.8937253294048     
   2172.4829318632906     
   2172.5702770047169     
   2173.9367016097840     
   2175.7617472434672     
   2178.1430938440990     
   2178.5817989836692     
   2178.6666572667505     
   2179.9643574658326     
   2180.7569573263613     
   2182.6862639856245     
   2182.7413310081511     
   2183.2779798779716     
   2183.7178067447694     
   2184.6987140744586     
   2185.8023338573489     
   2185.8522500739882     
   2186.6081948612928     
   2187.4267143853949     
   2187.4830697043744     
   2188.8852434894952     
   2190.4905927261111     
   2190.9195185633880     
   2194.4390273138365     
   2194.5038065589883     
   2195.9995339034476     
   2196.7403603110552     
   2198.1971194723624     
   2199.5882687133635     
   2200.6399417907696     
   2203.4743523448487     
   2205.0680621975680     
   2205.2849984764680     
   2207.5939021971549     
   2207.8046148168146     
   2211.0796377288057     
   2213.9253465590627     
   2217.8743369259537     
   2219.9287195184397     
   2223.0225879657864     
   2224.1048462482081     
   2224.3396023314258     
   2229.9358836121114     
   2231.1311957129324     
   2231.8079271660604     
   2238.6642354974574     
   2239.4712226724364     
   2239.8439752798440     
   2240.1686933908036     
   2242.2986055569972     
   2242.3769592580093     
   2243.8551296538135     
   2244.9200813031907     
   2246.3991635599195     
   2246.5250577703582     
   2249.6863089941889     
   2251.0569155033686     
   2251.6263735751763     
   2253.7135380143804     
   2264.8084486130028     
   2266.6796990588418     
   2267.0426359913367     
   2267.3224376350590     
   2267.5422195861088     
   2267.9257669268313     
   2268.5590342402006     
   2269.4105445614982     
   2270.7004609888340     
   2280.6454861967441     
   2281.9421070426256     
   2282.7654122211056     
   2289.5356388450955     
   2302.2416265963375     
   2304.2521291250614     
   2306.5038651860855     
   2306.6205459234234     
   2309.7920772711777     
   2309.8574397302223     
   2311.0222696604023     
   2311.1445668825627     
   2313.3759220951624     
   2322.3044013081603     
   2324.9099462534969     
   2328.9573015295568     
   2330.5609339736552     
   2331.5272697986557     
   2332.4496956439752     
   2332.6533198176412     
   2335.3368944285940     
   2340.0070511151052     
   2340.0613807988539     
   2341.5337462339330     
   2343.4202980260475     
   2345.2858405416810     
   2351.0051929307947     
   2355.1774572767249     
   2357.4646775289302     
   2357.8646327679012     
   2359.4839265826449     
   2361.2942850491868     
   2369.1469300670615     
   2370.1084780331407     
   2370.8499217519743     
   2372.3247991986041     
   2372.9773189682342     
   2374.8805477876845     
   2377.9820280459435     
   2379.2780955987932     
   2381.0415170674228     
   2381.4057325908057     
   2381.9588230792724     
   2382.8286737940539     
   2385.4864875123503     
   2387.1449299136034     
   2387.4632487508366     
   2387.9789824852592     
   2391.0111178584830     
   2399.6083307896738     
   2400.0869533080181     
   2400.3194227736390     
   2402.0965913908663     
   2402.9737326888135     
   2405.0508919117356     
   2408.6833762555607     
   2411.1442624470587     
   2414.5485223002979     
   2414.7606331206894     
   2417.4745335247471     
   2420.2357312085969     
   2420.6712263695713     
   2421.3398548312530     
   2425.6952669261641     
   2426.3668665477494     
   2426.3762121619839     
   2428.1818005413479     
   2428.4971627961304     
   2428.9747693854674     
   2432.1091112355880     
   2434.5186602454810     
   2434.7998390259881     
   2438.4963502927330     
   2439.7048335682930     
   2440.7152314516384     
   2441.3752069934330     
   2442.8092746002953     
   2445.2144666853669     
   2445.2203859480114     
   2447.0585630963251     
   2448.1028237827099     
   2451.9066363732190     
   2452.6293733948914     
   2452.8718161605484     
   2456.9057167286924     
   2459.2167064900564     
   2465.2048131337888     
   2465.3095543828153     
   2467.7509614098599     
   2468.0774125213884     
   2470.6052189449902     
   2471.1981338693863     
   2472.1832143905372     
   2474.9632886078475     
   2481.1278139899628     
   2481.8498821765434     
   2483.1774956888680     
   2485.7834798814092     
   2486.3064207928846     
   2487.0997070140274     
   2491.1679672337600     
   2496.2817397275135     
   2498.2271383414341     
   2499.5012502466111     
   2503.1174394364452     
   2503.3975704817690     
   2508.5310333297653     
   2509.0711347050128     
   2513.2787868504988     
   2514.4253924350883     
   2516.3819654397589     
   2516.4752611791005     
   2517.6859368694527     
   2518.8936967054669     
   2520.8956702095666     
   2522.7886182291368     
   2523.1358205677857     
   2524.3498777467457     
   2526.9530261600385     
   2530.9761173149054     
   2533.1560014043498     
   2533.6973188892102     
   2537.9933973998614     
   2538.3014083197099     
   2539.0764681194091     
   2541.5160078689755     
   2543.2997869742235     
   2545.1418099287753     
   2546.4328517188692     
   2548.8053005396978     
   2549.2427922787006     
   2549.2850177926643     
   2552.0093673040406     
   2557.0890861676939     
   2564.8792480307679     
   2565.2220168924555     
   2569.1585687111851     
   2569.3877861663914     
   2573.2296936441940     
   2574.6075363003051     
   2576.3793834800222     
   2576.4871283434081     
   2577.1477215912660     
   2579.0091344238444     
   2580.2252626652048     
   2582.0837043893011     
   2582.6135611317204     
   2583.2827404997529     
   2584.3160766331994     
   2585.2342555486157     
   2586.2051535485984     
   2586.8391883104505     
   2587.1878127763075     
   2587.9509940623902     
   2588.4946266967977     
   2591.6032124899480     
   2591.7325752246443     
   2593.1803267261116     
   2594.9995441968813     
   2595.6067349961859     
   2598.2766382317795     
   2598.4264294571458     
   2598.9291136147804     
   2599.7884662510378     
   2601.7555607773961     
   2602.6985834652996     
   2603.0852044591015     
   2604.2545609258491     
   2605.6857774155246     
   2605.8836866820966     
   2606.3302781168486     
   2606.4907520431129     
   2606.9323789365499     
   2607.5289604182735     
   2608.0704131063148     
   2608.5726806394100     
   2609.3955743811994     
   2609.5224968972443     
   2610.1983503548486     
   2613.2127685988989     
   2613.3220029025770     
   2613.4803243801011     
   2619.9758656562094     
   2621.2389362952240     
   2622.4934437896877     
   2625.6715031116910     
   2626.5142619175281     
   2626.5706096188128     
   2631.0018324543971     
   2631.3695264793291     
   2631.9533721514931     
   2634.0833343135109     
   2634.0936933546682     
   2638.2199032250965     
   2639.0802545493939     
   2640.0874640042157     
   2640.7253291455572     
   2641.9526825932912     
   2644.0276231645503     
   2644.6207109824436     
   2645.0143928956368     
   2645.6906958085892     
   2647.7350271601586     
   2648.6912678810709     
   2648.7654540306276     
   2650.9124732770774     
   2652.0257394634032     
   2653.7536357634694     
   2654.1422030914096     
   2655.5687166379107     
   2655.9186431516246     
   2656.1159692193123     
   2657.9658402473979     
   2658.3590702319661     
   2661.3827678516532     
   2661.7776981818370     
   2663.7410055616906     
   2663.7808167477583     
   2665.6438586915538     
   2666.8336304063214     
   2667.9607659008502     
   2668.6501645526428     
   2668.7863123384827     
   2668.9672124562458     
   2674.4891901390324     
   2675.0915622355647     
   2676.0974007111004     
   2676.5532919331390     
   2677.1276734662056     
   2677.7651036755351     
   2678.9743777938770     
   2679.8070859719742     
   2680.0279463470993     
   2682.3974750535358     
   2682.6295359736096     
   2683.8863983256128     
   2684.1510228985503     
   2685.9990472824511     
   2688.2117178080962     
   2688.8702414466175     
   2689.0912258653925     
   2689.8520574490490     
   2693.5290645740374     
   2693.5306374826937     
   2695.9887058936629     
   2696.7125010292916     
   2697.2735594624087     
   2697.4456118876665     
   2697.7583655085796     
   2698.1039276388233     
   2698.3952633593435     
   2698.4544776341313     
   2698.6628433406108     
   2699.2652823069993     
   2701.5866988382118     
   2702.3458561531379     
   2704.1021454718521     
   2705.2222542541822     
   2705.4069323348640     
   2706.0301859104757     
   2708.4720508169871     
   2709.6965926276139     
   2710.5108591899561     
   2710.6711783289552     
   2711.1753551815063     
   2714.4664312115328     
   2716.2545781160770     
   2716.6941559955999     
   2717.1635693630169     
   2717.2618892640880     
   2717.4073080243625     
   2719.0222104998734     
   2720.6497592666192     
   2720.9390860684521     
   2725.3391476741626     
   2726.8109240492431     
   2728.0376469612766     
   2728.3578875247599     
   2729.4751113654320     
   2730.0166776160340     
   2731.0642971362313     
   2732.6156433905953     
   2734.7137915450644     
   2737.4788842584890     
   2741.3230931521662     
   2741.7166953823103     
   2744.3289173780545     
   2744.4424419180023     
   2745.7354934245222     
   2745.8309852270086     
   2747.8459655888969     
   2750.8840901484150     
   2751.3809493121744     
   2753.3710434427680     
   2753.5005840789649     
   2754.0901225199905     
   2754.5567868672383     
   2755.3460481190796     
   2759.8745372345297     
   2760.5533577634833     
   2761.3386389950206     
   2762.0598950856042     
   2762.9387914444528     
   2765.3755415785063     
   2766.5750482559679     
   2769.5204012127710     
   2771.2431722515398     
   2772.6242482861021     
   2774.7863128065023     
   2774.9781463377599     
   2775.9207222452628     
   2776.5896216637516     
   2776.8146405449943     
   2779.3370531936453     
   2781.1423342462908     
   2781.2944103073264     
   2781.2949666495565     
   2783.8354246179319     
   2783.9082134715695     
   2784.8020522663037     
   2785.1631898573719     
   2786.7686337304817     
   2787.1719026439855     
   2789.4104104127491     
   2789.7702078386583     
   2790.3756938101760     
   2791.5402604975543     
   2792.4343295558365     
   2793.7808305526746     
   2795.3518960555380     
   2796.1362435656556     
   2800.1689384308911     
   2800.9606260578830     
   2801.2835071395389     
   2804.4329037372081     
   2805.0096172096969     
   2806.0582320456178     
   2806.5793905045289     
   2807.0853319657062     
   2807.6215287652381     
   2807.6488819169672     
   2807.9501104170786     
   2809.8727799813410     
   2809.8945382353349     
   2810.0482880815371     
   2811.2740236521986     
   2811.8703069891176     
   2812.0344775537951     
   2814.4476790618537     
   2814.7080665481872     
   2815.7657532590679     
   2821.4163530723349     
   2821.5173270640162     
   2821.6750402241637     
   2822.7511724652832     
   2826.1471802184847     
   2827.6936112996050     
   2829.5192660323255     
   2830.4530084497578     
   2831.0794941438603     
   2831.8464254510359     
   2832.3702212465714     
   2833.3551192604259     
   2833.6239765515274     
   2833.6719535636444     
   2833.9927141130520     
   2834.6547539156331     
   2836.1352070065523     
   2836.1783351753493     
   2837.0126957632265     
   2838.1075293746158     
   2839.4247654463165     
   2840.8561140359575     
   2841.1651775813702     
   2841.8338423086166     
   2844.4116425253792     
   2845.0829485840245     
   2847.4977019600410     
   2847.5953519163031     
   2847.6054457037490     
   2847.9631574998007     
   2848.1287241149830     
   2849.6779161863906     
   2850.1779950654100     
   2850.7480002171678     
   2850.8661027863204     
   2851.3331991621235     
   2852.3196779074024     
   2853.3980088925100     
   2853.6326944008201     
   2853.7144773615128     
   2854.9485469214733     
   2857.0232739361359     
   2859.1044771487177     
   2859.8509964586287     
   2860.6757850609383     
   2861.3881493173208     
   2861.4631484305114     
   2864.1160234058652     
   2866.7056402834628     
   2866.7450045688438     
   2869.1120472965363     
   2869.5373605511804     
   2871.2470581141574     
   2871.9746602548462     
   2873.1900543009560     
   2873.4475358305294     
   2873.5990453471459     
   2875.3781168913952     
   2876.7038469852628     
   2876.8657826399681     
   2877.3372309114452     
   2877.8472760495138     
   2878.1871491270012     
   2878.7583360907047     
   2879.9568585362222     
   2880.1641203421900     
   2881.4648904435039     
   2882.0351322550350     
   2884.1377003149423     
   2884.5148510698250     
   2885.0570100635846     
   2887.9551228726909     
   2888.3213312614844     
   2888.7707593372866     
   2889.9570514718371     
   2891.4526617089377     
   2892.2957683964987     
   2895.0091055073599     
   2896.3772935135826     
   2897.5229607834472     
   2898.7031774257412     
   2898.9651040819026     
   2901.6356872874549     
   2902.3113176599327     
   2902.6438543019704     
   2903.2343917513203     
   2903.2460169561291     
   2904.5281476762816     
   2904.5777180260952     
   2908.4057774960088     
   2908.4238756608770     
   2908.9373955578030     
   2909.6349466221959     
   2910.7597115302378     
   2911.1478372010365     
   2914.7278914943181     
   2915.1618451703334     
   2919.1718559880642     
   2921.4115761042035     
   2923.5144843119197     
   2927.5790061116636     
   2930.5928327144943     
   2934.2689914995822     
   2935.6361154474753     
   2936.3195825906364     
   2936.7883303215872     
   2939.8404432333323     
   2942.0737680026782     
   2943.6963058397428     
   2948.6756321408348     
   2949.2669308277809     
   2950.2865623619095     
   2950.5782539136744     
   2952.6734738986838     
   2954.2257727874990     
   2959.5754894554502     
   2959.9770494124291     
   2961.4325465654024     
   2963.2666616963725     
   2963.6601310612305     
   2966.4840308269199     
   2969.3961246956251     
   2971.7281791480232     
   2977.5865850958044     
   2982.4702026007708     
   2983.1311183783259     
   2983.4774796582697     
   2985.2086043313752     
   2994.6951173403672     
   3000.9084806198744     
   3004.2882356501327     
   3004.4923170296524     
   3009.2748605420452     
   3010.6533035940229     
   3015.6556662508156     
   3020.3182836124561     
   3025.8862349636624     
   3026.2373703847147     
   3032.2543075687204     
   3034.3513682381126     
   3038.9337071837335     
   3043.5579472951931     
   3047.9956684698991     
   3055.1939915232474     
   3058.2688281164224     
   3059.8133649393326     
   3059.8704866899848     
   3063.2624377670400     
   3065.2662448374967     
   3084.4761324667156     
   3092.1324232331403     
   3098.9269774948561     
   3107.9730943137633     
   3115.1461124116126     
   3115.9942967367142     
   3118.8096091499424     
   3142.1052381945710     
   3145.6698987701061     
   3169.4678357200373     
   3338.8010735655553     
