 beta=  0.31086755727244353     
  -7.3685423978747686E-013
  -2.9396008514767897E-013
  -1.3049471859678306E-014
   2.9873101584419978E-014
   1.6574692164976884E-013
   2.9424222762189343E-013
   2.2360405902515507E-004
   3.3570900569828723E-004
   4.1989598039041814E-004
   5.0228969843615218E-004
   6.3755161541458744E-004
   6.7927034407075143E-004
   8.0766426569010147E-004
   8.8638451519630862E-004
   9.0347919934956734E-004
   9.6711873745129804E-004
   1.1058032647351306E-003
   1.1286705608583919E-003
   1.2183553676165457E-003
   1.4115041131089754E-003
   1.4331350217779441E-003
   1.4920432290838267E-003
   1.5882953597166280E-003
   1.6631133407767479E-003
   1.7036319447329786E-003
   1.7384203059329388E-003
   1.8743673999276848E-003
   1.9162199467458411E-003
   1.9666036820438723E-003
   2.0287658332030093E-003
   2.1498232059074564E-003
   2.1759994306711707E-003
   2.2315570051131845E-003
   2.2843908455850077E-003
   2.3445089726313851E-003
   2.5014831991468575E-003
   2.5826504474137091E-003
   2.6215446275390129E-003
   2.6387067171973369E-003
   2.7515699603346522E-003
   2.7800203672571177E-003
   2.8546620819368657E-003
   2.8787622102702179E-003
   2.9647112640524219E-003
   3.0655551679057078E-003
   3.1514063976499154E-003
   3.2358439577216333E-003
   3.3059064032616922E-003
   3.3729679355645262E-003
   3.4401293604196456E-003
   3.4884219290714827E-003
   3.5228772356272016E-003
   3.5973641665536437E-003
   3.6134956646604313E-003
   3.6919165103019638E-003
   3.7574516350455944E-003
   3.8132299989718857E-003
   3.8562771481065504E-003
   3.9236046645561018E-003
   3.9608295344996528E-003
   3.9774805000998151E-003
   4.0069750204481044E-003
   4.0695161391717059E-003
   4.1031725517438195E-003
   4.1531742245547731E-003
   4.2233203489811313E-003
   4.2774351390489282E-003
   4.3336764937391232E-003
   4.3576671166971623E-003
   4.4195269519667242E-003
   4.4451306354021339E-003
   4.4972154624851818E-003
   4.5468209296672694E-003
   4.5765788224786412E-003
   4.5939681558464845E-003
   4.6701787230326863E-003
   4.7192547146044624E-003
   4.7606079482129162E-003
   4.8228878001923964E-003
   4.8945016285742542E-003
   4.9234542256378806E-003
   4.9371941570252285E-003
   4.9610084134595663E-003
   5.0538186967994600E-003
   5.1135443213729329E-003
   5.1739121476663957E-003
   5.2183157505669908E-003
   5.2897206937313644E-003
   5.3063305848380172E-003
   5.3727042668579921E-003
   5.3845943509282044E-003
   5.4715229164536312E-003
   5.4995762363658496E-003
   5.5729213313537099E-003
   5.6319203124281002E-003
   5.6397507172827295E-003
   5.6835921787687423E-003
   5.7501231780029485E-003
   5.7885333650912344E-003
   5.8233475943558878E-003
   5.8651801761184100E-003
   5.8774235843210279E-003
   5.9150714348901795E-003
   5.9411612722962302E-003
   5.9740300642588499E-003
   6.0089869256433198E-003
   6.0580102682866645E-003
   6.1192172369855073E-003
   6.1587302331086108E-003
   6.1854084613580150E-003
   6.2517675642605420E-003
   6.2583536759130420E-003
   6.2672970621544689E-003
   6.3219206844950370E-003
   6.3821812728133351E-003
   6.4471685346755223E-003
   6.4939732795547796E-003
   6.5077889804847850E-003
   6.5676624308699675E-003
   6.5874017657818577E-003
   6.6148622294234394E-003
   6.6556731625150786E-003
   6.6997065136087811E-003
   6.7442882539868118E-003
   6.7804222525113603E-003
   6.7913559811560243E-003
   6.8420116416273210E-003
   6.8622520670948645E-003
   6.8796326577506761E-003
   6.8996245401642146E-003
   6.9204711748589243E-003
   6.9701946165543621E-003
   6.9863537415371787E-003
   7.0598080863189944E-003
   7.0898958332314237E-003
   7.1006558607673922E-003
   7.1647723724464762E-003
   7.2484959768203856E-003
   7.2556251838118858E-003
   7.2788942143488800E-003
   7.3608679700170468E-003
   7.3867898031478472E-003
   7.4089662639604094E-003
   7.4199462152510160E-003
   7.4689922566091799E-003
   7.4796952502102316E-003
   7.5066562177859165E-003
   7.5809559641477186E-003
   7.6217684312575289E-003
   7.6583260925287035E-003
   7.6885279148274270E-003
   7.7213121677310982E-003
   7.7664325868757296E-003
   7.7899569855696136E-003
   7.8004243265880294E-003
   7.8352651397150669E-003
   7.8749725961217345E-003
   7.9119346558234258E-003
   7.9316311795778714E-003
   7.9610259903080943E-003
   7.9764503705335131E-003
   8.0011646663125744E-003
   8.0440285522510035E-003
   8.0516909513008474E-003
   8.0676069704740897E-003
   8.0953720357514400E-003
   8.1218731680351916E-003
   8.1526431093738548E-003
   8.1701184495413838E-003
   8.2279374633601032E-003
   8.2511414279590831E-003
   8.2805337405842828E-003
   8.3153289416573635E-003
   8.3440246513887140E-003
   8.3771782721611936E-003
   8.4010816235254304E-003
   8.4542151998154257E-003
   8.4884123642751576E-003
   8.5316362936025888E-003
   8.5653100597935621E-003
   8.5938615866918613E-003
   8.6184366160832939E-003
   8.6270177645372832E-003
   8.6644493845012688E-003
   8.6880767872580655E-003
   8.7123999185521918E-003
   8.7446742580324938E-003
   8.7550602063144658E-003
   8.7876860899282466E-003
   8.8218018019688375E-003
   8.8322146926208597E-003
   8.8546419996357231E-003
   8.8990996700181076E-003
   8.9218099480004812E-003
   8.9451936845638211E-003
   8.9579706886738966E-003
   8.9648763011123643E-003
   8.9901738791688529E-003
   9.0180856696147824E-003
   9.0608337381213790E-003
   9.1210035762097873E-003
   9.1534456455569287E-003
   9.1732990249626112E-003
   9.1969739988580924E-003
   9.2139021960994886E-003
   9.2363162816005359E-003
   9.2628115114194911E-003
   9.2798435174397259E-003
   9.3259142846290229E-003
   9.3619038622165564E-003
   9.3974734070696904E-003
   9.4389119736626170E-003
   9.4499518153449789E-003
   9.4827861298051527E-003
   9.5259586517419947E-003
   9.5463670730826372E-003
   9.5707754065123135E-003
   9.6025531910802330E-003
   9.6141328777828942E-003
   9.6236467395578677E-003
   9.6517790385117330E-003
   9.6800522074047910E-003
   9.6890808365532443E-003
   9.7005683808721755E-003
   9.7430877409542191E-003
   9.7757947496999505E-003
   9.8027563823665613E-003
   9.8307011801848400E-003
   9.8370629470902662E-003
   9.8974566097298853E-003
   9.9177179099028297E-003
   9.9483762974225971E-003
   9.9577005419364973E-003
   9.9702799503466801E-003
   9.9873837348100989E-003
   1.0018934356198231E-002
   1.0033600346020567E-002
   1.0067160574541385E-002
   1.0085292145385330E-002
   1.0116251097323335E-002
   1.0155233414316145E-002
   1.0161762499093433E-002
   1.0177449204320845E-002
   1.0207010351141422E-002
   1.0217897710361475E-002
   1.0259408137722335E-002
   1.0276975542327753E-002
   1.0309223515668065E-002
   1.0324760596684227E-002
   1.0370053403749455E-002
   1.0396320537544480E-002
   1.0406082540869555E-002
   1.0429206039722215E-002
   1.0450766092488859E-002
   1.0483393662692799E-002
   1.0495079645079028E-002
   1.0535850805421375E-002
   1.0558661409404965E-002
   1.0566100614009321E-002
   1.0600213895503403E-002
   1.0613589035151793E-002
   1.0646864003983434E-002
   1.0669060922267283E-002
   1.0677953055895728E-002
   1.0697874567885145E-002
   1.0727119784360476E-002
   1.0733844213921449E-002
   1.0784775076153689E-002
   1.0791781959118465E-002
   1.0808630513061947E-002
   1.0818981241684587E-002
   1.0839884439452876E-002
   1.0895031068481368E-002
   1.0935474001208981E-002
   1.0956720536052511E-002
   1.0994077309085042E-002
   1.1029408628171230E-002
   1.1056631454275713E-002
   1.1064178114206182E-002
   1.1083718740543333E-002
   1.1101027960054773E-002
   1.1163658064672469E-002
   1.1178762809905644E-002
   1.1202305932539085E-002
   1.1250595810198237E-002
   1.1290761972829029E-002
   1.1310908494352807E-002
   1.1334826298327719E-002
   1.1340245767837329E-002
   1.1360235482305489E-002
   1.1402832287905985E-002
   1.1436236355045282E-002
   1.1444908791988596E-002
   1.1466875656259437E-002
   1.1479632263708068E-002
   1.1530492268327461E-002
   1.1540486839180840E-002
   1.1560763633869235E-002
   1.1575965180321118E-002
   1.1611878928162744E-002
   1.1632382881370171E-002
   1.1643154258130731E-002
   1.1673860945424459E-002
   1.1702876721831445E-002
   1.1715771957712456E-002
   1.1751247411515791E-002
   1.1784254582111981E-002
   1.1791172712231863E-002
   1.1810720482084723E-002
   1.1833946100278553E-002
   1.1867726428475835E-002
   1.1892868516662294E-002
   1.1905329670303132E-002
   1.1932720594908582E-002
   1.1950084166423923E-002
   1.1959027419773139E-002
   1.1978546413060424E-002
   1.2013658313982111E-002
   1.2047460323866681E-002
   1.2057919657882041E-002
   1.2076959104785089E-002
   1.2107585078769668E-002
   1.2123270686923961E-002
   1.2140857724019434E-002
   1.2191186901493668E-002
   1.2208385694530187E-002
   1.2217537186352450E-002
   1.2244413143634121E-002
   1.2254532170450892E-002
   1.2272694354099873E-002
   1.2281085188582095E-002
   1.2315432032100794E-002
   1.2339670211274908E-002
   1.2370475869104700E-002
   1.2381657934656879E-002
   1.2387438077203316E-002
   1.2416970833232847E-002
   1.2423932408870705E-002
   1.2444211332764120E-002
   1.2458611328882291E-002
   1.2477706606738252E-002
   1.2500593369529063E-002
   1.2524582184190978E-002
   1.2547391491212067E-002
   1.2549991415383922E-002
   1.2566553721169646E-002
   1.2590135515160918E-002
   1.2605958745662943E-002
   1.2645947308611686E-002
   1.2663972744778450E-002
   1.2683107577104448E-002
   1.2696449083042623E-002
   1.2718711183218122E-002
   1.2746272650846041E-002
   1.2768721565534321E-002
   1.2790839588454887E-002
   1.2821123537757512E-002
   1.2832514227105398E-002
   1.2852732832947918E-002
   1.2863107053150857E-002
   1.2888925706093061E-002
   1.2908677580556686E-002
   1.2918235915723469E-002
   1.2948611894017328E-002
   1.2952126787313230E-002
   1.2964166606156836E-002
   1.2992818750261681E-002
   1.3006702927786658E-002
   1.3024327503731137E-002
   1.3037316327335485E-002
   1.3053838459596153E-002
   1.3084517447217272E-002
   1.3104977065494327E-002
   1.3120014664260025E-002
   1.3128285234856252E-002
   1.3141197642098552E-002
   1.3151670617605606E-002
   1.3161290334172949E-002
   1.3166255514506066E-002
   1.3192767287375364E-002
   1.3206047377146273E-002
   1.3217578322937264E-002
   1.3227163941525469E-002
   1.3241183390129923E-002
   1.3242888398331345E-002
   1.3277954777015858E-002
   1.3304221196628930E-002
   1.3311959443016842E-002
   1.3316836063288106E-002
   1.3348695662451067E-002
   1.3355769019822307E-002
   1.3373873760011486E-002
   1.3385745379870067E-002
   1.3397353968777892E-002
   1.3400455253049247E-002
   1.3421496812137291E-002
   1.3446173201440105E-002
   1.3458129011825368E-002
   1.3465690307326731E-002
   1.3506258878544508E-002
   1.3516920004638151E-002
   1.3533688632881338E-002
   1.3548233363014415E-002
   1.3555540043787230E-002
   1.3574886803181724E-002
   1.3585121211054750E-002
   1.3597043197933643E-002
   1.3599993337256989E-002
   1.3624410486769843E-002
   1.3637256455106375E-002
   1.3650293492627717E-002
   1.3667379132104007E-002
   1.3688872255624616E-002
   1.3692738656057945E-002
   1.3699997025658004E-002
   1.3717417928959150E-002
   1.3721972604424770E-002
   1.3768627617944736E-002
   1.3778884816889030E-002
   1.3791238813463502E-002
   1.3795612282060856E-002
   1.3806062332149868E-002
   1.3837898145526752E-002
   1.3857268132822658E-002
   1.3870485914269395E-002
   1.3890855279626059E-002
   1.3896470141958361E-002
   1.3907254780969712E-002
   1.3928291880667897E-002
   1.3938358209867205E-002
   1.3969337632247104E-002
   1.3987735852442890E-002
   1.4000278474561846E-002
   1.4025536956493350E-002
   1.4031451696880706E-002
   1.4057563893574106E-002
   1.4067939766288973E-002
   1.4073846839783686E-002
   1.4081691604327141E-002
   1.4104374771008801E-002
   1.4114834517289353E-002
   1.4130043377974522E-002
   1.4146866161650291E-002
   1.4163656517099787E-002
   1.4173735524607147E-002
   1.4182908314497082E-002
   1.4203643553239978E-002
   1.4219177505598195E-002
   1.4225314741762017E-002
   1.4236252746747807E-002
   1.4246371656560399E-002
   1.4266696224653883E-002
   1.4273719462546746E-002
   1.4283830241660123E-002
   1.4303482525275515E-002
   1.4318859671338165E-002
   1.4326848563419757E-002
   1.4341936810382996E-002
   1.4363447852720521E-002
   1.4388903645011180E-002
   1.4405048428354319E-002
   1.4410705461669905E-002
   1.4418711259992096E-002
   1.4433128670537362E-002
   1.4437945206053859E-002
   1.4442380553634910E-002
   1.4484001538287600E-002
   1.4498327837475039E-002
   1.4508687241108409E-002
   1.4524046520863034E-002
   1.4536703383537573E-002
   1.4543218738736118E-002
   1.4567139887204721E-002
   1.4596644217022600E-002
   1.4607638901321784E-002
   1.4617261673481522E-002
   1.4622664022298178E-002
   1.4652970801867799E-002
   1.4655678102146958E-002
   1.4679020075307398E-002
   1.4715665987730739E-002
   1.4726944291347526E-002
   1.4740618790736468E-002
   1.4752719451683284E-002
   1.4762915695226808E-002
   1.4781254791532443E-002
   1.4793800375951400E-002
   1.4805474081784672E-002
   1.4825299064545733E-002
   1.4857783233374297E-002
   1.4865546493596237E-002
   1.4883051685535432E-002
   1.4904184991686177E-002
   1.4917206366238639E-002
   1.4921740686537554E-002
   1.4936950530177937E-002
   1.4941872474635664E-002
   1.4966246941391993E-002
   1.4975262037667459E-002
   1.4977594444903276E-002
   1.5000640786829380E-002
   1.5018646366217331E-002
   1.5032235959330818E-002
   1.5037735775293621E-002
   1.5068599297187608E-002
   1.5089618769774009E-002
   1.5108905741444422E-002
   1.5117049286569786E-002
   1.5133741086780120E-002
   1.5141669858421893E-002
   1.5160609977780464E-002
   1.5170017059981096E-002
   1.5187875342207762E-002
   1.5194462216169618E-002
   1.5209928488911499E-002
   1.5222196461902582E-002
   1.5234320193267871E-002
   1.5261823779493653E-002
   1.5267864755024082E-002
   1.5292982114229130E-002
   1.5310039583752216E-002
   1.5316180839408902E-002
   1.5320405150260147E-002
   1.5342340796757956E-002
   1.5351212770298977E-002
   1.5373989330228793E-002
   1.5379531870851240E-002
   1.5402074658478641E-002
   1.5420119094496686E-002
   1.5442829055926475E-002
   1.5455572664761929E-002
   1.5461167375564010E-002
   1.5472883058965223E-002
   1.5492214202361491E-002
   1.5514092122409459E-002
   1.5524487993813590E-002
   1.5531453857437058E-002
   1.5548825129143441E-002
   1.5566321305604399E-002
   1.5575517299020078E-002
   1.5589224441463666E-002
   1.5610796598901504E-002
   1.5620084257644815E-002
   1.5631324174970079E-002
   1.5653071149195209E-002
   1.5662299726835912E-002
   1.5688665291159042E-002
   1.5700784358416178E-002
   1.5709573853614080E-002
   1.5734942982672553E-002
   1.5744184567643579E-002
   1.5752698851933873E-002
   1.5776169261054022E-002
   1.5784468173028886E-002
   1.5790863499992827E-002
   1.5801235655225246E-002
   1.5814226643432024E-002
   1.5830963511800134E-002
   1.5843625447949209E-002
   1.5856813881041598E-002
   1.5862163470354639E-002
   1.5875021144892983E-002
   1.5882297491972105E-002
   1.5894314986343572E-002
   1.5905471566169921E-002
   1.5920832429653670E-002
   1.5933693771479580E-002
   1.5958530184632440E-002
   1.5971227478405632E-002
   1.5981986094059888E-002
   1.6002072621480505E-002
   1.6014563391072534E-002
   1.6029421410089569E-002
   1.6037275123910261E-002
   1.6055116404296806E-002
   1.6066152793631001E-002
   1.6077742512899180E-002
   1.6099203035463847E-002
   1.6108557602274837E-002
   1.6118738412214857E-002
   1.6130155378603787E-002
   1.6137609069849172E-002
   1.6159613479274710E-002
   1.6180437067742224E-002
   1.6195358703035085E-002
   1.6211608123922212E-002
   1.6221512624913677E-002
   1.6241890066848091E-002
   1.6253357268889500E-002
   1.6267782762303024E-002
   1.6271642628277266E-002
   1.6295438156199320E-002
   1.6315421554814507E-002
   1.6325622284155485E-002
   1.6333183813719548E-002
   1.6350760853249671E-002
   1.6366760376097324E-002
   1.6377246812044933E-002
   1.6394911978016610E-002
   1.6398875338544526E-002
   1.6427937000215605E-002
   1.6437211162613537E-002
   1.6449915641005172E-002
   1.6455289224798927E-002
   1.6459922346322549E-002
   1.6479017951890357E-002
   1.6485770948366594E-002
   1.6523587650063322E-002
   1.6530201614004338E-002
   1.6547481313736085E-002
   1.6550017735416901E-002
   1.6572559362118190E-002
   1.6585711708795210E-002
   1.6599448131736749E-002
   1.6606602150529982E-002
   1.6629057702050271E-002
   1.6642472126198245E-002
   1.6646703564739337E-002
   1.6660878872053236E-002
   1.6701120960470491E-002
   1.6713105161124696E-002
   1.6733916215174192E-002
   1.6744188126612533E-002
   1.6751003766204399E-002
   1.6776548952330921E-002
   1.6789900865755301E-002
   1.6805759053414943E-002
   1.6810970923319964E-002
   1.6820788495849066E-002
   1.6829349744572470E-002
   1.6845981957950996E-002
   1.6850251230329408E-002
   1.6864333078169331E-002
   1.6874387595976138E-002
   1.6891293855520056E-002
   1.6915348287740682E-002
   1.6921079116450556E-002
   1.6934236432313135E-002
   1.6945464776328873E-002
   1.6961720308222412E-002
   1.6987896671234577E-002
   1.6994292261587007E-002
   1.7000274133999477E-002
   1.7009170135815595E-002
   1.7043016847586287E-002
   1.7058985251027076E-002
   1.7066887325749923E-002
   1.7078919665029911E-002
   1.7090820536545270E-002
   1.7105051075222075E-002
   1.7123369101208243E-002
   1.7131327086624942E-002
   1.7144621294455313E-002
   1.7161518634366959E-002
   1.7183025417397350E-002
   1.7198958744356615E-002
   1.7207062269882643E-002
   1.7214415699686896E-002
   1.7218588771966109E-002
   1.7251101716702910E-002
   1.7278621722536948E-002
   1.7283882548343451E-002
   1.7288422282839284E-002
   1.7301437650366167E-002
   1.7310081468386276E-002
   1.7328816372664847E-002
   1.7344324130788756E-002
   1.7359337583983427E-002
   1.7366944142829119E-002
   1.7391041447522640E-002
   1.7399934403598064E-002
   1.7416599501459542E-002
   1.7421664875716055E-002
   1.7424515787182918E-002
   1.7452135510449551E-002
   1.7469800516107983E-002
   1.7479454835248265E-002
   1.7484680729082328E-002
   1.7492965330381881E-002
   1.7509211277812537E-002
   1.7526436860467107E-002
   1.7538052387825222E-002
   1.7541117092069028E-002
   1.7567491700745237E-002
   1.7575518083094360E-002
   1.7577967581252650E-002
   1.7585546126808228E-002
   1.7597277352797275E-002
   1.7620755948276709E-002
   1.7628576318447636E-002
   1.7633843316139510E-002
   1.7639859791429086E-002
   1.7680623850049121E-002
   1.7691097715970088E-002
   1.7704719205339996E-002
   1.7713981953576961E-002
   1.7724444361979504E-002
   1.7733917819473741E-002
   1.7744923021772517E-002
   1.7780311993519270E-002
   1.7790433363905341E-002
   1.7792740386110836E-002
   1.7814675358421645E-002
   1.7824074821766216E-002
   1.7830145046011402E-002
   1.7842970693407015E-002
   1.7857008544199842E-002
   1.7869288090559512E-002
   1.7875161316546827E-002
   1.7903337456527724E-002
   1.7910985304778325E-002
   1.7920390415815203E-002
   1.7938359862905956E-002
   1.7947341096396618E-002
   1.7973267684460018E-002
   1.7986622562415917E-002
   1.7999806581894186E-002
   1.8013931726850525E-002
   1.8032865288359054E-002
   1.8033777103240674E-002
   1.8045382690549006E-002
   1.8054365106259764E-002
   1.8067593812595838E-002
   1.8073250745832894E-002
   1.8081050457907498E-002
   1.8091207752047565E-002
   1.8105972283518131E-002
   1.8116886025124110E-002
   1.8135694302142496E-002
   1.8145566322800965E-002
   1.8160702007878653E-002
   1.8166551560413503E-002
   1.8190765643646446E-002
   1.8205301998975871E-002
   1.8212303698091136E-002
   1.8229042302982484E-002
   1.8238234020334788E-002
   1.8262901044940768E-002
   1.8268599111034862E-002
   1.8289801206196818E-002
   1.8295366299439994E-002
   1.8312001095011927E-002
   1.8330129487490507E-002
   1.8337577091924781E-002
   1.8344678593513315E-002
   1.8358594013088574E-002
   1.8371400588053227E-002
   1.8383689335802735E-002
   1.8388606018841111E-002
   1.8405870294787900E-002
   1.8425515419785106E-002
   1.8438215467520287E-002
   1.8451835644126786E-002
   1.8466016415419898E-002
   1.8469771218409071E-002
   1.8489065671593547E-002
   1.8501622321214432E-002
   1.8513151734093729E-002
   1.8526766337080613E-002
   1.8545875588800425E-002
   1.8556960598860701E-002
   1.8570528633394621E-002
   1.8573854429323539E-002
   1.8578612373096388E-002
   1.8597148857966660E-002
   1.8606984337886410E-002
   1.8619141824217915E-002
   1.8632631837215467E-002
   1.8635563665929805E-002
   1.8662129557133946E-002
   1.8671620975711158E-002
   1.8683741690220086E-002
   1.8686385009244865E-002
   1.8691886362877438E-002
   1.8706324631073187E-002
   1.8716667312106014E-002
   1.8728488584624961E-002
   1.8744516865397551E-002
   1.8747978770070239E-002
   1.8750788298688065E-002
   1.8775575448168259E-002
   1.8794637447268194E-002
   1.8807498034643773E-002
   1.8817908224981784E-002
   1.8834830947460007E-002
   1.8844969280345771E-002
   1.8856219304163088E-002
   1.8864472591607340E-002
   1.8870852024456510E-002
   1.8873892754562114E-002
   1.8886198512234349E-002
   1.8903369900345281E-002
   1.8912592976502964E-002
   1.8919899449687052E-002
   1.8931521219614614E-002
   1.8963899499241852E-002
   1.8972588289379321E-002
   1.8978528616660464E-002
   1.8987060870800588E-002
   1.9002233749267676E-002
   1.9014311104970153E-002
   1.9027083655826477E-002
   1.9040455863033396E-002
   1.9042903868546318E-002
   1.9059505182753112E-002
   1.9073273227169413E-002
   1.9089819360459340E-002
   1.9094161840310469E-002
   1.9122249225463569E-002
   1.9136971847633254E-002
   1.9146975905189365E-002
   1.9152547978790301E-002
   1.9167909816118624E-002
   1.9179436634134673E-002
   1.9197323365862554E-002
   1.9202239018120709E-002
   1.9211458813890959E-002
   1.9220597428833384E-002
   1.9229162342300272E-002
   1.9244725854261645E-002
   1.9257068455931045E-002
   1.9267430610957922E-002
   1.9275503145930732E-002
   1.9283696653953176E-002
   1.9317101170707601E-002
   1.9319984593417477E-002
   1.9331494985734558E-002
   1.9358305385721246E-002
   1.9359202045230235E-002
   1.9368463962645924E-002
   1.9388716863997579E-002
   1.9398944983030967E-002
   1.9405014459870720E-002
   1.9413599668163830E-002
   1.9426004234251230E-002
   1.9436884472835574E-002
   1.9439297172194614E-002
   1.9461496885867381E-002
   1.9473217389006141E-002
   1.9494615183947874E-002
   1.9499204157436060E-002
   1.9508737828990406E-002
   1.9515393388593958E-002
   1.9524298818172501E-002
   1.9547766390640809E-002
   1.9566825326052015E-002
   1.9579468069703065E-002
   1.9586441168081187E-002
   1.9594403552449787E-002
   1.9601609285177738E-002
   1.9608698554454129E-002
   1.9620227637133888E-002
   1.9642462223377843E-002
   1.9652924220515410E-002
   1.9653129797766372E-002
   1.9668657414949234E-002
   1.9692024561054882E-002
   1.9700651095467685E-002
   1.9711071425633019E-002
   1.9728631208534908E-002
   1.9738576836702004E-002
   1.9754221334558932E-002
   1.9756754913506008E-002
   1.9774944348685548E-002
   1.9781723744622955E-002
   1.9807831565127273E-002
   1.9814798747299540E-002
   1.9819621748067739E-002
   1.9830084445506324E-002
   1.9857040295245230E-002
   1.9859768593445303E-002
   1.9872149854512647E-002
   1.9881116595414944E-002
   1.9900304396172561E-002
   1.9916264394775340E-002
   1.9925919864870061E-002
   1.9934669922296942E-002
   1.9938637788042283E-002
   1.9950777828204671E-002
   1.9953866286822587E-002
   1.9972984412907097E-002
   1.9983421193198691E-002
   1.9993120289695392E-002
   2.0005151051855317E-002
   2.0017818607612106E-002
   2.0020445248236922E-002
   2.0022611845314103E-002
   2.0044632752110887E-002
   2.0058760028842309E-002
   2.0075988414609607E-002
   2.0079704113169568E-002
   2.0087230650877468E-002
   2.0092479890901505E-002
   2.0104437389257161E-002
   2.0112137339720726E-002
   2.0119678709697615E-002
   2.0127374496490675E-002
   2.0132032909085582E-002
   2.0161763839374056E-002
   2.0176919667797586E-002
   2.0179058619216057E-002
   2.0191209334467927E-002
   2.0206467550585597E-002
   2.0214492199694775E-002
   2.0226290042733977E-002
   2.0234581080735642E-002
   2.0241034240326326E-002
   2.0249842492393730E-002
   2.0258374957371660E-002
   2.0264161188279423E-002
   2.0269644607102129E-002
   2.0288764491567225E-002
   2.0296987534103861E-002
   2.0303242602980696E-002
   2.0313837801785820E-002
   2.0325044665755215E-002
   2.0338582492611421E-002
   2.0348960753548001E-002
   2.0357791960279779E-002
   2.0369362013448900E-002
   2.0378806763655177E-002
   2.0397878304882291E-002
   2.0408396311937881E-002
   2.0417074030552155E-002
   2.0425839107989049E-002
   2.0431086872622489E-002
   2.0441165807973248E-002
   2.0442893636734516E-002
   2.0448740017273905E-002
   2.0458369917573830E-002
   2.0479186059079238E-002
   2.0480432840713783E-002
   2.0499761894429380E-002
   2.0500515023583722E-002
   2.0516914966982311E-002
   2.0539523406335147E-002
   2.0543813790420192E-002
   2.0551027278169886E-002
   2.0559568513895770E-002
   2.0576510231145626E-002
   2.0576940136319284E-002
   2.0600002273368539E-002
   2.0609074828254380E-002
   2.0613680272913888E-002
   2.0628080729160735E-002
   2.0650950111687022E-002
   2.0659796479355740E-002
   2.0666544448452173E-002
   2.0675757936301154E-002
   2.0693651040192541E-002
   2.0696332790837890E-002
   2.0708917180228201E-002
   2.0713786758293530E-002
   2.0728005190726286E-002
   2.0737534502387307E-002
   2.0739171889983157E-002
   2.0753262536466269E-002
   2.0778934693901022E-002
   2.0788210437543267E-002
   2.0798517920142662E-002
   2.0802904335984265E-002
   2.0818727916942385E-002
   2.0825854436295498E-002
   2.0828949984316822E-002
   2.0831349654481780E-002
   2.0843905487665383E-002
   2.0859729960080581E-002
   2.0870210561862192E-002
   2.0874419995027618E-002
   2.0900734750840078E-002
   2.0910503369130459E-002
   2.0919550078146897E-002
   2.0931140562233566E-002
   2.0935971961577711E-002
   2.0952469966125497E-002
   2.0963930152056474E-002
   2.0970766660045947E-002
   2.0983505391197897E-002
   2.0993519804414593E-002
   2.1003118374824652E-002
   2.1015110268952419E-002
   2.1017410239078684E-002
   2.1020809049313308E-002
   2.1036813999881533E-002
   2.1042108464299884E-002
   2.1056693564214312E-002
   2.1070900717825213E-002
   2.1084708751238111E-002
   2.1095205732361164E-002
   2.1104401302674589E-002
   2.1110285947422824E-002
   2.1115708607705484E-002
   2.1124804459908299E-002
   2.1142805804926661E-002
   2.1154581225549564E-002
   2.1161750294031691E-002
   2.1183245803499097E-002
   2.1188919798129691E-002
   2.1198312385874576E-002
   2.1224849678485185E-002
   2.1230311187752694E-002
   2.1241350679391851E-002
   2.1257160358545139E-002
   2.1263770111520350E-002
   2.1269070140135994E-002
   2.1289706245686497E-002
   2.1293797457423207E-002
   2.1302218141497603E-002
   2.1316365625215120E-002
   2.1320262696862123E-002
   2.1333518260908083E-002
   2.1336873183996012E-002
   2.1363063273591155E-002
   2.1369929955737926E-002
   2.1379323376702127E-002
   2.1391185487549855E-002
   2.1392908455524953E-002
   2.1403318667983111E-002
   2.1419627998295516E-002
   2.1425208620375585E-002
   2.1441434151323376E-002
   2.1445491588890420E-002
   2.1454870870866328E-002
   2.1465826864207331E-002
   2.1475110920789131E-002
   2.1486862542477295E-002
   2.1488676405488374E-002
   2.1502415085421694E-002
   2.1510930282276405E-002
   2.1518164298485236E-002
   2.1525311498427110E-002
   2.1555164587084487E-002
   2.1560728918152534E-002
   2.1565188836880946E-002
   2.1578369765616029E-002
   2.1593752659911255E-002
   2.1599867216230390E-002
   2.1633479350949145E-002
   2.1637491184820841E-002
   2.1642363717601604E-002
   2.1660698735346106E-002
   2.1671397066354309E-002
   2.1678476251897127E-002
   2.1690163689548791E-002
   2.1706244782014716E-002
   2.1711944012813525E-002
   2.1720585719040491E-002
   2.1731818655136920E-002
   2.1735712803440770E-002
   2.1747148510529665E-002
   2.1755812781600662E-002
   2.1774097497613269E-002
   2.1789595662405205E-002
   2.1795548998901647E-002
   2.1803011414368099E-002
   2.1815647348789918E-002
   2.1823531132030529E-002
   2.1834684111628463E-002
   2.1847610395197066E-002
   2.1856234555291894E-002
   2.1874328488921867E-002
   2.1879526712175558E-002
   2.1885814791116124E-002
   2.1908949361668033E-002
   2.1914762166874092E-002
   2.1926967249350289E-002
   2.1928317919263533E-002
   2.1932915572403719E-002
   2.1939282408590506E-002
   2.1955325196801018E-002
   2.1981583485864157E-002
   2.1989164181970874E-002
   2.1993157701376147E-002
   2.2027895146898121E-002
   2.2031640786630897E-002
   2.2041201810923568E-002
   2.2044868019961486E-002
   2.2057295651938844E-002
   2.2064212899263424E-002
   2.2078786879519603E-002
   2.2082385323447796E-002
   2.2096302802782530E-002
   2.2098526249891361E-002
   2.2116603187440600E-002
   2.2120388020538475E-002
   2.2137228455216346E-002
   2.2152310506434791E-002
   2.2157937795366522E-002
   2.2169819476136988E-002
   2.2176398034561257E-002
   2.2188579134466559E-002
   2.2205312367406381E-002
   2.2215713632988753E-002
   2.2235242909034628E-002
   2.2242397820263514E-002
   2.2253118484580978E-002
   2.2263256603619424E-002
   2.2269798902017052E-002
   2.2275807228163167E-002
   2.2295532235256679E-002
   2.2305813210878867E-002
   2.2314676776807651E-002
   2.2328148419036783E-002
   2.2341223718623172E-002
   2.2345554527795259E-002
   2.2358707774256550E-002
   2.2366424535408908E-002
   2.2389910469829341E-002
   2.2395581702994351E-002
   2.2401429875633507E-002
   2.2416311790300122E-002
   2.2426116070216263E-002
   2.2429616468408908E-002
   2.2440311548379957E-002
   2.2449135731119084E-002
   2.2460311788074831E-002
   2.2469526929678824E-002
   2.2479484571952885E-002
   2.2481467769778041E-002
   2.2501275872223826E-002
   2.2515328946455922E-002
   2.2531483825276467E-002
   2.2534224349248379E-002
   2.2539552525254362E-002
   2.2550429115494035E-002
   2.2577417246898070E-002
   2.2580061177233327E-002
   2.2595555215837320E-002
   2.2600792510464360E-002
   2.2609453863326925E-002
   2.2624409988634235E-002
   2.2638434634448350E-002
   2.2649746898209873E-002
   2.2667767368998254E-002
   2.2671230403898630E-002
   2.2677417342700276E-002
   2.2695186004813843E-002
   2.2717612381319828E-002
   2.2731001472159985E-002
   2.2740101719213101E-002
   2.2754354402766193E-002
   2.2760841785034788E-002
   2.2766413800029073E-002
   2.2785347467359711E-002
   2.2800721063039760E-002
   2.2806983023057427E-002
   2.2819693273588289E-002
   2.2829658295907888E-002
   2.2837221228857334E-002
   2.2854571878416538E-002
   2.2874535023934706E-002
   2.2882994201486984E-002
   2.2893079522532524E-002
   2.2896934156168450E-002
   2.2908061380904173E-002
   2.2917451853937055E-002
   2.2931897959226111E-002
   2.2941502624195333E-002
   2.2945539838618696E-002
   2.2964491617917440E-002
   2.2967461751070520E-002
   2.2979938212850295E-002
   2.2986057130412092E-002
   2.3002512909538270E-002
   2.3007709581412017E-002
   2.3024930393603541E-002
   2.3033105260605390E-002
   2.3047045619626710E-002
   2.3058687985908471E-002
   2.3063492325498668E-002
   2.3072127125756223E-002
   2.3088967335082054E-002
   2.3103229204746143E-002
   2.3112558838027396E-002
   2.3129014306732261E-002
   2.3142891826985323E-002
   2.3156489188716899E-002
   2.3165201599256884E-002
   2.3172627212226321E-002
   2.3179206220211721E-002
   2.3199582249941054E-002
   2.3208735174098962E-002
   2.3220053582662461E-002
   2.3224208137392347E-002
   2.3238423528382107E-002
   2.3250783378757071E-002
   2.3268526629086992E-002
   2.3282841029748515E-002
   2.3286094407049422E-002
   2.3302126983748988E-002
   2.3310981371271085E-002
   2.3325713488487828E-002
   2.3342721416880603E-002
   2.3346376163163329E-002
   2.3368553390611037E-002
   2.3371127678366146E-002
   2.3381375339194301E-002
   2.3386380076337473E-002
   2.3403770430337655E-002
   2.3406476428391405E-002
   2.3424872933235183E-002
   2.3439515894368025E-002
   2.3443916778221580E-002
   2.3449146957514821E-002
   2.3456338184232373E-002
   2.3471210274591175E-002
   2.3478362455946911E-002
   2.3486226136525231E-002
   2.3496058379332253E-002
   2.3509653101877671E-002
   2.3520620641051163E-002
   2.3525470851104336E-002
   2.3545571988367455E-002
   2.3561412077015252E-002
   2.3568377338985001E-002
   2.3574194120556360E-002
   2.3587946273715871E-002
   2.3593731056153231E-002
   2.3614822047336861E-002
   2.3615204033829940E-002
   2.3624416402293950E-002
   2.3632738161870316E-002
   2.3652396808261637E-002
   2.3659064027007990E-002
   2.3678183261355127E-002
   2.3694180552055653E-002
   2.3708397047052854E-002
   2.3728262032518689E-002
   2.3732789731740853E-002
   2.3740703092462980E-002
   2.3754130299533219E-002
   2.3781179370308450E-002
   2.3791778169947538E-002
   2.3794914229381660E-002
   2.3803941887304749E-002
   2.3826393770413977E-002
   2.3830126719871593E-002
   2.3838171836385726E-002
   2.3855224332466188E-002
   2.3859481415345149E-002
   2.3869023697151666E-002
   2.3888706406775317E-002
   2.3895021826925957E-002
   2.3911104561465998E-002
   2.3916135062697127E-002
   2.3927240954803353E-002
   2.3937395770966770E-002
   2.3941600050223413E-002
   2.3970832011481875E-002
   2.3985489360067138E-002
   2.3990875656344123E-002
   2.3996324248598249E-002
   2.4006903506236934E-002
   2.4029567450303064E-002
   2.4034247206565672E-002
   2.4042580245839204E-002
   2.4048619122959927E-002
   2.4069721489110449E-002
   2.4081035834852969E-002
   2.4093357871459539E-002
   2.4099774928456660E-002
   2.4111505878108692E-002
   2.4122283146445298E-002
   2.4129801195536663E-002
   2.4140052649494492E-002
   2.4149742594677018E-002
   2.4157688210376855E-002
   2.4166299412451041E-002
   2.4180073261574144E-002
   2.4192019756572033E-002
   2.4213096925020640E-002
   2.4221010365719692E-002
   2.4233300838132708E-002
   2.4242483555213145E-002
   2.4256035011415773E-002
   2.4269630973688942E-002
   2.4283669374905441E-002
   2.4293426461381801E-002
   2.4302608548574047E-002
   2.4311307391452940E-002
   2.4329783418679071E-002
   2.4337014567264597E-002
   2.4347596230811362E-002
   2.4370398854263210E-002
   2.4381839506778316E-002
   2.4392538239539085E-002
   2.4406493636680678E-002
   2.4423409021858900E-002
   2.4431163580491008E-002
   2.4434721130778988E-002
   2.4450693514351883E-002
   2.4463486242513460E-002
   2.4468258939210119E-002
   2.4480908010152579E-002
   2.4488237943052688E-002
   2.4494777165061557E-002
   2.4521948030196052E-002
   2.4528399839047504E-002
   2.4542658723119504E-002
   2.4560086685044401E-002
   2.4567122024297221E-002
   2.4570601304146917E-002
   2.4582152286586060E-002
   2.4594677993078965E-002
   2.4596426339265627E-002
   2.4603176397994704E-002
   2.4623142583458400E-002
   2.4635951453560651E-002
   2.4648237299800084E-002
   2.4656637003010233E-002
   2.4683986708212403E-002
   2.4688169624139989E-002
   2.4694608924329415E-002
   2.4709459246612657E-002
   2.4719548098510270E-002
   2.4740771883127163E-002
   2.4751310169896935E-002
   2.4758302982948704E-002
   2.4768146648736795E-002
   2.4769880776783066E-002
   2.4795191096504458E-002
   2.4799206232536661E-002
   2.4814973202688714E-002
   2.4822960474740887E-002
   2.4825211209380929E-002
   2.4837878146571089E-002
   2.4843739172310277E-002
   2.4860053902041643E-002
   2.4869074143033749E-002
   2.4887214736331289E-002
   2.4892555793022825E-002
   2.4910040982246470E-002
   2.4930384367090590E-002
   2.4937232836962680E-002
   2.4949008637567587E-002
   2.4965920787617387E-002
   2.4981414377119718E-002
   2.4993938427464654E-002
   2.5010499572058701E-002
   2.5014717934789977E-002
   2.5027514258021747E-002
   2.5039922204429521E-002
   2.5053007524640892E-002
   2.5058088192100324E-002
   2.5072404737755870E-002
   2.5079213501581030E-002
   2.5081981141043180E-002
   2.5091205330417702E-002
   2.5101244378218885E-002
   2.5112244076751396E-002
   2.5125667377132611E-002
   2.5131594025151086E-002
   2.5148544197392597E-002
   2.5154374605251686E-002
   2.5173172507388042E-002
   2.5185133624347301E-002
   2.5190401965229838E-002
   2.5212546142755726E-002
   2.5219674506870828E-002
   2.5235581253233854E-002
   2.5241877166454579E-002
   2.5248679599263767E-002
   2.5257323178706704E-002
   2.5271826412841567E-002
   2.5284614113873553E-002
   2.5302173184802126E-002
   2.5319563616636689E-002
   2.5324339535443177E-002
   2.5337913716283057E-002
   2.5354158474711952E-002
   2.5361774924625380E-002
   2.5374716662903592E-002
   2.5383652496742896E-002
   2.5396864806750605E-002
   2.5408120986012573E-002
   2.5425700293965396E-002
   2.5439664239968456E-002
   2.5447183370074736E-002
   2.5470610741903123E-002
   2.5492955166539474E-002
   2.5495654241266496E-002
   2.5508238591802360E-002
   2.5522541025356976E-002
   2.5527141699519355E-002
   2.5550459646465341E-002
   2.5556841008342050E-002
   2.5578254879847565E-002
   2.5583463432246066E-002
   2.5603768813882606E-002
   2.5635395939054346E-002
   2.5637901189135164E-002
   2.5658988647931268E-002
   2.5663937528242215E-002
   2.5670041663778315E-002
   2.5690583173756103E-002
   2.5702864066241480E-002
   2.5711756124177473E-002
   2.5740638468678353E-002
   2.5751325965303086E-002
   2.5759688674714468E-002
   2.5777564400050582E-002
   2.5791605769150187E-002
   2.5799529380705687E-002
   2.5810502219465067E-002
   2.5829016450524760E-002
   2.5848127514234508E-002
   2.5859652524804995E-002
   2.5864844533513610E-002
   2.5878982349905728E-002
   2.5884227026373125E-002
   2.5898374856519007E-002
   2.5916380046958513E-002
   2.5926306662030753E-002
   2.5939285299579330E-002
   2.5955632700654083E-002
   2.5963038547158125E-002
   2.5982570875723844E-002
   2.5998229421926707E-002
   2.6002945530705816E-002
   2.6018752712760936E-002
   2.6025369773531488E-002
   2.6038890520606817E-002
   2.6058691511018119E-002
   2.6068514963460552E-002
   2.6080244435547583E-002
   2.6092944349079734E-002
   2.6112870569773405E-002
   2.6118535770093376E-002
   2.6138086316526386E-002
   2.6143369809371809E-002
   2.6155628110264881E-002
   2.6177109350590391E-002
   2.6189809626799548E-002
   2.6216283067413793E-002
   2.6229805227493779E-002
   2.6248038048278490E-002
   2.6257974136000724E-002
   2.6260090465117382E-002
   2.6276966969343164E-002
   2.6295958892886009E-002
   2.6298381295024698E-002
   2.6314915738480622E-002
   2.6316409220456770E-002
   2.6336931325912787E-002
   2.6359286815192048E-002
   2.6382982659479300E-002
   2.6385535631753072E-002
   2.6397743102292190E-002
   2.6421463217114687E-002
   2.6429525451654903E-002
   2.6453837587976297E-002
   2.6462552359967514E-002
   2.6473383472586081E-002
   2.6483619884616359E-002
   2.6491940928230560E-002
   2.6515864812929307E-002
   2.6522266434046451E-002
   2.6524720151090597E-002
   2.6550039250814915E-002
   2.6560034646940827E-002
   2.6569405177238655E-002
   2.6574854193656010E-002
   2.6598780059807918E-002
   2.6613512984236806E-002
   2.6631755206978344E-002
   2.6640888575773722E-002
   2.6662891823054358E-002
   2.6668751838262027E-002
   2.6671379201694073E-002
   2.6679765144977760E-002
   2.6706201008901344E-002
   2.6715911538603296E-002
   2.6726399580884439E-002
   2.6740046672554800E-002
   2.6751374397239326E-002
   2.6760167239026744E-002
   2.6768576934128169E-002
   2.6794144559215114E-002
   2.6803914282527951E-002
   2.6823691760206301E-002
   2.6826624333118894E-002
   2.6849894025214625E-002
   2.6857713968184597E-002
   2.6871437606325276E-002
   2.6885080802099628E-002
   2.6902710630901321E-002
   2.6904023128256564E-002
   2.6934535259450741E-002
   2.6945136108074755E-002
   2.6952022816714823E-002
   2.6985742657592179E-002
   2.7010429393798076E-002
   2.7012568335848162E-002
   2.7015746745015595E-002
   2.7035295806603968E-002
   2.7063120399058668E-002
   2.7083104553450466E-002
   2.7099594770585204E-002
   2.7114409448544968E-002
   2.7122141899563450E-002
   2.7152575631958744E-002
   2.7171266920190118E-002
   2.7178648945097559E-002
   2.7202581493983993E-002
   2.7221418679143811E-002
   2.7232773331837573E-002
   2.7237564080153286E-002
   2.7244785099975657E-002
   2.7273169482980031E-002
   2.7288264121522871E-002
   2.7301964260259052E-002
   2.7311817895162030E-002
   2.7316311849262007E-002
   2.7334957641887720E-002
   2.7351526545586313E-002
   2.7354273338348712E-002
   2.7379729281237646E-002
   2.7386424098809460E-002
   2.7402907247547223E-002
   2.7419420689966577E-002
   2.7422419866605988E-002
   2.7447189172545815E-002
   2.7454509777137894E-002
   2.7476649368295147E-002
   2.7481327798581527E-002
   2.7488971846209215E-002
   2.7513278657878015E-002
   2.7515420740998602E-002
   2.7565008980248357E-002
   2.7569543392325088E-002
   2.7575639625822570E-002
   2.7585184867794040E-002
   2.7601320178946780E-002
   2.7615020185350798E-002
   2.7619783659828812E-002
   2.7646100134277714E-002
   2.7652863166273373E-002
   2.7663475205272053E-002
   2.7707382061777287E-002
   2.7719704822893529E-002
   2.7731506383362303E-002
   2.7750875923589980E-002
   2.7755841107229898E-002
   2.7776675014338455E-002
   2.7789137655574139E-002
   2.7805494738771436E-002
   2.7826682208518846E-002
   2.7835249773068168E-002
   2.7846859758635809E-002
   2.7853350298217172E-002
   2.7871095344175614E-002
   2.7877805745394158E-002
   2.7889146236972598E-002
   2.7901848315832915E-002
   2.7908030535143315E-002
   2.7912978189274643E-002
   2.7932257147246078E-002
   2.7937935012285173E-002
   2.7958558166394466E-002
   2.7969701537324646E-002
   2.7980288481828059E-002
   2.7986604774757857E-002
   2.7992711973630187E-002
   2.8002566020319836E-002
   2.8011012933986890E-002
   2.8018751558064263E-002
   2.8052554223397173E-002
   2.8062236345888128E-002
   2.8080800410280868E-002
   2.8104420442108407E-002
   2.8125171167901541E-002
   2.8127261561335229E-002
   2.8148640425608506E-002
   2.8159746095104868E-002
   2.8169209073480680E-002
   2.8176886121554640E-002
   2.8197277298333687E-002
   2.8232304533524395E-002
   2.8234253546011421E-002
   2.8239240845481534E-002
   2.8260670180313065E-002
   2.8265999052562284E-002
   2.8299050299278691E-002
   2.8320023601256929E-002
   2.8327247407060864E-002
   2.8348996733566455E-002
   2.8370916063440069E-002
   2.8376308316386541E-002
   2.8388791531354228E-002
   2.8396661878245563E-002
   2.8436677507348049E-002
   2.8441039230533462E-002
   2.8460253491864339E-002
   2.8463642746138072E-002
   2.8469489471497078E-002
   2.8483047564759282E-002
   2.8503843231383004E-002
   2.8514714120381462E-002
   2.8528500123861510E-002
   2.8532772165219239E-002
   2.8547621679769292E-002
   2.8562481630135410E-002
   2.8575654135095482E-002
   2.8587801427014146E-002
   2.8622798110562078E-002
   2.8634278665960463E-002
   2.8639573841114523E-002
   2.8657024149578429E-002
   2.8679559824382011E-002
   2.8687127324838725E-002
   2.8716221054102493E-002
   2.8720655665087275E-002
   2.8747780977017339E-002
   2.8754346199311942E-002
   2.8780882080043528E-002
   2.8784202108330395E-002
   2.8803916142358481E-002
   2.8811812357000796E-002
   2.8823007561589491E-002
   2.8839224677755664E-002
   2.8850651162008915E-002
   2.8870044376855572E-002
   2.8899831662398488E-002
   2.8928903324535585E-002
   2.8940203971531322E-002
   2.8956557358538890E-002
   2.8961110727809072E-002
   2.8975283435080271E-002
   2.9014796822254503E-002
   2.9030486210230612E-002
   2.9033032457132742E-002
   2.9051410971290641E-002
   2.9076472109628757E-002
   2.9092883146370156E-002
   2.9125138904375261E-002
   2.9126530252570105E-002
   2.9144194621043406E-002
   2.9183843926199611E-002
   2.9185453035885812E-002
   2.9192641691446183E-002
   2.9230923699642652E-002
   2.9234499940992437E-002
   2.9251969673603023E-002
   2.9257208398436818E-002
   2.9276483851538533E-002
   2.9293636003322847E-002
   2.9299183407436903E-002
   2.9316988081813537E-002
   2.9336863502493399E-002
   2.9369682378126101E-002
   2.9380732896306074E-002
   2.9391809137870331E-002
   2.9413049353367859E-002
   2.9420042911360553E-002
   2.9456921242286462E-002
   2.9458649612744744E-002
   2.9475240511284636E-002
   2.9489305658888819E-002
   2.9511098761389066E-002
   2.9521219489454308E-002
   2.9528030367443271E-002
   2.9549934115563881E-002
   2.9564375273498276E-002
   2.9579294836079441E-002
   2.9590814539976518E-002
   2.9609129760092563E-002
   2.9618447807390785E-002
   2.9629377541860600E-002
   2.9647020054902350E-002
   2.9660144867433479E-002
   2.9678859614311801E-002
   2.9697969816528873E-002
   2.9715594948248870E-002
   2.9730258691870237E-002
   2.9746075150231768E-002
   2.9762807331211928E-002
   2.9786426175448764E-002
   2.9800185120373936E-002
   2.9810418691633093E-002
   2.9823768269181841E-002
   2.9837573985257167E-002
   2.9858161387675022E-002
   2.9871256004788880E-002
   2.9888961692071281E-002
   2.9900357743895361E-002
   2.9929319930229504E-002
   2.9932581916293902E-002
   2.9956186950476936E-002
   2.9981262413874141E-002
   2.9987311310857967E-002
   2.9999084598364093E-002
   3.0028264154467979E-002
   3.0040622032708703E-002
   3.0050555909324907E-002
   3.0071733046994727E-002
   3.0088175892843093E-002
   3.0092101023536221E-002
   3.0120620409539358E-002
   3.0138454670148085E-002
   3.0151516237974862E-002
   3.0163501084907566E-002
   3.0188666318088059E-002
   3.0210974976592340E-002
   3.0219296182186977E-002
   3.0240987507419763E-002
   3.0258085950901934E-002
   3.0276148258151059E-002
   3.0286815014900520E-002
   3.0317029940256354E-002
   3.0322133728396511E-002
   3.0336972133392811E-002
   3.0347563466580119E-002
   3.0373604480603320E-002
   3.0385353657466800E-002
   3.0409860332445898E-002
   3.0422051472645571E-002
   3.0439635833506069E-002
   3.0457033467688008E-002
   3.0475298599989625E-002
   3.0482068527937566E-002
   3.0505206136179529E-002
   3.0508579132947862E-002
   3.0547903648492351E-002
   3.0569120890903440E-002
   3.0582638374068827E-002
   3.0589807664100046E-002
   3.0617172961040471E-002
   3.0639590833302598E-002
   3.0674835087918090E-002
   3.0691052011108791E-002
   3.0705001953957489E-002
   3.0714850103855953E-002
   3.0741352313054634E-002
   3.0752680167401739E-002
   3.0771903884190838E-002
   3.0796456747024831E-002
   3.0801752083192656E-002
   3.0826572450428122E-002
   3.0856991871382456E-002
   3.0874273673544644E-002
   3.0894302784850464E-002
   3.0909179874081916E-002
   3.0938124466391249E-002
   3.0956882648951387E-002
   3.0972088480405127E-002
   3.0986051872026767E-002
   3.1006060133110389E-002
   3.1042218024982499E-002
   3.1051098984407673E-002
   3.1058926796055392E-002
   3.1069820959616534E-002
   3.1103518567387824E-002
   3.1107898477114364E-002
   3.1125351502065097E-002
   3.1152030441598168E-002
   3.1170973927948931E-002
   3.1177562054074435E-002
   3.1233644437362158E-002
   3.1257539559713332E-002
   3.1265886455365717E-002
   3.1280495181721255E-002
   3.1304754982635262E-002
   3.1309484495909978E-002
   3.1336888535115022E-002
   3.1351984687679864E-002
   3.1375695601434661E-002
   3.1393687587792311E-002
   3.1413691966270710E-002
   3.1424116575570184E-002
   3.1430373243175574E-002
   3.1482311915987146E-002
   3.1486718248446711E-002
   3.1502109557352359E-002
   3.1521895264305107E-002
   3.1553274415477700E-002
   3.1576961985430418E-002
   3.1590138218763324E-002
   3.1619417437417766E-002
   3.1632506957916494E-002
   3.1640880830155156E-002
   3.1652177711570251E-002
   3.1673865875374789E-002
   3.1720923060379873E-002
   3.1732458832374084E-002
   3.1748434956435909E-002
   3.1785152855061984E-002
   3.1791846543613653E-002
   3.1828455250892479E-002
   3.1853030873990371E-002
   3.1872474487988224E-002
   3.1903446184655709E-002
   3.1926031623989576E-002
   3.1938978343023720E-002
   3.1973214192286173E-002
   3.1981342179735396E-002
   3.2002036444503043E-002
   3.2020265701520598E-002
   3.2037980691409097E-002
   3.2058660116645765E-002
   3.2080037378173720E-002
   3.2089421411147089E-002
   3.2110220787190460E-002
   3.2140783435650092E-002
   3.2147838707095415E-002
   3.2157810523961376E-002
   3.2204662500668273E-002
   3.2233986394339532E-002
   3.2247401895504603E-002
   3.2286245153936320E-002
   3.2300270841916334E-002
   3.2313239751938831E-002
   3.2334358147939973E-002
   3.2339713180186587E-002
   3.2402972340129191E-002
   3.2417409882427584E-002
   3.2434059382163274E-002
   3.2462932801741604E-002
   3.2469836739172947E-002
   3.2507268595284980E-002
   3.2521673048793255E-002
   3.2541691876105817E-002
   3.2569863634507007E-002
   3.2587738320304663E-002
   3.2597738307038791E-002
   3.2628715689767732E-002
   3.2646955951979542E-002
   3.2664333961250416E-002
   3.2682641464243205E-002
   3.2702597445825481E-002
   3.2726596581753732E-002
   3.2735093054007978E-002
   3.2751344461887953E-002
   3.2778992749069917E-002
   3.2789598961797006E-002
   3.2823820996997877E-002
   3.2847425918115382E-002
   3.2871686466918029E-002
   3.2893667893899213E-002
   3.2912691009058484E-002
   3.2938559744839460E-002
   3.2952282010714908E-002
   3.2986601101154360E-002
   3.3014317492055772E-002
   3.3037026037931960E-002
   3.3084679408704229E-002
   3.3090674867429754E-002
   3.3118601796144530E-002
   3.3128716700888253E-002
   3.3144466024111217E-002
   3.3177202632156511E-002
   3.3211039576711884E-002
   3.3223503775706612E-002
   3.3253228741027423E-002
   3.3274994723256755E-002
   3.3284355179684644E-002
   3.3295766537040979E-002
   3.3334484950516378E-002
   3.3362390513836403E-002
   3.3370092401097423E-002
   3.3415460708386517E-002
   3.3451972581644666E-002
   3.3462388606647173E-002
   3.3472138765092779E-002
   3.3526235677392331E-002
   3.3539127332068749E-002
   3.3553393317148308E-002
   3.3561751095069869E-002
   3.3580520964480554E-002
   3.3590693550403811E-002
   3.3616840752474349E-002
   3.3645853388435502E-002
   3.3680287376841686E-002
   3.3685079581880523E-002
   3.3722026275135535E-002
   3.3742520312153315E-002
   3.3772530496674315E-002
   3.3810034835465318E-002
   3.3822598155472644E-002
   3.3846714239312368E-002
   3.3883075269378386E-002
   3.3915880814471749E-002
   3.3929971297995555E-002
   3.3969830170857543E-002
   3.3982041967137756E-002
   3.3991319232284996E-002
   3.4005062115742238E-002
   3.4054230940314394E-002
   3.4078529346247881E-002
   3.4112164555376398E-002
   3.4126153769301518E-002
   3.4145553744116708E-002
   3.4169370547924703E-002
   3.4179333401223977E-002
   3.4209015141280198E-002
   3.4228313309133784E-002
   3.4250662125334307E-002
   3.4261295520994141E-002
   3.4292459940327445E-002
   3.4311876431250048E-002
   3.4338904816895721E-002
   3.4362530178958073E-002
   3.4379907925450613E-002
   3.4390295624009921E-002
   3.4416161277336918E-002
   3.4431968835084863E-002
   3.4441817151444086E-002
   3.4459054805762251E-002
   3.4489424387063213E-002
   3.4507761948332598E-002
   3.4536712107553179E-002
   3.4561474436602471E-002
   3.4580171439479307E-002
   3.4616883726152993E-002
   3.4644914997765411E-002
   3.4659046872187786E-002
   3.4680248690976016E-002
   3.4714387285490096E-002
   3.4719336878224684E-002
   3.4744594839559079E-002
   3.4770529753389463E-002
   3.4804202269952990E-002
   3.4814838591355445E-002
   3.4838176712387425E-002
   3.4887557122689886E-002
   3.4897659886940428E-002
   3.4917035310921260E-002
   3.4951436782338377E-002
   3.4985755637035390E-002
   3.5001220406875103E-002
   3.5020491362848044E-002
   3.5033263132224872E-002
   3.5052406188776475E-002
   3.5090676427965733E-002
   3.5102869679321948E-002
   3.5160843445825297E-002
   3.5177929732731934E-002
   3.5219110377474376E-002
   3.5237757991671899E-002
   3.5266273314940436E-002
   3.5277695230053939E-002
   3.5286258592113325E-002
   3.5344857082693755E-002
   3.5365388645594506E-002
   3.5405092437029474E-002
   3.5424283893929084E-002
   3.5437120438638163E-002
   3.5455111472268194E-002
   3.5467365147168958E-002
   3.5481579745335626E-002
   3.5526176272192317E-002
   3.5538223830513256E-002
   3.5551449607491452E-002
   3.5588430662949269E-002
   3.5620093607998199E-002
   3.5639113508390621E-002
   3.5688365486342320E-002
   3.5723301440225182E-002
   3.5729905472926093E-002
   3.5757822161732407E-002
   3.5783300985302927E-002
   3.5789618630566788E-002
   3.5823596979175698E-002
   3.5846656533504426E-002
   3.5863713532330303E-002
   3.5907078748378923E-002
   3.5922948648971956E-002
   3.5986940489596685E-002
   3.6009782339911263E-002
   3.6030044379530578E-002
   3.6063991086080840E-002
   3.6086488426020608E-002
   3.6121705231599667E-002
   3.6151578630037880E-002
   3.6166395523070501E-002
   3.6190809856031958E-002
   3.6233850385941943E-002
   3.6237537413521419E-002
   3.6272985725328555E-002
   3.6294376987194552E-002
   3.6330525811591616E-002
   3.6364566159458760E-002
   3.6391248515636500E-002
   3.6416542022232747E-002
   3.6435134075334018E-002
   3.6473643612233271E-002
   3.6486404761654899E-002
   3.6492838270885647E-002
   3.6523601169425830E-002
   3.6560999080206442E-002
   3.6582499592394478E-002
   3.6609954060574365E-002
   3.6652836410354619E-002
   3.6659015672193991E-002
   3.6690259329247021E-002
   3.6705601866807346E-002
   3.6761521312641231E-002
   3.6783376052851667E-002
   3.6817306681216654E-002
   3.6834107566878709E-002
   3.6867922773978920E-002
   3.6886130889105480E-002
   3.6937601474834096E-002
   3.6942930168546807E-002
   3.6973815868825123E-002
   3.6986864854432845E-002
   3.7021618524047575E-002
   3.7052612370931277E-002
   3.7065375778131827E-002
   3.7096439469718842E-002
   3.7126104140090689E-002
   3.7210418000814142E-002
   3.7238049157358961E-002
   3.7257767136668986E-002
   3.7276121329011910E-002
   3.7299148587677050E-002
   3.7318266297386292E-002
   3.7331350073841314E-002
   3.7363237798755985E-002
   3.7379854374989446E-002
   3.7431947743203554E-002
   3.7470836071183650E-002
   3.7485963073353161E-002
   3.7513007618965907E-002
   3.7533975352430415E-002
   3.7553160449415278E-002
   3.7594708420616393E-002
   3.7625407013858171E-002
   3.7643519827051740E-002
   3.7687410797204959E-002
   3.7704182452246819E-002
   3.7745194315487687E-002
   3.7760616891132338E-002
   3.7797929563216627E-002
   3.7842364410106986E-002
   3.7873538546800090E-002
   3.7887380469184342E-002
   3.7926165151833884E-002
   3.7935840805335068E-002
   3.7995405963660717E-002
   3.8030937046473604E-002
   3.8033338802258357E-002
   3.8082774356021643E-002
   3.8133127558949619E-002
   3.8150080254371416E-002
   3.8167579899420344E-002
   3.8183806806909720E-002
   3.8220898858186671E-002
   3.8299550384151067E-002
   3.8313768906355371E-002
   3.8338948720995018E-002
   3.8354771310115103E-002
   3.8387955685649483E-002
   3.8418489975949793E-002
   3.8445861408261783E-002
   3.8493657279875068E-002
   3.8538847338873902E-002
   3.8560481253389629E-002
   3.8572219859164827E-002
   3.8630631002672292E-002
   3.8649867404595126E-002
   3.8686154320194059E-002
   3.8708794300739841E-002
   3.8741485296996947E-002
   3.8771542577448082E-002
   3.8783250843180267E-002
   3.8795030521227153E-002
   3.8816728875033797E-002
   3.8868232365670274E-002
   3.8899255119819037E-002
   3.8917527126430970E-002
   3.8934574280148071E-002
   3.8957681919755793E-002
   3.9003762793341612E-002
   3.9028899503381231E-002
   3.9067243716426489E-002
   3.9085279958104339E-002
   3.9142191520690081E-002
   3.9162572103420619E-002
   3.9180918943862657E-002
   3.9230506444594679E-002
   3.9241909847196534E-002
   3.9268664786001814E-002
   3.9296568139832004E-002
   3.9365519199962062E-002
   3.9392088126000174E-002
   3.9469546061265390E-002
   3.9487156109798451E-002
   3.9532126997113046E-002
   3.9557814734509512E-002
   3.9574755664862807E-002
   3.9592137671887864E-002
   3.9622450753153411E-002
   3.9693750608116189E-002
   3.9706911642929853E-002
   3.9750069160898897E-002
   3.9793315767950928E-002
   3.9822262944464330E-002
   3.9846924083952739E-002
   3.9892414910991103E-002
   3.9911851437332037E-002
   3.9955759272482738E-002
   3.9992994490577506E-002
   4.0035883464605800E-002
   4.0066188857161823E-002
   4.0088769030437309E-002
   4.0129147630841612E-002
   4.0136674566952329E-002
   4.0168653485068352E-002
   4.0200584554126832E-002
   4.0240292922549499E-002
   4.0309491951140621E-002
   4.0346743451962562E-002
   4.0386640204236303E-002
   4.0404092267227153E-002
   4.0427545698255470E-002
   4.0464471911984018E-002
   4.0514804897473215E-002
   4.0577162653868896E-002
   4.0601277989494915E-002
   4.0653618872846194E-002
   4.0691112760073568E-002
   4.0706070890125942E-002
   4.0761860942765800E-002
   4.0779301647514025E-002
   4.0824221278505372E-002
   4.0861428803857000E-002
   4.0870659262481006E-002
   4.0898696983460249E-002
   4.0927696523466575E-002
   4.0956658791914895E-002
   4.1034135535108728E-002
   4.1107809319931382E-002
   4.1136492511342493E-002
   4.1169739947621617E-002
   4.1227189570828236E-002
   4.1275744120885124E-002
   4.1316753178909565E-002
   4.1372410339012212E-002
   4.1388490908282768E-002
   4.1419624779121478E-002
   4.1493305163238105E-002
   4.1520174651596006E-002
   4.1543309756930526E-002
   4.1582303654060501E-002
   4.1627700703707124E-002
   4.1632536477810143E-002
   4.1670660115967990E-002
   4.1726920587918569E-002
   4.1749230290487722E-002
   4.1833193379981599E-002
   4.1868558815650658E-002
   4.1885658492493427E-002
   4.1943601872941778E-002
   4.1994606167939687E-002
   4.2004048031502719E-002
   4.2051704026537122E-002
   4.2063367356004827E-002
   4.2111210124805516E-002
   4.2145753494405594E-002
   4.2211716415869377E-002
   4.2285369250781212E-002
   4.2327713996003116E-002
   4.2364035413224865E-002
   4.2420050164311024E-002
   4.2504370078561816E-002
   4.2519041564276099E-002
   4.2580677388909943E-002
   4.2624013344729310E-002
   4.2672656891604960E-002
   4.2696739129237882E-002
   4.2749804093643692E-002
   4.2802505330131031E-002
   4.2818671812263245E-002
   4.2853241559676243E-002
   4.2899740203648604E-002
   4.2922746642593122E-002
   4.2980198911635618E-002
   4.3002845341179853E-002
   4.3047657035101675E-002
   4.3089457152013497E-002
   4.3179611315622014E-002
   4.3196632526609345E-002
   4.3225983512710779E-002
   4.3291494221343436E-002
   4.3405519419527534E-002
   4.3450695061421990E-002
   4.3505088213177473E-002
   4.3547855324034324E-002
   4.3562701791667956E-002
   4.3655119636159249E-002
   4.3701298145761895E-002
   4.3775101316471762E-002
   4.3917171611534363E-002
   4.3965469714195883E-002
   4.3991854001948924E-002
   4.4104646071251932E-002
   4.4195676585149259E-002
   4.4231758289858362E-002
   4.4273810099892848E-002
   4.4395621711386529E-002
   4.4468700695799210E-002
   4.4478295144723540E-002
   4.4508521669047847E-002
   4.4550982186885295E-002
   4.4637482992623920E-002
   4.4682396550632858E-002
   4.4701516614305201E-002
   4.4841213302565047E-002
   4.4876236907944657E-002
   4.4909569847923068E-002
   4.4965732218790952E-002
   4.5005403888304762E-002
   4.5103369041258098E-002
   4.5222371765745034E-002
   4.5309963257358643E-002
   4.5359329798244641E-002
   4.5399262064640074E-002
   4.5435311782440931E-002
   4.5538180554610425E-002
   4.5549330276052583E-002
   4.5592555402686981E-002
   4.5645001894063293E-002
   4.5721176515466519E-002
   4.5795916005846420E-002
   4.5846256622798176E-002
   4.5911656578589373E-002
   4.5986220054391853E-002
   4.6047196377034971E-002
   4.6175035151910487E-002
   4.6207033586747361E-002
   4.6222228750933340E-002
   4.6310196528373253E-002
   4.6469416989815548E-002
   4.6659406305757996E-002
   4.6728116789737803E-002
   4.6743763947689906E-002
   4.6817010914835616E-002
   4.6942748209961714E-002
   4.7154993796016585E-002
   4.7198378159355014E-002
   4.7263500625337469E-002
   4.7341950815187599E-002
   4.7384976387568237E-002
   4.7533727396159471E-002
   4.7653258337669029E-002
   4.7695381327160460E-002
   4.7827208701888703E-002
   4.7845293502838539E-002
   4.7942208682241777E-002
   4.8059692846427256E-002
   4.8187255442054003E-002
   4.8224293003675929E-002
   4.8408323691316667E-002
   4.8521274896412822E-002
   4.8612506346622050E-002
   4.8706082917485703E-002
   4.8817302813729903E-002
   4.8862915955076525E-002
   4.9025320504784316E-002
   4.9063476776627500E-002
   4.9140780573960680E-002
   4.9196562282493105E-002
   4.9370234500293889E-002
   4.9403459032084061E-002
   4.9547947488167307E-002
   4.9591448818640395E-002
   4.9767137031851857E-002
   4.9941640126769743E-002
   5.0054248005380053E-002
   5.0126253145655421E-002
   5.0299703977342951E-002
   5.0400153510994021E-002
   5.0768966724700000E-002
   5.0807395223028046E-002
   5.1016009949100091E-002
   5.1083874134448058E-002
   5.1256587430444145E-002
   5.1469268795695369E-002
   5.1644670806975837E-002
   5.1722188901358844E-002
   5.2056465875335918E-002
   5.2182236736138594E-002
   5.2293065798739741E-002
   5.2451631481429645E-002
   5.2572469939428441E-002
   5.2635378639775444E-002
   5.2773534575061135E-002
   5.3085361694333623E-002
   5.3299875253617048E-002
   5.3831600461786179E-002
   5.4023082839019278E-002
   5.4229280386456850E-002
   5.4565386012567232E-002
   5.4700143673751166E-002
   5.4769043441817468E-002
   5.5075508801817490E-002
   5.5871046688270601E-002
   5.6121259630621846E-002
   5.6407070016695322E-002
   5.6714910820754701E-002
   5.6813344686596691E-002
   5.7027215442202420E-002
   5.7912185200301468E-002
   5.8430264092813662E-002
   5.8655958638673483E-002
   5.9693703918160861E-002
   5.9722983523794668E-002
   6.0769481957539270E-002
   6.0855182279396347E-002
   6.1640358790392660E-002
   6.3077179163210081E-002
   6.3359739894511255E-002
   6.3958189284260669E-002
   6.4489401277243910E-002
   6.4720110517306667E-002
   6.5968448204555608E-002
   6.7052626008656427E-002
   6.7315247694797256E-002
   6.8070274523493915E-002
   7.1564465590754647E-002
   7.3540280996068394E-002
   7.8880277350247940E-002
   7.9245574753193160E-002
   8.0394248438714136E-002
   8.1535451125618164E-002
   8.5839135984906376E-002
   8.7736314937693280E-002
   8.8160687810906760E-002
   9.0978067331448295E-002
   9.2516035255285886E-002
   9.2797741327228386E-002
   9.4119042090161906E-002
   9.4951619683381228E-002
   9.5146949370120346E-002
   9.6022334085909489E-002
   9.6896207894189623E-002
   9.7913130996301001E-002
   9.8487340954727998E-002
   9.9247362132480935E-002
   9.9554591198199816E-002
  0.10262575792516682     
  0.10291068820699610     
  0.10306251161991579     
  0.10336997604668308     
  0.10351033325379738     
  0.10382099642144141     
  0.10402990397052768     
  0.10405735469849885     
  0.10435769176019004     
  0.10484732990338880     
  0.10619516164541508     
  0.10799266954123186     
  0.10833895909763097     
  0.10913049041986476     
  0.10921825803483451     
  0.10938232544144008     
  0.10958694396611422     
  0.10966427910956107     
  0.11358114743957776     
  0.11411488057981152     
  0.11449271573095748     
  0.11499520224882498     
  0.11528291915204533     
  0.11602202739860813     
  0.11614082588897452     
  0.11784886574930052     
  0.11788444162369947     
  0.11861489393635707     
  0.11973361728716175     
  0.11988716602438521     
  0.12222373742559345     
  0.12243385388917818     
  0.12351341133974306     
  0.12592655178305739     
  0.12602995888584931     
  0.12680708140068245     
  0.12710751676844301     
  0.12827265537569707     
  0.12953735458785071     
  0.12962716824905221     
  0.12998516617624026     
  0.13019966673654376     
  0.13039264839658771     
  0.13113329626894246     
  0.13288799987219449     
  0.13318292751510385     
  0.13321644898061027     
  0.13399580406791248     
  0.13402669077411217     
  0.13409935576617199     
  0.13440612443178479     
  0.13534338070455701     
  0.13540502348819003     
  0.13555449817905538     
  0.13712736928103381     
  0.13731118663182404     
  0.13746097772926824     
  0.13847599809825015     
  0.13858769589385742     
  0.14043024443980540     
  0.14113891864300418     
  0.14122061464808930     
  0.14178243379564837     
  0.14232106093553085     
  0.14265299204782569     
  0.14286767538970721     
  0.14347588036822015     
  0.14377194879700078     
  0.14382852255946313     
  0.14438085447055621     
  0.14552511841056254     
  0.14606612477793493     
  0.14707422266097764     
  0.14755461952343685     
  0.14775039408787108     
  0.14819799434774816     
  0.14838990509941455     
  0.14860474394575879     
  0.14902657175603085     
  0.14969128181915126     
  0.14988111428435516     
  0.15056945546242637     
  0.15104262019568748     
  0.15130939067843752     
  0.15132301258635561     
  0.15179676800477032     
  0.15191793487711386     
  0.15286538911153152     
  0.15465133617464413     
  0.15492549972118613     
  0.15603638524394570     
  0.15670732938361950     
  0.15777873218056215     
  0.15894316301867503     
  0.15906617934793219     
  0.15955545001098775     
  0.16010816702974431     
  0.16073600397884691     
  0.16123569543035576     
  0.16188996212352702     
  0.16267597604042380     
  0.16349085629821322     
  0.16369802112656143     
  0.16493073564771069     
  0.16683735306975175     
  0.16717807641798832     
  0.16747376518297899     
  0.16835944373556849     
  0.16912804609543725     
  0.17114736927402996     
  0.17180083148966990     
  0.17214034273495527     
  0.17289006186565747     
  0.17391237494037801     
  0.17462030301272402     
  0.17515485178662252     
  0.17639935904498860     
  0.17776467742049451     
  0.17799472317490292     
  0.17971181727175981     
  0.18045911913562931     
  0.18361136845764825     
  0.18425443602264233     
  0.18480258211312686     
  0.18763631699991365     
  0.18775800870609829     
  0.18804494274696046     
  0.18908607952725409     
  0.19135979924143576     
  0.19149199081473695     
  0.19204226791489085     
  0.19603837517390349     
  0.19698649144804223     
  0.19947500111521285     
  0.19989333515195243     
  0.20076441792095018     
  0.20129984726147096     
  0.20139199507452274     
  0.20191977215744139     
  0.20308684417552370     
  0.20392818785915656     
  0.20451868963811201     
  0.20554097617300801     
  0.20748900001341344     
  0.20776443048871360     
  0.20803468961767735     
  0.20859363480647458     
  0.20973104342456064     
  0.21061376177339150     
  0.21087590337922837     
  0.21207631211033556     
  0.21252152124212664     
  0.21314546872170609     
  0.21568180752082455     
  0.21658227758289969     
  0.21783651138424456     
  0.21885201022609324     
  0.21949711826379392     
  0.21966220047404755     
  0.22109459087722666     
  0.22163402579170685     
  0.22198999955287491     
  0.22437492121065622     
  0.22509315151674503     
  0.22619118234379601     
  0.22672608224980337     
  0.22908110349073174     
  0.22983470197690020     
  0.22992789837574554     
  0.23049056958812011     
  0.23221223539910904     
  0.23375734113997237     
  0.23401397833198659     
  0.23445702582347333     
  0.23446579707367721     
  0.23655579351394984     
  0.23814971170332946     
  0.23970380596303092     
  0.23971437983290358     
  0.23979142797145098     
  0.24063368399127583     
  0.24162842302449358     
  0.24304360123122515     
  0.24455381236211052     
  0.24704769133813059     
  0.24819589698057415     
  0.24926125237333310     
  0.25033374676424658     
  0.25072640966613213     
  0.25121338841536844     
  0.25235071406070686     
  0.25441944834097663     
  0.25552405532453498     
  0.25897581854929502     
  0.26705982910867015     
  0.26710536362805365     
  0.28025473043716326     
  0.29927095997892261     
  0.30309120110111726     
  0.30544686201723731     
  0.30561857683768662     
   549.29193229398379     
   610.22036586220906     
   627.92946903165011     
   633.19026894483295     
   633.38706543360877     
   641.03398474209257     
   645.80868449305115     
   646.27422614563295     
   650.39844685469041     
   651.75191686676726     
   654.22495062553014     
   657.49637233491944     
   661.84858077513752     
   665.85316431885644     
   666.71851900693241     
   669.13999017772301     
   672.41370707458634     
   672.84917828838343     
   672.91522109177754     
   673.08857928365740     
   674.81714914958422     
   675.48693180171119     
   676.10856140266867     
   678.67885456683268     
   679.59327566967727     
   681.50353182809999     
   683.38468925487712     
   684.76737783245562     
   684.94491953524505     
   689.52768070987293     
   692.50107896361294     
   693.23012229059907     
   693.49894908820249     
   694.18961442403156     
   695.74690559866701     
   696.74779577873210     
   697.09611120698935     
   699.10185105404139     
   702.46601335099285     
   702.74981300280137     
   703.06320272388837     
   706.87746742872969     
   708.51995814261204     
   708.77508583709346     
   711.75579279313672     
   712.89189906850868     
   713.20328805780059     
   714.80289220110149     
   715.03433075244095     
   716.50119725507284     
   717.09967567278284     
   717.74441300808257     
   718.66436078602908     
   721.35682954210858     
   724.46468522184875     
   725.25331720170209     
   726.10386517643713     
   726.39928622482034     
   727.57485329100734     
   732.09033241449140     
   732.25375874306451     
   733.95990874263771     
   734.14201218643689     
   735.48934295934930     
   738.74436539603687     
   739.02670652278391     
   742.23227698305038     
   742.36463874356264     
   745.35930490537066     
   749.45296437664842     
   750.08898132773845     
   751.56004728492508     
   753.19188896876733     
   754.10553264691293     
   754.56163891310905     
   755.54726693193675     
   756.50175821768562     
   756.53454698728274     
   756.68947907483187     
   757.37421272352572     
   761.45028483271381     
   763.45869188684333     
   763.59137434837783     
   763.84675551252894     
   765.09772510225685     
   766.70998998082905     
   767.96234979487156     
   769.98116113086417     
   770.93196675437605     
   772.93830291508857     
   773.91936782306163     
   775.48441279459121     
   778.41154308187674     
   780.88090884974054     
   782.06565397649945     
   785.01206101268872     
   785.88779447304807     
   786.34080379402872     
   790.61747230863091     
   790.87149966608933     
   791.64785720082773     
   794.52213241093955     
   796.97340040582378     
   796.99304559341522     
   797.09592525199912     
   797.14501803015469     
   798.94273870071333     
   801.37560349729608     
   802.66428656504252     
   804.61623067390144     
   805.03828497810525     
   805.32063926027695     
   806.13224298160173     
   811.91900075724880     
   814.59443368386519     
   815.18312773717844     
   817.13380984928051     
   818.67453950183869     
   821.46340989688917     
   822.66023539151286     
   823.86878634172399     
   825.01953373484616     
   825.42287045372041     
   828.86022562928679     
   834.21968608022712     
   834.52091049771946     
   834.65566181557097     
   835.66551763509744     
   837.15360603335250     
   842.20798614366367     
   842.56004843388155     
   845.69669407237973     
   847.45972088465669     
   851.66853754758336     
   851.92863478627214     
   852.35486346655932     
   856.09419551033841     
   856.89794122826822     
   857.32987822803875     
   860.46536079025350     
   862.10226902929139     
   864.29875295393310     
   865.99451822375397     
   869.20176503381288     
   870.88634806341827     
   873.84373987099048     
   874.00130582437839     
   874.83468414204981     
   876.40489398011118     
   881.97773172530469     
   883.99519755714550     
   887.45685208560121     
   887.82325090629843     
   888.25465793055048     
   888.48959896144163     
   892.16071730539966     
   895.04506482894794     
   895.32016389877288     
   896.74113511111864     
   901.19046225836837     
   901.22848767574806     
   908.04973200962365     
   910.12712372405474     
   914.32645714038347     
   914.51905123775123     
   915.09361103868798     
   915.49686177220917     
   916.44664348440574     
   917.84195436508105     
   922.35608866536154     
   922.55341940537494     
   923.68405158897974     
   924.08139102916357     
   925.02860273225190     
   926.63123122309707     
   927.11772456544782     
   929.77344987013180     
   930.19932288223868     
   933.02458468220539     
   934.66992511810633     
   935.22260498177377     
   936.33774924621753     
   939.38933173899170     
   939.47966847713872     
   940.74572885175053     
   941.49242902555090     
   942.58581362939378     
   945.05110964496714     
   945.56102337238792     
   946.69581109851822     
   949.28463200697001     
   949.67433021506554     
   951.57269791190936     
   951.61547979312206     
   951.72694938971131     
   955.51662768570100     
   955.58225644545769     
   957.05162427146035     
   957.29704406631970     
   957.44318367267681     
   958.42474804525591     
   960.70843777307482     
   963.23465238943027     
   963.29618081408830     
   964.63703958896053     
   966.18718811233589     
   966.70051940801784     
   967.36526431287587     
   968.29799203365587     
   972.88585221919618     
   989.48690347483807     
   991.41826936747191     
   1018.2246694972872     
   1184.6844178086287     
   1198.6994295345571     
   1200.1549786332575     
   1203.9626924016454     
   1205.0980484259094     
   1213.4920384460327     
   1218.3550285065294     
   1220.0561618130298     
   1227.4965847756953     
   1227.6404763576679     
   1227.8197818503008     
   1231.1951111998490     
   1232.7761219361691     
   1238.4232584283918     
   1242.5343882646378     
   1245.5127245577453     
   1246.9354726221381     
   1249.6967444071474     
   1251.0975430154990     
   1253.8903415151608     
   1258.2536549813144     
   1258.4703022505335     
   1259.1138928811999     
   1260.2786502412121     
   1262.8480484542642     
   1267.4032425207804     
   1271.7821353194015     
   1271.9528530654079     
   1275.2964565164400     
   1278.3113959622367     
   1278.4342807691107     
   1278.7417679910232     
   1285.3967036592767     
   1290.3991897831729     
   1291.1113882109037     
   1293.0352807824013     
   1293.6015433849043     
   1295.4958258116023     
   1299.7522080026447     
   1301.5913278209739     
   1303.6821616874743     
   1304.2578954340618     
   1308.8632042733270     
   1314.3135290283849     
   1318.5413767398502     
   1321.4819439441533     
   1326.6810320782711     
   1327.9267246058698     
   1330.6909235184773     
   1334.2062736970900     
   1334.6743566175016     
   1334.7142902678931     
   1337.8958146569123     
   1338.0306084033871     
   1339.6905241993420     
   1339.9712127329094     
   1345.9914283697981     
   1352.0325522740579     
   1354.5452689794065     
   1356.3091517185187     
   1357.9164948370051     
   1362.9805694949516     
   1365.5615032624453     
   1366.3224187923006     
   1366.3973652813170     
   1368.2120316632802     
   1372.5903190460349     
   1374.9183914669964     
   1378.6463256284203     
   1379.8389137039278     
   1380.5260298731166     
   1380.8598136230910     
   1385.0145793642166     
   1385.3001624261128     
   1390.4106376775835     
   1395.4180401223020     
   1398.9779545909118     
   1399.5361680117317     
   1401.3034787674017     
   1403.0100944151209     
   1403.7509616812372     
   1408.8106362574888     
   1408.9751523299212     
   1412.3986150036444     
   1414.4183055842766     
   1420.0010524060667     
   1421.9566762268682     
   1422.4466498063707     
   1424.4707740226811     
   1425.5198082600384     
   1427.7789471328792     
   1429.4594015365506     
   1430.3041711307526     
   1431.6540908645002     
   1433.7312389630792     
   1437.5764601861740     
   1444.0621358862547     
   1447.7565662864974     
   1450.7874737704317     
   1453.2604512412186     
   1453.3381551681186     
   1454.1998814653846     
   1454.5057141934610     
   1456.8285178529691     
   1461.0484804218727     
   1461.6260125815547     
   1461.7335634319686     
   1463.1626796162932     
   1464.2893302893544     
   1468.2655898587770     
   1473.2202113209642     
   1475.4430143407626     
   1487.9210998985538     
   1488.7760856011107     
   1493.7962560513658     
   1494.2897712878214     
   1495.2042127062925     
   1496.7108793654809     
   1499.1929238556791     
   1500.1811222950873     
   1504.8248663244688     
   1505.4781471501258     
   1505.7649115891570     
   1511.7658729549876     
   1515.9360746904001     
   1523.1354521466546     
   1523.5497710657464     
   1523.6594452260672     
   1523.8814457198625     
   1524.0657194928872     
   1524.8782613985634     
   1526.0699232081165     
   1528.5934922332212     
   1544.9505388968516     
   1547.6733834190668     
   1549.7206840999163     
   1556.8053845211648     
   1558.9461754111192     
   1559.7224893582547     
   1560.8516845855484     
   1562.3443396451034     
   1563.6229456742931     
   1564.8067910122759     
   1568.5901057025824     
   1572.6802736147056     
   1573.1698387411129     
   1574.6579989244481     
   1578.7013051853824     
   1583.6768982809131     
   1583.9340753715799     
   1587.9892908128852     
   1588.5741402983783     
   1591.6978141155689     
   1593.4229034496450     
   1597.3855488940706     
   1605.1178446322442     
   1608.6970589354478     
   1608.7499891011744     
   1614.1638609741865     
   1618.3200593577064     
   1618.4974554008807     
   1621.8908401767917     
   1622.5287544715100     
   1625.2104151561991     
   1630.2964652456774     
   1631.4857973324370     
   1634.0593576732581     
   1634.6178393392117     
   1635.4379653286178     
   1640.2027818809461     
   1645.1334175209249     
   1647.4522546593212     
   1652.0954026173185     
   1665.1564333467591     
   1667.3980691581660     
   1668.8128477111236     
   1669.6973219561869     
   1670.7021549449357     
   1671.4150521196987     
   1671.7668993529053     
   1675.2560544719715     
   1676.4624533890203     
   1683.6815034278459     
   1686.9204971579400     
   1692.4262429235182     
   1694.7896362799404     
   1694.9302736327770     
   1705.8235315330874     
   1712.7130057974837     
   1712.9177080674465     
   1713.5769311465478     
   1715.8101661638277     
   1719.3545437515654     
   1734.0658131604212     
   1734.3840740169965     
   1735.7187544671178     
   1739.5713685779829     
   1745.1453751476017     
   1746.2768939921291     
   1747.0506433583278     
   1749.1775338689181     
   1751.9280278636827     
   1753.0193942980081     
   1754.0615489256907     
   1754.4842076605282     
   1772.0374799067383     
   1773.3456440418950     
   1780.0565173389682     
   1785.9135166525493     
   1786.5739197748680     
   1790.7933148134905     
   1792.0445215956968     
   1792.0624156664794     
   1795.1151046569510     
   1797.0137895718433     
   1797.3105696214234     
   1798.1451086176639     
   1802.8078437203674     
   1804.1086687899954     
   1808.6810387963421     
   1809.0103167532170     
   1810.8003928438536     
   1811.6633218535530     
   1813.2203289442587     
   1814.8625660022831     
   1821.9591262285776     
   1824.1448086065443     
   1824.3542969181344     
   1825.3379257005802     
   1827.3164932404463     
   1831.5601032770385     
   1832.2468257016260     
   1832.7720791283382     
   1837.7278730003570     
   1838.3027886088771     
   1840.3647196788579     
   1848.1565797350484     
   1848.5896238399575     
   1858.3800845098094     
   1859.2854383294709     
   1860.4070315970509     
   1864.9002948876735     
   1865.7800910589337     
   1865.9778096182597     
   1867.4826883796472     
   1875.0488641585264     
   1876.2445093267293     
   1879.1993839020752     
   1879.2993805151666     
   1886.5562855532285     
   1889.5521580532547     
   1891.4162999663833     
   1891.6899591970800     
   1892.6148740105959     
   1893.2524771162555     
   1894.0512246548353     
   1898.9664959945060     
   1899.6936323478208     
   1899.9159579425309     
   1901.3482565907975     
   1901.6249166038469     
   1902.4732382671905     
   1903.2373620672104     
   1904.0567000900573     
   1905.2499290422813     
   1906.6705079384842     
   1906.9896131535947     
   1909.9672066688734     
   1911.1821844731471     
   1912.8907499985564     
   1915.8626841973748     
   1915.8774845665785     
   1916.4110510018440     
   1917.4234558708695     
   1920.5750432851726     
   1922.5368473710603     
   1923.8483319828938     
   1923.8696881291339     
   1925.5586226599021     
   1928.1136562311344     
   1928.9574815884778     
   1929.0877043544740     
   1929.4464109456333     
   1929.6921556830657     
   1932.4282981989636     
   1933.6167582610999     
   1940.4915819046644     
   1945.2895389321930     
   1945.3840801851061     
   1946.8766926399539     
   1947.0351468099102     
   1948.4374886304649     
   1951.5649557422278     
   1951.7655306794500     
   1958.1945419945002     
   1963.2665155272932     
   1963.3153062108292     
   1966.7625909743845     
   1967.2862941947885     
   1968.3741652339761     
   1973.7018512230352     
   1976.4957491403118     
   1977.5845707834367     
   1985.0258791517022     
   2028.6756839482489     
   2047.3275572421471     
   2071.6881316765862     
   2074.1532115713967     
   2077.9532129473837     
   2080.1198605975719     
   2088.4098700816144     
   2090.2429695420806     
   2101.2329615219392     
   2101.3409035648133     
   2102.3341804203392     
   2103.1250871907887     
   2108.4277899023937     
   2110.8757149565704     
   2113.3249843631934     
   2115.8627530070917     
   2117.7478171328530     
   2121.3640604979414     
   2124.5558824821151     
   2125.0948177037553     
   2127.1622548384389     
   2129.9979681891441     
   2130.3905541723748     
   2130.5240066237488     
   2131.9517357512486     
   2138.8342524015043     
   2143.5128799543963     
   2143.7684189521842     
   2143.9761698841962     
   2144.4078725535892     
   2150.5026741961315     
   2152.8291684202745     
   2153.1792041973977     
   2155.3893607304303     
   2156.8044711467055     
   2159.6467783633780     
   2160.2037466516349     
   2160.9938086654706     
   2162.3623085079053     
   2163.2350200524543     
   2163.7639036785322     
   2167.2983964958275     
   2170.5731886138196     
   2172.3800491408697     
   2173.7917181911980     
   2175.5342666660545     
   2175.9786953195653     
   2178.4109549389841     
   2179.1062339238661     
   2179.6595397386827     
   2182.8196521596906     
   2182.8986111929557     
   2183.6889084013792     
   2184.4102724508302     
   2185.1096380750837     
   2185.3160205973886     
   2187.0288340562852     
   2188.9035088076084     
   2190.0944032825878     
   2191.9898109856822     
   2192.0933655546464     
   2192.8261032278238     
   2192.9021029136247     
   2193.5228663306921     
   2196.8272168292542     
   2197.2618784830624     
   2197.8994910571278     
   2199.2068859198730     
   2200.1940374611440     
   2204.2237321292750     
   2205.0674669121149     
   2206.4881993937361     
   2209.6430398260363     
   2210.4693358106615     
   2211.4238047228250     
   2214.0996652365998     
   2214.5940031731234     
   2215.8793958935112     
   2216.2589632782879     
   2218.7095633894401     
   2219.6972799528066     
   2222.7137570846371     
   2227.6841732844041     
   2230.7054847137811     
   2232.1322887857032     
   2232.4225099993973     
   2232.4640793003423     
   2234.2217770806737     
   2234.4035230835721     
   2235.0310922276331     
   2237.4933916497994     
   2238.5177300480323     
   2239.1053031011998     
   2241.4043488720586     
   2243.9715425145278     
   2245.3298176329122     
   2247.8092999805672     
   2253.4931166790057     
   2255.1325952810503     
   2255.3109768194963     
   2261.6431507728412     
   2264.5148300644773     
   2265.2186423954740     
   2267.1964603229708     
   2269.0972739259232     
   2273.4336634204351     
   2273.8584029256472     
   2275.4606322551349     
   2277.5618436889126     
   2278.4251078107695     
   2278.9530921212690     
   2283.9388648094618     
   2291.8204091589027     
   2301.4334000490198     
   2302.7578361554301     
   2305.9192972894430     
   2308.5759978726683     
   2309.0285721604496     
   2311.2503809381178     
   2311.3961824462790     
   2312.6850860703780     
   2314.7519180791755     
   2318.1423788615348     
   2319.1771772579186     
   2326.6908617388690     
   2328.7786139281748     
   2330.2454530338532     
   2331.7441058996992     
   2333.0719473878648     
   2336.9506187647471     
   2339.6869311143091     
   2340.1744720529409     
   2345.4079915729794     
   2352.0340593394258     
   2355.7068276205737     
   2356.0703812123611     
   2356.1783308933086     
   2356.7737129160028     
   2359.8763878115747     
   2360.1247213887737     
   2361.1273224602278     
   2363.3413060586477     
   2364.9800688342784     
   2367.3027397667988     
   2372.6452269560345     
   2374.0280086710127     
   2374.1225293200005     
   2375.6930158915879     
   2376.8967744769107     
   2377.2630458131489     
   2378.7141101480743     
   2379.7009434088004     
   2380.9918925336465     
   2382.7899014051577     
   2383.3786930675351     
   2383.5786458572761     
   2384.7474322986895     
   2384.9916376466763     
   2395.5203067188959     
   2396.3187492031939     
   2400.1408963923864     
   2400.7147535491613     
   2401.4905352753858     
   2408.2851417611323     
   2411.2232769419761     
   2412.3219044602611     
   2413.8231913760860     
   2417.1261557179278     
   2419.3675370387186     
   2423.2468080003910     
   2423.7222649854921     
   2425.7198388557781     
   2425.7417882292402     
   2426.2005462032175     
   2428.1925334709836     
   2428.2481281077903     
   2429.7273662079451     
   2431.9823795106263     
   2432.0916645982325     
   2436.1683893063364     
   2438.7042773683493     
   2441.0673148878618     
   2441.4695933702933     
   2444.8950163971340     
   2445.1748944064475     
   2446.2333488689810     
   2448.6809621008961     
   2448.8841466160975     
   2449.7211749789071     
   2449.9263992479482     
   2450.7920606397606     
   2452.3688670720408     
   2454.3933848429592     
   2454.7607111015177     
   2459.2158047270837     
   2460.0378370741032     
   2461.3673004357333     
   2463.0077249751889     
   2463.3904257498298     
   2465.3170504180061     
   2469.9834968874516     
   2472.0488400596537     
   2477.0013952591262     
   2478.6992192178973     
   2480.4186189932625     
   2483.5870712126302     
   2485.5207219240829     
   2488.1883672487961     
   2489.1916857510105     
   2490.9246674250749     
   2495.8595510722207     
   2497.9638910099493     
   2500.5057793398250     
   2504.5869204927535     
   2508.1361271493524     
   2510.5169307549795     
   2511.4860706036484     
   2513.4938453484106     
   2515.0588572161573     
   2515.6498530171548     
   2516.2622788713857     
   2518.8607036011836     
   2519.8630456981850     
   2522.4600656859411     
   2523.6541996211863     
   2524.2959782043295     
   2524.9346263468760     
   2526.3719398624016     
   2532.5496406194920     
   2535.3194600433744     
   2535.7763033806759     
   2537.6600154926809     
   2539.7130479774946     
   2545.4684128106328     
   2546.1995842992005     
   2547.2921829711258     
   2549.5585017067519     
   2549.6825830180433     
   2551.0805482444180     
   2553.9619977991774     
   2554.6736222871309     
   2554.8249068781383     
   2560.9091678333348     
   2567.0343934307298     
   2567.9962528875421     
   2569.0804025386569     
   2570.6299098123213     
   2571.5466612384607     
   2572.6818097919472     
   2573.6843818179700     
   2574.6469520221822     
   2574.9628411576405     
   2574.9905459458651     
   2576.4072470632523     
   2577.1857351455556     
   2577.2692516592710     
   2577.5864076715966     
   2578.7544275057189     
   2581.2264851507771     
   2581.6250676282766     
   2582.6645483316902     
   2584.5637647203012     
   2586.8570603972430     
   2587.3168099302216     
   2587.3982637789695     
   2588.2712004891373     
   2589.1742932258612     
   2589.2130651406469     
   2589.9498205898967     
   2590.1193570257960     
   2590.9277509838080     
   2591.8905796222789     
   2595.7025623606323     
   2597.7815729148492     
   2601.5160280552996     
   2601.9087839186968     
   2603.1170873698638     
   2604.2959272026260     
   2604.4384970576857     
   2606.8753351304331     
   2608.3139107399952     
   2608.7409158297892     
   2609.0056321276552     
   2610.5576254359298     
   2610.8027971505498     
   2611.4207341985125     
   2611.5942192643702     
   2611.9088732988830     
   2613.6573107297259     
   2613.8772241989100     
   2615.6390819189724     
   2615.8513541152706     
   2619.6307539917429     
   2625.2354938852691     
   2628.3520028503726     
   2629.0016612676909     
   2629.5550680182478     
   2630.5771055689593     
   2632.4441438003405     
   2632.7428719566346     
   2635.3030726892434     
   2637.0836586779342     
   2638.4328633251894     
   2640.6938413853663     
   2641.1782131366640     
   2643.3797812178141     
   2643.4257193115145     
   2644.7859814661638     
   2644.9783894803031     
   2645.3658190460678     
   2646.3514887172983     
   2646.9451859080482     
   2646.9964297495108     
   2648.8453856445653     
   2649.3118094654506     
   2649.5870660948858     
   2649.9236157561536     
   2650.6840711250152     
   2651.4116977847184     
   2652.2374041634639     
   2652.9910376601929     
   2653.5239736950693     
   2653.6196077256814     
   2655.4033949527534     
   2656.4182811195751     
   2658.6439020879620     
   2659.4421043057314     
   2661.8394055901963     
   2663.2717643902984     
   2664.7916697846867     
   2666.0843679728187     
   2666.9051331299456     
   2667.8082722619060     
   2668.2014892465777     
   2668.2522864387588     
   2668.4313768057186     
   2671.2437944460826     
   2672.1862093068098     
   2672.6647178177659     
   2672.7009946666153     
   2673.0702324495919     
   2673.5983377428324     
   2675.3063417436438     
   2680.5228096478304     
   2680.9194227221556     
   2681.1277270979695     
   2682.8780852998625     
   2683.7481440894971     
   2685.0762461168019     
   2686.5504975843523     
   2687.2058705997779     
   2687.3158145462353     
   2687.6992328359165     
   2691.4453128457476     
   2692.6027430991799     
   2692.7007243328599     
   2694.2509027897468     
   2694.4705175045287     
   2695.5528939080141     
   2696.6077249831337     
   2697.9353011458738     
   2699.0261391802919     
   2699.5249024621608     
   2700.0061083439614     
   2700.4857631742893     
   2700.8687430998098     
   2701.5065843471384     
   2703.6991620213439     
   2706.1975557280380     
   2706.3908456823074     
   2707.1635909551674     
   2709.2809977656948     
   2710.3901065205846     
   2711.5350656366372     
   2715.6818995613571     
   2717.2230257647611     
   2717.8078664884042     
   2719.5542854406326     
   2719.5677802396362     
   2721.4431853001070     
   2722.6892311831334     
   2723.3169153016993     
   2723.9175551485882     
   2725.4614558347362     
   2728.3189195141831     
   2729.1540786575883     
   2729.4356143761970     
   2729.5114536182186     
   2731.3915745795880     
   2731.9980125513143     
   2732.9932046932349     
   2737.9257631296423     
   2739.2605562995554     
   2739.5285591186998     
   2740.3786293312592     
   2741.1109340656212     
   2742.0941442937792     
   2744.8996313083503     
   2745.4222762990439     
   2747.5614230501778     
   2748.1456972376777     
   2749.9315165708072     
   2750.5571009919231     
   2750.7433339136446     
   2751.6248931706596     
   2756.1634930114728     
   2756.4986951939627     
   2756.5915730876777     
   2758.8245093591245     
   2761.1206270863186     
   2761.2569447037899     
   2765.7107025692644     
   2766.0683871183501     
   2769.2245067126078     
   2769.5759984514602     
   2774.2777823280885     
   2774.6635962912933     
   2774.6819437745194     
   2777.7023464595954     
   2778.5987363583386     
   2778.9863967781007     
   2779.7815232057042     
   2779.9616744568075     
   2781.6899326866928     
   2782.4604150565156     
   2787.3246857567460     
   2788.2012957993197     
   2789.1758756659951     
   2790.1940915690870     
   2792.4778056602468     
   2792.4935650182938     
   2792.7655290202492     
   2793.0859390040027     
   2793.3729481328110     
   2794.4553327311869     
   2795.3695282315589     
   2797.3411227277384     
   2799.0371268403219     
   2799.9775406336439     
   2800.9694502671027     
   2803.3181292834415     
   2805.3423083894950     
   2805.5262436473945     
   2805.8114143828384     
   2806.6041501340942     
   2807.8047446185178     
   2808.6915074684030     
   2809.2301116134790     
   2809.2517757920309     
   2810.7663584834804     
   2811.0701169357594     
   2811.2338515700890     
   2811.7502980137201     
   2811.9221110159001     
   2813.3085619960730     
   2815.3289135838340     
   2816.3804780903170     
   2817.1206880431678     
   2817.4291833306115     
   2818.3532380303186     
   2821.1476547416064     
   2822.2964567164113     
   2823.8823822035888     
   2825.3690944659861     
   2825.7937028344695     
   2828.3795445421306     
   2828.9361524141377     
   2829.7558774601598     
   2831.0660991466407     
   2831.1872175690869     
   2831.8568105087979     
   2832.9858214631245     
   2835.0121736746592     
   2836.0126912065730     
   2836.6220813205955     
   2837.1135639553590     
   2837.6897524526858     
   2838.9183373775677     
   2840.0480167536962     
   2841.0325713680354     
   2842.4155065900636     
   2844.6636437165835     
   2844.7734183104008     
   2845.6757311745309     
   2846.7211653208137     
   2847.1287563237761     
   2847.5489909829685     
   2848.3359624762165     
   2848.4427995017995     
   2848.8018491913394     
   2849.1615751109839     
   2849.5518393250086     
   2849.6260378795655     
   2850.5768547082544     
   2850.5984729460874     
   2851.9970741267007     
   2853.1981649134163     
   2853.5130509164933     
   2856.5183042670415     
   2857.1224411082108     
   2858.9941424860717     
   2859.3038917089434     
   2860.1556563682147     
   2861.0284357283804     
   2861.3746276567763     
   2861.5564843953412     
   2862.7329641712518     
   2863.6805881568935     
   2863.7390980193313     
   2864.7137969491073     
   2867.3868626857038     
   2868.5381094139484     
   2871.1831153238859     
   2871.2636089167681     
   2871.4850953103719     
   2872.5868591611788     
   2873.5595550256585     
   2874.2841720501729     
   2874.8192667948956     
   2875.5050372339620     
   2875.7420220208533     
   2876.4821342716295     
   2876.5612503362745     
   2880.1394946960295     
   2880.2092740839939     
   2882.0282397150722     
   2882.5596710767095     
   2884.8281919612873     
   2885.4001967819086     
   2887.7743981845842     
   2888.9806261053664     
   2889.1599650275912     
   2890.0759614536837     
   2890.4794687231265     
   2890.7657076853561     
   2890.9312138306582     
   2893.3938554802940     
   2895.6692936424752     
   2895.6932536745326     
   2897.4537627631898     
   2898.1988984860159     
   2898.4800529680465     
   2898.4834892175445     
   2898.7643029882879     
   2901.4446843629930     
   2902.5028237462320     
   2907.0523980950957     
   2907.4883668775333     
   2909.7358186461793     
   2909.7676389140202     
   2910.8281978571736     
   2910.9602794765124     
   2915.2326741070660     
   2915.5570390430962     
   2916.0918974345968     
   2918.4426746618683     
   2919.5375812313600     
   2921.8030776005512     
   2922.9045432135276     
   2924.6479263485244     
   2925.1733111886706     
   2926.1869470060460     
   2931.8343676254672     
   2932.3098677187331     
   2936.9624540105410     
   2942.1706650892020     
   2945.2235944678255     
   2947.8801933645705     
   2953.6203437575291     
   2953.9651423355976     
   2956.3665676485139     
   2959.0427554620878     
   2960.3120177888272     
   2960.9045222263680     
   2961.2077522654267     
   2963.0747324886620     
   2963.3053143591892     
   2963.3432165529948     
   2966.5458842181092     
   2969.8966640593849     
   2969.9689856438731     
   2972.9366705447128     
   2973.9556389475238     
   2974.6887371081280     
   2978.6365363057403     
   2982.3395390510955     
   2984.2107033848852     
   2985.9538191574270     
   2987.5156695075502     
   2987.6743669590601     
   2990.9456039007573     
   3001.3729892989609     
   3008.8941899458609     
   3009.2356192926709     
   3009.8799051133706     
   3010.1946414624945     
   3015.0675882432433     
   3015.2490476591588     
   3023.4925931753610     
   3023.6478480790670     
   3036.6044088482035     
   3043.2750211725061     
   3048.4207088881940     
   3052.6715252099598     
   3063.1510107295617     
   3066.8370400235676     
   3067.0811852599395     
   3069.8928084739068     
   3071.5071240532079     
   3082.8032534919112     
   3088.5724033192087     
   3099.4720561377767     
   3100.8795343455436     
   3105.2599061684809     
   3109.0750558465020     
   3141.1519916713928     
   3147.3610287258666     
   3173.3519743394691     
   3186.7651696768835     
   3279.1490850270475     
