    1  23.86   0.000
    2  11.49   0.040
    3  12.94   0.120
    4  16.28   0.110
    5  12.80   0.280
    6  18.80   0.270
    7  26.01   0.240
    8  27.91   0.130
    9  18.90   2.280
   10  14.85   1.560
   11  19.37   1.650
   12  20.54   0.000
   13  27.00   0.000
   14  27.40   0.000
   15  21.18   0.000
   16  19.39   0.000
   17  36.34   0.000
   18  33.26   0.070
   19  35.87   0.110
   20  28.31   0.170
   21  18.41   0.350
   22  16.66   1.720
   23  13.94   1.490
   24  14.51   0.030
   25  13.25   0.000
   26  11.77   0.000
   27  13.36   0.120
   28  14.50   0.180
   29  14.83   6.600
   30  20.86  37.500
   31  34.30 149.240
   32  64.46  72.000
   33 126.08  76.360
   34  92.35 135.270
   35 149.14 108.100
   36  64.79 110.500
   37  28.65  19.030
   38  21.41   4.110
   39  13.83   0.610
   40   9.01   0.570
   41   8.48   0.000
   42   8.72   0.000
   43  10.40   0.070
   44  12.14   0.570
   45  15.39   4.420
   46  22.27  32.910
   47  44.65 120.370
   48  28.23 190.920
   49  31.82 263.190
   50  27.29 174.600
   51  21.37 138.600
   52  32.32 122.130
   53  29.58  49.270
   54  20.10   9.010
   55  20.31   0.260
   56  18.28   0.090
   57  13.60   0.440
   58  13.03   0.530
   59  12.94   0.340
   60   9.36   0.000
   61   7.64   0.000
   62   8.27   0.000
   63   9.34   0.000
   64   8.65   0.000
   65   6.34   0.000
   66   9.36   0.000
   67  10.36   0.000
   68  10.81   0.000
   69   9.65   0.000
   70  12.78   0.000
   71   6.41   0.000
   72   6.44   0.000
   73   7.64   0.000
   74   8.31   0.000
   75   8.30   0.000
   76   8.31   0.380
   77   8.32   0.100
   78   8.49   0.060
   79  10.83   0.550
   80  17.43   1.420
   81  22.50   1.170
   82  24.42   1.480
   83  18.99   1.160
   84  13.28   1.630
   85  11.54   1.270
   86   9.28   0.110
   87   7.00   0.020
   88   9.48   0.040
   89  11.04   0.020
   90  11.66   0.000
   91  12.21   0.000
   92  18.56   0.000
   93  11.75   0.000
   94  10.50   0.000
   95   9.65   0.000
   96   7.72   0.000
   97   7.79   0.000
   98  10.86   0.000
   99  10.32   0.000
  100   8.57   0.000
  101  10.49   0.000
  102  15.50   0.000
  103  16.61   0.000
  104  17.91   0.000
  105  25.71   0.000
  106  32.40   0.000
  107  19.38   0.000
  108  17.02   0.000
  109  10.99   0.000
  110   9.40   0.000
  111   8.31   0.000
  112   7.19   0.000
  113   7.00   0.000
  114   7.04   0.000
  115   6.46   0.000
  116   4.97   0.000
  117   4.64   0.000
  118   5.48   0.000
  119   5.41   0.000
  120   5.29   0.000
  121   5.75   0.000
  122   5.51   0.000
  123   5.43   0.000
  124   6.29   0.000
  125   6.31   0.000
  126   7.13   0.000
  127   7.57   0.000
  128  11.29   0.000
  129  13.07   0.000
  130  10.56   0.000
  131   7.62   0.000
  132   6.75   0.000
  133   5.19   0.000
  134   4.62   0.260
  135   5.41   0.000
  136   5.58   0.000
  137   6.75   0.000
  138   6.55   0.000
  139   8.91   0.000
  140   6.73   0.000
  141   6.23   0.000
  142   7.18   0.000
  143   8.20   0.000
  144  10.48   0.000
  145  15.19   0.000
  146  17.46   0.000
  147  11.40   0.000
  148   9.68   0.000
  149   7.67   0.000
  150   7.27   0.000
  151   5.82   0.000
  152   6.45   0.000
  153   7.74   0.000
  154   7.56   0.000
  155   7.37   0.000
  156   7.47   1.170
  157   7.59  14.110
  158   9.12   4.430
  159  11.57   2.800
  160  11.18   4.390
  161  11.58   2.240
  162   9.42  12.170
  163  15.35  85.560
  164  25.01  90.930
  165  50.15 194.860
  166  46.22 246.000
  167  89.37 306.640
  168  69.37 362.250
  169  27.61 238.910
  170  16.26 265.530
  171   8.91  62.540
  172   9.23  23.900
  173  12.89 316.630
  174  12.73 114.630
  175   8.80   2.740
  176   8.36   0.000
  177  12.11   0.000
  178   6.20   0.000
  179   6.19   0.000
  180   5.32   0.000
  181   7.59   0.000
  182   9.45   0.000
  183   7.44   6.410
  184  10.45   6.310
  185  15.78   7.670
  186  15.09  13.340
  187  12.91  17.020
  188  10.05   2.190
  189   9.05   0.160
  190   5.83   0.000
  191   5.37   0.000
  192   4.99   0.000
  193   4.10   0.000
  194   4.05   0.000
  195   4.02   0.000
  196   3.59   0.000
  197   3.49   0.000
  198   4.06   0.000
  199   4.21   0.000
  200   4.27   0.000
  201   5.30   0.000
  202   4.60   0.000
  203   5.11   0.000
  204   4.60   0.000
  205   4.86   0.000
  206   7.25   0.000
  207   6.99   0.000
  208   8.40   0.000
  209   8.47   0.000
  210  13.35   0.000
  211  23.37   0.000
  212  15.14   0.000
  213  12.67   0.000
  214  56.49   0.000
  215  75.63   0.000
  216  26.77   0.000
  217  26.10   0.000
  218  19.49   0.000
  219  26.21   0.000
  220  21.17   0.000
  221  12.69   0.000
  222  14.07   0.000
  223  18.75   0.000
  224  17.46   0.000
  225  12.63   0.000
  226  18.74   0.000
  227  26.53   0.000
  228  30.21   0.000
  229  23.68   0.000
  230  15.42   0.000
  231  12.72   0.000
  232  14.17   0.000
  233  10.84   0.000
  234  10.55   0.000
  235  17.67   0.000
  236  15.75   0.000
  237  11.29   0.000
  238   9.88   0.000
  239  14.16   0.000
  240  17.87   0.000
  241  12.49   0.000
  242   8.17   0.000
  243  10.45   0.000
  244   8.99   0.000
  245   6.25   0.000
  246   7.33   0.000
  247   7.82   0.000
  248   5.03   0.000
  249   6.05   0.000
  250   7.86   0.000
  251  11.50   0.000
  252  12.02   0.000
  253   7.42   0.000
  254  11.77   0.000
  255   9.97   0.000
  256   5.36   0.000
  257   7.88   0.000
  258   6.36   0.000
  259   7.16   0.000
  260   9.44   0.000
  261   8.30   0.000
  262   7.04   0.000
  263   6.67   0.000
  264   9.76   0.000
  265   9.52   0.000
  266   7.25   0.000
  267   9.47   0.000
  268  12.91   0.000
  269  10.42   0.000
  270   9.24   0.000
  271  14.91   0.000
  272  14.36   0.000
  273   9.28   0.000
  274  17.11   0.000
  275  18.03   0.000
  276  12.35   0.000
  277  11.36   0.000
