 -0.034307
 -0.012753
  0.027908
  0.023362
  0.001479
 -0.036808
  0.044800
  0.062155
 -0.018939
  0.004442
  0.028295
  0.020842
 -0.037709
 -0.024622
 -0.023299
  0.089561
  0.006174
 -0.011848
  0.036922
  0.027960
 -0.054651
  0.009938
  0.042405
  0.001670
 -0.008902
  0.043407
 -0.013737
 -0.003062
  0.024088
  0.012512
 -0.034131
  0.011043
  0.006940
 -0.040866
 -0.031635
 -0.031584
  0.082459
 -0.006719
 -0.019121
  0.070692
  0.019134
  0.047945
  0.024732
 -0.049005
  0.051473
 -0.043614
  0.016426
 -0.019833
 -0.010291
  0.004330
 -0.003558
  0.002971
 -0.003296
  0.005186
 -0.025793
 -0.013820
  0.024190
  0.054797
 -0.046001
 -0.085152
  0.007333
 -0.014218
  0.045275
  0.015113
  0.003009
 -0.028825
 -0.001675
 -0.002531
  0.014969
 -0.047328
  0.004732
 -0.006792
 -0.014740
 -0.015053
  0.031347
 -0.014913
  0.018086
  0.031419
 -0.032773
 -0.017497
  0.005872
  0.033546
  0.040086
 -0.056625
 -0.029446
 -0.005749
  0.017417
  0.039150
  0.002146
  0.032103
 -0.000447
 -0.014305
 -0.028702
 -0.010198
 -0.035030
  0.008566
 -0.006565
  0.009179
  0.003157
  0.054186
  0.015405
 -0.010730
  0.042278
 -0.025009
  0.038019
 -0.021493
  0.007906
  0.023076
  0.025929
 -0.010250
  0.006560
 -0.016460
 -0.011134
 -0.000655
  0.002712
  0.005708
  0.035124
 -0.029965
 -0.015075
 -0.002387
  0.016108
 -0.009088
  0.013019
 -0.034790
 -0.024222
  0.023777
  0.014255
 -0.013566
 -0.043689
 -0.024078
 -0.033459
  0.004072
 -0.001798
 -0.004193
 -0.009982
  0.021205
 -0.001025
  0.011243
  0.018609
 -0.014195
 -0.021332
  0.012873
 -0.022760
 -0.012299
 -0.017603
  0.020876
  0.014957
  0.028199
 -0.049422
  0.015280
 -0.038500
  0.049491
  0.023217
  0.007035
  0.016315
  0.005256
  0.045020
 -0.001304
  0.007167
  0.021291
  0.001030
 -0.012028
  0.024840
  0.004587
 -0.040896
  0.031796
  0.014007
 -0.056437
 -0.038624
 -0.008885
  0.055152
 -0.031875
  0.016342
  0.009659
  0.052272
  0.034040
  0.011232
 -0.071060
 -0.035828
  0.066422
 -0.072367
 -0.050878
 -0.002245
  0.046375
  0.005520
  0.038090
  0.353022
  0.437477
  0.064409
 -0.087191
  0.021092
  0.085410
 -0.275135
 -0.234990
 -0.056768
  0.114823
 -0.003011
 -0.117396
 -0.058136
  0.000143
 -0.020643
 -0.035468
  0.038878
  0.009540
 -0.077319
  0.042031
 -0.025254
  0.023771
  0.036528
  0.015191
 -0.026869
 -0.087119
  0.019491
  0.044502
  0.041096
  0.032422
  0.021379
  0.025341
 -0.027790
 -0.018226
  0.029317
 -0.031246
 -0.018915
 -0.017247
 -0.021421
  0.029483
  0.027116
  0.000387
  0.028354
  0.001502
 -0.004105
  0.001932
 -0.038092
 -0.001418
 -0.049562
  0.027821
 -0.028938
 -0.016810
 -0.009531
 -0.010994
 -0.034277
  0.005338
  0.016682
 -0.051126
 -0.016570
  0.009033
 -0.019116
 -0.023611
 -0.026309
  0.069903
 -0.004752
 -0.031794
  0.009377
  0.003125
  0.022434
  0.052450
 -0.019461
  0.004009
 -0.040746
  0.016888
  0.048883
 -0.024810
  0.027134
 -0.011445
  0.004915
  0.002597
 -0.024905
 -0.007877
 -0.064873
  0.031990
 -0.030964
  0.099180
 -0.016538
  0.003204
 -0.035337
  0.077881
  0.010032
 -0.004619
  0.056743
 -0.017746
  0.005197
  0.003229
 -0.014355
 -0.005043
  0.012890
  0.001400
 -0.072475
  0.006121
  0.050736
  0.007211
  0.027645
  0.000612
 -0.044190
  0.007386
  0.027846
 -0.000473
 -0.061447
 -0.005943
 -0.013907
 -0.010845
 -0.013286
 -0.010009
  0.018542
 -0.026406
 -0.004496
  0.011492
 -0.006444
 -0.022967
 -0.003557
  0.014298
  0.025289
 -0.034239
  0.009709
 -0.016140
 -0.010318
 -0.006819
 -0.001577
 -0.029478
 -0.043925
  0.026892
  0.000340
 -0.006507
 -0.026256
  0.051897
  0.019680
 -0.052382
 -0.017354
 -0.016538
  0.013005
 -0.028995
  0.068535
  0.028763
 -0.043416
 -0.009775
  0.053933
  0.004070
 -0.054143
  0.016170
 -0.044970
  0.041464
 -0.013634
 -0.008201
  0.045580
 -0.015275
 -0.039216
  0.020303
  0.034518
  0.005493
  0.020006
  0.014024
  0.054612
  0.097038
  0.075928
  0.025564
 -0.007540
  0.005249
  0.007472
 -0.015159
  0.019257
 -0.001877
 -0.012560
 -0.020928
  0.015872
 -0.012320
  0.035539
  0.039647
 -0.007217
  0.039481
 -0.006687
  0.011007
  0.013200
 -0.009491
  0.040121
 -0.048777
 -0.005684
 -0.045920
 -0.025178
 -0.038412
 -0.024196
 -0.021892
  0.014474
 -0.003247
 -0.022656
  0.077894
 -0.076203
 -0.129472
 -0.017507
  0.000307
 -0.012372
  0.003763
  0.050082
  0.014501
 -0.012104
  0.064134
  0.001073
  0.027996
 -0.021757
 -0.042256
 -0.012279
  0.002309
  0.066775
 -0.010010
 -0.049311
 -0.064418
  0.020125
 -0.006678
 -0.066921
 -0.026746
 -0.030383
 -0.002735
  0.002983
 -0.046639
  0.003179
 -0.001576
  0.011367
 -0.016680
 -0.010203
 -0.033414
  0.016236
 -0.048378
 -0.009329
 -0.063054
  0.026807
 -0.068761
 -0.050735
 -0.003444
 -0.029818
 -0.037907
  0.028856
  0.087707
 -0.043977
  0.011329
  0.029299
 -0.031113
 -0.000846
 -0.025197
  0.030355
 -0.026373
  0.017034
  0.006337
 -0.005794
  0.041617
 -0.001997
 -0.004661
  0.021237
  0.006408
  0.032187
 -0.042590
  0.020910
  0.006936
 -0.018019
  0.022385
  0.011124
 -0.035971
  0.034960
 -0.000965
 -0.021676
  0.009225
 -0.061135
 -0.031955
 -0.041182
  0.014730
 -0.051131
 -0.018167
 -0.051011
  0.012667
 -0.023420
 -0.030018
 -0.024092
  0.031682
  0.036545
  0.012836
  0.001742
  0.022836
  0.020950
  0.049407
 -0.020826
  0.006244
 -0.008284
 -0.050924
 -0.026051
 -0.013153
 -0.033093
 -0.022545
 -0.017748
  0.028652
 -0.037047
  0.028855
  0.053765
  0.021539
  0.015183
  0.019728
  0.028219
 -0.021771
  0.018861
 -0.001017
  0.018509
  0.007653
  0.047777
 -0.010072
 -0.013922
  0.010521
  0.052390
 -0.015768
  0.012561
  0.012806
 -0.036047
 -0.011239
  0.043009
 -0.047155
