           7  0.32951569003367387        8.9311260329832018E-005
           8  0.27620956396840080        1.3453708281166904E-004
           9  0.22510119263468120        1.9758126092172184E-004
          10  0.47146650902668541        2.7236653226456132E-004
          11  0.26917464801384905        3.6524050039256692E-004
          12  0.31587403266525116        3.8985528629206226E-004
          13  0.32078308726689903        4.9071659287838190E-004
          14  0.32128082958736270        5.0742666153813130E-004
          15  0.40641219898492242        6.2972181731939085E-004
          16  0.11278789704562436        7.0127058545552557E-004
          17   7.6973054297580848E-002   8.4290712066623411E-004
          18  0.62014414629212766        9.4054601493636064E-004
          19  0.26029707599034596        9.8592929455400139E-004
          20  0.44605916862047079        1.1564176187644885E-003
          21  0.24350421581878712        1.2456590858594520E-003
          22  0.30170091154543754        1.4053214930918516E-003
          23  0.32756284458402585        1.4665167966165834E-003
          24  0.52223666028491744        1.5437258172583896E-003
          25  0.47187749421374681        1.6461915684324855E-003
          26  0.43866948233636854        1.7338879560454658E-003
          27  0.27036887621584677        1.9233853398966572E-003
          28  0.40139012862411766        1.9499552045133784E-003
          29  0.30862871421066884        2.0044643409939402E-003
          30  0.32723272483329219        2.0708277562635404E-003
          31  0.30847389237586265        2.1808994702477206E-003
          32  0.12933197837050234        2.3190885602423716E-003
          33  0.37656844702158987        2.3883518154898652E-003
          34  0.37384328074464263        2.6393023739781059E-003
          35  0.54421141234211468        2.6904793253870749E-003
          36  0.53526684914357292        2.8028839318419829E-003
          37  0.29253333460152214        2.9146053380608977E-003
          38  0.39509453546838524        3.0071071394477669E-003
          39  0.41599741685821984        3.0130929041603345E-003
          40  0.41950727482171035        3.2156526290360761E-003
          41  0.47259920617312717        3.3564497696335427E-003
          42  0.52158683254201643        3.4741178904379943E-003
          43  0.41951421822987833        3.5081335940031289E-003
          44  0.42272967209107892        3.6081004232691939E-003
          45  0.39320902161601495        3.8877325915670294E-003
          46  0.41467958794928728        3.9501882822693462E-003
          47  0.63740593342621987        4.1074813486399282E-003
          48  0.58753876366469271        4.1156200305096681E-003
          49  0.49067815833760392        4.2254638552804190E-003
          50  0.30928288337924625        4.3553919261655246E-003
          51  0.48852795505910029        4.4268973833605342E-003
          52  0.50506242409249524        4.5444107319574109E-003
          53  0.49884310614648458        4.7194828165350415E-003
          54  0.48089579368564894        4.8463729236031660E-003
          55  0.47840703757473579        4.9164560609380225E-003
          56  0.43029789921112171        5.0758345777731232E-003
          57  0.50084639907814876        5.2306017991918608E-003
          58  0.57548842745491147        5.3275735235087853E-003
          59  0.68195855861492793        5.3626850314212457E-003
          60  0.42797225742826678        5.4445339630437434E-003
          61  0.37719480459074667        5.5919337595918021E-003
          62  0.40662770617502803        5.6744713009604965E-003
          63  0.59225823555937473        5.8697297545943199E-003
          64  0.40293622490980685        5.9424547790551344E-003
          65  0.37203043883486869        6.0743836554113346E-003
          66  0.51876804452973113        6.1514984816703373E-003
          67  0.63160365180612743        6.2800556608802703E-003
          68  0.59697030740689150        6.5411704043755303E-003
          69  0.58376936732074369        6.7215348867908529E-003
          70  0.50135549558077952        6.8062371615044822E-003
          71  0.44104489147453424        6.9362675808207911E-003
          72  0.58241367817646594        7.0083215790323764E-003
          73  0.39070693656330591        7.0998771702162683E-003
          74  0.35406459058718354        7.3521080502591662E-003
          75  0.40257126242955005        7.3719927642287844E-003
          76  0.29651084248718451        7.5464665062159606E-003
          77  0.61870995197835155        7.9596858116555164E-003
          78  0.42386511092303986        8.0335944655338543E-003
          79  0.46327387340606219        8.2778921160694182E-003
          80  0.51771886634059339        8.3741727108056704E-003
          81  0.21894679263733952        8.4700008617042168E-003
          82  0.52108519185473234        8.5585143863035999E-003
          83  0.48546848895763406        8.8134506551069414E-003
          84  0.45451927182121488        9.0327965661650845E-003
          85  0.48684286090969120        9.0826758113805185E-003
          86  0.48243260094851104        9.2664695954143995E-003
          87  0.51308258464242906        9.4710795924696552E-003
          88  0.32034880949891553        9.6429938131810874E-003
          89  0.47651653206880584        9.7255656093608381E-003
          90  0.43335472544684267        9.9816395083333342E-003
          91  0.38974956384835407        1.0022281913399654E-002
          92  0.53338893767709594        1.0105585273288935E-002
          93  0.36858493811557413        1.0128238809927520E-002
          94  0.44799263335064471        1.0367324381889221E-002
          95  0.31294965378447231        1.0412452470574525E-002
          96  0.47375951055526677        1.0471617633704687E-002
          97  0.48382147294709771        1.0654249101073187E-002
          98  0.42654293049963082        1.0670410444951277E-002
          99  0.43162118025150337        1.0742085482924067E-002
         100  0.48922220414543355        1.0816614758886333E-002
         101  0.48130871928830177        1.0901399322062888E-002
         102  0.38894238665426628        1.1172625435746059E-002
         103  0.52880315838589387        1.1335248785190540E-002
         104  0.54974762045731440        1.1470293744837001E-002
         105  0.52950953694582248        1.1509199653659713E-002
         106  0.39071563114289520        1.1898057481997529E-002
         107  0.31624260393089360        1.2091153932946986E-002
         108  0.55096303929815316        1.2169883135233298E-002
         109  0.54629382150453887        1.2260077782578066E-002
         110  0.52787716818430763        1.2467450789786123E-002
         111  0.43880521686816482        1.2784360755051412E-002
         112  0.46989946928410475        1.2851246115644451E-002
         113  0.50089350184164705        1.3045827512224216E-002
         114  0.56331316735935577        1.3316023131163254E-002
         115  0.44407264379454536        1.3496759320232549E-002
         116  0.60072876530356334        1.3632039255806212E-002
         117  0.52334396170660924        1.3747411476740964E-002
         118  0.37884360343356338        1.3755765411487212E-002
         119  0.51121242990050308        1.4021496726772659E-002
         120  0.27854093417937043        1.4119079318565897E-002
         121  0.47859164511130647        1.4227483168935426E-002
         122  0.20620752811585613        1.4436713685710298E-002
         123  0.51412029984223895        1.4570103700052331E-002
         124  0.56670678939392793        1.4628348756176602E-002
         125  0.57330255331302293        1.4840664081734492E-002
         126  0.51985155581520537        1.4934925166709464E-002
         127  0.49049715191988402        1.5129812319562036E-002
         128  0.40618868016710130        1.5287896780325473E-002
         129  0.38028433462134564        1.5457232577922324E-002
         130  0.31353465811467734        1.5664679897718619E-002
         131  0.31520855669761344        1.5695971489211417E-002
         132  0.55355050337776657        1.5998086787792545E-002
         133  0.44785672570079416        1.6219280133290721E-002
         134  0.51502637532992157        1.6370038081817213E-002
         135  0.45046201223369475        1.6470838356199311E-002
         136  0.58124067879371644        1.6566312702330294E-002
         137  0.55670962617898001        1.6731766014474674E-002
         138  0.44892008563009728        1.6823332675892880E-002
         139  0.47234592198746805        1.7054537796797230E-002
         140  0.37566252526498028        1.7106545389646937E-002
         141  0.23877596550389621        1.7230675302568773E-002
         142  0.26223615771766273        1.7276502178629465E-002
         143  0.56032626964105625        1.7485576682987610E-002
         144  0.46140690440515203        1.7589106200411951E-002
         145  0.49583296152604439        1.7718450714811131E-002
         146  0.51888957074116493        1.7790150160444378E-002
         147  0.56556040718195533        1.8036506600308526E-002
         148  0.23061525947075920        1.8135231949345989E-002
         149  0.37504484797687954        1.8221037467203643E-002
         150  0.52315090864064395        1.8283413738483287E-002
         151  0.47412509708506267        1.8374336498261781E-002
         152  0.39700950866115925        1.8660079390034286E-002
         153  0.40265427622514854        1.8857102280167928E-002
         154  0.57775452881139988        1.8928922118371862E-002
         155  0.44482686010880962        1.9182698892281302E-002
         156  0.53175860683438014        1.9205253468119219E-002
         157  0.42397887959893243        1.9326601812422083E-002
         158  0.43347705353608540        1.9561663307315017E-002
         159  0.48159856552413310        1.9737426991627897E-002
         160  0.50978982307797005        1.9887316249035770E-002
         161  0.52011842589886625        2.0057135230590748E-002
         162  0.56188748031225610        2.0160517749251816E-002
         163  0.50090777556028843        2.0204639322979740E-002
         164  0.38613717315898932        2.0558141340208037E-002
         165  0.52486753378780726        2.0657312266379096E-002
         166  0.44845036814260952        2.0772568539113911E-002
         167  0.49547796747916056        2.1006630223663100E-002
         168  0.45382681797227914        2.1109978653995071E-002
         169  0.48249835138407893        2.1145363244686761E-002
         170  0.54027983215213804        2.1361973689052662E-002
         171  0.58284724868881810        2.1436114835540910E-002
         172  0.44026496567662837        2.1560044208837257E-002
         173  0.59677505008633003        2.1636599664588925E-002
         174  0.52451610328731246        2.1845845233196982E-002
         175  0.43413982936422685        2.2009734875826147E-002
         176  0.53417932820073422        2.2057718502169487E-002
         177  0.55705636896460820        2.2334240516802394E-002
         178  0.44484648775519031        2.2558474205425654E-002
         179  0.50971804667157394        2.2600499419742903E-002
         180  0.45193494956166674        2.2872206404269881E-002
         181  0.40192664580080484        2.2994446986717852E-002
         182  0.44575088102352106        2.3101496674940093E-002
         183  0.44526065225765749        2.3247528864879706E-002
         184  0.33345307329359103        2.3280093348203714E-002
         185  0.50218068490672263        2.3359724910831860E-002
         186  0.47167399606216359        2.3419673845385666E-002
         187  0.45930614294975119        2.3611070284670736E-002
         188  0.38204162104017914        2.3970037909836157E-002
         189  0.55267153335711272        2.4041915444974638E-002
         190  0.43175145819371580        2.4181565359181749E-002
         191  0.53740516113226422        2.4367856632573501E-002
         192  0.51164721385812784        2.4541399915806693E-002
         193  0.52306159915698103        2.4665242370482711E-002
         194  0.62661976048212720        2.4863196842761417E-002
         195  0.50245494822715009        2.5105493213074544E-002
         196  0.45155823569235448        2.5214536284424393E-002
         197  0.53022687414674041        2.5343191257142898E-002
         198  0.59733481638875829        2.5578458743749574E-002
         199  0.47460470851666697        2.5794116244388102E-002
         200  0.56279310393658977        2.5883091770774191E-002
         201  0.55660458518753875        2.5949142228153275E-002
         202  0.45407155971088753        2.6019383247235864E-002
         203  0.58981444567025365        2.6170742522985985E-002
         204  0.39998399279075192        2.6368129655177167E-002
         205  0.53999066256830275        2.6503624842387965E-002
         206  0.51712144958039086        2.6588392310850511E-002
         207  0.50822921120477094        2.6795371243079735E-002
         208  0.65266232651474809        2.6976883278839080E-002
         209  0.34624668026299249        2.7098076762361138E-002
         210  0.47592055843882014        2.7155624679654589E-002
         211  0.54953686724133111        2.7318876341179014E-002
         212  0.38188033035017588        2.7376286446684300E-002
         213  0.32978682213659549        2.7579675981565889E-002
         214  0.18996769401234420        2.7871628636400185E-002
         215  0.47955545018815976        2.8217223953817094E-002
         216  0.39581539938949345        2.8279851493113628E-002
         217  0.58574867711339662        2.8475609901073645E-002
         218  0.54503641119003765        2.8581919709919655E-002
         219  0.61397484293739857        2.8675591414505354E-002
         220  0.48647555088519656        2.8853444185468625E-002
         221  0.50750365765970751        2.8938776483035018E-002
         222  0.55073819472609653        2.9276295074347938E-002
         223  0.50763560735328961        2.9297994738089635E-002
         224  0.48366531092794401        2.9445652230681268E-002
         225  0.52544989151991384        2.9535819799280806E-002
         226  0.37635737742721909        2.9773897219558691E-002
         227  0.58084803447502809        2.9900610019058971E-002
         228  0.54317600912676500        3.0110882288648579E-002
         229  0.41438743642869380        3.0282508661497405E-002
         230  0.45648702880220277        3.0381219128255112E-002
         231  0.58793325826251730        3.0610999040307521E-002
         232  0.53881500568574725        3.0774162138599251E-002
         233  0.39963770651815406        3.0848208142474777E-002
         234  0.49098661813777728        3.1069303199218478E-002
         235  0.45180176793668553        3.1173436358136821E-002
         236  0.57173553948385170        3.1455659983859102E-002
         237  0.42315761647197420        3.1523006871361871E-002
         238  0.53148227344593990        3.1624868701086002E-002
         239  0.52655582754026364        3.1785219887526160E-002
         240  0.43227102005437329        3.2040658583441226E-002
         241  0.44089432245892524        3.2217232058942294E-002
         242  0.54685879206344246        3.2234100686569081E-002
         243  0.23537585628119756        3.2600203332197271E-002
         244  0.41632143293683338        3.2660521750629480E-002
         245  0.47020366720709711        3.2698462562439641E-002
         246  0.55226652707737389        3.2859153721580214E-002
         247  0.58368265552150600        3.2986918191983690E-002
         248  0.37175941996794570        3.3175372392346990E-002
         249  0.45794174003159610        3.3368778414205061E-002
         250  0.49440696850946542        3.3398900709378003E-002
         251  0.45500594388594001        3.3523362575850819E-002
         252  0.47721704559564865        3.3725519351047333E-002
         253  0.58089433154704317        3.3902473098512263E-002
         254  0.41233934891750679        3.3987520422397721E-002
         255  0.36788282126074462        3.4286144183817452E-002
         256  0.38483554818575177        3.4341871642202731E-002
         257  0.48084838247120348        3.4647188144842050E-002
         258  0.48664296387384703        3.4680266766722812E-002
         259  0.48772638075562219        3.4720057564962631E-002
         260  0.30813426976297426        3.4782898182405431E-002
         261  0.40846720222200716        3.4992475820816979E-002
         262  0.35397138033161563        3.5136942543433539E-002
         263  0.45108207985752274        3.5316612542654863E-002
         264  0.47970632514089473        3.5496204232021565E-002
         265  0.59973728870969889        3.5594024146137875E-002
         266  0.42931982720203049        3.5820764962226616E-002
         267  0.37696587387290387        3.6163733799547917E-002
         268  0.39625361952689514        3.6476722450789950E-002
         269  0.55429342713130825        3.6583243184394175E-002
         270  0.41557977366120252        3.6996539041469968E-002
         271  0.50037098629898524        3.7128959101322759E-002
         272  0.50136974182572991        3.7204558831368688E-002
         273  0.51127798670576408        3.7322658721418780E-002
         274  0.45687204981419438        3.7534042256355094E-002
         275  0.50712681447319119        3.7699365017557128E-002
         276  0.35722510603963176        3.7841694419592016E-002
         277  0.56899563879447135        3.8086247319478260E-002
         278  0.40813118904170620        3.8202248220984676E-002
         279  0.33798830071291774        3.8317872892950182E-002
         280  0.49569235606099632        3.8513503081198025E-002
         281  0.58927406665389614        3.8656265587081705E-002
         282  0.50690695687887977        3.8884900951973972E-002
         283  0.51655702927154679        3.8959919785854835E-002
         284  0.47318678807292813        3.9181766600287569E-002
         285  0.48092788279605109        3.9279524062619628E-002
         286  0.38545761793001782        3.9665915070969331E-002
         287  0.49309840991408072        3.9923480552976176E-002
         288  0.56801171128770112        3.9999720607736516E-002
         289  0.58868638866895762        4.0079004408756592E-002
         290  0.51917639007480765        4.0418784111040953E-002
         291  0.52483373347904116        4.0545733396066735E-002
         292  0.52619587714415506        4.0645039758290584E-002
         293  0.52071056825998341        4.0866127434780616E-002
         294  0.27113039062756850        4.0983430850271334E-002
         295  0.44815877575878726        4.1255277508372851E-002
         296  0.52709952713744235        4.1490146082957022E-002
         297  0.47749870035402220        4.1803833918103793E-002
         298  0.46663251590322213        4.1988631405770117E-002
         299  0.44613824662238499        4.2123475912862425E-002
         300  0.53471033821380753        4.2416250893774855E-002
         301  0.57805661556889254        4.2605309651402357E-002
         302  0.48640390255445143        4.2700674227356211E-002
         303  0.44684349469147749        4.3139351366124901E-002
         304  0.36723257437872814        4.3278318525555859E-002
         305  0.49239720029746470        4.3557014946589596E-002
         306  0.42743371996756591        4.3627954815749291E-002
         307  0.51672249701680173        4.3754522542853065E-002
         308  0.57010533065118119        4.3982974669742755E-002
         309  0.58482843653610950        4.4311327949268967E-002
         310  0.29325029675517389        4.4400162525806232E-002
         311  0.47942650227404243        4.4721889824455324E-002
         312  0.38789286869330686        4.4789909983501207E-002
         313  0.49295801692095931        4.5110106324063023E-002
         314  0.54774663625719111        4.5447687673330101E-002
         315  0.47547549612342888        4.5523795712071650E-002
         316  0.50924751769203580        4.5653453624176776E-002
         317  0.51821196409418524        4.5867769935944457E-002
         318  0.52298063300058162        4.6099386964447757E-002
         319  0.47024947560863095        4.6506889077655503E-002
         320  0.48252849079821619        4.6665979393921565E-002
         321  0.39050262102584499        4.6811245847175852E-002
         322  0.52110083713322608        4.6953430527666332E-002
         323  0.35912748562581692        4.7230057833191640E-002
         324  0.54777262988285746        4.7397115029217063E-002
         325  0.28618069460658091        4.7571509722505838E-002
         326  0.48159531874198125        4.7694260744109956E-002
         327  0.51233160951732482        4.7990534417447092E-002
         328  0.47508689852895192        4.8154133836636387E-002
         329  0.50610988698793458        4.8316502559993001E-002
         330  0.38107972872045753        4.8668595241467057E-002
         331  0.49584357341055629        4.8780126688053260E-002
         332  0.44613622508071366        4.8864638063078752E-002
         333  0.49077761269834025        4.9132069368249154E-002
         334  0.50910100979767026        4.9192023945005700E-002
         335  0.43670093044172942        4.9517736620246632E-002
         336  0.38232290467379010        4.9588219055246165E-002
         337  0.44057054633777654        4.9721470105942439E-002
         338  0.56229957984416579        5.0131572528510714E-002
         339  0.44755718311743087        5.0550148668279435E-002
         340  0.46796844286311917        5.0751169837957091E-002
         341  0.40587185082801092        5.0924430702053818E-002
         342  0.44038303482331248        5.1050304201747616E-002
         343  0.50005497754887274        5.1378094039409669E-002
         344  0.47530101238417932        5.1582150186165049E-002
         345  0.46157749080732080        5.1774112479566661E-002
         346  0.36845881249641077        5.2396247186667348E-002
         347  0.45987578689994751        5.2496648228131382E-002
         348  0.43176864431889234        5.2730714750002683E-002
         349  0.48570104375986844        5.2910728860226748E-002
         350  0.43192334707179264        5.2957091117804264E-002
         351  0.48906689561043376        5.3379040151802316E-002
         352  0.35571945745184341        5.3614254848152319E-002
         353  0.38039771628497715        5.4042211865129523E-002
         354  0.42197948379075650        5.4155389798249888E-002
         355  0.28702256900835260        5.4428344073994751E-002
         356  0.42464801144583242        5.4861982080202695E-002
         357  0.38426569907274860        5.5453578687101608E-002
         358  0.37064069640318137        5.5871894707390110E-002
         359  0.37142009279750809        5.6173556920151461E-002
         360  0.34207032873066762        5.6521566858957269E-002
         361  0.41491375085893911        5.6854300296147874E-002
         362  0.41620418803849091        5.7086440217591350E-002
         363  0.29053656516637333        5.7261670671425069E-002
         364  0.26858252596017429        5.7639334333084366E-002
         365  0.24160825938034933        5.7916360193363818E-002
         366  0.41431269907354223        5.8244205232200141E-002
         367  0.21252107434160714        5.8855424047301493E-002
         368  0.31290487665396549        5.9043623731732900E-002
         369  0.36772562978101286        5.9587014680561011E-002
         370  0.26219515978338054        6.0122417983794647E-002
         371  0.46176224672642502        6.0564154042478051E-002
         372  0.27503833640985348        6.0844413877552489E-002
         373  0.33061968037997208        6.1135078139951927E-002
         374  0.36687013346976755        6.1469669069951723E-002
         375  0.33639147423855609        6.2023813885312223E-002
         376  0.28975098515842607        6.2102476257783611E-002
         377  0.32116449960882276        6.2590285995016190E-002
         378  0.24037651469702764        6.3105830520987283E-002
         379  0.15786685528383659        6.4041911108550592E-002
         380   8.2224131600216091E-002   6.4971428415069060E-002
         381  0.26478113208320325        6.5071926295143662E-002
         382  0.31391819265349258        6.5595136174264240E-002
         383  0.31246014142458101        6.6428738743860613E-002
         384  0.17238330592007664        6.6826579689109308E-002
         385  0.34488497102510374        6.7945095447385695E-002
         386  0.31729418407338339        6.8325368254929575E-002
         387  0.33323329671447838        6.8995889333992713E-002
         388  0.35579536810011453        6.9808154532266783E-002
         389  0.17101357473997464        6.9952456175358377E-002
         390  0.23508784337981775        7.0736535201231882E-002
         391  0.23191240167072719        7.0882942289830261E-002
         392  0.31490399240047495        7.1443403921072998E-002
         393  0.35030537387878546        7.1880743175123746E-002
         394  0.30406228666455554        7.2778207076310553E-002
         395  0.19258218641891914        7.3266216720200839E-002
         396  0.26799288458009213        7.3956400386050627E-002
         397  0.22102119303218276        7.4425024641297036E-002
         398  0.15112562909592159        7.4854462680418801E-002
         399  0.32143420289683045        7.5856967235733347E-002
         400  0.20636464922709316        7.7000167445326409E-002
         401  0.20660456463571808        7.7919529512469055E-002
         402  0.27510184529379156        7.8396344435810644E-002
         403  0.20440398089731635        7.8607757773255141E-002
         404  0.12845151574975805        8.2811999482925641E-002
         405  0.10608078426221719        8.4202826422059437E-002
         406  0.15541178036147169        8.4728945108357420E-002
         407  0.22108202828464624        8.4997191818437914E-002
         408  0.22861153017980634        8.6135061340648647E-002
         409  0.15310863945235592        8.6215795191758010E-002
         410  0.13610612918830076        8.8261773746099184E-002
         411   6.9758848323604628E-002   9.0933555851523157E-002
         412  0.10638903355556045        9.2166573659484524E-002
         413  0.12074747129664390        9.3110603352843907E-002
         414   6.3669496350757401E-002   9.3472936487927261E-002
         415  0.10226052761816021        9.6000152764255470E-002
         416  0.12738143166302840        9.7029427981118563E-002
         417  0.12642839889990481        9.7547914040738384E-002
         418   7.0370404776544590E-002   9.8827679449376094E-002
         419   4.0794223598414475E-002  0.10216466349184139     
         420   4.0057401437554187E-002  0.10266929651649256     
         421   4.8246066050876849E-002  0.10345423044618331     
         422  0.10236109651111050       0.10578028213254657     
         423   3.8495366983071148E-002  0.10657310191951594     
         424  0.17954998006229619       0.10777529289778273     
         425  0.10374089224518601       0.10883854023018083     
         426   9.4378584925121897E-002  0.10967196017251210     
         427  0.20079211425461332       0.11543103997627512     
         428   9.2836634377824662E-002  0.11641238548284999     
         429   2.8333104674147853E-002  0.11727772652550186     
         430  0.13674771349540499       0.11785962240022214     
         431   1.5031110003990090E-002  0.12223436633397237     
         432  0.26955095816263891       0.12263832762564167     
         433  0.12727150991240768       0.12378353323235150     
         434   4.4748789013473990E-002  0.12507137909836660     
         435  0.27056085164939553       0.12562504632780253     
         436   8.9230423174325599E-002  0.12660796794601331     
         437   4.3493945559456910E-002  0.12666701396476379     
         438   2.7496923280490821E-002  0.12705601115269563     
         439   7.8182929153081351E-002  0.12796638454135922     
         440  0.15649376738470608       0.13133078964302461     
         441  0.20814112449481112       0.13424311537456138     
         442  0.16299758588544885       0.13471763961084776     
         443  0.22742017284763236       0.13504188744015486     
         444   5.4924421692395316E-002  0.13767180982736482     
         445  0.20983677134801657       0.13937253276122905     
         446  0.14378049961216918       0.14012923749710121     
         447   2.0411167913687703E-002  0.14116998497245520     
         448  0.21700758176459578       0.14329673453820374     
         449  0.20400945094357784       0.14380744848946705     
         450  0.20009846012469579       0.14808816392544863     
         451   1.6646237805650312E-002  0.14815116905458517     
         452  0.14634974150265920       0.15154085584906649     
         453  0.13615868026592065       0.15287564441475937     
         454   9.7765077994403551E-002  0.15372950986851003     
         455  0.19489512760736855       0.15600689504436957     
         456  0.12185171409690877       0.15713511540370229     
         457  0.24434258958028712       0.15781158548753249     
         458  0.22219775612102485       0.15881713090539346     
         459  0.23786673663701646       0.16068161582882026     
         460  0.23391874804308688       0.16142110392308692     
         461   3.6742268802112232E-002  0.16230782761788906     
         462   1.9632594889070428E-002  0.16400141767565041     
         463  0.21125679080798204       0.16529735636333870     
         464  0.14930716306563607       0.16591289851139837     
         465  0.20987928581322146       0.16689377912614534     
         466  0.22907370411234107       0.16787588448823074     
         467  0.22508466849775352       0.16875033298242439     
         468  0.18439470061460347       0.17275364492590575     
         469  0.12138362398791057       0.17310112685037726     
         470   4.2661441217477954E-002  0.17422172737091263     
         471   3.8098471058431296E-002  0.17513146998325166     
         472   9.3039410765239500E-002  0.17820218803207172     
         473   4.6838305668937999E-002  0.17858194913928185     
         474  0.10250997899778090       0.18228455408924105     
         475  0.16842282861706004       0.18607200146096042     
         476  0.16149412181107226       0.18760455221387370     
         477  0.14173531571305312       0.18814805064482248     
         478  0.11785024670244690       0.19044036489632712     
         479  0.13886738285661843       0.19446642788838919     
         480   4.3593623053360064E-002  0.19666608591819748     
         481  0.10830832047214151       0.19730033659457305     
         482  0.18180003738430076       0.19971708768330854     
         483  0.17451266822715342       0.20058820348637443     
         484   5.3659165695981878E-002  0.20306503121790972     
         485   5.8525587843159511E-002  0.20566668141950348     
         486   5.0561866862828340E-002  0.20575836135577641     
         487   5.5996116813111528E-002  0.20653551715328586     
         488  0.20864332259173535       0.20738494600044188     
         489   6.3010906523986290E-002  0.20968907327555258     
         490  0.15591012668951756       0.21065296802768996     
         491   2.3537213672680163E-002  0.21101993562879071     
         492   7.4607956561481170E-002  0.21306775287546062     
         493  0.17029738931048141       0.21379420698442309     
         494  0.10069101339294739       0.21789595063485698     
         495  0.17546754662697442       0.21963518754097522     
         496  0.15138415508127304       0.22142975367032863     
         497  0.13348639983074537       0.22271348563026730     
         498   7.5264109534453769E-002  0.22366086882808908     
         499  0.15241415343845910       0.22724651738658791     
         500   5.4675687918891623E-002  0.22856931780428183     
         501   5.6556585139748920E-002  0.23018372378076604     
         502   7.9057633467791447E-002  0.23345927054750959     
         503   3.9912177499371052E-002  0.23459153155167031     
         504   2.8550798859993686E-002  0.23559705235647802     
         505  0.24628467752850000       0.23621556135902985     
         506   7.4794068831463265E-002  0.23679242750624785     
         507  0.11616015820489621       0.23769926243732128     
         508   3.2871954496676847E-002  0.23981102528358308     
         509  0.15755604726017172       0.24080469412277494     
         510  0.13488366746203231       0.24343317954661386     
         511  0.11152557364234532       0.24499131131531404     
         512   2.6144748950956316E-002  0.24693847612381109     
         513   5.9613329691349991E-002  0.25016335105536369     
         514   8.5125650553767390E-002  0.25142751262470442     
         515  0.16559219150623355       0.25329202216949703     
         516  0.11606209942108967       0.25656727901821758     
         517  0.10911151544651118       0.25776388124838506     
         518   2.4137942737196619E-002  0.25982538523887727     
         519  0.13520700964743010       0.26075283363215868     
         520   6.6128936591425144E-002  0.26508982836415712     
         521  0.12525105760151958       0.26723334951936678     
         522  0.12676125027395557       0.26971843289207187     
         523   2.9887620419639563E-002  0.27166121717812991     
         524  0.18807061043735709       0.27546103170549552     
         525  0.16395069282835634       0.28304610559174781     
         526   9.0661103044685457E-002  0.28383223143512232     
         527   1.8156087394975626E-002  0.28550441828147149     
         528   7.9095244575151671E-002  0.28662704865832678     
         529   9.7455707782536580E-002  0.29246288958850586     
         530   3.0916974893441366E-002  0.29369945928958818     
         531  0.10391060957026101       0.29718324269814733     
         532  0.14622335573195111       0.29938376760220620     
         533   5.5361560608313314E-002  0.30096646375866815     
         534   4.7291222285791620E-002  0.30168556749730219     
         535   2.7248388699018133E-002  0.30352464046604577     
         536   4.5280975875186903E-002  0.30697799535455833     
         537   5.8361509310209184E-002  0.32084290242193403     
         538   8.2062615275913603E-002  0.32138778067687407     
         539  0.14914871517482928       0.32199476142641631     
         540   3.1145041955759272E-002  0.32340419148703037     
         541   3.2191031669171033E-002  0.32686562199823754     
         542  0.12096391513433585       0.32889242266296709     
         543   5.4301118744526956E-002  0.33360784733387189     
         544   5.0989845543643775E-002  0.33706909279302427     
         545   1.7484660339231944E-002  0.33719115647301878     
         546   2.2769569946547819E-002  0.34111373603501033     
         547   5.4204809567683032E-002  0.35020374997706866     
         548   6.4140821296441108E-002  0.35108581469767619     
         549   2.5063677756770802E-002  0.36545914553564851     
         550   7.0735643431185116E-002  0.36888588138551548     
         551   3.1289127026117185E-002  0.37723062943462665     
         552  0.10603956698520216       0.39746897231726430     
         553   1.8420441315141409E-002  0.39779207222062624     
         554   5.6846667205074308E-002  0.41299722285752472     
         555   7.4440303671326119E-002  0.41553342511238778     
         556  0.11681334818893824       0.41977628075959494     
         557   4.0948138076114429E-002  0.44789106512688492     
         558   2.0060320819378284E-002   7.8822914240008508     
         559   3.0760832348618861E-002   8.4641300023523662     
         560   1.7557625993330526E-002   9.0980119069599823     
         561   3.3908191261996637E-002   9.2565393372510201     
         562   1.8513649959861683E-002   9.4886118826242143     
         563   2.8588193829041611E-002   9.5076013374378494     
         564   2.2642994302433363E-002   9.8584380752282570     
         565   2.6763793930402124E-002   10.075220531465456     
         566   2.6738828932322562E-002   10.302191038400716     
         567   1.5628128670909104E-002   10.429165865953207     
         568   1.9744568262998620E-002   10.714302358683451     
         569   1.6750148321006728E-002   10.850834196716217     
         570   3.2013326235844755E-002   11.089320510559753     
         571   1.9361585935179157E-002   11.191952015201519     
         572   1.7046601390613082E-002   11.200488733511127     
         573   1.3705678925430037E-002   11.233290388023507     
         574   1.6513608701082799E-002   11.268059212516350     
         575   1.6319761280372713E-002   11.334677263207039     
         576   2.4461430662862743E-002   11.562783265189129     
         577   3.2031637928043824E-002   11.610268296241955     
         578   1.4762600317781373E-002   11.646207979853086     
         579   2.1271414754886510E-002   11.809654190163522     
         580   1.5845364206059687E-002   11.886570922910435     
         581   1.6784056522034900E-002   12.033516154763968     
         582   2.2864174990969408E-002   12.118792739812799     
         583   1.4945481326878653E-002   12.227106037388547     
         584   1.4164194798564289E-002   12.412823330841785     
         585   2.5395686892553872E-002   13.104381588632322     
         586   1.8015458108507288E-002   13.119835699361042     
         587   3.0604858724217341E-002   13.230171494985347     
         588   1.3973240642597012E-002   13.585884291616170     
         589   2.0310059164250830E-002   13.592849634207193     
         590   1.0971343782979454E-002   13.748334762826023     
         591   3.8690170529056100E-002   13.805066969358309     
         592   3.8370501699022085E-002   13.809435458649851     
         593   3.1654816371901519E-002   14.125889123776334     
         594   1.3946324451653936E-002   14.235423021155144     
         595   3.2723945438732659E-002   14.522859648223177     
         596   2.2779913560092950E-002   14.555567511933244     
         597   1.4113722625555641E-002   14.570237919397783     
         598   3.6275589770639577E-002   14.848033124387735     
         599   1.3510597788435124E-002   14.858524996953459     
         600   1.3759225178100859E-002   14.912143024041843     
         601   2.8071695789472082E-002   15.073755149257678     
         602   1.2159076046208176E-002   15.344103173175624     
         603   3.8588051767556711E-002   15.488408331078489     
         604   2.2084395724467350E-002   15.515552584338918     
         605   1.2901175022935276E-002   16.108089229755045     
         606   1.8340867518863570E-002   16.182122834729963     
         607   1.8807959011670129E-002   16.210292846404023     
         608   1.9450046059861507E-002   16.250737601075016     
         609   1.6512812966795336E-002   16.475573832685480     
         610   3.7994697657456784E-002   16.534545451204135     
         611   1.7900650554411864E-002   16.544046722111034     
         612   1.9197592652436899E-002   16.608804084961378     
         613   2.2677977905163724E-002   16.622780789842977     
         614   1.5650905290205692E-002   16.649046377963369     
         615   2.8586412210488611E-002   16.692993883777987     
         616   1.3368048988056914E-002   16.703301975054153     
         617   5.6000531077619826E-002   16.899729918570902     
         618   2.1650142933726496E-002   17.092569779503368     
         619   6.2982677906164006E-002   17.125136342430306     
         620   1.1459040102725374E-002   17.156216002109588     
         621   3.5478502583427808E-002   17.366524178379532     
         622   1.1190731908669566E-002   17.400973897267722     
         623   1.1961987999678700E-002   17.566572697687235     
         624   2.2496901762564307E-002   17.761056986983803     
         625   2.1575530375850319E-002   17.828673969759727     
         626   1.3993939450334664E-002   18.045353500876242     
         627   3.6706977270928497E-002   18.171428860902608     
         628   1.6876202829427155E-002   18.198843203632137     
         629   1.7428764373158837E-002   18.457608051698866     
         630   2.8338635025059247E-002   18.533693592694561     
         631   1.2803352279416168E-002   18.563425185107874     
         632   2.3290158485215262E-002   18.616634418586592     
         633   1.9702566329966895E-002   18.625811957578374     
         634   2.7830051122773689E-002   18.636500123433525     
         635   2.1858616211072015E-002   18.827137357396023     
         636   1.3292752322473570E-002   18.836168448519665     
         637   5.1535533568588247E-002   18.930609992620983     
         638   1.3329727347760834E-002   19.094496497948228     
         639   2.0013470630513449E-002   19.111084499525287     
         640   5.7578646319758967E-002   19.119938858527885     
         641   1.7782669047022550E-002   19.125899537083104     
         642   1.1469520262837611E-002   19.148490658395797     
         643   2.4372128617627400E-002   19.189791493439632     
         644   3.8158543492722803E-002   19.202725942842818     
         645   2.3061437479737136E-002   19.240117808764289     
         646   1.1468045003319053E-002   19.299088825914481     
         647   2.2303269962215443E-002   19.312678062647869     
         648   1.4184764667730046E-002   19.335756699164143     
         649   1.3436007451871868E-002   19.343668254171956     
         650   3.6847849837255565E-002   19.351061538138257     
         651   2.4634205487661546E-002   19.378019352630702     
         652   2.7892324506695484E-002   19.410639815330303     
         653   5.5978796552056925E-002   19.414037933536477     
         654   3.3325250365948092E-002   19.419203080576118     
         655   3.4436338529823488E-002   19.449393688038572     
         656   4.0768395864743373E-002   19.456164386207014     
         657   5.1464587680527432E-002   19.480903887867282     
         658   2.4757184615315599E-002   19.481197781635348     
         659   3.3265112706230074E-002   19.492826682744919     
         660   4.4596331935824012E-002   19.495960479275809     
         661   4.1598349326835746E-002   19.517977180387845     
         662   1.5717586332836275E-002   19.522412360848328     
         663   2.0533124825755613E-002   19.584816521215878     
         664   2.1759267499315893E-002   19.611456525239330     
         665   2.6713726970829080E-002   19.613575826989219     
         666   1.9725971765145980E-002   19.628477158294604     
         667   3.1900415328937816E-002   19.691107098900716     
         668   2.7051504477344168E-002   19.705074860961602     
         669   6.1049454957233705E-002   19.710240855946115     
         670   1.8930629168485154E-002   19.717369146459955     
         671   2.5571301137283946E-002   19.735992091789775     
         672   3.2418896295712499E-002   19.736539011083266     
         673   4.8604550598914741E-002   19.745859735560618     
         674   6.2392471465070723E-002   19.770177509549793     
         675   3.5211812883751560E-002   19.777557186167687     
         676   1.4818403320252674E-002   19.781388032835668     
         677   2.6293839661876605E-002   19.789535501212374     
         678   1.8574270286524579E-002   19.840587727618956     
         679   4.2250917153539964E-002   19.852992627061443     
         680   2.4035686398352390E-002   19.878867552139202     
         681   4.0275874563251261E-002   19.897951651855809     
         682   1.0992706953101339E-002   19.901766187493589     
         683   3.2912890274969450E-002   19.946007951054991     
         684   1.0764596293560963E-002   19.953819545836097     
         685   3.7673049441049912E-002   19.959235966413381     
         686   4.2577283082630424E-002   19.998416008584186     
         687   5.2392909728397857E-002   20.015844638124484     
         688   1.9820660706507873E-002   20.033502383431653     
         689   1.6073884890221046E-002   20.038829954251860     
         690   2.9514435609455606E-002   20.042718237185024     
         691   3.2967764042428162E-002   20.051931249283474     
         692   6.4118927594084996E-002   20.052724684496813     
         693   2.6211626161115813E-002   20.058017366841067     
         694   4.2188427473162378E-002   20.063446174596901     
         695   5.5153952187185475E-002   20.063856547366122     
         696   2.4383698115176367E-002   20.065396892485477     
         697   3.4374254052333346E-002   20.080175871297069     
         698   4.6342942780402088E-002   20.096135895954536     
         699   4.1485613344557207E-002   20.134356950767483     
         700   2.2385248295608100E-002   20.146309335057747     
         701   1.3002324243787215E-002   20.159961416491598     
         702   4.0344680560562993E-002   20.162319211359915     
         703   1.9810252390067985E-002   20.170461885701958     
         704   1.6080351626702113E-002   20.178765938658096     
         705   2.8807705000031904E-002   20.187358835077287     
         706   4.2086111809131702E-002   20.193890295050078     
         707   3.4897964147054802E-002   20.213272376967783     
         708   2.6705432687411781E-002   20.227173081227399     
         709   2.9149371324010180E-002   20.233316924841713     
         710   4.3577620526540288E-002   20.255595259193868     
         711   2.2619113590966702E-002   20.329395497971355     
         712   3.4316337420186221E-002   20.330025351678554     
         713   2.5048879892471333E-002   20.333163874665658     
         714   1.9629874672415882E-002   20.365391743025167     
         715   2.2408097253793648E-002   20.396739974639171     
         716   2.0527153739771035E-002   20.397135875025810     
         717   6.8912573263456553E-002   20.401326014570941     
         718   2.5128175992112211E-002   20.406072309818040     
         719   4.9468105184413795E-002   20.438390056332068     
         720   4.8959993378093092E-002   20.439254854754328     
         721   1.5229332054672744E-002   20.469037777078753     
         722   2.9748923416147287E-002   20.507565341963272     
         723   1.8403371390388435E-002   20.526714349699301     
         724   2.3268423442944327E-002   20.536157380971495     
         725   2.1791710411224047E-002   20.538749850835075     
         726   3.7706108678061574E-002   20.548276054582814     
         727   4.2006636754494085E-002   20.605675927371138     
         728   3.9625548382836530E-002   20.609302978998475     
         729   4.5260024814382349E-002   20.614039101991906     
         730   2.3050962126349259E-002   20.640750671970540     
         731   1.8721457216965724E-002   20.672230936855204     
         732   3.6978996641240318E-002   20.676552567883181     
         733   3.2305418527156994E-002   20.698715129828056     
         734   2.4800224846464450E-002   20.705122222397979     
         735   3.1938786086318956E-002   20.719419384187042     
         736   2.2609095226170779E-002   20.733054263639993     
         737   4.8045259238871034E-002   20.740881976901345     
         738   1.3766982253697128E-002   20.752574727503543     
         739   4.3308552846409838E-002   20.770723637205840     
         740   3.5791987742440842E-002   20.807802674941275     
         741   2.0200632080438236E-002   20.849557609079387     
         742   2.1251019557843313E-002   20.867460565661375     
         743   1.5328992487807173E-002   20.889673349608021     
         744   3.7356097081260739E-002   20.893218705932075     
         745   2.5941713475789215E-002   20.909064373652125     
         746   3.0990130062231981E-002   20.947370383158475     
         747   2.6683282995999726E-002   20.965441655127233     
         748   5.6186643413538621E-002   20.988286952348147     
         749   1.3095134371652955E-002   21.033414134419345     
         750   1.0486730855030288E-002   21.054358546808452     
         751   2.6185728372437711E-002   21.067824703603343     
         752   5.4270037321411696E-002   21.175592708161922     
         753   2.2453769472908686E-002   21.307846880652654     
         754   1.4933699231822558E-002   21.327072170744842     
         755   2.5472786938605847E-002   21.432488983258658     
         756   2.0574933934301029E-002   21.449846129644133     
         757   1.8408488010731711E-002   21.532765993778568     
         758   3.8212948427297770E-002   21.590206045586427     
         759   2.8604507370673410E-002   21.590915762999742     
         760   1.7712318378759515E-002   21.686367482256280     
         761   1.6218641301082078E-002   21.914423503976828     
         762   3.4300989614537911E-002   21.929317422201088     
         763   1.3521604787504795E-002   22.036577792070098     
         764   1.9063363767802249E-002   22.306790578207309     
         765   2.1711881726483355E-002   22.319468484673546     
         766   1.1014931094482360E-002   22.529108802079804     
         767   1.0214689250385262E-002   22.659146239987464     
         768   3.3464650113606574E-002   22.741425140941264     
         769   1.0392521642192266E-002   22.964429020090570     
         770   5.6233379292206599E-002   23.009199296007797     
         771   2.0375542976207566E-002   23.014578485220635     
         772   4.9670636579224846E-002   23.223655921817368     
         773   2.5660766574193139E-002   23.396617154738863     
         774   1.2147622535936074E-002   23.436052164598319     
         775   1.7133976905419918E-002   23.439023254953192     
         776   2.0313568830874353E-002   23.486671486456387     
         777   1.4368460216259947E-002   23.501898164462997     
         778   3.6491418193608564E-002   23.577835589821447     
         779   1.5897733485086357E-002   23.603748470857440     
         780   1.6219689103921187E-002   23.610163794022849     
         781   1.7683623426799570E-002   23.815579814615326     
         782   1.6621261318785781E-002   23.870835021686098     
         783   1.6709352316447022E-002   23.924972074671540     
         784   1.1402845213439278E-002   24.051728991075315     
         785   3.5519740676786281E-002   24.612068777539506     
         786   1.8985975982676345E-002   24.646004767350810     
         787   1.0579431978402486E-002   24.715616976481066     
         788   2.1238772230578191E-002   25.013554539831222     
         789   1.1900700062130318E-002   25.124150589813020     
         790   1.1733534975761345E-002   25.218708230361564     
         791   2.8658574862460599E-002   25.293846321955495     
         792   1.2182424870807505E-002   25.505588414167363     
         793   1.9749811882746663E-002   25.511236930991938     
         794   2.9177708260802505E-002   25.602581902086229     
         795   1.1836829952094908E-002   25.836591389083562     
         796   2.8228466703751721E-002   25.964144058396350     
         797   2.8593712934288220E-002   26.243789650125912     
         798   2.8361667445989339E-002   26.313687902586555     
         799   9.6949186655296542E-003   26.352456495439725     
         800   1.7486782665682810E-002   26.461625331156860     
         801   1.1684960593415774E-002   26.533719911908250     
         802   2.7527252569214448E-002   26.816074764918785     
         803   1.5727300298284057E-002   26.957975685030302     
         804   2.1840613355418783E-002   26.973024039090483     
         805   1.1545998550360996E-002   27.732971176884412     
         806   1.2189454038578450E-002   27.871605536421665     
         807   2.1228491639902886E-002   27.924176104533387     
         808   1.3941152521713230E-002   28.076646361847562     
         809   1.3422509336658102E-002   28.221888266383292     
         810   1.8816749663090427E-002   28.224352440548667     
         811   2.8164021195617051E-002   28.466750369399623     
         812   1.1791459188083846E-002   28.480862650217627     
         813   1.9449105769566329E-002   28.516250097219121     
         814   1.4030020742454441E-002   28.785233181298299     
         815   1.2991800366246288E-002   28.803681019308534     
         816   1.1657851875307179E-002   28.871392292619916     
         817   1.6369862268877426E-002   28.876042513778550     
         818   1.4061101668146210E-002   28.963651871711313     
         819   2.5817878507158484E-002   29.027064322639692     
         820   1.3835608712368769E-002   29.183558302756410     
         821   1.6492403809854148E-002   29.429020389269706     
         822   1.2536323248308275E-002   29.667425498129290     
         823   2.5058072030053852E-002   29.767051059529908     
         824   2.2613316068426804E-002   30.024988539305820     
         825   1.9493542575442772E-002   30.216235839304659     
         826   2.5657303344255662E-002   30.591900275240445     
         827   1.4487105302438644E-002   30.643407775775518     
         828   2.8798251979595336E-002   30.857941913847696     
         829   1.3616122591563523E-002   31.048344054288638     
         830   2.8291154802571553E-002   31.640658702088601     
         831   1.5596959935873813E-002   32.160333142404561     
