 beta=   0.0000000000000000     
  -2.7808731574594706E-016
  -1.1907265043486593E-016
   1.1410900629785149E-016
   1.4494667821930181E-016
   2.2339892574371961E-016
   3.4748950773228857E-016
   1.2693016656019687E-004
   2.1276374156808849E-004
   3.0689931961376277E-004
   3.5115879482022506E-004
   4.6030100013409221E-004
   6.3643740930098536E-004
   6.9744371700883182E-004
   7.8234712280257992E-004
   7.9808296427993192E-004
   8.2814338352408124E-004
   8.9815493647750022E-004
   1.2464679636822640E-003
   1.3381285605992214E-003
   1.3872785544396620E-003
   1.4035215117367851E-003
   1.4516549472385744E-003
   1.7213364818236859E-003
   1.7917538488165582E-003
   1.9027886655762680E-003
   2.0517774951822384E-003
   2.1517236171755610E-003
   2.2341367016251220E-003
   2.3071020638138593E-003
   2.5673440623333269E-003
   2.8112752732043409E-003
   2.8949522025715256E-003
   3.0682297259085447E-003
   3.3051864551712261E-003
   3.3527849656055397E-003
   3.5127647486280287E-003
   3.6151548583428081E-003
   3.6773097596906924E-003
   3.8332222951617469E-003
   3.9746503023952084E-003
   4.1380103865142409E-003
   4.2007221138970520E-003
   4.3390634033592425E-003
   4.4725135107390717E-003
   4.5685734494969963E-003
   4.8000111689463984E-003
   4.8784207528362739E-003
   5.0423344361652652E-003
   5.2817579274694708E-003
   5.2954150355939067E-003
   5.6344899535760050E-003
   5.7091194650709456E-003
   5.9525394062863264E-003
   6.0174135594653439E-003
   6.2430241500503149E-003
   6.4080656249406159E-003
   6.6082076080911309E-003
   6.7602593540582482E-003
   7.0575451450303507E-003
   7.0899327580399019E-003
   7.1813827177040820E-003
   7.3259667350450194E-003
   7.5757498127974237E-003
   7.6603452056032062E-003
   7.8371708208712747E-003
   8.1122779392090432E-003
   8.2033605059372138E-003
   8.2870790467288128E-003
   8.5046583334704405E-003
   8.7053661432556200E-003
   8.7285900198210854E-003
   8.9055918771472377E-003
   9.1618572411224439E-003
   9.2136028023075273E-003
   9.5279041962155735E-003
   9.6689805581512672E-003
   9.6918353107972727E-003
   9.9511366949333446E-003
   1.0126414522232232E-002
   1.0373615345981095E-002
   1.0749120179171377E-002
   1.0862512434652903E-002
   1.1089720675430232E-002
   1.1169462878304044E-002
   1.1464161817791406E-002
   1.1557385684305458E-002
   1.1588155384532162E-002
   1.1988856496664296E-002
   1.2498334735077532E-002
   1.2515934827093955E-002
   1.2639287200073044E-002
   1.2704780161537680E-002
   1.3056798515488723E-002
   1.3304192202547128E-002
   1.3526735987587472E-002
   1.3803190600234383E-002
   1.3845233330725468E-002
   1.4053763706601764E-002
   1.4359618281079607E-002
   1.4485342923772916E-002
   1.4668118756879020E-002
   1.4863657956228271E-002
   1.4932407329174949E-002
   1.5188515081378797E-002
   1.5350249144250254E-002
   1.5582265520867415E-002
   1.5948063043168686E-002
   1.6005701478778341E-002
   1.6273778657854138E-002
   1.6478092816327221E-002
   1.6746067261316534E-002
   1.6947886848104582E-002
   1.7171088184509097E-002
   1.7293427872050904E-002
   1.7479927839258159E-002
   1.7981732130415293E-002
   1.8021451246440820E-002
   1.8298232304083527E-002
   1.8442481907713776E-002
   1.8716087487491380E-002
   1.8886443755926765E-002
   1.9054443878832185E-002
   1.9170177146129071E-002
   1.9439711940296995E-002
   1.9548722734200913E-002
   1.9896977684374439E-002
   1.9995102145747703E-002
   2.0375500160062811E-002
   2.0453140049521774E-002
   2.0854994410574253E-002
   2.1071879022814068E-002
   2.1251758637988422E-002
   2.1323414036107723E-002
   2.1422514438927606E-002
   2.1604321077089036E-002
   2.1729828774709845E-002
   2.1861282264615881E-002
   2.2110672417637235E-002
   2.2229184322407749E-002
   2.2477082192655651E-002
   2.2729301467249021E-002
   2.2860110562490581E-002
   2.3151313967049371E-002
   2.3362869655038827E-002
   2.3535923869224665E-002
   2.3809199287215480E-002
   2.3910270647973769E-002
   2.4135628130770560E-002
   2.4329811775557351E-002
   2.4514824067387409E-002
   2.4642707289824810E-002
   2.4748732911511657E-002
   2.4839840574021638E-002
   2.5224408223864826E-002
   2.5326060375466263E-002
   2.5613032912137946E-002
   2.5722624242633513E-002
   2.5876837667681996E-002
   2.6303733349471739E-002
   2.6459524689488846E-002
   2.6632496864116638E-002
   2.6726676436370726E-002
   2.6902791806945627E-002
   2.7061605953699778E-002
   2.7242365647012563E-002
   2.7653003256450214E-002
   2.7932939522125992E-002
   2.8031186801675847E-002
   2.8126151147382941E-002
   2.8316400029442346E-002
   2.8490173502056761E-002
   2.8555002642329817E-002
   2.8666303033597608E-002
   2.8867363738689325E-002
   2.9032573075163728E-002
   2.9193979068604183E-002
   2.9452939157738389E-002
   2.9889038465990773E-002
   3.0032475253743494E-002
   3.0252511860088750E-002
   3.0407457822387813E-002
   3.0640601148635652E-002
   3.0785990086608907E-002
   3.1082819683364904E-002
   3.1369183922301043E-002
   3.1496831720430565E-002
   3.1691420496088120E-002
   3.1962778535797633E-002
   3.2730593598324413E-002
   3.2902354551036940E-002
   3.3193846358626551E-002
   3.3526022814947251E-002
   3.3593461983250208E-002
   3.3900229404271572E-002
   3.4292640775918280E-002
   3.4592802035525887E-002
   3.4793688646966435E-002
   3.5177901226731756E-002
   3.5259071387077838E-002
   3.5540922943353009E-002
   3.6371797071924845E-002
   3.6465486382723275E-002
   3.6806884465153338E-002
   3.7042124358117018E-002
   3.7287434853400581E-002
   3.7530627073020177E-002
   3.8054542036678893E-002
   3.8239055594020077E-002
   3.8651424181681812E-002
   3.8797960846625630E-002
   3.9003943736997677E-002
   3.9252546483706428E-002
   3.9353658970856277E-002
   3.9552662540561195E-002
   3.9784618798740463E-002
   4.0196674456807829E-002
   4.0333383727084518E-002
   4.0628595958003402E-002
   4.0999755896796476E-002
   4.1110510110082168E-002
   4.1385032542854180E-002
   4.2064354492654672E-002
   4.2147149037818216E-002
   4.2319788123371296E-002
   4.2550554060809730E-002
   4.3077861105739468E-002
   4.3687836387947335E-002
   4.3747977053688568E-002
   4.3990356510626674E-002
   4.4187796024541134E-002
   4.4638789654721352E-002
   4.5198183092828040E-002
   4.5248822904059530E-002
   4.5472223633696421E-002
   4.5860430256216278E-002
   4.6911548033964003E-002
   4.7279927897600438E-002
   4.7442746853475243E-002
   4.7947540562448751E-002
   4.8304215306592971E-002
   4.9218825532629684E-002
   4.9525559744397957E-002
   4.9595857208873197E-002
   5.0434474618138894E-002
   5.0712950342384509E-002
   5.1394868013369364E-002
   5.1820007077441423E-002
   5.2532663418267463E-002
   5.2811786872904033E-002
   5.3012353455376644E-002
   5.3589814665925599E-002
   5.4074474278178748E-002
   5.4518703260218515E-002
   5.4632632707018187E-002
   5.5297604447877471E-002
   5.5690756025767618E-002
   5.6809221877371523E-002
   5.7098940589311004E-002
   5.7759378714943334E-002
   5.8353056056721968E-002
   5.8892272237635858E-002
   5.9178747656036139E-002
   5.9544900393617782E-002
   6.0051365257065906E-002
   6.1305361970336050E-002
   6.2434489233264487E-002
   6.3034421901158585E-002
   6.5691823039962405E-002
   6.6386484608793400E-002
   6.7607273853751024E-002
   7.0914164100686614E-002
   7.1453344660275517E-002
   7.1701586545359949E-002
   7.8145088213270195E-002
   8.9187490891061719E-002
   8.9898858774971502E-002
   9.4099185781767597E-002
   9.9974660196672130E-002
  0.10199400625502204     
  0.10284440019997633     
  0.10652228868212057     
  0.10669327106146612     
  0.10733679803189876     
  0.10948760305108403     
  0.11251300963722842     
  0.11401834347104274     
  0.11615796034835325     
  0.11773518488430604     
  0.11819490615526426     
  0.11923020598764165     
  0.12231996379442588     
  0.12423108573862020     
  0.12479523758365203     
  0.12804566682759796     
  0.12939572704078825     
  0.12963409253229063     
  0.13424195618311399     
  0.13436043517271556     
  0.14156028962557687     
  0.14536777750244204     
  0.14714013492798250     
  0.14826030996350539     
  0.15036459568364313     
  0.15567416609788287     
  0.15866683967470377     
  0.16205793427910095     
  0.16695251739710779     
  0.16964717048955752     
  0.17146434004797287     
  0.17562474739789385     
  0.17704237258883698     
  0.17753251712707160     
  0.18059508711683145     
  0.18221349364595130     
  0.18548609728238843     
  0.18770456873382924     
  0.18777452095772756     
  0.18790446466897390     
  0.19483527473587817     
  0.19660323060891061     
  0.19696472490339303     
  0.19820208899404265     
  0.19950866265599640     
  0.20130092152223242     
  0.20216258896105049     
  0.20834885234384376     
  0.20935831762995419     
  0.20998778564751450     
  0.21172134051363589     
  0.21615125622693920     
  0.21634849968398501     
  0.22175415111610206     
  0.22273524666769320     
  0.22699053414672601     
  0.22820223224737632     
  0.23027908415204029     
  0.23263052774409224     
  0.23325802367977613     
  0.23345290936092220     
  0.23532954242547358     
  0.23638066442555250     
  0.23865061120176978     
  0.23932056839114083     
  0.24171407135977169     
  0.24311200668973695     
  0.24960884718210308     
  0.24999545146219093     
  0.25494480026534577     
  0.26251273899232247     
  0.26404446592748587     
  0.26817985722016069     
  0.27121207586254042     
  0.28074262750370599     
  0.28583353694255426     
  0.28603950484096141     
  0.28754324190277136     
  0.29442036462095195     
  0.30234971610855649     
  0.31455665553128331     
  0.32064753099115251     
  0.32383729020682928     
  0.32532107618771411     
  0.32621113014854597     
  0.33156499806547546     
  0.34124025097288668     
  0.34281174511451085     
  0.35265686023085568     
  0.36339064227312651     
  0.40522326632663935     
  0.42240946716299682     
  0.42496364551403232     
  0.42586139679435098     
  0.46254260563771266     
  0.46465920579492920     
  0.46830401710847724     
  0.48873341694477229     
  0.53376423178805243     
  0.53667852852240883     
  0.57451428019480288     
  0.57654579093592451     
  0.71252440957192342     
  0.73199870238325049     
  0.73713251396443213     
  0.74790816238816427     
  0.75016598766393672     
  0.77618184778442256     
  0.78272535640393104     
  0.79397674297161813     
  0.85261273981489449     
  0.92242532228507279     
  0.93099510614124137     
  0.94690907461182983     
  0.96302764047421563     
  0.99330854936630442     
   1.0027631749749486     
   1.0391322842264055     
   1.0494114754950126     
   1.0570692072358312     
   1.0742330022428586     
   1.0761697156988534     
   1.1399763473212179     
   1.1417974968522742     
   1.1846663635445016     
   1.2053085215470221     
   1.2152732535464115     
   1.2191998545622360     
   1.2557579500803564     
   1.2597681627711741     
   1.3080160991784398     
   1.3404382443296590     
   1.3969965480700137     
   1.4137449423148367     
   1.4152484438260200     
   1.4411674718448673     
   1.4535588822353236     
   1.4595123475168537     
   1.4646322152067239     
   1.5145325319601175     
   1.5278696030561909     
   1.5426751322261758     
   1.5635014363770758     
   1.5668732509398073     
   1.5841499877789331     
   1.6168852827368969     
   1.6683459106904392     
   1.7118419379449581     
   1.7146658736549505     
   1.7195762130966608     
   1.7290093575763450     
   1.7458627329767979     
   1.7692522792275189     
   1.7816324756994166     
   1.8132227934446219     
   1.8335609512164408     
   1.8349183405584699     
   1.8521843945739842     
   1.8644047306126854     
   1.8654833956460568     
   1.9034214964691272     
   1.9126411029173782     
   1.9147489762478251     
   1.9186917369048040     
   1.9420458604492929     
   1.9524535228059552     
   1.9543389361050738     
   1.9547708704863762     
   1.9572089058388891     
   1.9733925174595162     
   1.9741121118837544     
   1.9749753692163461     
   1.9919867421687978     
   1.9927482818110178     
   1.9950339526691405     
   1.9954498294019687     
   2.0019619588050106     
   2.0044682142644579     
   2.0054260337654641     
   2.0057131114943458     
   2.0091996589021339     
   2.0156307423448854     
   2.0215357939648699     
   2.0227605470400047     
   2.0228470751695928     
   2.0281780739463637     
   2.0290182773190550     
   2.0302076030351839     
   2.0313903826859963     
   2.0321181816473466     
   2.0337966620734376     
   2.0346075392927010     
   2.0420050090301625     
   2.0469514546223819     
   2.0496490723030845     
   2.0584149104104403     
   2.0638645628307071     
   2.0655137631955762     
   2.0686285739012265     
   2.0692601474349139     
   2.0731916102192751     
   2.0782656115941727     
   2.0856990132474591     
   2.0901038229188194     
   2.0973633120141830     
   2.0974871486727502     
   2.1050724943943786     
   2.1241044044185844     
   2.1277145892161990     
   2.1290711870926478     
   2.1299810748887982     
   2.1491269825157153     
   2.1540199578696444     
   2.1568202849808054     
   2.1724932177075953     
   2.1749204726376967     
   2.1783365489170690     
   2.1786121711109487     
   2.1884077370256443     
   2.1952806561495679     
   2.1993313774124323     
   2.2063238471047826     
   2.2163182289564274     
   2.2173413049030177     
   2.2195358029538244     
   2.2261180997131462     
   2.2282472060531111     
   2.2366362132343984     
   2.2377308471911959     
   2.2530234774730817     
   2.2768033142392845     
   2.2953282724479132     
   2.2959133450370972     
   2.3031262670894050     
   2.3066705032034673     
   2.3068228186776745     
   2.3216520592710665     
   2.3669457013310198     
   2.3809119994441366     
   2.3864947987181209     
   2.3894220529901480     
   2.3904197314859217     
   2.4796597112111924     
   2.5160102427909310     
   2.5219056035858594     
   2.5328165367433697     
   2.5441260409331905     
   2.5522050681723041     
   2.5720300558263363     
   2.6040274849040479     
   2.6343501099176962     
   2.6386514987526497     
   2.6688788395855534     
   2.6697186063645018     
   2.6879484989104969     
   2.6968219785404983     
   2.7399787918799254     
   2.7792106038102089     
   2.7817855473935356     
   2.8343016641825103     
   2.8422324075704917     
   2.8619312107178438     
   2.8786808406282733     
   2.8912784373854516     
   2.9522009940051523     
   2.9601074074907969     
   2.9967065296161088     
   3.0152297355591977     
   3.0157679618196460     
   3.0303541362185040     
   3.0590154395290918     
   3.0613751891208607     
   3.1141080103366439     
   3.1322408940759718     
   3.1653916409234442     
   3.1740640016074417     
   3.1806925426205344     
   3.2210372353388461     
   3.2899805037965573     
   3.3091454884880962     
   3.3097233612414971     
   3.3286938241889348     
   3.3320944082560411     
   3.3393125507596659     
   3.3538637108090898     
   3.3660935799424534     
