 beta=   0.0000000000000000     
  -1.1654226756533187E-015
  -6.4476689091506207E-016
  -1.3687243505581494E-016
  -8.4180558380310757E-018
   5.2358024075248167E-016
   1.4127774785468718E-015
   1.3763129762407513E-002
   1.6831467128293715E-002
   2.2438246997771527E-002
   3.7065270826248109E-002
   3.9148934990686224E-002
   4.0488953304019117E-002
   4.2875009729185606E-002
   4.9558177954511479E-002
   5.0971886137259899E-002
   5.1874574111006211E-002
   5.3907957542030260E-002
   5.7272763074630917E-002
   6.1148320799638271E-002
   6.2067538795293205E-002
   6.3720788870317832E-002
   6.4579301302975858E-002
   6.7047274177585714E-002
   6.8796469904059243E-002
   6.9989922640862290E-002
   7.2107374600921426E-002
   7.2344664225966124E-002
   7.3309710658738134E-002
   7.4417225470559512E-002
   7.6743909172550917E-002
   7.8831754786341815E-002
   7.9222122540948459E-002
   8.0484323711216249E-002
   8.2106038176737159E-002
   8.3363417014692479E-002
   8.4073995661277642E-002
   8.6117781411389996E-002
   8.7529071828841440E-002
   8.8493138233614543E-002
   8.9155698268167591E-002
   8.9942606104246134E-002
   9.1803458287404827E-002
   9.2728753123122593E-002
   9.4919838685419977E-002
   9.5944277444101334E-002
   9.8009053018983286E-002
   9.9009895180472554E-002
  0.10103765483395098     
  0.10186966472323811     
  0.10378210919831352     
  0.10453786318412853     
  0.10630385253578319     
  0.10672021584791981     
  0.10836719541360076     
  0.10910722674312415     
  0.11047762076527019     
  0.11110133413591347     
  0.11150968683828917     
  0.11241615849532534     
  0.11278644164342205     
  0.11376930760131598     
  0.11461687589281960     
  0.11561703991212427     
  0.11779726258644334     
  0.11808893283652008     
  0.11896498242663606     
  0.11954336744222173     
  0.12133810462505079     
  0.12239173319590166     
  0.12282206459280227     
  0.12329349572543659     
  0.12425462294766670     
  0.12495161280801149     
  0.12511579812778428     
  0.12606695909426235     
  0.12680905725720312     
  0.12781646611361480     
  0.12878926749170569     
  0.12981623195504632     
  0.13058657810645311     
  0.13089424580364861     
  0.13183170621366933     
  0.13227684794714681     
  0.13295897037245730     
  0.13363352685581473     
  0.13394930302233793     
  0.13514888945971232     
  0.13546144666560089     
  0.13629177769379303     
  0.13700694510967870     
  0.13776759832226376     
  0.13857734408212288     
  0.13942860308534305     
  0.14019795679212049     
  0.14077278674012647     
  0.14129689326360545     
  0.14169792403591344     
  0.14234897453908738     
  0.14304122536107022     
  0.14399348459427780     
  0.14448962326222364     
  0.14499909413274906     
  0.14612977226735577     
  0.14684910437014370     
  0.14723117386206444     
  0.14782231344063879     
  0.14808013635158479     
  0.14831187332274748     
  0.14852024142125048     
  0.14944025538770850     
  0.14952842788588791     
  0.15028984947152435     
  0.15082203070830599     
  0.15160407714300331     
  0.15191501922171288     
  0.15222260003249152     
  0.15263202486172303     
  0.15370940199273123     
  0.15462816935312634     
  0.15484379581472005     
  0.15544639560875789     
  0.15581283520289013     
  0.15600292399111265     
  0.15620225176924696     
  0.15652392247631411     
  0.15729694814613776     
  0.15761047134254000     
  0.15789018074686476     
  0.15865905308566433     
  0.15931809495051358     
  0.16038974734100064     
  0.16044967211640226     
  0.16100167856507663     
  0.16152557563591702     
  0.16198148638890680     
  0.16243982533178614     
  0.16268897042921440     
  0.16381411494633163     
  0.16428375293507133     
  0.16449118038418870     
  0.16500524735031410     
  0.16531805521777315     
  0.16587697968160950     
  0.16597295374496990     
  0.16654965245279393     
  0.16705352126950476     
  0.16719789987709632     
  0.16786405438102775     
  0.16850732800019691     
  0.16884025088297494     
  0.16988650058513699     
  0.17026644498575802     
  0.17050756141285905     
  0.17110757222622652     
  0.17184686255561335     
  0.17243232995965585     
  0.17270272686695365     
  0.17350849638630214     
  0.17381551046742474     
  0.17418522428530289     
  0.17517996117107509     
  0.17571110631465792     
  0.17660145158254614     
  0.17747491777842445     
  0.17802643133598134     
  0.17865816054526490     
  0.17950429967190823     
  0.17984905934731965     
  0.18062950674683304     
  0.18111646965243403     
  0.18166620001543851     
  0.18232958098898019     
  0.18307424231759178     
  0.18382672710867462     
  0.18448361706653421     
  0.18530603955814898     
  0.18620474794048286     
  0.18630260014878300     
  0.18753275954831092     
  0.18788913315024533     
  0.18834068715059724     
  0.18873380959007832     
  0.18929887428422054     
  0.18993319684885562     
  0.19048092308718145     
  0.19123345725455115     
  0.19193421721201273     
  0.19290303070665776     
  0.19298374066173501     
  0.19385185387261816     
  0.19463655907180533     
  0.19546356285683619     
  0.19592999559333224     
  0.19608567203370139     
  0.19735865397253041     
  0.19796430623004002     
  0.19872174866728518     
  0.20047996445986277     
  0.20157343445714562     
  0.20166122147955068     
  0.20307472355512315     
  0.20366493722204562     
  0.20433829673560311     
  0.20584044805929838     
  0.20656733973337627     
  0.20695357366741859     
  0.20779814604951277     
  0.20833621093447469     
  0.20861153013225076     
  0.20947578354723370     
  0.20985823132729131     
  0.21115875189951608     
  0.21155925965789193     
  0.21264470808799660     
  0.21421635233615954     
  0.21472786128259330     
  0.21576254205820122     
  0.21664781903858452     
  0.21706679912201349     
  0.21782173385880496     
  0.21879690515308001     
  0.21929903875703891     
  0.21952223597516066     
  0.22143002011562629     
  0.22219858919753738     
  0.22343684472382908     
  0.22390976668664758     
  0.22507016420272274     
  0.22701614660798761     
  0.22872817470814136     
  0.22892066536657599     
  0.22971859200692984     
  0.23129401522490350     
  0.23173483209386028     
  0.23283422781836124     
  0.23392891495750637     
  0.23541911441868330     
  0.23596861126729243     
  0.23623855190661958     
  0.23665222863481658     
  0.23739144381482183     
  0.23882762990934914     
  0.24056028143321762     
  0.24164828166055741     
  0.24238337944035079     
  0.24372913541132715     
  0.24427928337761196     
  0.24484741131038582     
  0.24577511580964120     
  0.24648950564996083     
  0.24776093243416800     
  0.24821272120503540     
  0.25003523061618482     
  0.25098030844818309     
  0.25138012170845198     
  0.25304559506247387     
  0.25417217032987743     
  0.25477614405676352     
  0.25637621648777231     
  0.25799548503866604     
  0.25836355810647799     
  0.25904552912653178     
  0.26030617419343877     
  0.26063406835840919     
  0.26129180591329393     
  0.26282914577009681     
  0.26347224787356410     
  0.26451289722451776     
  0.26529818750921208     
  0.26607769536613474     
  0.26807390998851177     
  0.26987705130307738     
  0.27108692772548532     
  0.27321154706543954     
  0.27359585128288288     
  0.27563219015193530     
  0.27818539884042243     
  0.28123286441375028     
  0.28209153723526087     
  0.28289065077044029     
  0.28379743771954058     
  0.28470761254501536     
  0.28704595512315417     
  0.28818659978786365     
  0.28892414411561118     
  0.29074041778198229     
  0.29236715920602713     
  0.29372748144729338     
  0.29527449459291477     
  0.29594992217509591     
  0.29821554606341771     
  0.29906428489212633     
  0.30138657901250071     
  0.30307229373200195     
  0.30478693270639790     
  0.30646451976869959     
  0.30710166751870127     
  0.30989571952715411     
  0.31126579695082113     
  0.31534767863919866     
  0.31636086551271675     
  0.31734228747566545     
  0.31997272954779338     
  0.32444316769747622     
  0.32560270266524122     
  0.32856108306947918     
  0.32962694639854406     
  0.33264673506211540     
  0.33584264090697957     
  0.34211695337058334     
  0.34441356512970134     
  0.34623460501438752     
  0.34911712716714899     
  0.35151431065332828     
  0.35625168555033615     
  0.35721723405862638     
  0.35771314461256043     
  0.36031205489077833     
  0.36302912356694317     
  0.36456694043020965     
  0.36541421889750969     
  0.36659698909138516     
  0.36835030591783502     
  0.37203101130220323     
  0.37434380770376141     
  0.37531955239535958     
  0.37745691348735344     
  0.38422747490285403     
  0.38602335096131352     
  0.38694564069984183     
  0.39108293489873441     
  0.39332651541802377     
  0.39459864067136485     
  0.39878120842408632     
  0.40141901270979458     
  0.40294104739440956     
  0.40796864508996289     
  0.40936739572183301     
  0.41397128112010406     
  0.41530822834976511     
  0.41669297833335256     
  0.41841593253194781     
  0.42006631972127734     
  0.42230265330107714     
  0.42678975225712396     
  0.43333656947019583     
  0.43448996088231612     
  0.43737792870924119     
  0.43834222199428824     
  0.44349536286763103     
  0.44500781740210948     
  0.44859107553552657     
  0.45060489013059746     
  0.45492223350807270     
  0.45689099649687887     
  0.45982599031805760     
  0.46591743236327771     
  0.46751712961146968     
  0.46971067975681297     
  0.47519759772177306     
  0.48124283775493493     
  0.48856685431770380     
  0.50326103685954415     
  0.50806097259185223     
  0.51408353268097318     
  0.54413776111300427     
  0.55665972670222530     
  0.55695190533597649     
  0.55970600864069420     
  0.56736282241177849     
  0.57695976381557434     
  0.60842544610502092     
  0.60935409014901620     
  0.62249901864084534     
  0.64652795798459317     
  0.65826127205504859     
  0.65992518297016567     
  0.71701587315228010     
  0.72634058667316959     
  0.88960345130289031     
  0.91927835806545466     
  0.92623220614324397     
  0.93422149178917768     
  0.97584183274255143     
   1.0184504704809307     
   1.0247742126548949     
   1.0391102147647033     
   1.0442441465517884     
   1.1032651927243613     
   1.1143682649243345     
   1.1204248578595890     
   1.1368816396523951     
   1.1513937052887671     
   1.1623620881646579     
   1.1798042925948522     
   1.2010970475089364     
   1.2260762232148070     
   1.2515444591885367     
   1.2821802855906186     
   1.3050177106881460     
   1.3173956260881781     
   1.3294248042210237     
   1.3364665529255790     
   1.3436272813065921     
   1.3887073297106194     
   1.4221432837253964     
   1.4311320599999084     
   1.4425667728795910     
   1.4919419067839497     
   1.5106790377019070     
   1.5259334950259460     
   1.5547496592478491     
   1.5642597653105583     
   1.5754670397695321     
   1.5861487170610851     
   1.6083004787436366     
   1.6225029061371969     
   1.6685981929015756     
   1.6790472579233688     
   1.7175095621806395     
   1.7586024579941830     
   1.7699898020083602     
   1.7726409408274835     
   1.7748557321441791     
   1.7815666409460920     
   1.7916243363436120     
   1.8428052728372502     
   1.8473165898124504     
   1.8491037173326990     
   1.8808651971914356     
   1.8827359864767548     
   1.8919613304414975     
   1.9213306980240574     
   1.9825321574675816     
   1.9946229820581987     
   2.0064766791346322     
   2.0175226947503782     
   2.0217399272610272     
   2.0302234737978444     
   2.0336393140008036     
   2.0652976587880936     
   2.0654525275527149     
   2.0674245979473720     
   2.0684818471761734     
   2.0701148944697199     
   2.0764608282156707     
   2.0788097340753424     
   2.0936192084849274     
   2.0953033819823279     
   2.1009138695300869     
   2.1057147259600084     
   2.1119921187007344     
   2.1147721148395098     
   2.1157209764714042     
   2.1202652050628927     
   2.1207443038029203     
   2.1320298066583434     
   2.1350252238022338     
   2.1366258189839105     
   2.1444275533993067     
   2.1461526237151203     
   2.1489212479525537     
   2.1504384945024642     
   2.1549717646859179     
   2.1563323554061129     
   2.1591225182491351     
   2.1603531110912377     
   2.1690654177844024     
   2.1705482340948041     
   2.1737750176192252     
   2.1747662450390015     
   2.1807773689675982     
   2.1846937266570401     
   2.1894494613567801     
   2.1916386836544568     
   2.1962803886396558     
   2.1966958249568118     
   2.2073741408592920     
   2.2085345270815293     
   2.2150671793682903     
   2.2182387749675669     
   2.2268717792893500     
   2.2347899367555892     
   2.2440291474398757     
   2.2448857250458478     
   2.2646324566313147     
   2.2680228100974826     
   2.2752263423115395     
   2.2761372009108385     
   2.2774862910641303     
   2.2917895568710871     
   2.2989497943121879     
   2.3061201248997047     
   2.3087232573363181     
   2.3107033935239603     
   2.3173506103414487     
   2.3312583302536778     
   2.3364672810716991     
   2.3409482750117885     
   2.3412862329331423     
   2.3500996120194233     
   2.3608623306779295     
   2.3648427945919952     
   2.3675382759445385     
   2.3746473818733107     
   2.3806592211318032     
   2.3852374833936851     
   2.3884611767510342     
   2.3953358447329349     
   2.3988770637699925     
   2.4046214399069843     
   2.4226302518323863     
   2.4375764067269063     
   2.4411087455591391     
   2.4431123417615783     
   2.4449232438671715     
   2.4828585218627173     
   2.4986220768315994     
   2.5051259337160388     
   2.5089237910348055     
   2.6137881044966558     
   2.6398980547367521     
   2.6832066597743678     
   2.6867701294968938     
   2.7073279076211225     
   2.7138889709675760     
   2.7425907892083341     
   2.7846617789580779     
   2.7969905929801859     
   2.8003497801382911     
   2.8091073521800802     
   2.8267483756286893     
   2.8274784302253742     
   2.8561940960813859     
   2.8641957602425312     
   2.9184204761214461     
   2.9216398536871542     
   2.9770191939211461     
   2.9934105228405063     
   3.0105263254022301     
   3.0608632066256405     
   3.0694591928362311     
   3.1041785185749884     
   3.1399214814520460     
   3.1436311716668581     
   3.1445140845075041     
   3.1640438519103524     
   3.1746539706938806     
   3.1944880250844783     
   3.1959184149921156     
   3.2582942673953474     
   3.2905288631908860     
   3.3083636467615869     
   3.3121028003337591     
   3.3435369076216763     
   3.3599253196603081     
   3.5001705481564578     
   3.5099121540396170     
   3.5225027621219476     
   3.5277020648898842     
   3.5361495164526082     
   3.5507025132093499     
   3.5573279446557273     
   3.5621645152863048     
