 beta=   0.0000000000000000     
  -4.0788286350970412E-015
  -3.6355181090262237E-015
  -2.9724905499004310E-015
  -2.4571983233263461E-015
  -1.7321093699871737E-015
  -8.3185724142914082E-016
   1.7603253374562889E-003
   2.1805333565115548E-003
   2.8415794215301826E-003
   3.8381687864170724E-003
   4.0785700166473251E-003
   4.4359146912697212E-003
   4.4580211004983774E-003
   4.7007628744258293E-003
   4.7660421821995730E-003
   4.9518521893546774E-003
   5.1708410421660344E-003
   5.3277657396297168E-003
   5.5686434403155677E-003
   5.9173498739197861E-003
   6.1410448045167128E-003
   6.3665759846043939E-003
   6.3912575055183381E-003
   6.7114354559979078E-003
   6.9047361999215184E-003
   7.0973116475237848E-003
   7.1123233915507704E-003
   7.3734531393191138E-003
   7.5710767572536742E-003
   7.6521489994939712E-003
   7.8275118338490407E-003
   8.0897446095338846E-003
   8.2432247157720878E-003
   8.3638804225772360E-003
   8.4275500940304213E-003
   8.5168888214730183E-003
   8.6080072759622209E-003
   8.8401974725615812E-003
   8.9957239642246833E-003
   9.1954102675182031E-003
   9.2886097653960397E-003
   9.3263504903121752E-003
   9.4560711497642669E-003
   9.6772852524528181E-003
   9.7217666193160825E-003
   9.8312043833958390E-003
   9.9366594403095549E-003
   1.0016931085164764E-002
   1.0121091518786585E-002
   1.0190077109417960E-002
   1.0260088116067975E-002
   1.0361625376156109E-002
   1.0411436763317086E-002
   1.0540585576560416E-002
   1.0607698430718977E-002
   1.0682152587476967E-002
   1.0821229443261559E-002
   1.0946430762594023E-002
   1.1086299888325157E-002
   1.1283582399141977E-002
   1.1299974967019342E-002
   1.1517530531460039E-002
   1.1547912644082505E-002
   1.1755953184389999E-002
   1.1793518404997349E-002
   1.1903070589983123E-002
   1.1998632866760226E-002
   1.2053926122340968E-002
   1.2099283713846130E-002
   1.2285807963010263E-002
   1.2409852415001379E-002
   1.2469463771306437E-002
   1.2513888510604618E-002
   1.2585536519424302E-002
   1.2683343419131292E-002
   1.2719013417746127E-002
   1.2797558596219309E-002
   1.2882366531230370E-002
   1.2929039760010320E-002
   1.3089636376777340E-002
   1.3149381213381448E-002
   1.3181799732606983E-002
   1.3362270388825509E-002
   1.3455723957877369E-002
   1.3565034847296669E-002
   1.3656006854829648E-002
   1.3707382751037389E-002
   1.3723888997027521E-002
   1.3989230429645031E-002
   1.3999292030958271E-002
   1.4106541322468046E-002
   1.4253437350282542E-002
   1.4317894421257684E-002
   1.4336453732022978E-002
   1.4427124871607340E-002
   1.4522424238895123E-002
   1.4581301113555122E-002
   1.4629153657626402E-002
   1.4741637521455631E-002
   1.4885290321592564E-002
   1.4903196710533584E-002
   1.4946252272242219E-002
   1.5079950131845961E-002
   1.5257742464344901E-002
   1.5398202088051094E-002
   1.5457693153369896E-002
   1.5535717986151354E-002
   1.5646621136885405E-002
   1.5709305369569090E-002
   1.5853123180626871E-002
   1.6021593326011926E-002
   1.6106140802445521E-002
   1.6197304239005544E-002
   1.6216850528932462E-002
   1.6312979141360671E-002
   1.6522139267780594E-002
   1.6640918193981467E-002
   1.6707428479376511E-002
   1.6725307211232648E-002
   1.6866445321544361E-002
   1.6911676592439938E-002
   1.6961449800046890E-002
   1.7043665153436333E-002
   1.7091365325905085E-002
   1.7119724427343334E-002
   1.7270603998374944E-002
   1.7423756745129998E-002
   1.7469184170326186E-002
   1.7591979404083271E-002
   1.7624862147383243E-002
   1.7671426135826503E-002
   1.7726549160427409E-002
   1.7836766276675860E-002
   1.7858328058682680E-002
   1.7913766151117796E-002
   1.7918653039808063E-002
   1.8158758747696544E-002
   1.8308799331699349E-002
   1.8334319312544207E-002
   1.8456096762365932E-002
   1.8514896673787421E-002
   1.8655526174591278E-002
   1.8761933997057435E-002
   1.8793747994784085E-002
   1.8842302239597215E-002
   1.8915832106461781E-002
   1.9042279794786090E-002
   1.9088841339376744E-002
   1.9150467499462833E-002
   1.9272239774944702E-002
   1.9320534736505128E-002
   1.9407034220372987E-002
   1.9440782609427408E-002
   1.9577359544150942E-002
   1.9651109982396945E-002
   1.9758559636535514E-002
   1.9865659124177457E-002
   1.9894485201759224E-002
   1.9935309364038173E-002
   1.9999375694801577E-002
   2.0120120735716035E-002
   2.0145174110075388E-002
   2.0228871503452324E-002
   2.0295332302518395E-002
   2.0335062474959302E-002
   2.0386208636967988E-002
   2.0439772458598647E-002
   2.0508389138513054E-002
   2.0554263315344313E-002
   2.0589432370948832E-002
   2.0643507630842890E-002
   2.0740820107712443E-002
   2.0841762256693291E-002
   2.0900134497544392E-002
   2.0930293971272329E-002
   2.0986501270506944E-002
   2.1128262918448642E-002
   2.1162403149906771E-002
   2.1203463709000087E-002
   2.1255721142804253E-002
   2.1353059447936952E-002
   2.1377623053483088E-002
   2.1443312378412710E-002
   2.1471173168707992E-002
   2.1528822203888100E-002
   2.1536855420803632E-002
   2.1563411634857924E-002
   2.1664328424326001E-002
   2.1704525175283311E-002
   2.1724201484999310E-002
   2.1821234521573453E-002
   2.1900793230049759E-002
   2.1975944917991475E-002
   2.2115039549378119E-002
   2.2133190845954484E-002
   2.2174500200529169E-002
   2.2196440105091413E-002
   2.2259140830144419E-002
   2.2312970968931273E-002
   2.2328993338547272E-002
   2.2395702345601943E-002
   2.2438409233744700E-002
   2.2531446729094372E-002
   2.2556339170647529E-002
   2.2601415891653886E-002
   2.2646819853095506E-002
   2.2685136448628913E-002
   2.2871635845781946E-002
   2.2921808418787500E-002
   2.2931027528819228E-002
   2.3071555838976823E-002
   2.3106912960775682E-002
   2.3136763641998074E-002
   2.3230341496147507E-002
   2.3257810197803493E-002
   2.3274201580061663E-002
   2.3398648009017389E-002
   2.3452205930120647E-002
   2.3493087606334388E-002
   2.3518053584358586E-002
   2.3572652232353754E-002
   2.3597659494138043E-002
   2.3658708420703067E-002
   2.3685655573558641E-002
   2.3774191649473385E-002
   2.3845584793398007E-002
   2.3884730365294725E-002
   2.3901551806357300E-002
   2.3982205828787344E-002
   2.4069690320205360E-002
   2.4102106377389243E-002
   2.4145386351371052E-002
   2.4187142566133680E-002
   2.4216070929772616E-002
   2.4311443582683754E-002
   2.4325973912293946E-002
   2.4412040715601806E-002
   2.4454070434866745E-002
   2.4477667042011070E-002
   2.4532956558042079E-002
   2.4607963897077402E-002
   2.4622441945482795E-002
   2.4689674076883755E-002
   2.4775736085202768E-002
   2.4790034084736554E-002
   2.4894574171200948E-002
   2.4941904392541590E-002
   2.4979744636746053E-002
   2.5040966304352652E-002
   2.5099846259674281E-002
   2.5114061379295786E-002
   2.5210565685722462E-002
   2.5270551253735573E-002
   2.5328583886767911E-002
   2.5367014248295443E-002
   2.5392096024880975E-002
   2.5491590289682956E-002
   2.5499288738825052E-002
   2.5555991123992476E-002
   2.5573219194372318E-002
   2.5611449589478003E-002
   2.5643797448585571E-002
   2.5715209437311828E-002
   2.5757702354215522E-002
   2.5794690887644169E-002
   2.5866660007472151E-002
   2.5909340004377217E-002
   2.5984959526594704E-002
   2.6009838425839843E-002
   2.6060014378744355E-002
   2.6108700611359042E-002
   2.6145026669109051E-002
   2.6159824953546153E-002
   2.6239496412578715E-002
   2.6248552932071768E-002
   2.6286757386533507E-002
   2.6309113010156301E-002
   2.6346149272420571E-002
   2.6386984070820990E-002
   2.6418933685400742E-002
   2.6488314746983464E-002
   2.6510959878174166E-002
   2.6547908252959645E-002
   2.6611552307792320E-002
   2.6658972975227482E-002
   2.6707257013109085E-002
   2.6749494758620058E-002
   2.6802909665290326E-002
   2.6850254617716930E-002
   2.6883998961883680E-002
   2.6939153749969177E-002
   2.6989769245761446E-002
   2.7080627386252720E-002
   2.7124662737547212E-002
   2.7199918473889292E-002
   2.7205607812305993E-002
   2.7218244114859652E-002
   2.7312108027097583E-002
   2.7344764759198104E-002
   2.7375738148847452E-002
   2.7453813736058354E-002
   2.7490649169565107E-002
   2.7506273500328492E-002
   2.7547491483372794E-002
   2.7620933044499796E-002
   2.7624255016783755E-002
   2.7662949625166380E-002
   2.7688624575887479E-002
   2.7720979302266004E-002
   2.7811602459267906E-002
   2.7840075261299991E-002
   2.7850562661470585E-002
   2.7890663670377472E-002
   2.7916166001047599E-002
   2.8005550846005645E-002
   2.8060094885678146E-002
   2.8096707090281656E-002
   2.8116065215447343E-002
   2.8157396228667333E-002
   2.8182126565704773E-002
   2.8258815397622719E-002
   2.8293897829757865E-002
   2.8312883656336697E-002
   2.8346532184106935E-002
   2.8407443106367076E-002
   2.8448784271029284E-002
   2.8478353897057593E-002
   2.8496212953464970E-002
   2.8612270415868023E-002
   2.8656732577857408E-002
   2.8732854277209837E-002
   2.8764307441648998E-002
   2.8812056062663512E-002
   2.8822921218976189E-002
   2.8833382331400131E-002
   2.8890496684159273E-002
   2.8919138681352204E-002
   2.8964573562882026E-002
   2.9003920798682345E-002
   2.9046240506125368E-002
   2.9097612996624646E-002
   2.9112920348241554E-002
   2.9152811071000644E-002
   2.9202366280245438E-002
   2.9213658219187387E-002
   2.9255990883117561E-002
   2.9323112439938265E-002
   2.9383255190777884E-002
   2.9390186610710928E-002
   2.9431516274981147E-002
   2.9449658183200281E-002
   2.9491707886864695E-002
   2.9552720499462563E-002
   2.9576173627596465E-002
   2.9622742515586897E-002
   2.9625316857531319E-002
   2.9679529892355422E-002
   2.9701311140776471E-002
   2.9742958382206610E-002
   2.9779569452349545E-002
   2.9818395140591803E-002
   2.9847221776541050E-002
   2.9872765557523724E-002
   2.9901021773806335E-002
   2.9904259237610645E-002
   2.9956741560828792E-002
   3.0010379485818667E-002
   3.0042636074523690E-002
   3.0072794973654265E-002
   3.0091745858387545E-002
   3.0100805948251527E-002
   3.0160829878149834E-002
   3.0203204250218611E-002
   3.0263953439230974E-002
   3.0269818712794060E-002
   3.0393389535592473E-002
   3.0402584674758353E-002
   3.0413869293426529E-002
   3.0462485335248604E-002
   3.0473047924180138E-002
   3.0517131633157103E-002
   3.0565367678254879E-002
   3.0575267284319408E-002
   3.0615831248511000E-002
   3.0643163937871403E-002
   3.0688382524218155E-002
   3.0724002474245539E-002
   3.0753051291964303E-002
   3.0760171805733101E-002
   3.0814051992842290E-002
   3.0855521167472730E-002
   3.0875452277288863E-002
   3.0902634955884387E-002
   3.0934051273284489E-002
   3.0951824421865452E-002
   3.0999543587679788E-002
   3.1078736080601837E-002
   3.1118791099822990E-002
   3.1140472855943062E-002
   3.1197898653517193E-002
   3.1251741177961083E-002
   3.1280388713501757E-002
   3.1316725579929171E-002
   3.1331541387107927E-002
   3.1373921047709814E-002
   3.1375037570485133E-002
   3.1427091410766606E-002
   3.1486058615500336E-002
   3.1511266788976242E-002
   3.1540843783913579E-002
   3.1570689054597603E-002
   3.1599816915330398E-002
   3.1636672892939380E-002
   3.1689208131565595E-002
   3.1740842649678747E-002
   3.1795504921427256E-002
   3.1826626268478604E-002
   3.1851916969426589E-002
   3.1863602319733793E-002
   3.1912816000687141E-002
   3.1947139693204271E-002
   3.1991424728744423E-002
   3.1996150161341330E-002
   3.2078075672700594E-002
   3.2105479398496735E-002
   3.2125622333942477E-002
   3.2176591186649700E-002
   3.2200501425119391E-002
   3.2249480952093477E-002
   3.2289441053371622E-002
   3.2308383974816821E-002
   3.2339848628966883E-002
   3.2382588163925287E-002
   3.2416594914421296E-002
   3.2443674846993537E-002
   3.2457402072187981E-002
   3.2499828152674014E-002
   3.2514584637555424E-002
   3.2580239265622847E-002
   3.2640049687060996E-002
   3.2642889922216228E-002
   3.2668390344047941E-002
   3.2717097506335932E-002
   3.2746399470379071E-002
   3.2752438873269396E-002
   3.2781597879226770E-002
   3.2802749817421109E-002
   3.2808290253336821E-002
   3.2842534696064733E-002
   3.2859758477291182E-002
   3.2888191826489145E-002
   3.2957839779877145E-002
   3.2974326672746364E-002
   3.2996934039888307E-002
   3.3028379729090597E-002
   3.3040279685649668E-002
   3.3090556617309634E-002
   3.3100861030953721E-002
   3.3177369600533857E-002
   3.3211110256512189E-002
   3.3223895358674635E-002
   3.3269214697232048E-002
   3.3295936776123490E-002
   3.3313549058240299E-002
   3.3353535950996903E-002
   3.3361882626429071E-002
   3.3405122698329764E-002
   3.3450345482457899E-002
   3.3488071244456213E-002
   3.3503723064624936E-002
   3.3545847052608449E-002
   3.3564018591317940E-002
   3.3596371590512472E-002
   3.3618889832667774E-002
   3.3650457447981660E-002
   3.3666605862667585E-002
   3.3705568064497503E-002
   3.3719187298248084E-002
   3.3762794048134634E-002
   3.3783052264437695E-002
   3.3800891254384013E-002
   3.3837475993837109E-002
   3.3858310079768562E-002
   3.3883034207234305E-002
   3.3934965834434602E-002
   3.3977775310072698E-002
   3.3991872746272009E-002
   3.4006638029491221E-002
   3.4014943159167851E-002
   3.4074167251293343E-002
   3.4091361345472290E-002
   3.4117483547124995E-002
   3.4147163517253901E-002
   3.4168871984884122E-002
   3.4201555184085804E-002
   3.4222082322433900E-002
   3.4232994944432479E-002
   3.4257377810490340E-002
   3.4272393351870212E-002
   3.4316112741855767E-002
   3.4320971147121002E-002
   3.4357031798886828E-002
   3.4402226357831814E-002
   3.4432347554885646E-002
   3.4447149517881338E-002
   3.4495108948487820E-002
   3.4505951867581944E-002
   3.4561040107960912E-002
   3.4585442653478828E-002
   3.4611215206246736E-002
   3.4647041561447461E-002
   3.4655436766598970E-002
   3.4683448866154619E-002
   3.4696525197834623E-002
   3.4712452883898973E-002
   3.4760677374873317E-002
   3.4802179627060538E-002
   3.4815085581170156E-002
   3.4831624045189254E-002
   3.4868405914663246E-002
   3.4897664129138438E-002
   3.4913400258776969E-002
   3.4931785539083236E-002
   3.4969017464405228E-002
   3.5003502324747388E-002
   3.5051035879232126E-002
   3.5053288920590064E-002
   3.5059843615432122E-002
   3.5085156940336829E-002
   3.5102493449487883E-002
   3.5115215859164522E-002
   3.5137610082478350E-002
   3.5174778266849074E-002
   3.5232335755159792E-002
   3.5245233762421516E-002
   3.5275500991838571E-002
   3.5294485205860968E-002
   3.5352873234338424E-002
   3.5365068167266679E-002
   3.5378128463714097E-002
   3.5398381094924464E-002
   3.5420743955183603E-002
   3.5446990696750280E-002
   3.5458327990832671E-002
   3.5513480970109153E-002
   3.5520124393833771E-002
   3.5572968276815088E-002
   3.5580418740971682E-002
   3.5615131682648606E-002
   3.5635254615150845E-002
   3.5639942021173966E-002
   3.5659696248843520E-002
   3.5686396579698410E-002
   3.5692790197342034E-002
   3.5744137992642214E-002
   3.5765074288840550E-002
   3.5786755985436354E-002
   3.5809165359887186E-002
   3.5858754545443065E-002
   3.5878866922333774E-002
   3.5899124675518541E-002
   3.5917190697549270E-002
   3.5936187388428791E-002
   3.5972110500537238E-002
   3.5997343658523785E-002
   3.6012904544044967E-002
   3.6025956272980678E-002
   3.6040261905677003E-002
   3.6053070884738650E-002
   3.6095193736203388E-002
   3.6115269030141131E-002
   3.6133076067501213E-002
   3.6175379467462361E-002
   3.6205167483734459E-002
   3.6213028050085465E-002
   3.6222751066135365E-002
   3.6251504793541889E-002
   3.6265955421469410E-002
   3.6285835080805788E-002
   3.6300415620206347E-002
   3.6318920883482292E-002
   3.6382379638648134E-002
   3.6405657473705576E-002
   3.6423507681657565E-002
   3.6445806653619420E-002
   3.6481043861212183E-002
   3.6499000015189638E-002
   3.6506961111967745E-002
   3.6541474324248167E-002
   3.6555842768257969E-002
   3.6572627393776508E-002
   3.6587101649275595E-002
   3.6622695035017618E-002
   3.6625967435915535E-002
   3.6658347046395368E-002
   3.6676926607081793E-002
   3.6687071383012408E-002
   3.6715008004485732E-002
   3.6720374298289962E-002
   3.6766262005626854E-002
   3.6796192791805696E-002
   3.6806092907891330E-002
   3.6826879080485569E-002
   3.6836352226212996E-002
   3.6856030661942735E-002
   3.6890374226512646E-002
   3.6896494501988446E-002
   3.6932426682118845E-002
   3.6964361767276015E-002
   3.6968342774161368E-002
   3.6992854588267739E-002
   3.7013824784217032E-002
   3.7020912903788547E-002
   3.7043178253493098E-002
   3.7061941730742884E-002
   3.7083625099134161E-002
   3.7098117669939763E-002
   3.7117773466392320E-002
   3.7131944461200238E-002
   3.7160195906810828E-002
   3.7176865971934439E-002
   3.7190857082629113E-002
   3.7228271488420811E-002
   3.7237285624226138E-002
   3.7261355129642425E-002
   3.7288724521090444E-002
   3.7296171176184424E-002
   3.7313086584956391E-002
   3.7342385392676418E-002
   3.7367892833137607E-002
   3.7375777429142928E-002
   3.7398384238673886E-002
   3.7437250291208868E-002
   3.7445178416163342E-002
   3.7458644164201263E-002
   3.7485773738815169E-002
   3.7499330811435277E-002
   3.7537343728740069E-002
   3.7570907993505862E-002
   3.7583362418900798E-002
   3.7591769142855412E-002
   3.7629517652053211E-002
   3.7662547727509516E-002
   3.7688482651141400E-002
   3.7700791493967989E-002
   3.7706847617344788E-002
   3.7727317557494047E-002
   3.7735156106940629E-002
   3.7773034590810758E-002
   3.7789822526442522E-002
   3.7803657539225835E-002
   3.7830739409610847E-002
   3.7849769280472269E-002
   3.7874615621862867E-002
   3.7900462498828530E-002
   3.7917605348858185E-002
   3.7923864012966726E-002
   3.7950880334933136E-002
   3.7973900845767135E-002
   3.7997832436762462E-002
   3.8020851651663863E-002
   3.8029224412485622E-002
   3.8060741013716745E-002
   3.8079067250713070E-002
   3.8082684342192509E-002
   3.8093077945596167E-002
   3.8127590875692847E-002
   3.8147975673478100E-002
   3.8162232271043380E-002
   3.8173177268610699E-002
   3.8185642522736846E-002
   3.8215161238344821E-002
   3.8220409890341249E-002
   3.8241259269644660E-002
   3.8266037557131649E-002
   3.8296909630816223E-002
   3.8325745391659387E-002
   3.8334733172614426E-002
   3.8342853888206248E-002
   3.8346337695419924E-002
   3.8374139262109586E-002
   3.8385783531529868E-002
   3.8397252398127489E-002
   3.8425534925270302E-002
   3.8444692970233785E-002
   3.8466379941038263E-002
   3.8481596176748616E-002
   3.8494024785450755E-002
   3.8515595718491884E-002
   3.8524517920722673E-002
   3.8548581653124435E-002
   3.8570199823912986E-002
   3.8582588988535810E-002
   3.8598673660689559E-002
   3.8611897620240150E-002
   3.8638516434678048E-002
   3.8651513117906121E-002
   3.8661939124286629E-002
   3.8676962777783347E-002
   3.8694786813141972E-002
   3.8715951926940669E-002
   3.8734271776887312E-002
   3.8741747081878906E-002
   3.8750214581003653E-002
   3.8779598349828116E-002
   3.8789786907474463E-002
   3.8814753769231679E-002
   3.8825181165527065E-002
   3.8847071910598052E-002
   3.8864506701457517E-002
   3.8884672796545873E-002
   3.8914832080328594E-002
   3.8929934512133953E-002
   3.8962395161251995E-002
   3.8981371041328115E-002
   3.8986657557549292E-002
   3.8996770269538392E-002
   3.9024769762533114E-002
   3.9039714065942172E-002
   3.9060901211923557E-002
   3.9080175632811721E-002
   3.9090018587397003E-002
   3.9108433377213807E-002
   3.9120335139377002E-002
   3.9131511525258345E-002
   3.9197832997180160E-002
   3.9212627958378259E-002
   3.9235722586831751E-002
   3.9264653650310469E-002
   3.9274341181444704E-002
   3.9301571063667447E-002
   3.9311055965274851E-002
   3.9331541674965616E-002
   3.9335671525159266E-002
   3.9355346774408856E-002
   3.9402695309991527E-002
   3.9407840472572411E-002
   3.9444359910540301E-002
   3.9453849806549278E-002
   3.9470194324304944E-002
   3.9502149002093270E-002
   3.9508597543433291E-002
   3.9542723129983325E-002
   3.9550075659488350E-002
   3.9555881083383933E-002
   3.9588723886709407E-002
   3.9612210273482655E-002
   3.9640031241030362E-002
   3.9661445317260902E-002
   3.9685418983902328E-002
   3.9692963141347348E-002
   3.9709922559243799E-002
   3.9747894578608965E-002
   3.9763979178650516E-002
   3.9787324340855530E-002
   3.9801475937000799E-002
   3.9826414142841972E-002
   3.9866614115661621E-002
   3.9874194793405086E-002
   3.9893829497764967E-002
   3.9943686415216936E-002
   3.9957544675448563E-002
   3.9968872121554581E-002
   4.0003136189283153E-002
   4.0033211994775740E-002
   4.0041471019308425E-002
   4.0057088413212288E-002
   4.0075001924138293E-002
   4.0092338330389249E-002
   4.0108917229539263E-002
   4.0117184116681144E-002
   4.0140386635145603E-002
   4.0161029590839857E-002
   4.0172380923231950E-002
   4.0189425463612004E-002
   4.0195152065587957E-002
   4.0224809242506293E-002
   4.0237933440955873E-002
   4.0248700755178043E-002
   4.0290385186000199E-002
   4.0294508226549938E-002
   4.0327099223583483E-002
   4.0333922974997882E-002
   4.0372293343125025E-002
   4.0390154155381205E-002
   4.0431095134728569E-002
   4.0457426664673946E-002
   4.0462617153349478E-002
   4.0489590768830665E-002
   4.0512484329064714E-002
   4.0523926191690325E-002
   4.0549065006187421E-002
   4.0576290793726433E-002
   4.0581674477607459E-002
   4.0612326549836056E-002
   4.0630683615308028E-002
   4.0649831712263648E-002
   4.0675296187968127E-002
   4.0688825357095240E-002
   4.0702395641843969E-002
   4.0710278546353222E-002
   4.0726542653168767E-002
   4.0759092198133499E-002
   4.0766213000179144E-002
   4.0776288815538748E-002
   4.0798556052038519E-002
   4.0828025165193002E-002
   4.0839160789147351E-002
   4.0854618610826163E-002
   4.0877585489849821E-002
   4.0881174944592827E-002
   4.0916978757725188E-002
   4.0939439600514813E-002
   4.0953684656461854E-002
   4.0967552721581868E-002
   4.0970327579989883E-002
   4.1002785612431841E-002
   4.1029935049584750E-002
   4.1033169642797823E-002
   4.1062691759267918E-002
   4.1076603838922573E-002
   4.1086650007689351E-002
   4.1120954700075145E-002
   4.1138269927092699E-002
   4.1151480293229271E-002
   4.1196529721404092E-002
   4.1210812327504259E-002
   4.1228638923992707E-002
   4.1235598673434411E-002
   4.1263939358765725E-002
   4.1297717076926199E-002
   4.1316861200587494E-002
   4.1320319922826615E-002
   4.1353417417932609E-002
   4.1381623563202768E-002
   4.1400604411350787E-002
   4.1406040804968409E-002
   4.1431314732264309E-002
   4.1443793627948901E-002
   4.1457139994838514E-002
   4.1479586881397836E-002
   4.1490854016433515E-002
   4.1502988972259729E-002
   4.1527688164438609E-002
   4.1542586141404915E-002
   4.1562152546879227E-002
   4.1584822341552211E-002
   4.1610061484437043E-002
   4.1632394837650979E-002
   4.1643591109152098E-002
   4.1648066040561517E-002
   4.1654552865387301E-002
   4.1720979400562977E-002
   4.1727241298635427E-002
   4.1764258129420292E-002
   4.1787330005057993E-002
   4.1818879273103987E-002
   4.1828194288460199E-002
   4.1840102145843529E-002
   4.1863394572391362E-002
   4.1882476715787653E-002
   4.1909352794429568E-002
   4.1943029108242970E-002
   4.1958319141821986E-002
   4.1962009171103709E-002
   4.1982998713672462E-002
   4.1994507630311394E-002
   4.2002231271098693E-002
   4.2017599582705380E-002
   4.2038941700481940E-002
   4.2052561505380164E-002
   4.2060463433048673E-002
   4.2098283612321985E-002
   4.2109218705103840E-002
   4.2125529642371470E-002
   4.2156174778630484E-002
   4.2177084422553225E-002
   4.2197623476857168E-002
   4.2204940292512545E-002
   4.2231716755264985E-002
   4.2263340739561249E-002
   4.2278321488989710E-002
   4.2287069738166677E-002
   4.2314805479614200E-002
   4.2341187227886316E-002
   4.2357913927552636E-002
   4.2371911096656750E-002
   4.2396743519827099E-002
   4.2406857323024780E-002
   4.2422604709514651E-002
   4.2438721477915914E-002
   4.2443598900807213E-002
   4.2461645490311208E-002
   4.2476684139964950E-002
   4.2520391685776426E-002
   4.2560075962643898E-002
   4.2569087841379465E-002
   4.2591403887274122E-002
   4.2608484448397523E-002
   4.2634282408418690E-002
   4.2654819267134735E-002
   4.2689913045300482E-002
   4.2694344271493920E-002
   4.2721645794543239E-002
   4.2734010881854800E-002
   4.2743743557356946E-002
   4.2758324921678123E-002
   4.2777803708465567E-002
   4.2803802365058527E-002
   4.2826744115333534E-002
   4.2846813519246352E-002
   4.2852335835082050E-002
   4.2871674100421621E-002
   4.2889256783120597E-002
   4.2937438784726861E-002
   4.2954833589510272E-002
   4.2971016810807589E-002
   4.2990947479074046E-002
   4.3020877701419429E-002
   4.3030822791545763E-002
   4.3045901614928772E-002
   4.3060628179365158E-002
   4.3097585439597283E-002
   4.3125307003427031E-002
   4.3150557366502473E-002
   4.3165620914628590E-002
   4.3207103536162202E-002
   4.3234201210533417E-002
   4.3239437853566563E-002
   4.3261968770657487E-002
   4.3308184702316246E-002
   4.3324188248926483E-002
   4.3374134479330972E-002
   4.3390553949231310E-002
   4.3403358422349471E-002
   4.3414240282504131E-002
   4.3449683261844077E-002
   4.3452123579015921E-002
   4.3479005822371013E-002
   4.3502925732557339E-002
   4.3513842202971109E-002
   4.3550459398330098E-002
   4.3581587750814978E-002
   4.3615586768953767E-002
   4.3623645295077104E-002
   4.3650242998410034E-002
   4.3667386089344916E-002
   4.3707429976601313E-002
   4.3741714301264202E-002
   4.3754694648774642E-002
   4.3771447815488328E-002
   4.3794337716506683E-002
   4.3816188182106489E-002
   4.3831174895724662E-002
   4.3856190178786357E-002
   4.3899366413992072E-002
   4.3912054131218944E-002
   4.3918010354372670E-002
   4.3937855261059068E-002
   4.3968363106850018E-002
   4.3971154838183986E-002
   4.3979458594059648E-002
   4.4020544889343149E-002
   4.4055793722727395E-002
   4.4067322619635717E-002
   4.4078952794036771E-002
   4.4115403151632177E-002
   4.4126746213929473E-002
   4.4186996926376537E-002
   4.4213466785787227E-002
   4.4241041772979127E-002
   4.4266749285074493E-002
   4.4277589354212880E-002
   4.4320787515437096E-002
   4.4330322564098461E-002
   4.4364906347827242E-002
   4.4374340513688583E-002
   4.4424317007473527E-002
   4.4440843659854450E-002
   4.4459879391142980E-002
   4.4481324928203690E-002
   4.4495075609477297E-002
   4.4533078757739875E-002
   4.4543943309192348E-002
   4.4587317017071158E-002
   4.4625494700626787E-002
   4.4642830681214503E-002
   4.4657825316526921E-002
   4.4673587195039346E-002
   4.4694773706484371E-002
   4.4745728192490460E-002
   4.4763271504237499E-002
   4.4783719335907052E-002
   4.4791877889394101E-002
   4.4809433909117236E-002
   4.4815952475032610E-002
   4.4848820071951741E-002
   4.4878007994648833E-002
   4.4908890793294291E-002
   4.4942144141320181E-002
   4.4969576054344242E-002
   4.4984278093924183E-002
   4.5000383919077146E-002
   4.5012201343364762E-002
   4.5046788463782884E-002
   4.5062376321097032E-002
   4.5090005342126371E-002
   4.5105768527726166E-002
   4.5160033284895082E-002
   4.5161726480110187E-002
   4.5174219096668168E-002
   4.5225810289443752E-002
   4.5266257399641387E-002
   4.5282932194306992E-002
   4.5324631707022528E-002
   4.5350944635988502E-002
   4.5386652658443966E-002
   4.5439960958166686E-002
   4.5444392446201319E-002
   4.5460281630275622E-002
   4.5512694335727050E-002
   4.5539829760605013E-002
   4.5558350189263193E-002
   4.5573172086781667E-002
   4.5586200361147244E-002
   4.5627986988036648E-002
   4.5651165977862715E-002
   4.5690165138926986E-002
   4.5694650672352108E-002
   4.5731356628738222E-002
   4.5766244671853903E-002
   4.5795089215683663E-002
   4.5804980612684794E-002
   4.5854688964427445E-002
   4.5862941641080394E-002
   4.5883890863440489E-002
   4.5900492040051852E-002
   4.5908337371740118E-002
   4.5954852010949183E-002
   4.5983598457058558E-002
   4.6003804418625227E-002
   4.6029218897104651E-002
   4.6060553420485768E-002
   4.6074760405861032E-002
   4.6114540179611370E-002
   4.6122254516653319E-002
   4.6160512966834280E-002
   4.6191226932929270E-002
   4.6217944453306653E-002
   4.6234147602033003E-002
   4.6254954742297204E-002
   4.6310541948087515E-002
   4.6323925032445826E-002
   4.6343070133808742E-002
   4.6350238362131764E-002
   4.6378588730514876E-002
   4.6402660364701795E-002
   4.6422701662247011E-002
   4.6446244756378360E-002
   4.6491478682520279E-002
   4.6536466276215459E-002
   4.6601407328680303E-002
   4.6608387504564766E-002
   4.6654631465006965E-002
   4.6684137082318597E-002
   4.6707689545009645E-002
   4.6755279732951467E-002
   4.6783460549373809E-002
   4.6805878737215312E-002
   4.6810810867323770E-002
   4.6827777870790885E-002
   4.6887954836428533E-002
   4.6901162220061750E-002
   4.6912761449021290E-002
   4.6928642524682630E-002
   4.6974379528837977E-002
   4.7002403087440608E-002
   4.7030076818762076E-002
   4.7052423174379666E-002
   4.7090848334033319E-002
   4.7117670516698115E-002
   4.7126400853803381E-002
   4.7178114858599268E-002
   4.7190524275882405E-002
   4.7199779499612009E-002
   4.7232991402400566E-002
   4.7243325162728188E-002
   4.7296032681035993E-002
   4.7329319504370693E-002
   4.7339887603607710E-002
   4.7365520744923076E-002
   4.7374744682010847E-002
   4.7410442760771998E-002
   4.7437285006946453E-002
   4.7467446082986538E-002
   4.7500518507414796E-002
   4.7536100303921407E-002
   4.7545408055317831E-002
   4.7593646816441508E-002
   4.7609119945914651E-002
   4.7645076665364890E-002
   4.7665595559442685E-002
   4.7682428413903716E-002
   4.7733993364592789E-002
   4.7762671909460402E-002
   4.7789687256631422E-002
   4.7837308822747067E-002
   4.7867849658330193E-002
   4.7896319943219683E-002
   4.7927873563712552E-002
   4.7945006776035956E-002
   4.7984344652852756E-002
   4.8024285675389550E-002
   4.8040582879328109E-002
   4.8061188494345770E-002
   4.8115924434840085E-002
   4.8141916001309647E-002
   4.8148658480563565E-002
   4.8162518730601692E-002
   4.8193485075355098E-002
   4.8245283539354825E-002
   4.8269127135961570E-002
   4.8303608165412425E-002
   4.8325081596142433E-002
   4.8334443443952532E-002
   4.8371153932757704E-002
   4.8396650662646701E-002
   4.8428310138001127E-002
   4.8447758338665547E-002
   4.8497213559148294E-002
   4.8508553138172372E-002
   4.8539512977666871E-002
   4.8574768839531282E-002
   4.8595295301928999E-002
   4.8633389034271300E-002
   4.8661864639893949E-002
   4.8678539447561231E-002
   4.8721001529414200E-002
   4.8752325969678323E-002
   4.8781217080422976E-002
   4.8816850038192625E-002
   4.8829465766899720E-002
   4.8841836743752066E-002
   4.8886855892053861E-002
   4.8894163624379705E-002
   4.8906475293619273E-002
   4.8952724098376435E-002
   4.8982100187134454E-002
   4.9003454204512097E-002
   4.9021068748548523E-002
   4.9048878325428737E-002
   4.9065532855703149E-002
   4.9070463275778291E-002
   4.9111338612325063E-002
   4.9119085019334388E-002
   4.9190934914464614E-002
   4.9204840129071288E-002
   4.9259357741262749E-002
   4.9267552270066843E-002
   4.9301564042930603E-002
   4.9342624793821413E-002
   4.9362066876132628E-002
   4.9369912268864641E-002
   4.9412276192121761E-002
   4.9455613989224968E-002
   4.9498985778467057E-002
   4.9513659965826844E-002
   4.9538301236363914E-002
   4.9562290672919174E-002
   4.9574465369594034E-002
   4.9598218533403127E-002
   4.9634047478448781E-002
   4.9677807140654479E-002
   4.9684950396849455E-002
   4.9720824129480680E-002
   4.9736543844350681E-002
   4.9776196075167853E-002
   4.9794124759730017E-002
   4.9810148304917271E-002
   4.9870066981593061E-002
   4.9874450330472615E-002
   4.9891685511489328E-002
   4.9971503314375429E-002
   4.9985191892446400E-002
   5.0013840436640873E-002
   5.0043283421948165E-002
   5.0071411091576090E-002
   5.0119468467836381E-002
   5.0144743845392484E-002
   5.0177267724264264E-002
   5.0182934004374576E-002
   5.0234707331149500E-002
   5.0254951947083855E-002
   5.0318273561428192E-002
   5.0335650190770104E-002
   5.0370657657002417E-002
   5.0401002698025076E-002
   5.0419252659804230E-002
   5.0445831708563468E-002
   5.0466421677483927E-002
   5.0484175242318199E-002
   5.0510398216351733E-002
   5.0563226153235712E-002
   5.0580434390221127E-002
   5.0590641456057663E-002
   5.0623811284713230E-002
   5.0639352754370780E-002
   5.0655217731724669E-002
   5.0679218580383857E-002
   5.0702262835931954E-002
   5.0726420419782974E-002
   5.0753472636992543E-002
   5.0769240380947753E-002
   5.0802469190477893E-002
   5.0846989918951847E-002
   5.0874976639709517E-002
   5.0889593408704914E-002
   5.0916536472348228E-002
   5.0929260452559605E-002
   5.0978077219655978E-002
   5.1006104244823845E-002
   5.1032126223438556E-002
   5.1068421764408858E-002
   5.1101407371373100E-002
   5.1120474114924652E-002
   5.1135874945515102E-002
   5.1161052721896673E-002
   5.1211557736760192E-002
   5.1214394526762311E-002
   5.1232883092909645E-002
   5.1254648016494875E-002
   5.1279911590093041E-002
   5.1323600079918819E-002
   5.1327775771840646E-002
   5.1374786964603583E-002
   5.1399870551852328E-002
   5.1438914584370138E-002
   5.1446763005280352E-002
   5.1477892306211880E-002
   5.1498348672950237E-002
   5.1521692344859697E-002
   5.1561795313544351E-002
   5.1571694142884865E-002
   5.1606831836355477E-002
   5.1629857333207282E-002
   5.1646278143252095E-002
   5.1680288703860849E-002
   5.1697074561567982E-002
   5.1737824531866851E-002
   5.1752782581305293E-002
   5.1774868330077779E-002
   5.1824764176275483E-002
   5.1850386594222420E-002
   5.1871621343022686E-002
   5.1913950389006952E-002
   5.1930207038414236E-002
   5.1965649801085964E-002
   5.1997786650772572E-002
   5.2018281561623698E-002
   5.2027920323871261E-002
   5.2087910859799053E-002
   5.2120275388442293E-002
   5.2134350212111151E-002
   5.2147544956326702E-002
   5.2183071702392045E-002
   5.2210309969426570E-002
   5.2258195303382673E-002
   5.2294211885775231E-002
   5.2326600357556985E-002
   5.2356626199772369E-002
   5.2386901023957065E-002
   5.2406599383500445E-002
   5.2436327345943785E-002
   5.2506609756299477E-002
   5.2535836987342266E-002
   5.2553308701649239E-002
   5.2602144290286632E-002
   5.2616337118048605E-002
   5.2698216085103507E-002
   5.2725550038048012E-002
   5.2735794933091044E-002
   5.2778699134666894E-002
   5.2790710649037495E-002
   5.2832394450823515E-002
   5.2851396165411284E-002
   5.2868274607060388E-002
   5.2924016410188353E-002
   5.2956052836506562E-002
   5.2989653442129921E-002
   5.3077009863835248E-002
   5.3097981291362818E-002
   5.3153221998351693E-002
   5.3168268476204442E-002
   5.3196826748973310E-002
   5.3232282188555281E-002
   5.3280114322460395E-002
   5.3282535179587483E-002
   5.3307232541695414E-002
   5.3343935040492951E-002
   5.3367902877603624E-002
   5.3377174262114614E-002
   5.3407566782601737E-002
   5.3440640001840796E-002
   5.3474514298168026E-002
   5.3497919965592625E-002
   5.3538951960659636E-002
   5.3575163096408633E-002
   5.3600660776497340E-002
   5.3628777901570432E-002
   5.3651483491859851E-002
   5.3680177207182204E-002
   5.3750873465588309E-002
   5.3773744138788035E-002
   5.3793238292628512E-002
   5.3826146415964067E-002
   5.3829307406511588E-002
   5.3872307753709256E-002
   5.3908916999382377E-002
   5.3931546968590621E-002
   5.3978605209168702E-002
   5.4013520407751738E-002
   5.4038342138702095E-002
   5.4044376104317081E-002
   5.4082063968599270E-002
   5.4114368084310367E-002
   5.4151840102483521E-002
   5.4181721953833507E-002
   5.4209965613446098E-002
   5.4257689920818732E-002
   5.4296053733049549E-002
   5.4311263107689738E-002
   5.4323460297955255E-002
   5.4334710920537849E-002
   5.4381583370402074E-002
   5.4415608691045267E-002
   5.4419509535350900E-002
   5.4457608237618423E-002
   5.4470911531555602E-002
   5.4487128761796455E-002
   5.4538163784908208E-002
   5.4546242002951377E-002
   5.4607131119573514E-002
   5.4626635634892465E-002
   5.4639321751183877E-002
   5.4670302863397226E-002
   5.4721966406641710E-002
   5.4723904961274210E-002
   5.4742671030019736E-002
   5.4781520202269056E-002
   5.4836554631862038E-002
   5.4884854034004629E-002
   5.4887201049616023E-002
   5.4903728873375017E-002
   5.4928053643085138E-002
   5.4950189295434701E-002
   5.4967832654632759E-002
   5.5026043890614176E-002
   5.5104322631473968E-002
   5.5109025484011399E-002
   5.5160984523927550E-002
   5.5173805918588295E-002
   5.5192598194495804E-002
   5.5233622018616112E-002
   5.5255190775852558E-002
   5.5308587916596208E-002
   5.5322864310275104E-002
   5.5381931995939486E-002
   5.5415948870370754E-002
   5.5438547757285940E-002
   5.5488399916778244E-002
   5.5546518147978147E-002
   5.5570221866926520E-002
   5.5592892680614722E-002
   5.5598438947311916E-002
   5.5613394991692988E-002
   5.5658112278040218E-002
   5.5687364807864410E-002
   5.5731361333550743E-002
   5.5751616890171454E-002
   5.5811144436116275E-002
   5.5865186521004688E-002
   5.5879023452961786E-002
   5.5913964109608229E-002
   5.5957587393838687E-002
   5.5973976941254035E-002
   5.5997056555507588E-002
   5.6055439462937492E-002
   5.6085521516650777E-002
   5.6090073171242136E-002
   5.6167036882935201E-002
   5.6183290492720091E-002
   5.6236522394099001E-002
   5.6242567378214300E-002
   5.6284729017294761E-002
   5.6308468612152641E-002
   5.6338933416021912E-002
   5.6369339999497232E-002
   5.6406552439058864E-002
   5.6449391237843205E-002
   5.6498790873539408E-002
   5.6550301973836155E-002
   5.6594348897654918E-002
   5.6620477004853065E-002
   5.6641731187524004E-002
   5.6701503931385615E-002
   5.6735599585638820E-002
   5.6770898682236559E-002
   5.6792481971980092E-002
   5.6794875373789022E-002
   5.6834007933734700E-002
   5.6858924793831297E-002
   5.6941028761429348E-002
   5.6980033077452044E-002
   5.6998665452811466E-002
   5.7062087062990305E-002
   5.7070469797721353E-002
   5.7120549048408957E-002
   5.7132925493488064E-002
   5.7181625991795562E-002
   5.7200961182717343E-002
   5.7252208837085955E-002
   5.7265931311546558E-002
   5.7288080000005195E-002
   5.7321714964508191E-002
   5.7356780152956380E-002
   5.7365414285957733E-002
   5.7390587892674837E-002
   5.7406028131580182E-002
   5.7431300011138324E-002
   5.7461749780142825E-002
   5.7508453331829572E-002
   5.7551712500836003E-002
   5.7566527815516577E-002
   5.7594838988938392E-002
   5.7615607548470650E-002
   5.7665587736282671E-002
   5.7694135401698120E-002
   5.7719250688578624E-002
   5.7736964740929521E-002
   5.7776207236169573E-002
   5.7828857567740533E-002
   5.7864737947963429E-002
   5.7888157006174223E-002
   5.7942190918498809E-002
   5.7988762667859968E-002
   5.8004855461737621E-002
   5.8039675544658463E-002
   5.8067122191257356E-002
   5.8115944537125291E-002
   5.8138737139771537E-002
   5.8162160236366528E-002
   5.8186141367422166E-002
   5.8240479938286155E-002
   5.8267749445537226E-002
   5.8310405950780943E-002
   5.8327656962098476E-002
   5.8391572850521746E-002
   5.8401305166512672E-002
   5.8421550295015841E-002
   5.8454985730044255E-002
   5.8490179260240825E-002
   5.8573679951623631E-002
   5.8591222637688956E-002
   5.8598326655187265E-002
   5.8644653582301039E-002
   5.8673776781580256E-002
   5.8690821216995093E-002
   5.8731055299121371E-002
   5.8744332795928382E-002
   5.8781406671698636E-002
   5.8818550859888422E-002
   5.8847910238519784E-002
   5.8869818001953657E-002
   5.8909490455302582E-002
   5.8946583926163622E-002
   5.8974154334411104E-002
   5.9014036107865091E-002
   5.9079858048504984E-002
   5.9112881626855872E-002
   5.9132165386677579E-002
   5.9166618816424717E-002
   5.9196740284724339E-002
   5.9238738781522124E-002
   5.9245263499211699E-002
   5.9282604954523546E-002
   5.9321549634875272E-002
   5.9362768340304073E-002
   5.9399783517844786E-002
   5.9446791135035516E-002
   5.9467294690526522E-002
   5.9475742110678985E-002
   5.9533783344287529E-002
   5.9562757751305574E-002
   5.9614295264097457E-002
   5.9666519163306751E-002
   5.9675335595622228E-002
   5.9747422149268918E-002
   5.9765852283576421E-002
   5.9805934365098047E-002
   5.9868176528273760E-002
   5.9877075300402892E-002
   5.9925247035929240E-002
   5.9966688140976977E-002
   5.9992237680197701E-002
   6.0040487981834256E-002
   6.0083104355270180E-002
   6.0090921439170310E-002
   6.0093642854221058E-002
   6.0162525107751601E-002
   6.0183147227322209E-002
   6.0224168236490017E-002
   6.0246220683218998E-002
   6.0293607489098101E-002
   6.0309506455924804E-002
   6.0324569873175908E-002
   6.0366376199600127E-002
   6.0394798274598656E-002
   6.0428607861060801E-002
   6.0478637471786285E-002
   6.0512271972014711E-002
   6.0546797318970585E-002
   6.0582446906095010E-002
   6.0614743652134491E-002
   6.0644893864581106E-002
   6.0663769076965079E-002
   6.0719095447294473E-002
   6.0743486615795539E-002
   6.0764654793283857E-002
   6.0806699409828101E-002
   6.0852154172977138E-002
   6.0906510521877726E-002
   6.0925544556555286E-002
   6.0966645718306525E-002
   6.0981644257614896E-002
   6.1039914407322697E-002
   6.1089944617525205E-002
   6.1099107109734062E-002
   6.1169882047345484E-002
   6.1242007026680430E-002
   6.1247051267059614E-002
   6.1257653152508723E-002
   6.1306588797028903E-002
   6.1320263806558958E-002
   6.1381067132899737E-002
   6.1430305158587960E-002
   6.1444473592912476E-002
   6.1485782100101617E-002
   6.1512883093501933E-002
   6.1527736813542684E-002
   6.1628830914516833E-002
   6.1690247601809439E-002
   6.1727079140576013E-002
   6.1762259999458134E-002
   6.1819428343796487E-002
   6.1848722748572345E-002
   6.1875182516223058E-002
   6.1936243714417270E-002
   6.1962985468895594E-002
   6.1998996845810776E-002
   6.2020136127338532E-002
   6.2076671604009571E-002
   6.2109852125073452E-002
   6.2147056032440244E-002
   6.2213631436160245E-002
   6.2288828925114066E-002
   6.2332781439791110E-002
   6.2407117716161545E-002
   6.2421967468913257E-002
   6.2430699609045744E-002
   6.2488969300761005E-002
   6.2526326790941653E-002
   6.2569251276177282E-002
   6.2597501138764236E-002
   6.2646838585655340E-002
   6.2716187803230836E-002
   6.2749236954493776E-002
   6.2787850963763103E-002
   6.2839819296522478E-002
   6.2898602793772337E-002
   6.2931123470038958E-002
   6.2974180459156287E-002
   6.3065165772679357E-002
   6.3087375249186728E-002
   6.3099114935934786E-002
   6.3149788936778903E-002
   6.3191475383768084E-002
   6.3217999583130222E-002
   6.3246719885112171E-002
   6.3258224657468998E-002
   6.3309224237588349E-002
   6.3322992261942268E-002
   6.3361368443946797E-002
   6.3407485063206009E-002
   6.3440133269626608E-002
   6.3511813833969810E-002
   6.3550123279285775E-002
   6.3600781750648358E-002
   6.3604708360913448E-002
   6.3635543416863186E-002
   6.3695279680642564E-002
   6.3743991652214976E-002
   6.3765884217396263E-002
   6.3789038123101327E-002
   6.3846476305845654E-002
   6.3865173130391042E-002
   6.3918405560695946E-002
   6.3977018130319432E-002
   6.3995642673007155E-002
   6.4070434584556704E-002
   6.4078382805563341E-002
   6.4132368970425915E-002
   6.4167998212633193E-002
   6.4212456543386295E-002
   6.4255896972484516E-002
   6.4291716788146006E-002
   6.4320515234638664E-002
   6.4384377639065696E-002
   6.4436198312739695E-002
   6.4466698994398886E-002
   6.4529475327194483E-002
   6.4552643616311509E-002
   6.4570960952393841E-002
   6.4620877678259803E-002
   6.4630680812387875E-002
   6.4667760616651332E-002
   6.4747348562394905E-002
   6.4763806783948066E-002
   6.4860965788240896E-002
   6.4903194073430079E-002
   6.4930972555639344E-002
   6.4942122286261228E-002
   6.5011675272847513E-002
   6.5036929225930767E-002
   6.5103224490495840E-002
   6.5110608412800738E-002
   6.5180952108880988E-002
   6.5197626464230107E-002
   6.5227916390664997E-002
   6.5260300722436965E-002
   6.5279373764161361E-002
   6.5313212317740746E-002
   6.5367450109679107E-002
   6.5448374375797924E-002
   6.5467534954847792E-002
   6.5488407668276058E-002
   6.5518663900618487E-002
   6.5563819929175746E-002
   6.5609421024403328E-002
   6.5687265711662710E-002
   6.5703214531289064E-002
   6.5735963466393349E-002
   6.5795205024278935E-002
   6.5836600378947119E-002
   6.5855651118115741E-002
   6.5936032347352028E-002
   6.5999393299913431E-002
   6.6028737160322509E-002
   6.6114795439002713E-002
   6.6136854699838113E-002
   6.6156913533159029E-002
   6.6203487026200589E-002
   6.6227465248096057E-002
   6.6281527107428767E-002
   6.6322368643837559E-002
   6.6333254441836645E-002
   6.6415959945168551E-002
   6.6445592131763889E-002
   6.6494012312273934E-002
   6.6549083642860052E-002
   6.6617619243434845E-002
   6.6651318569401583E-002
   6.6676254464606025E-002
   6.6728857036196063E-002
   6.6777448985174681E-002
   6.6797964017568157E-002
   6.6853037592255415E-002
   6.6903653905669325E-002
   6.6954954615271803E-002
   6.6963740067438576E-002
   6.7015073823124036E-002
   6.7047662581486783E-002
   6.7098113619086561E-002
   6.7128436164131500E-002
   6.7222719920857002E-002
   6.7240682587210179E-002
   6.7291652292142845E-002
   6.7304942124961256E-002
   6.7391123812164763E-002
   6.7398258828686941E-002
   6.7494296830218167E-002
   6.7521927709712923E-002
   6.7564861677789481E-002
   6.7570837775279960E-002
   6.7669143255393888E-002
   6.7789240227285150E-002
   6.7822468351369944E-002
   6.7853326761751279E-002
   6.7920748059508942E-002
   6.7945549740842048E-002
   6.8043558221566908E-002
   6.8092816823530813E-002
   6.8130955172331711E-002
   6.8180071564819686E-002
   6.8217926990770783E-002
   6.8269580932309532E-002
   6.8323999539906421E-002
   6.8396532679103339E-002
   6.8473002966340943E-002
   6.8474482771812298E-002
   6.8536485901373706E-002
   6.8604380418070335E-002
   6.8640403356880306E-002
   6.8666418964673209E-002
   6.8701959287363779E-002
   6.8709999466039715E-002
   6.8791973922332092E-002
   6.8863993074199506E-002
   6.8929880284836015E-002
   6.8945996133565390E-002
   6.9033205327947322E-002
   6.9097664644120801E-002
   6.9149298650809127E-002
   6.9177971200706775E-002
   6.9245725313363357E-002
   6.9254117454807890E-002
   6.9266791507131359E-002
   6.9332514788995492E-002
   6.9393556705092521E-002
   6.9455234989918554E-002
   6.9495303743725798E-002
   6.9531678773173053E-002
   6.9572258894439354E-002
   6.9651882798660400E-002
   6.9696526499463063E-002
   6.9701777645786792E-002
   6.9744920635076313E-002
   6.9779865475108324E-002
   6.9810460169343155E-002
   6.9844408702438923E-002
   6.9881418190286301E-002
   6.9963369503027867E-002
   7.0047465314744095E-002
   7.0065099834400707E-002
   7.0105680940626483E-002
   7.0150529750669710E-002
   7.0162420623466115E-002
   7.0189030920707898E-002
   7.0193034069363114E-002
   7.0278917562859700E-002
   7.0325287880245377E-002
   7.0368164941705266E-002
   7.0385012579943715E-002
   7.0426365581678890E-002
   7.0474166182851725E-002
   7.0522190882176289E-002
   7.0550806979651104E-002
   7.0583324423987404E-002
   7.0658097964348576E-002
   7.0677474556504083E-002
   7.0702932020193746E-002
   7.0743091384818851E-002
   7.0754781800169017E-002
   7.0837737329288122E-002
   7.0878883299850731E-002
   7.0929280451866583E-002
   7.1038217972492074E-002
   7.1057481366083391E-002
   7.1119426809798922E-002
   7.1181081397052842E-002
   7.1208255565864575E-002
   7.1215538224702557E-002
   7.1285614418648363E-002
   7.1325933909370670E-002
   7.1364623481444081E-002
   7.1408630235635318E-002
   7.1477474949227918E-002
   7.1512040808358684E-002
   7.1529285598967207E-002
   7.1609755631179148E-002
   7.1670427541944901E-002
   7.1717685574929635E-002
   7.1754725972088179E-002
   7.1794967688696421E-002
   7.1845303363318735E-002
   7.1900628894187316E-002
   7.1946705039046294E-002
   7.2003472583042211E-002
   7.2056494191648224E-002
   7.2154104734553706E-002
   7.2191940620210004E-002
   7.2209895624654435E-002
   7.2304023032284281E-002
   7.2310525521663255E-002
   7.2389058863161881E-002
   7.2450466688961157E-002
   7.2496344387869199E-002
   7.2511718868488811E-002
   7.2544767554567638E-002
   7.2586988947670184E-002
   7.2721980694607571E-002
   7.2773285411901423E-002
   7.2799123528002385E-002
   7.2916426093392758E-002
   7.2944314372619251E-002
   7.3008329153217699E-002
   7.3087285934383919E-002
   7.3126557636184683E-002
   7.3168932973548081E-002
   7.3190970661807783E-002
   7.3220165768207987E-002
   7.3336491969998419E-002
   7.3406648898032750E-002
   7.3491503512994577E-002
   7.3532844288192484E-002
   7.3612701850788761E-002
   7.3688201522400673E-002
   7.3766405190940909E-002
   7.3823670831199117E-002
   7.3847985566054541E-002
   7.3889618554446951E-002
   7.3956388764036443E-002
   7.4025156181978330E-002
   7.4096870787719801E-002
   7.4169531709409639E-002
   7.4222838895664556E-002
   7.4245678166459522E-002
   7.4306689183529548E-002
   7.4328145803996784E-002
   7.4368387675872810E-002
   7.4434761393196880E-002
   7.4473732963044825E-002
   7.4530157721606441E-002
   7.4614260454604092E-002
   7.4656379661917613E-002
   7.4729316578943897E-002
   7.4743979982115571E-002
   7.4792279422276772E-002
   7.4862428015539953E-002
   7.4908238541358793E-002
   7.5002847236629269E-002
   7.5050447643934051E-002
   7.5107547324669122E-002
   7.5151547316306258E-002
   7.5228133032494787E-002
   7.5309795571290403E-002
   7.5343847482730222E-002
   7.5393974326459390E-002
   7.5456199088725862E-002
   7.5486817502034551E-002
   7.5506741405722611E-002
   7.5626510699787791E-002
   7.5640009759248283E-002
   7.5712246411738321E-002
   7.5768705548146437E-002
   7.5819799727073464E-002
   7.5928191160563846E-002
   7.5956030693913018E-002
   7.6034033055195460E-002
   7.6049847386074940E-002
   7.6091669672628870E-002
   7.6193506992757620E-002
   7.6219665400679287E-002
   7.6384048798265367E-002
   7.6476110015543858E-002
   7.6509763148940618E-002
   7.6557315204999213E-002
   7.6618546352906131E-002
   7.6656638448614534E-002
   7.6732687221943430E-002
   7.6764364614187022E-002
   7.6786301347997465E-002
   7.6846728126323469E-002
   7.6917922677846085E-002
   7.6960873204404034E-002
   7.7008947437988057E-002
   7.7039624795438605E-002
   7.7057594924624342E-002
   7.7112879148496891E-002
   7.7204014750231462E-002
   7.7236134126774020E-002
   7.7340100249088717E-002
   7.7354020880952584E-002
   7.7466111907564902E-002
   7.7502222477778271E-002
   7.7503739375494624E-002
   7.7560981426575235E-002
   7.7601578403598048E-002
   7.7682481484079607E-002
   7.7728915848016264E-002
   7.7808795381954995E-002
   7.7861205750616821E-002
   7.7954872168361319E-002
   7.8025535214387959E-002
   7.8084748373902807E-002
   7.8137121760898404E-002
   7.8166757693479999E-002
   7.8247971483682593E-002
   7.8337412288510433E-002
   7.8433309553039551E-002
   7.8456878943616720E-002
   7.8525703805482308E-002
   7.8565699754112733E-002
   7.8623823542909532E-002
   7.8690757524383745E-002
   7.8731479039577223E-002
   7.8802591862259852E-002
   7.8882112276938379E-002
   7.8932465169863839E-002
   7.8979315317177876E-002
   7.8994518690307047E-002
   7.9148328462136000E-002
   7.9174839391585761E-002
   7.9240808894750991E-002
   7.9291531156266346E-002
   7.9326742139653364E-002
   7.9361324533052433E-002
   7.9467653860381682E-002
   7.9575072399352020E-002
   7.9610697989154544E-002
   7.9644965230427051E-002
   7.9706415215558962E-002
   7.9750029304758649E-002
   7.9870426867263727E-002
   7.9891906297638163E-002
   7.9934420330104880E-002
   7.9968245368616839E-002
   8.0018821352038166E-002
   8.0116402759747782E-002
   8.0175815222840757E-002
   8.0255743120652909E-002
   8.0343483315698988E-002
   8.0435136177878661E-002
   8.0479635916218789E-002
   8.0529033222513174E-002
   8.0565798535536040E-002
   8.0617335113951971E-002
   8.0700548252018833E-002
   8.0820374605601542E-002
   8.0916045931818864E-002
   8.1014130463200884E-002
   8.1056605321488645E-002
   8.1120109017227784E-002
   8.1180219997779982E-002
   8.1240489544033415E-002
   8.1271681368958126E-002
   8.1357406050896613E-002
   8.1467633690858132E-002
   8.1598461638971886E-002
   8.1610107953899627E-002
   8.1696098761696201E-002
   8.1821753150675483E-002
   8.1858992403548603E-002
   8.1995955676983978E-002
   8.2038566911276437E-002
   8.2185070544845695E-002
   8.2269626112198624E-002
   8.2315660114213540E-002
   8.2459355076378194E-002
   8.2473431634786737E-002
   8.2693894534750303E-002
   8.2757719065024798E-002
   8.2801215277360465E-002
   8.2934690853132403E-002
   8.3143915413439282E-002
   8.3266688800951089E-002
   8.3377714846665757E-002
   8.3468715381151540E-002
   8.3584547905528592E-002
   8.3608212432776399E-002
   8.3770221418989127E-002
   8.3836523545042674E-002
   8.4110380205634772E-002
   8.4259108701684363E-002
   8.4297875717175966E-002
   8.4342729061282956E-002
   8.4502343436320557E-002
   8.4542120850916516E-002
   8.4640919831617964E-002
   8.4713515180468268E-002
   8.4903075064850134E-002
   8.4969670059912100E-002
   8.5072121039641749E-002
   8.5349754876078654E-002
   8.5429895481798232E-002
   8.5525999496591731E-002
   8.5682213701127372E-002
   8.5750648388681378E-002
   8.5946689361955278E-002
   8.5976133558677711E-002
   8.6064940665781936E-002
   8.6375745365908932E-002
   8.6455559836643617E-002
   8.6677567271287920E-002
   8.6795426605386430E-002
   8.6901334650517997E-002
   8.7114325434704057E-002
   8.7208585581976486E-002
   8.7387343705295162E-002
   8.7643038650546720E-002
   8.7719538375331155E-002
   8.7856788594341303E-002
   8.8202397239589447E-002
   8.8460504478506036E-002
   8.8547122650400586E-002
   8.8908478889706460E-002
   8.9058452092379808E-002
   8.9236226417641049E-002
   8.9550328962424611E-002
   8.9793224091469517E-002
   9.0078068016795784E-002
   9.0397563444893581E-002
   9.0497608111446456E-002
   9.0583035079724095E-002
   9.0850636241640456E-002
   9.0916161954367983E-002
   9.1181464394777798E-002
   9.1215717427598500E-002
   9.1783391704356662E-002
   9.1984865811747418E-002
   9.2422833965925696E-002
   9.3077427289705042E-002
   9.3324192360516076E-002
   9.3821179837386623E-002
   9.3968167734205452E-002
   9.4039089931132580E-002
   9.4677627453113020E-002
   9.5031958365496036E-002
   9.5159418057321629E-002
   9.5404631616985508E-002
   9.5562679550130702E-002
   9.5742148846260436E-002
   9.6649526248018730E-002
   9.7463239934863471E-002
   9.7823143304753224E-002
   9.7970045509529965E-002
   9.8241140081126749E-002
   9.8498925208462776E-002
   9.8747213383539506E-002
   9.9374184997469001E-002
   9.9629395098081372E-002
  0.10059840108383458     
  0.10088480958418333     
  0.10128362914120193     
  0.10234102318588957     
  0.10316472726197010     
  0.10349395661711244     
  0.10382952371596672     
  0.10445224639545175     
  0.10477980825705695     
  0.10560074033514798     
  0.10631160935319857     
  0.10680338763678660     
  0.10741781173261472     
  0.10758276252368272     
  0.10773782723304857     
  0.10804897472151757     
  0.10854855363320137     
  0.10917259471823183     
  0.11057575974702950     
  0.11126536608754410     
  0.11237796741355864     
  0.11278019038033579     
  0.11287085427399761     
  0.11406188479368234     
  0.11414617642878661     
  0.11575478665166528     
  0.11663234494259538     
  0.11699130419144306     
  0.11827753306657843     
  0.11948626994784499     
  0.12008868520564292     
  0.12095825769294219     
  0.12105574449141961     
  0.12127309540384805     
  0.12485942339325465     
  0.12568097239818268     
  0.12727232516643977     
  0.12793791366778873     
  0.12827543380614853     
  0.12886028993461998     
  0.13116957222970396     
  0.13237193426758168     
  0.13282447460956423     
  0.13498348057595597     
  0.13662782599166515     
  0.13729316808756137     
  0.13776503842073895     
  0.13829132955216439     
  0.13879989751263699     
  0.13951196635210691     
  0.14120067591511720     
  0.14415564060148722     
  0.14456641961002464     
  0.14620057205263021     
  0.14657452977975297     
  0.14726653348359306     
  0.14993074235502321     
  0.15018515495578252     
  0.15040192106171507     
  0.15451088918684519     
  0.15491948276764939     
  0.15531700572635135     
  0.15550471055369455     
  0.15571112827578770     
  0.15593044178281845     
  0.15598305080230190     
  0.15637473946260477     
  0.15802660056348822     
  0.15853516896316272     
  0.16112465033065451     
  0.16171024087414945     
  0.16253420927059589     
  0.16310810463767336     
  0.16351443977631916     
  0.16375729709736975     
  0.16440196664530785     
  0.16518888216407843     
  0.16581780742286692     
  0.16632389988295726     
  0.16696021386881318     
  0.16750885815362002     
  0.16831810572429726     
  0.16901244627199685     
  0.16920586903912799     
  0.16985488883976760     
  0.17111349610671600     
  0.17280972098792452     
  0.17342692909659579     
  0.17383766473339474     
  0.17443926634915538     
  0.17518894018939635     
  0.17603590562600738     
  0.17791339264460765     
  0.18210735437062595     
  0.18272191556568207     
  0.18413968334415456     
  0.18546011981526839     
  0.18581212905570230     
  0.18590107943987949     
  0.18679724331092754     
  0.18701031044225594     
  0.18773473609270228     
  0.18806353623348324     
  0.19290627194145354     
  0.19601827598999819     
  0.19735127515131207     
  0.19881077663555657     
  0.19928166426429689     
  0.20058526196049836     
  0.20062555191917691     
  0.20127684863388137     
  0.20151486212746733     
  0.20366561792044333     
  0.20563915349123826     
  0.20576338631981397     
  0.20613689156238496     
  0.20789939051367021     
  0.20915666929667187     
  0.20954592355622670     
  0.20991446354194507     
  0.21082334458653287     
  0.21181118497596849     
  0.21220908873031263     
  0.21527269341959773     
  0.21539995909920798     
  0.21702444733819404     
  0.21708579722183502     
  0.21969433020272960     
  0.22006947834766588     
  0.22101454877667906     
  0.22199084581272654     
  0.22323166511444806     
  0.22326976494759371     
  0.22377605089570862     
  0.22389292265700789     
  0.22406961529617403     
  0.22539140453026235     
  0.22754576531968257     
  0.22845155007274118     
  0.22879891362976493     
  0.22910644174098191     
  0.23036026355891798     
  0.23133407748700080     
  0.23235315136808524     
  0.23301372426705308     
  0.23391159593184477     
  0.23415420711954951     
  0.23612505366778994     
  0.23669565343808366     
  0.23859096754085232     
  0.23904340479928315     
  0.23983595319267906     
  0.24103749054262433     
  0.24167075809871780     
  0.24197501924587372     
  0.24673711826418965     
  0.25415474403208971     
  0.25423805527921689     
  0.25805946290706933     
  0.25856501973202523     
  0.26201855106050481     
  0.26304719699041212     
  0.26331049204615431     
  0.26708325443704806     
  0.27902462630367542     
  0.28506075607001552     
  0.29924874454007488     
  0.30650478871156783     
  0.71647301037306255     
  0.71658635857812070     
  0.71974194519982582     
  0.72472908091736898     
  0.72489612933593450     
  0.72664990829606169     
  0.73092630074383336     
  0.73136605082991824     
  0.73591539070166434     
  0.73731133386199721     
  0.73753414088300195     
  0.73782976497755115     
  0.73880859603901428     
  0.74075598257834807     
  0.74269485590557727     
  0.74333250846636034     
  0.74334671326870183     
  0.74541955927070846     
  0.74548913294255126     
  0.74695601786722421     
  0.75160065499891338     
  0.75279345651221363     
  0.75528716775331861     
  0.75688899815111510     
  0.75718152187989674     
  0.75856328675848350     
  0.75979598683323735     
  0.76099110447066132     
  0.76256348010649655     
  0.76400550257137878     
  0.76589606942884869     
  0.76731090390382806     
  0.76902042575841367     
  0.76970945021936754     
  0.77015456139029714     
  0.77052128546826348     
  0.77143660333054320     
  0.77191552764713256     
  0.77243475121392979     
  0.77413604411378467     
  0.77508756324226480     
  0.77991648840447825     
  0.78103609680922270     
  0.78178823365320582     
  0.78385097722603048     
  0.78450594922190653     
  0.78538047310701264     
  0.78596823673209559     
  0.78927795302026504     
  0.79032778494590805     
  0.79138008818830419     
  0.79248179082105052     
  0.79313525004607788     
  0.79621808782776826     
  0.79825547671321784     
  0.79881829027735540     
  0.79980236382385916     
  0.80053719883465302     
  0.80384249808343633     
  0.80518059476822068     
  0.80663271489341093     
  0.80696252737181207     
  0.80781637834552233     
  0.80880825212595098     
  0.81002126912300820     
  0.81106949767383052     
  0.81170252511555729     
  0.81288703263577899     
  0.81440648078751543     
  0.81660227524166551     
  0.81865517700767920     
  0.82018566938006887     
  0.82173234250543092     
  0.82213471175855046     
  0.82406601759255560     
  0.82730101883489215     
  0.82802887065980835     
  0.82888826454994702     
  0.83020227681330838     
  0.83394706482959324     
  0.83520577178071831     
  0.83764065838863644     
  0.83825591946763067     
  0.83969071753912361     
  0.84071441005615488     
  0.84419961481178385     
  0.84535242319684489     
  0.84711823011878129     
  0.84875381161873320     
  0.85274175221237070     
  0.85376363878281503     
  0.85522630113067477     
  0.85698054903177023     
  0.85901168013702067     
  0.85995184141298331     
  0.86387893988198916     
  0.86475723699690266     
  0.86511943248624856     
  0.87051743827319039     
  0.87160031195895593     
  0.87273076193134547     
  0.87346450476136639     
  0.87549511076110076     
  0.87576691531283679     
  0.87819945632416740     
  0.87894839760264509     
  0.88193843240290981     
  0.88407393376280086     
  0.88595545587325308     
  0.88915636197593173     
  0.89044399868539392     
  0.89306012173304694     
  0.90539214171378113     
  0.90637023573727138     
  0.90652181950764443     
  0.91029308591465874     
  0.91088668427392550     
  0.91298073609583119     
  0.91436943135214988     
  0.91651838229198357     
  0.91782761691463866     
  0.92051805838762879     
  0.92312649831626703     
  0.92391082202463193     
  0.92790145755181463     
  0.92988195272731344     
  0.93170627111053461     
  0.93350323260601897     
  0.93839852923886946     
  0.93954923251471600     
  0.94149985650348988     
  0.94243872538157925     
  0.94368655466611684     
  0.94600480976341350     
  0.94688053716082776     
  0.94964702415117641     
  0.94976718657828640     
  0.95342018918806026     
  0.95810583379831882     
  0.95839764227902002     
  0.96191181677896009     
  0.96457554060840500     
  0.96571893761642180     
  0.96590170886917492     
  0.97027966977936231     
  0.97220485270488000     
  0.97279689729732355     
  0.97321101351843498     
  0.97725131110012997     
  0.97817360605001313     
  0.97940332584173784     
  0.97983748799612391     
  0.98117991189536569     
  0.98376724544677374     
  0.98417290352876530     
  0.98539866620121075     
  0.98646463543561891     
  0.98716227552241020     
  0.99508349097460980     
  0.99610710337123720     
  0.99661480283833970     
  0.99755481377443622     
  0.99793413368508721     
  0.99902301570419094     
  0.99933154570660909     
   1.0008165174308121     
   1.0017358084577264     
   1.0037551830930043     
   1.0049659145138223     
   1.0062088644644778     
   1.0110495527499841     
   1.0118641652827585     
   1.0144167007788960     
   1.0150348792484469     
   1.0157336902271441     
   1.0195652320567676     
   1.0204088453177622     
   1.0245418759790443     
   1.0267753858338453     
   1.0304864618312615     
   1.0345443202304989     
   1.0380766225435167     
   1.0419303536635958     
   1.0577681375149135     
   1.0938661421965188     
   1.1157308880866008     
   1.1421562880200002     
   1.1524580896300101     
   1.1597266253512069     
   1.1618469188011911     
   1.1667378144153466     
   1.1672922107822459     
   1.1698297024801874     
   1.1701721361065609     
   1.1765900318676901     
   1.1812490656115215     
   1.1815305353136443     
   1.1827742498087612     
   1.1852358184750855     
   1.1953653777831188     
   1.1990392110046182     
   1.2074488345128054     
   1.2077895079114738     
   1.2096609336541297     
   1.2153932756061412     
   1.2165093996481966     
   1.2198448852130697     
   1.2240954800227193     
   1.2250448500675739     
   1.2271366858934041     
   1.2313437832887351     
   1.2318806335526657     
   1.2339930416595397     
   1.2400257007072515     
   1.2449957254416733     
   1.2462276683863753     
   1.2474434236429688     
   1.2486859637493801     
   1.2545484284480937     
   1.2558985851942832     
   1.2559907193344955     
   1.2561696118836585     
   1.2597193511080260     
   1.2629429759602862     
   1.2640832114578404     
   1.2642452824553105     
   1.2647649298692767     
   1.2727559826354948     
   1.2727780260502433     
   1.2729358300059777     
   1.2825235054496513     
   1.2831837891044440     
   1.2844616803748294     
   1.2857279598778435     
   1.2986268054195478     
   1.3060601672466632     
   1.3070986410311294     
   1.3088929728938983     
   1.3203981616299103     
   1.3205275220765886     
   1.3206115632819067     
   1.3236267513132816     
   1.3294091026465413     
   1.3338064249134975     
   1.3371980827341907     
   1.3372260507477052     
   1.3380639682600459     
   1.3413092317447155     
   1.3424172940571821     
   1.3453083925080969     
   1.3471250120916722     
   1.3474001148023815     
   1.3479442722539121     
   1.3493593002999944     
   1.3620960268562214     
   1.3640944434207931     
   1.3658173859172582     
   1.3662253268400262     
   1.3770821986067536     
   1.3803801773336410     
   1.3824079281438659     
   1.3879717833526686     
   1.3881655222130060     
   1.3885790362899082     
   1.3894242290378436     
   1.3910366854040999     
   1.3921292283992441     
   1.4013346257165216     
   1.4049621446029179     
   1.4055622155380914     
   1.4077293874697121     
   1.4105885035892891     
   1.4215278280770118     
   1.4227855857929115     
   1.4233529612564553     
   1.4236814660503057     
   1.4266121524079909     
   1.4269183534473644     
   1.4271124382205576     
   1.4296191214366472     
   1.4324640920383120     
   1.4354439321638137     
   1.4400566853703196     
   1.4400787654956033     
   1.4422150780622320     
   1.4513418536165223     
   1.4521727898235792     
   1.4540396685724168     
   1.4609803335456633     
   1.4626178742192451     
   1.4652164129953995     
   1.4656215654399674     
   1.4657316765391792     
   1.4662460077768484     
   1.4683589574656546     
   1.4684385735268823     
   1.4740903207373739     
   1.4766785429778115     
   1.4791089476269386     
   1.4791900145065560     
   1.4804011205658654     
   1.4896357480889686     
   1.4942793618611534     
   1.4947079599147568     
   1.5052041944734793     
   1.5091268244116021     
   1.5158153909355423     
   1.5207519260266089     
   1.5220217754979721     
   1.5289000598822113     
   1.5292376856023009     
   1.5297854709463359     
   1.5363899537173931     
   1.5389215495124309     
   1.5425969059420097     
   1.5427037899434755     
   1.5431887696030862     
   1.5510294835111840     
   1.5569785720616496     
   1.5602346697769820     
   1.5603229693196439     
   1.5641072135757936     
   1.5711450749948264     
   1.5714469380160372     
   1.5726307292712338     
   1.5754765948492251     
   1.5861263840991568     
   1.5886007103017730     
   1.5909468259172870     
   1.5914304295686466     
   1.5919642100772027     
   1.5935087811738886     
   1.5989908819834739     
   1.6006427952189215     
   1.6036388977389209     
   1.6040751457860585     
   1.6055380564519639     
   1.6087727472899029     
   1.6089838323456580     
   1.6098867100639898     
   1.6108010785221287     
   1.6121483164103714     
   1.6127725736856244     
   1.6180283269874027     
   1.6187967020924923     
   1.6272562532655186     
   1.6341487434004967     
   1.6348291628197955     
   1.6449932872959729     
   1.6527842742797305     
   1.6598438019907762     
   1.6637268753561918     
   1.6649157690178749     
   1.6650377500243247     
   1.6650910517138895     
   1.6664476188448001     
   1.6709786672703144     
   1.6731999601048444     
   1.6772347072988161     
   1.6808354364769882     
   1.6889855948149419     
   1.7004809245836661     
   1.7223200014444260     
   1.7249499909985828     
   1.7290963779465731     
   1.7376280795020496     
   1.7412303208390290     
   1.7498168630445459     
   1.7515345433318072     
   1.7548723758673943     
   1.7553463768822937     
   1.7696093612656061     
   1.7763618945224731     
   1.7790020042527670     
   1.7791510369496477     
   1.7791543075642444     
   1.7807625464602816     
   1.8041075269371112     
   1.8046516147863152     
   1.8047700053015563     
   1.8057639573561635     
   1.8182476028565575     
   1.8206385924765811     
   1.8238253936018742     
   1.8252464684646064     
   1.8347639820224211     
   1.8351914672279019     
   1.8389795829693567     
   1.8424350154090594     
   1.8428001158457865     
   1.8434370162776126     
   1.8452119789962320     
   1.8453082813092705     
   1.8459343193211319     
   1.8464402027197873     
   1.8469821605680941     
   1.8492043458871639     
   1.8526894269676857     
   1.8529995382912487     
   1.8587444720302906     
   1.8596571353939446     
   1.8613824812917481     
   1.8624169011655349     
   1.8641985335499764     
   1.8680165491814440     
   1.8684158992997737     
   1.8703852978868358     
   1.8725260982313048     
   1.8736442696261009     
   1.8738054771315018     
   1.8761262719475704     
   1.8782061434508623     
   1.8791132043961722     
   1.8807167068828250     
   1.8872708486945047     
   1.8874586037257630     
   1.8894080321778017     
   1.8896895987010776     
   1.8960177963150537     
   1.8972283560648113     
   1.9006761745773018     
   1.9019899108640892     
   1.9032334941056956     
   1.9048653571808645     
   1.9051051832253025     
   1.9052938600601961     
   1.9079756909497381     
   1.9101889991564678     
   1.9112238786288942     
   1.9143628959931440     
   1.9160961454020637     
   1.9180095952398939     
   1.9184114393777920     
   1.9207550819113239     
   1.9216855136659841     
   1.9218343324755318     
   1.9226141751202483     
   1.9244496770204107     
   1.9271113063900056     
   1.9275528941540083     
   1.9276548522726042     
   1.9311325735042697     
   1.9320157129662578     
   1.9320911215881349     
   1.9332828019671928     
   1.9358142553028561     
   1.9367233394436598     
   1.9384728501399153     
   1.9414097901236640     
   1.9414150891427446     
   1.9415771773603652     
   1.9443167864887589     
   1.9465659031590963     
   1.9529284041870705     
   1.9539181434113904     
   1.9545401836519056     
   1.9564733439634987     
   1.9577795716831032     
   1.9594515351640143     
   1.9604568785610952     
   1.9612344218387550     
   1.9628448806233516     
   1.9635092461678116     
   1.9664525567616518     
   1.9670954197437551     
   1.9700682495887585     
   1.9704405228673518     
   1.9728171631483060     
   1.9740895802584812     
   1.9752793554423667     
   1.9804647051792865     
   1.9854624693269669     
   1.9880222037253368     
   1.9885392316305635     
   1.9887763267505809     
   1.9893220565002105     
   1.9906881454727181     
   1.9933095007651151     
   1.9944076709263496     
   1.9958820587279205     
   1.9982270537004674     
   1.9990115362761505     
   1.9995193442550347     
   2.0013487748485850     
   2.0039965391694312     
   2.0045555648310160     
   2.0059925641167173     
   2.0065517929247640     
   2.0072350124262210     
   2.0079221481536442     
   2.0117256459423491     
   2.0119464927118305     
   2.0129852063742324     
   2.0146976897557489     
   2.0162567586335860     
   2.0167107271963469     
   2.0179389148695992     
   2.0181078379457018     
   2.0188612049957166     
   2.0200156602854529     
   2.0206741544755373     
   2.0211085635285366     
   2.0233474840678238     
   2.0235498176911797     
   2.0238702897111573     
   2.0245221694921658     
   2.0248164844259939     
   2.0290508327058459     
   2.0300166548532350     
   2.0307908310761409     
   2.0318211429961233     
   2.0343051394182043     
   2.0344432317634897     
   2.0350027025289412     
   2.0386875349433806     
   2.0393080037621254     
   2.0413155615516922     
   2.0414137793608060     
   2.0449580403474750     
   2.0461702843064948     
   2.0471774193702070     
   2.0493050711927210     
   2.0497481040784549     
   2.0507495275402494     
   2.0526074298535106     
   2.0537705688559815     
   2.0579992413253612     
   2.0614689676153835     
   2.0663229360341862     
   2.0676423807647026     
   2.1520510136504978     
   2.1640213982688077     
   2.1992647658728965     
   2.2150379620162721     
   2.2156177408319682     
   2.2166921434570317     
   2.2189362114565760     
   2.2215447696993342     
   2.2235316987237890     
   2.2264212857164618     
   2.2304209634465684     
   2.2321085735266180     
   2.2322744710120199     
   2.2324392983413195     
   2.2352681546723803     
   2.2359462875106804     
   2.2368920211504295     
   2.2378778570011155     
   2.2382694271891848     
   2.2448784634911831     
   2.2462814348576834     
   2.2513951528712957     
   2.2519056712298293     
   2.2523411724443756     
   2.2527923277945483     
   2.2531251117354860     
   2.2544336376539871     
   2.2545693216355289     
   2.2594210512641739     
   2.2676163171333359     
   2.2717424262195287     
   2.2730107798454267     
   2.2777644508479700     
   2.2804455802454644     
   2.2808378129664066     
   2.2838105119260841     
   2.3301437826150444     
   2.3373642136412487     
   2.3456266170605780     
   2.3536093206797974     
   2.3564058608238576     
   2.3572215702720367     
   2.3580009943174050     
   2.3639255650959976     
   2.3660643086205937     
   2.3666077303913782     
   2.3675596780685035     
   2.3676076356748292     
   2.3705653744527528     
   2.3708640981829454     
   2.3723281944682979     
   2.3777595390464481     
   2.3779255606610215     
   2.3783945570588987     
   2.3795799160105537     
   2.3836146314600741     
   2.3850981794224979     
   2.3852093432634796     
   2.3875026591721662     
   2.3882703646295491     
   2.3887642810504186     
   2.3892228860851081     
   2.3899954641801369     
   2.3945643522789339     
   2.3955159509298474     
   2.3961922400297242     
   2.3986413091616368     
   2.4007087912716711     
   2.4042506218594686     
   2.4053472538349312     
   2.4064411660925851     
   2.4112791305453074     
   2.4113413515730175     
   2.4122262096648108     
   2.4145425189764280     
   2.4150786360842562     
   2.4177729159433423     
   2.4179408484910021     
   2.4186186187599517     
   2.4208720100868004     
   2.4214829942851552     
   2.4243389730437799     
   2.4262054082668310     
   2.4310005074198764     
   2.4346171507293812     
   2.4360225580796988     
   2.4363445125970622     
   2.4396684824718826     
   2.4416374356945370     
   2.4420394454313366     
   2.4453665871945627     
   2.4488374915175175     
   2.4501604141725326     
   2.4503874241727308     
   2.4512744067630337     
   2.4518604963851489     
   2.4526433141892121     
   2.4536500930140317     
   2.4537826103014084     
   2.4581400263665172     
   2.4584938882676464     
   2.4600366792587360     
   2.4605483738124039     
   2.4624319428483918     
   2.4625358032126967     
   2.4641053196469143     
   2.4654072873514932     
   2.4655315962956799     
   2.4669068761614050     
   2.4693014446275496     
   2.4721557024733443     
   2.4764534216022271     
   2.4789269095152129     
   2.4793397458916471     
   2.4796372606330199     
   2.4835127056129451     
   2.4840810494279806     
   2.4848285438328559     
   2.4858289554746587     
   2.4869217923500608     
   2.4888889112460024     
   2.4894333378826552     
   2.4953168508293997     
   2.4992133046022960     
   2.5000830408379202     
   2.5011966338452964     
   2.5022001768108293     
   2.5056642884640787     
   2.5056869827728541     
   2.5073065508038690     
   2.5079489307115521     
   2.5084869877104561     
   2.5147981237622314     
   2.5152185491921575     
   2.5182797887781350     
   2.5197111630127353     
   2.5199951411679860     
   2.5302845818417619     
   2.5309311900218097     
   2.5312600170774870     
   2.5321574106890647     
   2.5322628190895484     
   2.5338602823096026     
   2.5367376808074642     
   2.5370139871490203     
   2.5371625071968769     
   2.5402646373938698     
   2.5407036969603642     
   2.5431987945371297     
   2.5444107933490834     
   2.5447022073005048     
   2.5462599528055527     
   2.5472956182927513     
   2.5496601886325174     
   2.5498232180952289     
   2.5502778924951461     
   2.5512213694471697     
   2.5516243322519272     
   2.5518554610416251     
   2.5533523634616406     
   2.5557882605711373     
   2.5574273539938175     
   2.5579354636010705     
   2.5602960523082343     
   2.5619818977571294     
   2.5623247047926707     
   2.5625704393857460     
   2.5643210515809036     
   2.5645553076231136     
   2.5647933244131016     
   2.5704383682397047     
   2.5733479827272259     
   2.5735429812794099     
   2.5743481290776087     
   2.5749854644066561     
   2.5751872053825666     
   2.5787466481755081     
   2.5813018200610944     
   2.5814635272794515     
   2.5818431416174574     
   2.5825403447633883     
   2.5833584288945990     
   2.5843224959196665     
   2.5910868697145402     
   2.6108457043922835     
   2.6148603440772504     
   2.6329317066194271     
   2.6331902622617678     
   2.6385742672530479     
   2.6407560291913117     
   2.6416315054990971     
   2.6439080491143203     
   2.6449897094718602     
   2.6454938223744282     
   2.6458063886803882     
   2.6493651291949272     
   2.6494452603840370     
   2.6496209674732141     
   2.6497606953117088     
   2.6509879392926026     
   2.6510628187959209     
   2.6517139296775709     
   2.6541351134406010     
   2.6572490819071519     
   2.6574826729470287     
   2.6586412538153708     
   2.6600703938092267     
   2.6651989706743655     
   2.6657906235910396     
   2.6664468574314246     
   2.6702875759310944     
   2.6719501689298224     
   2.6755245197611881     
   2.6761840336502245     
   2.6785303000379375     
   2.6786003765297268     
   2.6795856113588470     
   2.6821150890926879     
   2.6823131534838174     
   2.6832362203287339     
   2.6842443231655904     
   2.6846825468950342     
   2.6855901236750861     
   2.6856672401119543     
   2.6891534508999331     
   2.6897410668282502     
   2.6902103253937883     
   2.6913924754771750     
   2.6921029952875619     
   2.6925162714737971     
   2.6934202151753821     
   2.6940471491563334     
   2.6943128301336889     
   2.6949236210517871     
   2.6956989790163974     
   2.6958871552813308     
   2.6993632223238171     
   2.7008234127753314     
   2.7011431198341458     
   2.7014777403630656     
   2.7019074789913846     
   2.7041983688409088     
   2.7046034108160826     
   2.7059439402733263     
   2.7067498801142551     
   2.7069981644207406     
   2.7076794395868902     
   2.7079646214777267     
   2.7080682997194634     
   2.7089243498722571     
   2.7089841423710554     
   2.7094229313070319     
   2.7094415505926706     
   2.7105317676896128     
   2.7106574790457625     
   2.7120622292081760     
   2.7124516773741836     
   2.7125172398027706     
   2.7136432595174593     
   2.7141515841226940     
   2.7147239564912846     
   2.7158805901850473     
   2.7170038152814002     
   2.7170566323575920     
   2.7172448127229725     
   2.7174753255709159     
   2.7188672111652283     
   2.7204964302387316     
   2.7222151683409130     
   2.7245770785541694     
   2.7298065932874351     
   2.7309160498151384     
   2.7326218502906774     
   2.7340737138627387     
   2.7347776057788034     
   2.7351513706530297     
   2.7353963321360806     
   2.7365257233331008     
   2.7365616082280879     
   2.7377164751325807     
   2.7400634254685379     
   2.7407836561243459     
   2.7420360524279390     
   2.7423914970811860     
   2.7453258437315826     
   2.7455099173723281     
   2.7476697111740229     
   2.7559703656858727     
   2.7603024939976768     
   2.7634440812566572     
   2.7725117505519750     
   2.7747152014337466     
   2.7749656916164684     
   2.7764912293271071     
   2.7850041255441149     
   2.7927265698028401     
   2.7941101484336928     
   2.7946805047548451     
   2.7973697765600347     
   2.7975730837897661     
   2.8015508655110808     
   2.8017977818905231     
   2.8020917804416205     
   2.8032009372483389     
   2.8047293721387971     
   2.8085364785038651     
   2.8118803001964920     
   2.8136230296790070     
   2.8139877632288028     
   2.8156570674475092     
   2.8160653930911126     
   2.8192091348615644     
   2.8223336541938955     
   2.8223910152113967     
   2.8243560240217911     
   2.8245908286410040     
   2.8272948024139279     
   2.8284871655806541     
   2.8291331381672316     
   2.8307620931767468     
   2.8313643222758778     
   2.8319385879589776     
   2.8325380792358255     
   2.8327052500441563     
   2.8386882478174305     
   2.8410811118777151     
   2.8429811563659277     
   2.8454353774054408     
   2.8455682529910860     
   2.8456191998106584     
   2.8470508968017949     
   2.8480248717746295     
   2.8480550105373474     
   2.8480756532725380     
   2.8481355206079666     
   2.8487557205510425     
   2.8496572315050899     
   2.8506541204737208     
   2.8530057681717662     
   2.8541736210069657     
   2.8562276782541050     
   2.8572333347208048     
   2.8574682923917636     
   2.8578773520886931     
   2.8594998906285709     
   2.8603722225160779     
   2.8618746140899014     
   2.8623478292954969     
   2.8625451628494938     
   2.8637188837701215     
   2.8641081854227393     
   2.8647087686339834     
   2.8652293884037414     
   2.8659012714106575     
   2.8663698162041022     
   2.8686438589651329     
   2.8700281702300021     
   2.8710601064655243     
   2.8717558586809875     
   2.8719161318600244     
   2.8720557587408702     
   2.8725898919666251     
   2.8729409336423668     
   2.8732195436236840     
   2.8739729710986337     
   2.8741971298427575     
   2.8751310099648295     
   2.8758687231735882     
   2.8765308606370317     
   2.8768279760650479     
   2.8768668544935618     
   2.8770357366730388     
   2.8774699427339590     
   2.8782603928861308     
   2.8785583297849189     
   2.8791031334697128     
   2.8796525498121293     
   2.8801985764232088     
   2.8806227795748680     
   2.8811540093449888     
   2.8816644276359606     
   2.8818421668513747     
   2.8823055097965824     
   2.8824595836987021     
   2.8830508688162420     
   2.8868253531459098     
   2.8871763911417703     
   2.8871918462728292     
   2.8879124867224868     
   2.8895873930762619     
   2.8913641234222727     
   2.8915311719383854     
   2.8920779180268545     
   2.8922586100558343     
   2.8930207123115892     
   2.8937192343341773     
   2.8939085428805713     
   2.8942730183176328     
   2.8949556104255492     
   2.8956586485879590     
   2.8963249909390663     
   2.8966105501634152     
   2.8972681035661281     
   2.8986636198818911     
   2.8988822105204286     
   2.9000773955541117     
   2.9004161684924670     
   2.9004394398604987     
   2.9015892846849729     
   2.9020227359405295     
   2.9027842346145571     
   2.9030202382592147     
   2.9047814319765908     
   2.9059861000943505     
   2.9071112408810258     
   2.9071657834078115     
   2.9080649274110457     
   2.9082127558820905     
   2.9108380795969149     
   2.9115124496831988     
   2.9124694084109337     
   2.9140813620101809     
   2.9146898678948427     
   2.9151680405837062     
   2.9156805166088815     
   2.9160854302405084     
   2.9163225714224210     
   2.9167115962926107     
   2.9171547396060018     
   2.9184077708130549     
   2.9186328204522667     
   2.9193159938247826     
   2.9199778565405801     
   2.9203316001220987     
   2.9205396937904355     
   2.9209567372193805     
   2.9216746297819340     
   2.9219221689274546     
   2.9231480646356247     
   2.9233897139293545     
   2.9235266765458587     
   2.9242747084914673     
   2.9270737983551385     
   2.9272883686347133     
   2.9277088663866171     
   2.9280537236970590     
   2.9286964134196536     
   2.9287470031060590     
   2.9289684878598297     
   2.9299655157116415     
   2.9300054834874323     
   2.9308294236769470     
   2.9309486589615461     
   2.9323943317219410     
   2.9326314667562290     
   2.9334065904636759     
   2.9334131702995547     
   2.9339186852033956     
   2.9344806487803377     
   2.9352313840021340     
   2.9353896053218813     
   2.9362268443275821     
   2.9364424549158823     
   2.9364734149719318     
   2.9370965274989551     
   2.9373546206863934     
   2.9375228036880969     
   2.9379771121601186     
   2.9384326083933066     
   2.9388810009732640     
   2.9391182187047304     
   2.9396055393765619     
   2.9397080751470495     
   2.9409480964545476     
   2.9418890365327499     
   2.9424448003117400     
   2.9434860420634985     
   2.9440249366739257     
   2.9440651799965210     
   2.9441846163759013     
   2.9452395746484261     
   2.9454455150049785     
   2.9458523622540804     
   2.9472118731588113     
   2.9487258205268567     
   2.9490109355283773     
   2.9492963033985387     
   2.9503924767488385     
   2.9507036302493730     
   2.9516691133118389     
   2.9526784418261984     
   2.9527873941994485     
   2.9535676512992151     
   2.9536619356327463     
   2.9544310364376796     
   2.9555442356982318     
   2.9560397522823485     
   2.9566919770666766     
   2.9576230175520788     
   2.9593083415572585     
   2.9621461431849587     
   2.9632161592910133     
   2.9641712102970410     
   2.9655715112874925     
   2.9658003584895121     
   2.9663514499903467     
   2.9671807239172168     
   2.9683337350775245     
   2.9689203863356703     
   2.9710163554288083     
   2.9712529486819244     
   2.9731161980805854     
   2.9752167822246136     
   2.9786519970954131     
   2.9912591868982794     
   2.9919039208709766     
   2.9928524039393380     
   2.9938819597466342     
   2.9963898326960039     
   2.9981209845100900     
   2.9982587720921274     
   3.0010511169244110     
   3.0028617041270853     
   3.0029124848268527     
   3.0032482862408032     
   3.0033595543793683     
   3.0043034559484223     
   3.0053620141432447     
   3.0054224954889057     
   3.0055479556958971     
   3.0057401458411737     
   3.0061490373504083     
   3.0069287494037349     
   3.0084574857546031     
   3.0084603748549497     
   3.0086007545686151     
   3.0088419399620916     
   3.0141820794943239     
   3.0143081639677227     
   3.0174296846795046     
   3.0176114859172913     
   3.0220759930888552     
   3.0234231910277525     
   3.0252820088924777     
   3.0294230500379360     
   3.0384459250131055     
   3.0435286054667858     
   3.0453452717919443     
   3.0719320472745602     
   3.1145912932011406     
