           1   352.56780547443429     
           2   249.82341988058039     
           3   226.87279927509471     
           4   315.73200797145182     
           5   294.23188382306415     
           6   414.15367767490392     
           7   533.77993298047670     
           8   598.87868851089956     
           9   418.63549986183693     
          10   390.57120743899003     
          11   481.29915994001942     
          12   499.37320212028879     
          13   606.47359619403449     
          14   604.92253904417669     
          15   525.24136349484138     
          16   444.79465352007026     
          17   682.73175419480617     
          18   721.15100193361036     
          19   1035.9436304822138     
          20   767.36512093169142     
          21   584.08923492766439     
          22   505.80276638155397     
          23   434.44257872375209     
          24   346.86898897793105     
          25   343.35946604516687     
          26   303.44356123879038     
          27   305.38332074710019     
          28   334.02804319703722     
          29   339.01012183543088     
          30   523.57011293143796     
          31   996.17436752342655     
          32   1684.7712816212054     
          33   3350.1744565646472     
          34   2277.9922979028916     
          35   2266.5275133222290     
          36   1396.9130410106445     
          37   722.76681333378042     
          38   514.67628726995213     
          39   328.78574729420768     
          40   194.11960981752060     
          41   177.44357471351628     
          42   225.40235986185505     
          43   289.74045536192438     
          44   394.51407242419094     
          45   477.01333367952520     
          46   638.45403283272310     
          47   839.66559160474276     
          48   819.16075749733136     
          49   903.07742345962276     
          50   1055.0641127933441     
          51   1156.1928843831229     
          52   879.56283614267795     
          53   816.66839016961239     
          54   710.71085141582955     
          55   743.77208237376874     
          56   664.46759495631136     
          57   474.06462888720671     
          58   427.60399971437113     
          59   503.02759866758936     
          60   397.95613150608801     
          61   293.27755025779391     
          62   319.22233552804312     
          63   340.44609922259804     
          64   229.26789314078195     
          65   174.35551123544926     
          66   259.46139868687442     
          67   235.84836448642659     
          68   236.94671992342700     
          69   206.51063986610029     
          70   217.29973671468963     
          71   123.02637388429936     
          72   117.46525501348714     
          73   108.90916383829426     
          74   150.80049526117773     
          75   141.28716672564994     
          76   131.87588039916756     
          77   162.22407815826071     
          78   223.65072660152032     
          79   308.45586139679381     
          80   476.06114184252806     
          81   655.80266128820654     
          82   833.91023264734008     
          83   597.66244359476252     
          84   425.95254570991551     
          85   319.27128580400876     
          86   230.10024641379601     
          87   161.74017726813992     
          88   162.05210225068197     
          89   171.66615530298938     
          90   211.10479343970113     
          91   210.63074991958217     
          92   360.21324590448251     
          93   240.53330772890064     
          94   189.46969447131204     
          95   148.42661025764659     
          96   114.81955452794563     
          97   135.23108815714670     
          98   204.06642861849201     
          99   185.40643626893515     
         100   154.75066976485709     
         101   210.42269566271983     
         102   309.33394277114513     
         103   309.63365929722289     
         104   304.33864229734115     
         105   468.24319726461704     
         106   434.05332340791460     
         107   359.43454009779032     
         108   358.74762178998071     
         109   262.46619512674323     
         110   277.68447675747154     
         111   197.70749307159656     
         112   147.08117520442295     
         113   178.58582182571899     
         114   185.44015209282065     
         115   126.37664525426504     
         116   123.56274796306619     
         117   165.30513441634983     
         118   142.37998164252340     
         119   119.45428786847924     
         120   175.21507477240044     
         121   200.68426165125032     
         122   158.25138253858648     
         123   194.80326836194052     
         124   281.39143568918456     
         125   261.16962151483085     
         126   266.37721880542966     
         127   363.09060406760710     
         128   469.44190628105264     
         129   435.60682132868919     
         130   485.82179022989686     
         131   379.70683076216602     
         132   365.33897605877587     
         133   254.52756991736854     
         134   299.26395761561213     
         135   238.02514001548752     
         136   179.18392910616689     
         137   166.33894077014617     
         138   119.55702310766412     
         139   163.49091181092894     
         140   129.69133402735241     
         141   96.816246778226997     
         142   103.68625161405146     
         143   128.91901640584652     
         144   163.13300730514146     
         145   239.09046809894832     
         146   257.86426196212415     
         147   224.46190897821398     
         148   168.87660446689526     
         149   111.79644911482231     
         150   102.96138843602188     
         151   101.87858516421724     
         152   135.75400632517417     
         153   180.94976203493772     
         154   218.84186522453518     
         155   316.23822784364995     
         156   366.02133826657769     
         157   505.86549806349626     
         158   579.26587917492429     
         159   553.79734812530580     
         160   752.61588809392663     
         161   1419.1833061850305     
         162   157261.11823525088     
         163   155593.48534404984     
         164   147819.50500663056     
         165   92814.721561934653     
         166   51346.649037878538     
         167   42523.021807206213     
         168   50250.249486224595     
         169   32869.424807705655     
         170   16661.282386882031     
         171   10072.366578571413     
         172   4127.4864957805821     
         173   1191.5014759508804     
         174   645.04239288137330     
         175   496.67368841766267     
         176   440.66236442257048     
         177   407.83912030586669     
         178   274.85946039438909     
         179   352.42046167090245     
         180   403.31394843641272     
         181   559.06056372433250     
         182   683.03833269243182     
         183   577.98602184251388     
         184   657.33333069400555     
         185   891.60062882127079     
         186   993.90123800257766     
         187   847.53619714912759     
         188   767.17995716161749     
         189   537.29986642183792     
         190   480.07133027088690     
         191   388.25138037049862     
         192   405.32858944048030     
         193   368.19437444647605     
         194   267.72525322014599     
         195   258.42700881713722     
         196   262.62942134344962     
         197   201.12018712559436     
         198   156.72614451945685     
         199   172.47831339099110     
         200   160.46435538944183     
         201   122.83817605329351     
         202   112.87527102868800     
         203   120.74228671049148     
         204   103.81539999612335     
         205   89.659339982833416     
         206   122.12413743742306     
         207   132.88900879214924     
         208   152.92546334593280     
         209   158.10512454695652     
         210   236.84379027232779     
         211   386.69937962249622     
         212   327.16597242409136     
         213   393.87306237518078     
         214   830.12523063539288     
         215   1237.2332733107980     
         216   714.58302556490992     
         217   795.53105243577170     
         218   689.94815643232278     
         219   895.65113350083936     
         220   800.40012308911582     
         221   595.23227621931642     
         222   714.93333980431248     
         223   832.68675404035196     
         224   689.23984760084841     
         225   591.24207930181865     
         226   807.87232837591057     
         227   875.55154122047293     
         228   727.61699065200094     
         229   597.71033775101614     
         230   438.61750071906221     
         231   322.82706557755654     
         232   333.36941624402948     
         233   258.31835907769710     
         234   208.64444561200474     
         235   291.60979888589179     
         236   255.14543204794995     
         237   216.44330692191420     
         238   247.30669273978774     
         239   339.30951037554701     
         240   406.61940248646374     
         241   258.48843908008661     
         242   236.85493102434916     
         243   332.47161847200869     
         244   288.20119519657339     
         245   221.80035251240275     
         246   304.17151197613799     
         247   374.29726594069712     
         248   294.94173754143787     
         249   340.26968403954561     
         250   478.71856526979354     
         251   632.71254872095597     
         252   699.99395752069051     
         253   576.75943041141124     
         254   686.63305766205735     
         255   619.46860252443116     
         256   436.87139489041499     
         257   413.48211867698433     
         258   398.13086055670112     
         259   306.24828448879134     
         260   410.15729558143556     
         261   413.68681195829697     
         262   291.22799957712715     
         263   284.07044833327569     
         264   405.95593784685383     
         265   365.82351305110228     
         266   258.71833248168059     
         267   336.86719522738895     
         268   444.11145988774115     
         269   342.91858517299102     
         270   315.74032134594574     
         271   480.72662276840174     
         272   475.02790706369865     
         273   327.30330929232224     
         274   441.69837862488259     
         275   468.82227978157482     
         276   312.95571215750516     
         277   254.20799734465911     
