           7  0.40376485325713246        1.0228896504828442E-004
           8   3.7711875531049391E-002   1.6586668174141785E-004
           9  0.30776896681540117        2.0406437924966276E-004
          10  0.18555066521217242        3.1530430581963825E-004
          11  0.29102327855732846        4.9697360042729431E-004
          12  0.33197825222584681        5.0720925371880682E-004
          13  0.15566348924484666        6.5539523542836216E-004
          14  0.20942936109273419        7.5275021143867348E-004
          15  0.15650890788202979        8.5910435783568162E-004
          16  0.47548701070610550        9.1810424446192986E-004
          17  0.16460267153784769        9.5224330623378277E-004
          18  0.26742910760695005        1.0206883490228662E-003
          19  0.42595912641802069        1.1140591858133939E-003
          20  0.22190757390728402        1.2658019185335645E-003
          21  0.34882819351081401        1.3741150925106196E-003
          22  0.28438000976466099        1.4953441196070610E-003
          23  0.46186653600299160        1.5913529113546735E-003
          24  0.24044756212737003        1.6537586241690406E-003
          25  0.29282456742271296        1.7074526590573676E-003
          26  0.48197601591515982        1.8879228195678506E-003
          27  0.23377407709880485        1.9709116248905036E-003
          28  0.38886198346599943        2.0555425744181255E-003
          29  0.27706769769289863        2.1965277373405152E-003
          30  0.24579164694930436        2.2746484906850085E-003
          31  0.47454797512548386        2.5092732804557713E-003
          32  0.40820056619816919        2.7316200591161592E-003
          33  0.46018590019365796        2.7884680764196771E-003
          34  0.39365935251086609        2.8601789185060175E-003
          35  0.56979935979862284        2.9509395050420343E-003
          36  0.41174435439755774        3.0432640568400378E-003
          37  0.45396347560266803        3.1739471034419463E-003
          38  0.58522389130752872        3.2444569279044934E-003
          39  0.46098408121911222        3.5453026877741568E-003
          40  0.39129462907613877        3.8365612701242099E-003
          41  0.27173865296773558        3.8868454778244214E-003
          42  0.52246826439948935        4.0881653191661097E-003
          43  0.52131679239709450        4.1498359533624074E-003
          44  0.36374674618927810        4.3210848518542557E-003
          45  0.38331856693528493        4.3459161123479166E-003
          46  0.39062372938114026        4.5094150726660712E-003
          47  0.54676653571401634        4.6349546738197840E-003
          48  0.53122000260992863        4.7199835727498645E-003
          49  0.45653400069356131        4.8634243908150972E-003
          50  0.38126595105938699        4.9942599341382780E-003
          51  0.55404118909102806        5.2445787999704932E-003
          52  0.36967295501513936        5.3123494376541361E-003
          53  0.63707919396278057        5.4538511441492230E-003
          54  0.60486344308378692        5.5500981312795071E-003
          55  0.48501003149101168        5.7464931940064768E-003
          56  0.68160647218027715        5.7819494247196455E-003
          57  0.23667955146836733        5.8695984885118934E-003
          58  0.62572473710340193        6.1816699813811429E-003
          59  0.49139582591553049        6.2602333846799368E-003
          60  0.52862927234661128        6.3203389914079497E-003
          61  0.50689470980758522        6.5034962671990122E-003
          62  0.35986919624611263        6.6249279061989510E-003
          63  0.40163744633309967        6.6499345026361841E-003
          64  0.51952159472936899        6.7832772634487479E-003
          65  0.49123695668079714        6.8264051288582719E-003
          66  0.58028116018046438        7.2135316174431916E-003
          67  0.48239149346527033        7.3872235640268366E-003
          68  0.40233489641625697        7.4877850693543134E-003
          69  0.48404168514381474        7.7028858985389572E-003
          70  0.54882718956715215        7.7905128137012282E-003
          71  0.58254534984308248        7.9400736009612328E-003
          72  0.43898189190380493        8.0642382155537741E-003
          73  0.52873217351914181        8.3573675283181627E-003
          74  0.45480277361855664        8.5412825594802025E-003
          75  0.56487660034825160        8.6353035903276761E-003
          76  0.52835035837458655        8.8535887161009640E-003
          77  0.31514887763011717        9.0719127076113442E-003
          78  0.56221276780192830        9.1609077976821957E-003
          79  0.30871193934535679        9.4424186161325713E-003
          80  0.54380312557647292        9.5041252587416466E-003
          81  0.47520545630753769        9.5754066088394926E-003
          82  0.54478225209864750        9.6854587460446576E-003
          83  0.50269891825128799        9.9947275295917612E-003
          84  0.38888163882910287        1.0190756085157413E-002
          85  0.42349303000639521        1.0362900636117158E-002
          86  0.41183647501095710        1.0587270962591469E-002
          87  0.43449939116065200        1.0744770545916476E-002
          88  0.47772815366184596        1.0834344290012407E-002
          89  0.36956308221869139        1.0995327263278105E-002
          90  0.49429753796739678        1.1117278860938688E-002
          91  0.51890786370271269        1.1186430219832616E-002
          92  0.53389991394435976        1.1355320456708805E-002
          93  0.49982450805018791        1.1616735393518075E-002
          94  0.48557741867535031        1.1661610155409410E-002
          95  0.34701264153294592        1.1757708893373060E-002
          96  0.52140032714882001        1.1885675763935176E-002
          97  0.60115856653296595        1.2049645172658482E-002
          98  0.41958499115841785        1.2247240801417283E-002
          99  0.52673808844189351        1.2413150132931209E-002
         100  0.48893338691283483        1.2518081304384572E-002
         101  0.40817255166326849        1.2737381484278196E-002
         102  0.51194679179806457        1.3014541538716763E-002
         103  0.53412126230644275        1.3139473685524466E-002
         104  0.48178807063566303        1.3231899521960787E-002
         105  0.52283364015060974        1.3469112369939718E-002
         106  0.56342709155594783        1.3705380073659880E-002
         107  0.42535670749813326        1.3855708037865963E-002
         108  0.49602844385554534        1.3948619367332278E-002
         109  0.44893970847380543        1.4000419159311888E-002
         110  0.36756870667044994        1.4146749816936643E-002
         111  0.48173890793648394        1.4193619122454038E-002
         112  0.52727795373509967        1.4364937173058050E-002
         113  0.56020148509753298        1.4586190250827311E-002
         114  0.42619226553006956        1.4748028735869972E-002
         115  0.45745220614213772        1.4892758480078306E-002
         116  0.58211805557980878        1.5040212102230789E-002
         117  0.55993667744538111        1.5188772719076725E-002
         118  0.49965302414139778        1.5303646905788049E-002
         119  0.38073406185945041        1.5530586774607389E-002
         120  0.51527927200575641        1.5651180896977611E-002
         121  0.45926168842835319        1.5721331015922997E-002
         122  0.55470050886142597        1.5884207945240550E-002
         123  0.52679605358896209        1.6098566528701137E-002
         124  0.25504827330523056        1.6292445221863388E-002
         125  0.49677160588429109        1.6338979551087412E-002
         126  0.42615588362339318        1.6490826369041745E-002
         127  0.53044162073421763        1.6553773614318014E-002
         128  0.42804378364756740        1.6713348780382834E-002
         129   7.9359530178374466E-002   1.6799797149654936E-002
         130  0.44516542704125400        1.7022009469591183E-002
         131  0.45951841486415967        1.7230116964540156E-002
         132  0.52618074473927845        1.7457437111713974E-002
         133  0.36208675986630284        1.7477088621683561E-002
         134  0.34519090281026049        1.7646600829697254E-002
         135  0.56081569581033797        1.7705137806819492E-002
         136  0.46822910913053678        1.7859290256453896E-002
         137  0.42019210018099451        1.8041560866561293E-002
         138  0.54994392717138263        1.8258827824389392E-002
         139  0.45643879882843275        1.8444370309641439E-002
         140  0.46123293537651289        1.8453082359790426E-002
         141  0.31609021014722227        1.8655993176788135E-002
         142  0.42832070912004117        1.8782771119895694E-002
         143  0.41694598785173581        1.8870274289441640E-002
         144  0.34721263494353161        1.9055168300718767E-002
         145  0.36344157664958826        1.9179339121741985E-002
         146  0.46277585899237444        1.9328094868317998E-002
         147  0.49690356875143432        1.9386000166121489E-002
         148  0.43053020750475818        1.9503272485100937E-002
         149  0.55865609227559920        1.9659309850732016E-002
         150  0.45224789118726472        2.0116327736810661E-002
         151  0.57550748469852209        2.0178028148307475E-002
         152  0.48504926853893920        2.0344315420037437E-002
         153  0.48392301180534497        2.0539605292102327E-002
         154  0.51854297968158691        2.0621878875177618E-002
         155  0.51807121550699320        2.0718035730640700E-002
         156  0.49106924288215648        2.0817612720344381E-002
         157  0.46667806059790889        2.0895792749304830E-002
         158  0.49953603330332730        2.0925200777394126E-002
         159  0.45973605370944443        2.1054055036697800E-002
         160  0.41504713317610131        2.1357720474125964E-002
         161  0.43468973791454274        2.1434314051829821E-002
         162  0.58106306167432797        2.1589299049898151E-002
         163  0.56731316162055956        2.1830080577756622E-002
         164  0.49190236650594715        2.1945000037614633E-002
         165  0.46676266197551292        2.2149930758542637E-002
         166  0.39441115641886904        2.2245288916752478E-002
         167  0.54750836013016713        2.2421719438229147E-002
         168  0.51130519110003392        2.2761596411118062E-002
         169  0.47703429258623703        2.2856545627506952E-002
         170  0.48331511407815825        2.3116723575594668E-002
         171  0.43335085002911583        2.3218103968575064E-002
         172  0.47319722755662258        2.3478208707280991E-002
         173  0.48354990204014653        2.3490852079849477E-002
         174  0.48943548962900268        2.3698810534957745E-002
         175  0.51489327529631201        2.3882832896194840E-002
         176  0.51958785893765813        2.3929415534216014E-002
         177  0.57569488074230335        2.4047280471962432E-002
         178  0.44123992552717339        2.4250299543581030E-002
         179  0.37557071448019147        2.4545368578378336E-002
         180  0.56004948080015604        2.4635634057268981E-002
         181  0.53182951610743456        2.4786152079567015E-002
         182  0.51177463816913438        2.4950019016239038E-002
         183  0.38866896731894363        2.5153360818141450E-002
         184  0.39366878845569342        2.5272928541298798E-002
         185  0.46591998205016055        2.5307717431027235E-002
         186  0.50403755670129802        2.5452725438555517E-002
         187  0.55032227748764717        2.5600488433701239E-002
         188  0.63456637603402177        2.5780912961263093E-002
         189  0.52954201214706464        2.5971715360718888E-002
         190  0.51565695625882479        2.6154324525640506E-002
         191  0.48735288615346367        2.6440631385047746E-002
         192  0.38049505033019537        2.6588775574534568E-002
         193  0.55781631861927283        2.6732423289050594E-002
         194  0.44419512929625560        2.6837677011445307E-002
         195  0.52395405153192576        2.7041541154501598E-002
         196  0.54376594197955441        2.7277052688043906E-002
         197  0.51799453383957983        2.7340347083035645E-002
         198  0.56345422351348695        2.7450662633267897E-002
         199  0.56274055581003068        2.7636356952892210E-002
         200  0.60813753160912687        2.7749102403157876E-002
         201  0.53509961142608653        2.7892208663177331E-002
         202  0.52241090425221537        2.8067066760733825E-002
         203  0.54316859922154193        2.8081455661675230E-002
         204  0.49949182204588077        2.8327742860200931E-002
         205  0.50247903051366360        2.8488555900265014E-002
         206  0.44640750605114432        2.8811763578944730E-002
         207  0.53872330811438918        2.8818834640735459E-002
         208  0.50071104125413901        2.8895526084484757E-002
         209  0.48299357382780783        2.9095338500101507E-002
         210  0.56449894729987915        2.9307866257009842E-002
         211  0.53034401780864815        2.9416361160818954E-002
         212  0.49890738528477807        2.9452777527199169E-002
         213  0.58425899026133876        2.9819788882704115E-002
         214  0.47118823087302836        2.9874882999539828E-002
         215  0.42208025094519785        3.0080340283415014E-002
         216  0.52191110422800957        3.0290458198561784E-002
         217  0.56671490864188512        3.0412710250218692E-002
         218  0.56522668338311011        3.0949344605205351E-002
         219  0.53074416800713720        3.1118801306228960E-002
         220  0.50699833447580611        3.1321419744766446E-002
         221  0.45626252356180291        3.1470896724665007E-002
         222  0.60146283093050623        3.1622407546031600E-002
         223  0.45858814163785355        3.1714451408507684E-002
         224  0.55153319475376428        3.1918719438086544E-002
         225  0.55661428849187966        3.2277136034945794E-002
         226  0.45634240547434729        3.2334224227248486E-002
         227  0.53502024864049003        3.2528463200127977E-002
         228  0.56183245218273503        3.2620680422579762E-002
         229  0.50222325385246369        3.2769833526252033E-002
         230  0.55595900031909473        3.2863199812088975E-002
         231  0.40124764826405657        3.2994597549120243E-002
         232  0.60082101557136758        3.3143404106326775E-002
         233  0.51045908866794520        3.3415302400590881E-002
         234  0.52489721651890875        3.3506223150613607E-002
         235  0.41997856448435894        3.3722410555886990E-002
         236  0.45902824219107613        3.3997716438872026E-002
         237  0.28232388690542914        3.4033725650595155E-002
         238  0.31885624793536460        3.4104408080336365E-002
         239  0.47286050551965697        3.4185741284640463E-002
         240  0.55915867885515558        3.4407249137158383E-002
         241  0.53574579180283810        3.4506677869687655E-002
         242  0.38876595019193672        3.4684599316171287E-002
         243  0.51607789637017465        3.4962431105534715E-002
         244  0.43977595031031969        3.5007920011227149E-002
         245  0.35838044001105507        3.5107795415162915E-002
         246  0.33477403144606360        3.5284189493569935E-002
         247  0.50514355766478514        3.5643295937036357E-002
         248  0.37336436162546544        3.5742535353193196E-002
         249  0.41312071541766787        3.5830763375169564E-002
         250  0.51073838710122743        3.5958948009316753E-002
         251  0.47399912001375943        3.6074546365075053E-002
         252  0.47903562696237023        3.6209218427140102E-002
         253  0.25580566335443394        3.6361375995668674E-002
         254  0.32151061268061493        3.6439004808656007E-002
         255  0.50360860432234023        3.6495311350442192E-002
         256  0.17781345011753164        3.6750680743494343E-002
         257  0.54418229348804104        3.6830709007143213E-002
         258  0.51489862344735948        3.7086179650846186E-002
         259  0.35663819169496119        3.7149828625891800E-002
         260  0.42695324469875284        3.7501636170049819E-002
         261  0.54618061988638533        3.7673731589115064E-002
         262  0.57360991383733761        3.7812729840747877E-002
         263  0.58249778144050213        3.7953256321435098E-002
         264  0.50898173596492724        3.8029248930157973E-002
         265  0.46488391262736772        3.8167236686373125E-002
         266  0.58030701463228818        3.8561324516107401E-002
         267  0.51147132304412113        3.8930095573503486E-002
         268  0.53007844980708563        3.9056195286029119E-002
         269  0.49891446687516650        3.9335585072356863E-002
         270  0.52923901402440132        3.9433582377453022E-002
         271  0.48782334692028206        3.9494962179594376E-002
         272  0.60766854656738534        3.9758674998443697E-002
         273  0.46756470355823410        3.9977247717355807E-002
         274  0.46144776016791750        4.0206957917825102E-002
         275  0.52698927016231012        4.0371010655798331E-002
         276  0.57168555523517306        4.0605914103228280E-002
         277  0.51003175833587877        4.0770375186957745E-002
         278  0.49196479327500281        4.1013142712683352E-002
         279  0.42278558080180373        4.1123751545764690E-002
         280  0.51991993995858854        4.1196542074188873E-002
         281  0.53405521464903749        4.1469812450206006E-002
         282  0.53583166942101979        4.1705636247845700E-002
         283  0.44632954316181644        4.1790099243225222E-002
         284  0.43094567585889659        4.1894969645570060E-002
         285  0.53499372754853813        4.2203593294313911E-002
         286  0.55317703682868202        4.2561638894228399E-002
         287  0.55375404815880325        4.2764546531591313E-002
         288  0.58593000868984280        4.2854662708634569E-002
         289  0.52034093415490779        4.3101217337372391E-002
         290  0.41167916050261116        4.3339580926205885E-002
         291  0.59145540089466209        4.4014316507330627E-002
         292  0.45160964034338530        4.4132030107360137E-002
         293  0.35468757945530616        4.4254132560914365E-002
         294  0.41974943454211278        4.4434680543281459E-002
         295  0.17470780215163223        4.4496995552854156E-002
         296  0.48765920744712132        4.4927068484704125E-002
         297  0.49401744470938874        4.5132737982805475E-002
         298  0.32465828905903515        4.5369112116831992E-002
         299  0.46831571493028401        4.5721326975355865E-002
         300  0.46846873655335491        4.5800679313800774E-002
         301  0.47791873336445195        4.6243920802401930E-002
         302  0.18127352927352178        4.6293039933129998E-002
         303  0.53827421286239774        4.6451550241397743E-002
         304  0.49399633017072353        4.6733434820413214E-002
         305  0.50176149769024458        4.6861046067476847E-002
         306  0.49051930728094767        4.7014201523885003E-002
         307  0.47874294602088568        4.7199480758568967E-002
         308  0.36268957659652828        4.7486953534033698E-002
         309  0.39335650649952691        4.7682008664552994E-002
         310  0.52497433421378348        4.7724628647165160E-002
         311  0.35256404997746033        4.7873663671433538E-002
         312  0.54317839950835811        4.8051450577636601E-002
         313  0.44394219656743139        4.8156657086444912E-002
         314  0.39943010421178787        4.8347229661252843E-002
         315  0.41212248159467407        4.8628768354582880E-002
         316  0.46745230597712761        4.9003034112958810E-002
         317  0.55662939109722387        4.9101395732320766E-002
         318  0.49995789532466794        4.9589924083940556E-002
         319  0.52417775898390506        4.9729499129248490E-002
         320  0.47723058335403118        5.0038295679926792E-002
         321  0.41673119026799210        5.0311394555628913E-002
         322  0.48025473299166760        5.0727087406052605E-002
         323  0.34836068822536964        5.0919554063867521E-002
         324  0.52885326381033304        5.1190255271452365E-002
         325  0.48258857702426577        5.1327354093937280E-002
         326  0.49497709852784444        5.1791134951201481E-002
         327  0.30482754448677996        5.2130456484839029E-002
         328  0.45912454061973307        5.2521238559358835E-002
         329  0.42848074639828815        5.2638695761256495E-002
         330  0.34511675408185138        5.2986150365873057E-002
         331  0.47607264306608460        5.3148362081962337E-002
         332  0.37132693599161459        5.3569035394867882E-002
         333  0.40048744718794255        5.3701928972677566E-002
         334  0.47923718254378433        5.4058786726238858E-002
         335  0.46414982996783261        5.4901363873807008E-002
         336  0.50107990272441616        5.4917056242893718E-002
         337  0.40935859995627155        5.5208050846064519E-002
         338  0.39081917243859349        5.5457419850723548E-002
         339  0.41806066090572502        5.5633952044220218E-002
         340  0.26080223094054999        5.6771851282825192E-002
         341  0.37143008812603029        5.6895870632929044E-002
         342  0.33099160796231658        5.7298890596430715E-002
         343  0.36106557538092099        5.7493949540679296E-002
         344  0.47788259677492712        5.8080327493964246E-002
         345  0.39916505559986309        5.8545661913467266E-002
         346  0.43794270567922472        5.8925751865090761E-002
         347  0.13173323555018426        5.9231959580705491E-002
         348  0.43870677184181400        5.9349125413614930E-002
         349  0.41855795415924624        5.9844329674977541E-002
         350  0.48605965259387757        6.0046863884164019E-002
         351  0.44198724804499712        6.0238079948687497E-002
         352  0.47297256262933013        6.0646465546148533E-002
         353  0.36833129247854696        6.1419662340609187E-002
         354  0.26565872394382495        6.1666460587681632E-002
         355  0.33042194043485440        6.1999018512785657E-002
         356  0.50599285199291488        6.2597460348640943E-002
         357  0.33789649662103521        6.3125621640068574E-002
         358  0.32341674747917093        6.3466060600128549E-002
         359  0.45907450887942031        6.3995620267498637E-002
         360  0.41645630437456682        6.4474277546186301E-002
         361  0.31393417310165639        6.5021694802544744E-002
         362  0.45021329725063397        6.5156634194271812E-002
         363  0.35289447808228297        6.5492091299119259E-002
         364  0.24130154488641087        6.5956061142069491E-002
         365  0.35804191479301256        6.6358281335189728E-002
         366  0.23809203375424731        6.6591270714920145E-002
         367   6.6706903261747233E-002   6.7348261717548527E-002
         368  0.33186928350751721        6.7777232439003160E-002
         369  0.13734755959855591        6.8125120716015258E-002
         370  0.29597657062438948        6.8771621398486846E-002
         371  0.35638327746741744        6.9180911263247782E-002
         372  0.17573338564692420        7.0318415602690296E-002
         373  0.29729389949332125        7.1091746388676394E-002
         374  0.31490469715489616        7.1382217916638221E-002
         375  0.27373047165674669        7.2073502229166905E-002
         376  0.27188248947449167        7.2461441262525586E-002
         377  0.21370410847855753        7.3310780835891626E-002
         378  0.35993015020876185        7.3965548977275627E-002
         379  0.25161444733523469        7.4332939693571340E-002
         380  0.31027453749649631        7.5283135757418351E-002
         381  0.26010874172169091        7.5481683674784639E-002
         382  0.29298743598297317        7.6165768233288980E-002
         383  0.20942059613748309        7.6796873750610409E-002
         384  0.15529763263909660        7.8442829476768866E-002
         385  0.15405376672309917        7.9941142950718497E-002
         386  0.22788022250159926        8.0474761134129699E-002
         387  0.16870529786301169        8.2180990920429756E-002
         388   9.0856754816799321E-002   8.2831416832346669E-002
         389  0.20219082594916982        8.4596043204414953E-002
         390  0.20650553522043935        8.5173733854605652E-002
         391  0.26494303064220104        8.6536886923445272E-002
         392  0.24854595028996498        8.6739392024089437E-002
         393  0.25014362217690073        8.8403419510937192E-002
         394  0.34626177292695814        9.0835936849280000E-002
         395  0.30028907506471414        9.1653623666684461E-002
         396  0.27075092813692758        9.2605022507049217E-002
         397  0.27981948602093271        9.3434109208917454E-002
         398  0.23578201024973941        9.4732484664163105E-002
         399  0.17013113589472553        9.5878607935573734E-002
         400  0.20282590282488838        9.7413018386857869E-002
         401  0.17024862025979076        9.9186594267505146E-002
         402  0.12011599030232856       0.10108466048646600     
         403  0.22146310512653758       0.10253180861885471     
         404  0.20217445923846225       0.10441608333052668     
         405  0.22890456617864630       0.10769801329246961     
         406  0.13272737604875876       0.10818463474722476     
         407  0.22166770281102935       0.10837767411869152     
         408  0.22030043434449098       0.10985127295625828     
         409  0.18121113508144923       0.11075248419968979     
         410  0.24584463386476432       0.11252009196450194     
         411  0.23371248880677917       0.11487455032819673     
         412  0.28639252696572381       0.11642788944208543     
         413  0.26366480798341030       0.11669905139652448     
         414  0.28404073569952903       0.11734292883172552     
         415   6.5892079891438957E-002  0.11955090624290586     
         416  0.17369062423557405       0.12020805825278902     
         417  0.15239281478877537       0.12174857217819554     
         418  0.26144695546323682       0.12295539007706986     
         419  0.27920013746607869       0.12373610817690368     
         420   2.6724173994060088E-002  0.12599263240464198     
         421   5.3113631896840825E-002  0.12682409890100033     
         422  0.20600864112063233       0.12813575920747675     
         423   4.1735662585299059E-002  0.12905258075415274     
         424  0.22085624497291656       0.12945523949020485     
         425  0.25844840769949284       0.13244110895403174     
         426  0.24723435118702614       0.13401040602018349     
         427   5.3042928032301061E-002  0.13538188962995323     
         428   3.3128285085184055E-002  0.13580412709270934     
         429  0.20325338954087821       0.13628443846278260     
         430  0.15683694679793900       0.13796155144722783     
         431   9.2602828364348549E-002  0.13845675575987976     
         432   5.6996447783194466E-002  0.13879669881186713     
         433  0.11953642292143216       0.14099303602991339     
         434  0.20682762934026017       0.14215113644826016     
         435  0.22214751089089702       0.14251295059012625     
         436  0.34002918266633825       0.14711653127042940     
         437  0.16817292571752798       0.14821290870177331     
         438   7.3655310804722679E-002  0.14924475170037740     
         439  0.20401939065222927       0.14989706790954183     
         440   1.8386607504830590E-002  0.15098483820683858     
         441  0.14878108604731152       0.15105587832993964     
         442  0.17286162655705434       0.15362844750462093     
         443  0.23818207422193216       0.15657236343013714     
         444   7.5796469611891501E-002  0.15843718682429636     
         445  0.23613639448111162       0.15921237911903416     
         446  0.17014190869194279       0.16000506888118929     
         447  0.17349167521216724       0.16044024327949769     
         448  0.24376667998484339       0.16386379610741478     
         449  0.16766814212023542       0.16456067348463055     
         450  0.10034065715284964       0.16523363144910469     
         451  0.28007015291666826       0.16597938262072792     
         452   8.4510945899197318E-002  0.16808783514297621     
         453  0.22828383212705933       0.16866363979635798     
         454  0.11599474517094500       0.17095861698760778     
         455  0.19942564995827200       0.17117495177552255     
         456   9.8377723041163961E-002  0.17225033070473816     
         457  0.11939743965204783       0.17340511304381903     
         458  0.12220407672241287       0.17370599448080018     
         459  0.28052834563043022       0.17669000222507381     
         460  0.14243618743636913       0.17823204377714652     
         461   8.7518186294330530E-002  0.17984359243056214     
         462   2.9450988907628518E-002  0.18517719540362934     
         463   6.4278476497032819E-002  0.18583114840183240     
         464  0.25662387855546809       0.18757188533388186     
         465  0.21284421768337544       0.18982003701055825     
         466   7.8538672548439173E-002  0.19141663349223198     
         467   7.4696837721161716E-002  0.19267138495214986     
         468  0.16225747233615626       0.19349890129453379     
         469   7.8431070395257513E-002  0.19545752748687034     
         470  0.15811197823424639       0.19689328772850229     
         471  0.19499806485547655       0.20024286481969317     
         472   1.5066553836297033E-002  0.20232566054173734     
         473  0.22131333482456914       0.20357375037955164     
         474   5.0708965985660617E-002  0.20374327388792229     
         475  0.31305363753274024       0.20512708330009330     
         476   4.9004066216750311E-002  0.20595674512488152     
         477   3.6672175562301804E-002  0.20651900670557102     
         478  0.18875768463101761       0.20716212982200111     
         479  0.21436550076429534       0.20807873267848889     
         480  0.17947331054308296       0.21119331827702029     
         481   2.4130745206507515E-002  0.21289422902797714     
         482  0.16044813638427521       0.21334414315985950     
         483  0.15406259246164342       0.21370137244749551     
         484  0.19341631853817057       0.21617661264370425     
         485   3.4644727128451132E-002  0.21690395619804137     
         486  0.18727777670782547       0.21923675758719674     
         487   6.1798566308535308E-002  0.22045048992393818     
         488   4.5721511448182615E-002  0.22349687584922467     
         489  0.23338143341199327       0.22767931000805408     
         490   2.1580107344662244E-002  0.22917973843303938     
         491   6.5513410326231813E-002  0.23070528661117581     
         492  0.23056519230931438       0.23091114397334594     
         493   9.3964641268996132E-002  0.23286870109074725     
         494  0.21943951851249169       0.23323820374242415     
         495   3.0622654716529533E-002  0.23368818940013616     
         496  0.17341155968246302       0.23517301639291335     
         497   1.7963651260847657E-002  0.23588577622550896     
         498   2.2866173010034137E-002  0.23925764293958424     
         499  0.12961382107353153       0.24021535420840076     
         500   6.7444011890889138E-002  0.24182367093401641     
         501   2.3326429293475091E-002  0.24191110989503764     
         502  0.16681774582507586       0.24326167036505175     
         503   4.5837365535119197E-002  0.24534436106562385     
         504  0.22396623486622413       0.24552183516299983     
         505  0.23720777114078301       0.24676379184388114     
         506  0.11880667674074841       0.24869153512869591     
         507  0.13006760298154732       0.25143920809392983     
         508  0.19489308131189170       0.25262255463378164     
         509  0.17174907876255266       0.25578797659794977     
         510   1.9185718927189017E-002  0.25766129583750824     
         511  0.14271495566182610       0.25930946205567396     
         512  0.10823540532258587       0.26015867000666731     
         513   2.0278813126553680E-002  0.26177639092817950     
         514  0.17390873739140930       0.26428885228376187     
         515  0.18678627529393885       0.26715452123415656     
         516  0.21726159605442319       0.26923048795568072     
         517  0.18319604934940092       0.27288231556960579     
         518  0.13392469452668970       0.27720780836802367     
         519   4.8484906191112141E-002  0.27901847826907494     
         520  0.11919589096783223       0.28090076791760854     
         521   1.7843654790908343E-002  0.28282579401165919     
         522  0.14952261366079631       0.28703852144941733     
         523  0.14511712489806597       0.28948152619035256     
         524  0.12111130916017168       0.29391348804980905     
         525  0.17017535327050221       0.29400793076091775     
         526  0.19428110984650193       0.29468274050273846     
         527   3.8020925953834939E-002  0.29607351018044370     
         528  0.18657235656737250       0.29920339265657536     
         529   5.4787371615696939E-002  0.30209413079863134     
         530  0.12768387534592171       0.30494527884386746     
         531   2.5840558599961809E-002  0.30582468702389992     
         532   6.7784599688857292E-002  0.30966602232877793     
         533  0.21152249171021337       0.30995473326732442     
         534  0.20502268232210616       0.31061126520151405     
         535   7.2984667555219707E-002  0.31199681092177700     
         536   5.3115328124416598E-002  0.32146188538734594     
         537   4.4119032340182378E-002  0.32571374672738090     
         538   4.3174571068036446E-002  0.32670209638389613     
         539   7.3890525458792378E-002  0.32723691671769167     
         540   8.9396975046654475E-002  0.33597202066878956     
         541   1.5486082646473458E-002  0.33773221065706710     
         542   5.8930872557074201E-002  0.34254047261492021     
         543   6.9488979811872922E-002  0.34714594384456132     
         544   4.4596637720211572E-002  0.35640658146414900     
         545   6.1710870954194717E-002  0.37095457164310669     
         546   8.8531726217534218E-002  0.37140363882714700     
         547   1.5177424597898293E-002  0.37662015039204372     
         548   1.5027727204839147E-002  0.38289231327696532     
         549   8.6485140339898972E-002  0.39405532462054649     
         550   6.9604949056294246E-002  0.40409786991568641     
         551   2.7621679900470288E-002  0.40809660524678854     
         552   3.0255576945292382E-002  0.43398840077171397     
         553   3.1828988379267363E-002  0.43420441217095002     
         554   5.9575102436999962E-002  0.43934915365821364     
         555   2.5867083035821539E-002  0.45751544544616973     
         556   4.3606333316941276E-002  0.46038837654401976     
         557   4.7310384789621789E-002  0.49828509711480984     
         558   3.5350149078298108E-002  0.55935564721257724     
         559   2.8703564282839759E-002   8.3714250768903611     
         560   2.3159139383070029E-002   8.4165007628811530     
         561   1.9936943363770700E-002   8.5987885777335595     
         562   1.6182169183185310E-002   9.1692381219392942     
         563   3.1675609003985215E-002   9.1964915138275867     
         564   2.4327578141234062E-002   9.3010496045441986     
         565   1.9790560889906363E-002   9.7575329398441344     
         566   2.7451663065968791E-002   9.9148083402155898     
         567   2.3182638194350132E-002   9.9288378739466037     
         568   1.7198274670853761E-002   10.673505129477887     
         569   1.5895576730974897E-002   10.874935840030005     
         570   2.9553948249501329E-002   11.016192238450270     
         571   2.3457204127766359E-002   11.052193869595053     
         572   2.5205685376268518E-002   11.194933244983909     
         573   1.6921193270551787E-002   11.202029715333286     
         574   1.8311603670359118E-002   11.211607564213304     
         575   1.9276178284678341E-002   11.411328339767712     
         576   3.8246634734422399E-002   11.492948099403778     
         577   2.3480561688139327E-002   11.750612592316697     
         578   1.4456326989803500E-002   11.882325586274094     
         579   1.4007210832451151E-002   12.058560708397771     
         580   1.6507592510235865E-002   12.072090520224654     
         581   1.4648410289233114E-002   12.085148353629645     
         582   1.3404152065131153E-002   12.140574819759523     
         583   3.4027683627721107E-002   12.192633756765762     
         584   1.7471045594776066E-002   12.229386209069343     
         585   2.4240224047529426E-002   12.377256244812248     
         586   1.4343658182486273E-002   12.404338848088878     
         587   3.1529864081305557E-002   12.510147437277118     
         588   3.7334932136536603E-002   12.647527301687948     
         589   1.7551157651933016E-002   12.839765279173159     
         590   1.3807751048598809E-002   13.111469891265195     
         591   2.4495628138874879E-002   13.210608052101660     
         592   3.8437895746133467E-002   13.300963375454096     
         593   1.1142012810953639E-002   13.873021080586481     
         594   1.3216483498882761E-002   13.995686601259722     
         595   1.3397740788767057E-002   14.064458740115088     
         596   3.3802236446020373E-002   14.311822061971256     
         597   2.2288366649132862E-002   14.683598949634215     
         598   2.1317791627705369E-002   14.782370126644787     
         599   3.8776299479059341E-002   14.900636656755562     
         600   4.2761463666222944E-002   14.991994117033149     
         601   2.7041386990767278E-002   15.017077369043749     
         602   2.6492873473309284E-002   15.111636899746506     
         603   1.8386913885462139E-002   15.472973957028710     
         604   1.8996214921304128E-002   15.908927854441338     
         605   5.2158416845172757E-002   15.982638383928188     
         606   3.1273756656347428E-002   16.019216984903164     
         607   2.5896473313929837E-002   16.115023479616863     
         608   1.4968301072832911E-002   16.293973786789735     
         609   1.1640278387887651E-002   16.316798396018374     
         610   3.6999175022296493E-002   16.416276783246982     
         611   3.1626344017585538E-002   16.478279301544475     
         612   2.0635278066383329E-002   16.528014859964152     
         613   4.9430163205397337E-002   16.729810327866453     
         614   2.0178843514761666E-002   16.804923407177633     
         615   2.0058295592866159E-002   16.998683372301969     
         616   1.5148927221458006E-002   17.032064384498501     
         617   1.3079597852571418E-002   17.061610399935937     
         618   1.6042668101377635E-002   17.145725081272460     
         619   5.0209024520975525E-002   17.260768916997272     
         620   2.0728156672933921E-002   17.384310117732756     
         621   1.8337908900386064E-002   17.574246815890262     
         622   3.2551258827926505E-002   17.670849674695919     
         623   2.7129179484590465E-002   17.727740101255129     
         624   2.8611858895195907E-002   17.862508443545210     
         625   1.1484793986862569E-002   18.025173071999276     
         626   1.2460608907900702E-002   18.056554221381568     
         627   3.2076441943373529E-002   18.073661256617452     
         628   1.1942344014387356E-002   18.263707889876233     
         629   2.2681694781047122E-002   18.402339731912644     
         630   2.3746319667823999E-002   18.413628692598039     
         631   1.5475885113201360E-002   18.435864690121875     
         632   1.2211881599721308E-002   18.467853349665162     
         633   1.3265501641984215E-002   18.491923283514659     
         634   1.8850174715900992E-002   18.534892439581167     
         635   1.6989866498717310E-002   18.570393801871806     
         636   2.5165739120301692E-002   18.649725380664158     
         637   1.3030487315212079E-002   18.744299384944419     
         638   2.2482065865397537E-002   18.750541591900483     
         639   2.7176285243569479E-002   18.753432136579480     
         640   2.7372176800969348E-002   18.774267878991566     
         641   1.4130255111214213E-002   18.845529282804602     
         642   1.7979415893057051E-002   18.924801042625074     
         643   1.4642232430338830E-002   19.037295867567160     
         644   5.2509504591923883E-002   19.051127444783667     
         645   6.6461869549751265E-002   19.115192087283507     
         646   1.1846457336258715E-002   19.118197926359823     
         647   4.7859833957332433E-002   19.231013751945785     
         648   2.5556435229633002E-002   19.248690293642913     
         649   1.8692098472285132E-002   19.304373624506834     
         650   1.5404294958257269E-002   19.350583649144376     
         651   1.3817295322074858E-002   19.379255152231156     
         652   1.9204254023624211E-002   19.381254647417762     
         653   2.1954648456679809E-002   19.424964872420084     
         654   1.9748041826348494E-002   19.428807533897636     
         655   1.7016778183724404E-002   19.436022076589918     
         656   2.8956089642891276E-002   19.439324992991427     
         657   4.6292480297317397E-002   19.478131784617688     
         658   1.3542443854376180E-002   19.525500449994649     
         659   3.9511367692387583E-002   19.532870518138047     
         660   3.9821244562008078E-002   19.548010837514347     
         661   1.6083041609644855E-002   19.557658988183412     
         662   3.2278927561568013E-002   19.563981871528163     
         663   1.7536906009083579E-002   19.587457199013716     
         664   3.2221510929129907E-002   19.601035896639164     
         665   2.9475060062744564E-002   19.613588084677673     
         666   2.7153297991323079E-002   19.624395176524306     
         667   2.7032552429807483E-002   19.642147417848438     
         668   3.4310119406711748E-002   19.644373334338695     
         669   2.2069302871403643E-002   19.646822033440102     
         670   2.8149150516406811E-002   19.657503323926210     
         671   3.3686368305917105E-002   19.727207460629852     
         672   2.4064482713269223E-002   19.730416425213360     
         673   5.8062729525126915E-002   19.731797282945312     
         674   2.0196457458746913E-002   19.736465570622723     
         675   4.1144154499671223E-002   19.778242991533837     
         676   2.2910211853818942E-002   19.797738237159322     
         677   4.4529033256972640E-002   19.805396433208553     
         678   3.2989604276666251E-002   19.848263715516214     
         679   2.0932498587518639E-002   19.855631380900025     
         680   4.2889627360433454E-002   19.871631608642268     
         681   5.1580299926388247E-002   19.956073125981543     
         682   2.2322750892150071E-002   19.965385727897690     
         683   2.8659977390206336E-002   19.966599763526272     
         684   1.3586235495132604E-002   19.972385177963517     
         685   5.5125817259485219E-002   19.999082724017637     
         686   2.1854789375263813E-002   20.001415955247325     
         687   4.1241162547371708E-002   20.020880589972716     
         688   2.7857707127458334E-002   20.040422582977349     
         689   1.8320529917129871E-002   20.043586107487020     
         690   1.0842552594053270E-002   20.050551956126181     
         691   6.9120860110311169E-002   20.055649796727099     
         692   7.9397455320619648E-002   20.064466597172913     
         693   3.6266674633350773E-002   20.065272376753065     
         694   8.0579620099259466E-002   20.067757439437631     
         695   2.4996565691443949E-002   20.070800051176093     
         696   1.2456562982936733E-002   20.081378512533430     
         697   1.8519813432101757E-002   20.087630758504023     
         698   1.8581998674220206E-002   20.090624727557685     
         699   3.7009629697918746E-002   20.091204781519949     
         700   2.6712956277716339E-002   20.104109494847606     
         701   4.1655096190278032E-002   20.104416530388441     
         702   3.4191092208618101E-002   20.114124021087605     
         703   3.4037947226034468E-002   20.118869494020231     
         704   2.3199974510077458E-002   20.147801036632540     
         705   5.9153600616968456E-002   20.150091035902179     
         706   6.0187364909160775E-002   20.151735119261467     
         707   1.6866314544676485E-002   20.174205924915007     
         708   3.9437128075416876E-002   20.203152883837056     
         709   2.9270312144068871E-002   20.223592710792111     
         710   3.2096747150749401E-002   20.259894809039402     
         711   1.8937347094660752E-002   20.287601826080696     
         712   3.5718903235032420E-002   20.318063491994117     
         713   3.3502865306972981E-002   20.342184039102456     
         714   2.4767264759437177E-002   20.342895965483709     
         715   3.5570719889681683E-002   20.361269060859822     
         716   1.7126258991600588E-002   20.421461222969292     
         717   2.8883604326863137E-002   20.424795775717381     
         718   3.3559772939208588E-002   20.425436836233814     
         719   2.8831431630453496E-002   20.437175020941453     
         720   1.9408780398725473E-002   20.478783027852391     
         721   2.1667668949102884E-002   20.495220227084531     
         722   2.4516150937475389E-002   20.496253056610481     
         723   1.4492995252189257E-002   20.504424170793076     
         724   1.8006027186360837E-002   20.533051965524194     
         725   1.7345692273689074E-002   20.534655962615929     
         726   3.7666146868411035E-002   20.593438964678803     
         727   3.2725578065375530E-002   20.593913034978701     
         728   2.5968399088902843E-002   20.594529961203541     
         729   3.7805319203353900E-002   20.599539401053509     
         730   4.0175415333804081E-002   20.607209133058632     
         731   1.7222008637773043E-002   20.607705650799513     
         732   2.6030976308892600E-002   20.638106137073219     
         733   3.6338259920562527E-002   20.647754550420206     
         734   1.2225106705295526E-002   20.656290545743062     
         735   2.6914755807636786E-002   20.723687371903690     
         736   2.2810595891162341E-002   20.724044323371107     
         737   2.8696946243863364E-002   20.733718172303295     
         738   1.8720068873457469E-002   20.750010115062892     
         739   1.4509774885977026E-002   20.774843609696049     
         740   1.6886581761380953E-002   20.813648961358730     
         741   4.3934253629201406E-002   20.848363858850533     
         742   2.4299014394964721E-002   20.852485718795705     
         743   1.8087001504959312E-002   20.866365328843489     
         744   5.1208842777584938E-002   20.966874995011466     
         745   1.2183542481706151E-002   21.089978109359052     
         746   3.2201128917193643E-002   21.118742242162917     
         747   1.4389575328987205E-002   21.129678970530811     
         748   1.8676868077506514E-002   21.201135634219217     
         749   2.5053803956523419E-002   21.295562866990458     
         750   1.2679950239072275E-002   21.345918926735109     
         751   3.2584022869623752E-002   21.397521858091654     
         752   2.3902754808397472E-002   21.408881074741771     
         753   1.6471145665579119E-002   21.424466599466651     
         754   2.5073089644209835E-002   21.497757415110257     
         755   1.6100240898300085E-002   21.539896176435889     
         756   1.8759453120191213E-002   21.601994132598239     
         757   1.2848628482359185E-002   21.673504752411489     
         758   1.3022995708213794E-002   21.675635801898508     
         759   1.4588932852884380E-002   21.680368498511243     
         760   1.1511833279583371E-002   21.711025037626754     
         761   1.1304693765356763E-002   21.743558853454797     
         762   1.1265080820376732E-002   21.794069454079409     
         763   3.0056233058433388E-002   21.996950648812021     
         764   1.1556443365526336E-002   22.085678670882501     
         765   1.0870536049088528E-002   22.085946339346197     
         766   2.6976222059091705E-002   22.283067189649238     
         767   2.0008128195698041E-002   22.337310149940983     
         768   2.5398095836568445E-002   22.421019598094510     
         769   1.5984839227933294E-002   22.642994584271637     
         770   1.7912923112792731E-002   22.758075604156335     
         771   4.8554538702271555E-002   22.860355102789228     
         772   1.4873073334842198E-002   23.017668701441860     
         773   1.0429514446102815E-002   23.029457698127004     
         774   1.2272087239528984E-002   23.099576523384325     
         775   1.8674409761219968E-002   23.135163756690215     
         776   1.8805868899078398E-002   23.259594238714506     
         777   4.5766127432001161E-002   23.402247839622962     
         778   1.8428149351825403E-002   23.564505385240281     
         779   2.3418143017064148E-002   23.597802874402255     
         780   2.8928129303745134E-002   23.683954185510743     
         781   1.3899755010258757E-002   23.793199029916437     
         782   1.0237353261495854E-002   23.839604182890241     
         783   2.3075511673426467E-002   24.057757491154803     
         784   2.4072703050217262E-002   24.076342765121076     
         785   3.8662092210119535E-002   24.138102073765015     
         786   1.6522049780147409E-002   24.175902588313612     
         787   1.6825606643934454E-002   24.662861906162821     
         788   2.0313853169654589E-002   24.955236583595777     
         789   2.7547320335452548E-002   25.087928052053321     
         790   1.5595679173888769E-002   25.109251649490524     
         791   2.4268185856440035E-002   25.255989626385439     
         792   1.8671976487879223E-002   25.285707983630328     
         793   1.9623157318436283E-002   25.385460259339368     
         794   2.9337215540957171E-002   25.742273859973078     
         795   1.1200250428462883E-002   25.986836945246804     
         796   1.1034824219181517E-002   26.137139299171189     
         797   9.4152767740031916E-003   26.244746427240486     
         798   3.2573542881313450E-002   26.794865053148555     
         799   2.0139479653312978E-002   26.883395579805480     
         800   1.1441202341308569E-002   27.028002748838603     
         801   1.4952359975349154E-002   27.285120297447648     
         802   3.3189123113316815E-002   27.429897575697627     
         803   2.6605342746293961E-002   27.600117191204969     
         804   1.1731785960718791E-002   27.703234236764729     
         805   2.0246012690798187E-002   27.704672256377634     
         806   2.8456690567443155E-002   27.859788311993452     
         807   1.4706792159330663E-002   27.884014559864283     
         808   1.0927245275945420E-002   27.995336300519210     
         809   1.4460749156397114E-002   28.069082952140540     
         810   1.4594826276802973E-002   28.071246367413355     
         811   1.3522427356819260E-002   28.140994674293651     
         812   1.1630767121647036E-002   28.238105518531665     
         813   2.1027430088158734E-002   28.341405034014826     
         814   3.3983009232839825E-002   28.545867551445497     
         815   1.6675049906947917E-002   28.735599702617687     
         816   1.5307953539452966E-002   28.863004235289008     
         817   1.5344732696070841E-002   28.926280773947617     
         818   2.2587603731686438E-002   28.929200872715732     
         819   1.9269416163404558E-002   29.032672812092919     
         820   2.4660892818478920E-002   29.044076351744291     
         821   1.2832784403494637E-002   29.244097485141818     
         822   1.4513777138938925E-002   29.448344093636759     
         823   2.0453673269464401E-002   30.136866308113106     
         824   2.5067494521586700E-002   30.166981115386609     
         825   1.6413561000396783E-002   30.351462111487830     
         826   2.1237783803587072E-002   30.721961820636380     
         827   2.6166722339332461E-002   30.902257070694890     
         828   1.2876264275607013E-002   30.973649724724478     
         829   1.6191108572844008E-002   31.443985727959515     
         830   1.9842889640491371E-002   31.713133437117893     
         831   2.6169692079058036E-002   31.719146931021211     
