   1.4168818138734342E-005
   3.4174465589913779E-005
   6.4952980226999692E-005
   1.2243198099771426E-004
   1.7621863483494984E-004
   2.7124584899989451E-004
   3.4962006507715886E-004
   4.8307058417640641E-004
   5.7143613159233364E-004
   7.3275404259699013E-004
   7.7198561497164803E-004
   8.4055901150728715E-004
   9.3614873521936232E-004
   1.0551859602959063E-003
   1.0763017640534026E-003
   1.2159550095907307E-003
   1.2915302150872676E-003
   1.3322110326048342E-003
   1.3629953681172200E-003
   1.3714355357076764E-003
   1.4919221128501456E-003
   1.6152637651251356E-003
   1.7265780475891413E-003
   1.7441866730559946E-003
   1.8341045813282039E-003
   1.8812392383011553E-003
   1.9106354978663186E-003
   1.9744938895398453E-003
   2.0372577840330757E-003
   2.0901975166534885E-003
   2.1699518570995890E-003
   2.2514203145246811E-003
   2.3390484044960727E-003
   2.3803982558210854E-003
   2.4596573595425377E-003
   2.4964226901998156E-003
   2.6727488207361912E-003
   2.6950263866514666E-003
   2.7716074282663613E-003
   2.8123073059778130E-003
   2.8757687564677156E-003
   2.9276827463668963E-003
   2.9485281171875159E-003
   2.9892007107527102E-003
   3.0187200269906969E-003
   3.0843950233051536E-003
   3.1052046590348444E-003
   3.2209347700781696E-003
   3.2524059267535648E-003
   3.3007782136439501E-003
   3.3639587408339812E-003
   3.3789069681775382E-003
   3.4278623364025914E-003
   3.5156326013817624E-003
   3.5890003723987596E-003
   3.6343596654157670E-003
   3.6634767777371383E-003
   3.7171009597024118E-003
   3.7274603700843778E-003
   3.7892419684638148E-003
   3.8638742056598483E-003
   3.8832737952195456E-003
   3.9114809729959045E-003
   3.9397470478611148E-003
   3.9706454611428315E-003
   4.0425489604337603E-003
   4.1171060196338698E-003
   4.1656924884879631E-003
   4.2297665561859613E-003
   4.2785661365970108E-003
   4.2913498571799788E-003
   4.3080654517197838E-003
   4.3400275460100763E-003
   4.3616249153586098E-003
   4.4306560622912917E-003
   4.5155873850818845E-003
   4.5400029225454823E-003
   4.5467409679645432E-003
   4.5849959080046226E-003
   4.6454676067919122E-003
   4.6578247831148851E-003
   4.6879258887608391E-003
   4.7345660763632438E-003
   4.7914201293091999E-003
   4.8346080577424937E-003
   4.8752578681421780E-003
   4.9788028396890432E-003
   5.0044997396233868E-003
   5.0500554266942237E-003
   5.0900084904600866E-003
   5.1272027643297869E-003
   5.1794686150708974E-003
   5.2667146385941555E-003
   5.3248155270999098E-003
   5.3522461552676544E-003
   5.4180199797687944E-003
   5.4389964617792613E-003
   5.4753575254502052E-003
   5.5474947080569881E-003
   5.5813821783960941E-003
   5.6094258308880601E-003
   5.6189481791953282E-003
   5.6306677071217715E-003
   5.7061276220371415E-003
   5.7324389741314321E-003
   5.7934560359110066E-003
   5.8620857837353791E-003
   5.9034846918513059E-003
   5.9539591401497269E-003
   5.9966683856638656E-003
   6.0402390006819694E-003
   6.0541891971299397E-003
   6.1113722199206046E-003
   6.1510199625776207E-003
   6.1953545927878129E-003
   6.2269597957140986E-003
   6.2840427621330399E-003
   6.2994892711539267E-003
   6.3468779120426973E-003
   6.3644220202568455E-003
   6.4410580868376460E-003
   6.4562349032031684E-003
   6.4964368492895072E-003
   6.5440541847282601E-003
   6.5917839594566837E-003
   6.6269645158276236E-003
   6.6300298897291193E-003
   6.6546661273972612E-003
   6.6997754880108416E-003
   6.7076366349339642E-003
   6.7631267783770559E-003
   6.7712429754438232E-003
   6.8168745807470612E-003
   6.8591270115196130E-003
   6.8853679493870975E-003
   6.9196900843062226E-003
   6.9728439092083651E-003
   7.0032153142424248E-003
   7.0119123333838877E-003
   7.0295203735245655E-003
   7.0658951961050324E-003
   7.1108081261933862E-003
   7.1385859561968936E-003
   7.1547320254915009E-003
   7.2267724368974247E-003
   7.2626233669594881E-003
   7.3015195932865712E-003
   7.3156589555045141E-003
   7.3892754261538386E-003
   7.4371913924823774E-003
   7.4524246088440195E-003
   7.4885405916137781E-003
   7.5106310907900363E-003
   7.5424551948270347E-003
   7.5753346944940894E-003
   7.5896750001931117E-003
   7.6199932818111597E-003
   7.6533118106569455E-003
   7.6798544974354148E-003
   7.7135009764238028E-003
   7.7374011449344478E-003
   7.7645030231711931E-003
   7.7827257876467108E-003
   7.8279592914490582E-003
   7.8782158807855669E-003
   7.8968381813476225E-003
   7.9207048166507581E-003
   7.9634732457394795E-003
   7.9944483334325449E-003
   8.0044673204509812E-003
   8.0487931122327633E-003
   8.0626283206446762E-003
   8.1118141778319369E-003
   8.1246834209502145E-003
   8.1608932481625762E-003
   8.1931949345592035E-003
   8.2326961662799319E-003
   8.2737395252052634E-003
   8.2864254038012425E-003
   8.3130924593337978E-003
   8.3366434602450724E-003
   8.3605554961497294E-003
   8.4067539340741716E-003
   8.4501120923937151E-003
   8.4659184113135798E-003
   8.4897699990919215E-003
   8.5075639660370603E-003
   8.5169735141611604E-003
   8.5558165818649147E-003
   8.5635741652016900E-003
   8.5904285009542249E-003
   8.6239787787919832E-003
   8.6681027339193806E-003
   8.7004175410114078E-003
   8.7226583924703421E-003
   8.7440317271899829E-003
   8.7852647363272085E-003
   8.8210740762959608E-003
   8.8253649096635516E-003
   8.8576115318483879E-003
   8.8725747241991827E-003
   8.8914469420923858E-003
   8.9230151788084987E-003
   8.9409499626574226E-003
   8.9658509211554167E-003
   8.9965986803910956E-003
   9.0248530003019835E-003
   9.0514311214664675E-003
   9.0837215436250680E-003
   9.1189906683736242E-003
   9.1321396758055912E-003
   9.1724378187581605E-003
   9.1832599165665336E-003
   9.2078068683697500E-003
   9.2549347205732289E-003
   9.2642576675646855E-003
   9.2850157736822127E-003
   9.3219973030622474E-003
   9.3405906319896613E-003
   9.3618152937395994E-003
   9.3838429309178548E-003
   9.3898104540165710E-003
   9.4247435361735129E-003
   9.4797948640538785E-003
   9.4897646348783039E-003
   9.5088070018934344E-003
   9.5173403604611254E-003
   9.5689497374394951E-003
   9.6145280029096992E-003
   9.6175930221291516E-003
   9.6427796517926916E-003
   9.6923786385885724E-003
   9.7325340555911907E-003
   9.7573334560280747E-003
   9.7873625272089666E-003
   9.8210647465676489E-003
   9.8380515884817412E-003
   9.8535299815648032E-003
   9.8808929943611911E-003
   9.9077231999886630E-003
   9.9239939564266834E-003
   9.9293555205817018E-003
   9.9778954505482798E-003
   9.9899326354980778E-003
   1.0041610880544597E-002
   1.0077760218724016E-002
   1.0107314661905849E-002
   1.0128064892110081E-002
   1.0134760406389484E-002
   1.0163558976341551E-002
   1.0188173090590925E-002
   1.0230572125330141E-002
   1.0239640371499839E-002
   1.0240967502844497E-002
   1.0293194254584860E-002
   1.0334034949917496E-002
   1.0349992613032453E-002
   1.0367164046832683E-002
   1.0401738788032048E-002
   1.0429814259727539E-002
   1.0451368189444952E-002
   1.0467879995911247E-002
   1.0469570697609287E-002
   1.0561938823159759E-002
   1.0575714342332874E-002
   1.0587935432997230E-002
   1.0596077731397646E-002
   1.0610118787724200E-002
   1.0619779306233923E-002
   1.0628146590269351E-002
   1.0657199539931252E-002
   1.0677604763112674E-002
   1.0701015850463442E-002
   1.0722939163164975E-002
   1.0756226852504342E-002
   1.0769799276590211E-002
   1.0780098126013519E-002
   1.0799893813016943E-002
   1.0822355897372979E-002
   1.0852441952602420E-002
   1.0859373691892913E-002
   1.0882037336286111E-002
   1.0938937038718998E-002
   1.0967147236715066E-002
   1.0974292119244722E-002
   1.1000555641854410E-002
   1.1012676623460543E-002
   1.1017213947352802E-002
   1.1029267170190437E-002
   1.1076646679614551E-002
   1.1105684763008206E-002
   1.1134088594855136E-002
   1.1152145150675891E-002
   1.1179085910428597E-002
   1.1203935083530386E-002
   1.1218811301276192E-002
   1.1230649663555463E-002
   1.1244049515523992E-002
   1.1273527149830570E-002
   1.1288907125886467E-002
   1.1309136220575073E-002
   1.1321720180254628E-002
   1.1344011216001711E-002
   1.1358525870480207E-002
   1.1391919403172657E-002
   1.1409146235749892E-002
   1.1423728774655488E-002
   1.1446427834626891E-002
   1.1480188197552985E-002
   1.1495001101564307E-002
   1.1526050790570423E-002
   1.1546961840720306E-002
   1.1569337401438970E-002
   1.1595746977675762E-002
   1.1612704255275491E-002
   1.1637126660917740E-002
   1.1643467306322893E-002
   1.1676501064161618E-002
   1.1697622360961201E-002
   1.1754333939232461E-002
   1.1794566822412460E-002
   1.1813935875409697E-002
   1.1838885490606622E-002
   1.1846108279862081E-002
   1.1862148995820236E-002
   1.1876452743289672E-002
   1.1906347714145079E-002
   1.1930852183007063E-002
   1.1941237195110890E-002
   1.1960516174450845E-002
   1.2000531012457986E-002
   1.2006191181636719E-002
   1.2030092669545696E-002
   1.2061098276530383E-002
   1.2080665687473961E-002
   1.2085540517576508E-002
   1.2104987354590514E-002
   1.2127040365199078E-002
   1.2143646155343713E-002
   1.2166925748192690E-002
   1.2186097736458058E-002
   1.2199280580699447E-002
   1.2220376384814612E-002
   1.2239933053507148E-002
   1.2260052905525457E-002
   1.2276649464849345E-002
   1.2280982163015883E-002
   1.2302050264573273E-002
   1.2331230160872614E-002
   1.2346450957601115E-002
   1.2360208994620113E-002
   1.2393228376023918E-002
   1.2411239380542264E-002
   1.2447831559398843E-002
   1.2461324409999431E-002
   1.2482616264435576E-002
   1.2506463550376724E-002
   1.2523010804652878E-002
   1.2527685832977673E-002
   1.2547410226529360E-002
   1.2574147618304768E-002
   1.2583205971030135E-002
   1.2610504393398697E-002
   1.2619890778740732E-002
   1.2630102518717577E-002
   1.2666666651138333E-002
   1.2685333220461890E-002
   1.2697453088604675E-002
   1.2726658686756142E-002
   1.2751770556590611E-002
   1.2769552069272702E-002
   1.2793959405911251E-002
   1.2822008557553971E-002
   1.2829864598103511E-002
   1.2870260372833890E-002
   1.2897761001628231E-002
   1.2919507681813875E-002
   1.2939850641569299E-002
   1.2957616899383123E-002
   1.2966048744868704E-002
   1.2986302427823098E-002
   1.2999878325589622E-002
   1.3025818203731630E-002
   1.3042008243563120E-002
   1.3069366157913235E-002
   1.3086055825457606E-002
   1.3088088339280539E-002
   1.3105732220708297E-002
   1.3150701494267905E-002
   1.3186224715943093E-002
   1.3192745136004909E-002
   1.3202036725020901E-002
   1.3215459843794306E-002
   1.3242099864021088E-002
   1.3262521929444743E-002
   1.3287227535464916E-002
   1.3304362478358018E-002
   1.3349150287310398E-002
   1.3362107509347838E-002
   1.3398909333722356E-002
   1.3412188226962531E-002
   1.3419409800690507E-002
   1.3451450804263498E-002
   1.3464929660262396E-002
   1.3486443330498933E-002
   1.3517414203792650E-002
   1.3523784917343408E-002
   1.3545945506732354E-002
   1.3574264235042979E-002
   1.3591224657560720E-002
   1.3603305271394264E-002
   1.3612403003561173E-002
   1.3640305096824241E-002
   1.3657337098995871E-002
   1.3670773423063441E-002
   1.3688670907218566E-002
   1.3695996328257427E-002
   1.3724847830959513E-002
   1.3746209317510250E-002
   1.3753112128611786E-002
   1.3754989257628952E-002
   1.3796383119199701E-002
   1.3813569394711808E-002
   1.3844190844438943E-002
   1.3848505906535351E-002
   1.3855587158306717E-002
   1.3869081532388704E-002
   1.3884748589419868E-002
   1.3891497469153680E-002
   1.3903166543192473E-002
   1.3934870337751133E-002
   1.3946229497964114E-002
   1.3957540548383334E-002
   1.3983496867287554E-002
   1.3988472919094446E-002
   1.3994900503209267E-002
   1.4012794093948145E-002
   1.4031755364535542E-002
   1.4051755817752261E-002
   1.4060192819863085E-002
   1.4069047531559282E-002
   1.4086376870312035E-002
   1.4088304565593306E-002
   1.4098172732439799E-002
   1.4110630443230944E-002
   1.4126550217382725E-002
   1.4144343133056157E-002
   1.4159969022884843E-002
   1.4177592764480860E-002
   1.4191458271179644E-002
   1.4213495649516813E-002
   1.4233066311160060E-002
   1.4249086227216037E-002
   1.4277080178396883E-002
   1.4287685411446550E-002
   1.4309547458817596E-002
   1.4315152919074363E-002
   1.4323452121046437E-002
   1.4331411984783268E-002
   1.4337538913516258E-002
   1.4359112364902771E-002
   1.4365361497835114E-002
   1.4387657163921947E-002
   1.4407224993025701E-002
   1.4414576107538664E-002
   1.4422141618421931E-002
   1.4430214971789283E-002
   1.4452574702333200E-002
   1.4458775299621383E-002
   1.4475749198106312E-002
   1.4483819238972224E-002
   1.4521589601219015E-002
   1.4539306782550533E-002
   1.4554698497833151E-002
   1.4561020924792183E-002
   1.4585102865130473E-002
   1.4616094573697339E-002
   1.4619425133102892E-002
   1.4627151153989356E-002
   1.4651370259619774E-002
   1.4660460223475129E-002
   1.4680866328324764E-002
   1.4693241266331225E-002
   1.4709428054219690E-002
   1.4740274250218179E-002
   1.4761655363739959E-002
   1.4773644099666158E-002
   1.4787533758326339E-002
   1.4799755835118698E-002
   1.4830708751199712E-002
   1.4855671497289891E-002
   1.4863606797096682E-002
   1.4891510164918718E-002
   1.4931249159692624E-002
   1.4940673588076788E-002
   1.4956977258602807E-002
   1.4968490244258026E-002
   1.4982820025647417E-002
   1.4986022029886021E-002
   1.5018076274601441E-002
   1.5041433161901496E-002
   1.5053620095969271E-002
   1.5070388856552807E-002
   1.5083172775807528E-002
   1.5110983482362049E-002
   1.5119041321171657E-002
   1.5128585040669704E-002
   1.5142764667696387E-002
   1.5168226034179451E-002
   1.5173973391889415E-002
   1.5189241176389723E-002
   1.5195639939707212E-002
   1.5211893904928376E-002
   1.5225209091152613E-002
   1.5254258468698139E-002
   1.5279786773698213E-002
   1.5292126549377854E-002
   1.5297163410511443E-002
   1.5305352879539040E-002
   1.5321013402392237E-002
   1.5329962251029146E-002
   1.5360538194769770E-002
   1.5365660650151774E-002
   1.5371773933286873E-002
   1.5390793736725276E-002
   1.5405586537060496E-002
   1.5415206371771340E-002
   1.5431536109950810E-002
   1.5451754679146276E-002
   1.5467008296965965E-002
   1.5484443401714100E-002
   1.5486914393555576E-002
   1.5515362061599990E-002
   1.5518559806366301E-002
   1.5534494386007793E-002
   1.5547410443668445E-002
   1.5567352887782273E-002
   1.5571590476753435E-002
   1.5589944101789278E-002
   1.5599006936557568E-002
   1.5600938902749550E-002
   1.5625623614930736E-002
   1.5641045318190598E-002
   1.5657708050048756E-002
   1.5663842682495741E-002
   1.5679490803784672E-002
   1.5689354103336849E-002
   1.5700707875530313E-002
   1.5706571033831072E-002
   1.5720510884458496E-002
   1.5740342830397245E-002
   1.5763369419449454E-002
   1.5783396627453362E-002
   1.5807472460440935E-002
   1.5816939527778205E-002
   1.5820300203644218E-002
   1.5836219643403288E-002
   1.5850884544142973E-002
   1.5857223052908619E-002
   1.5872315259739724E-002
   1.5889173412055563E-002
   1.5898313206975181E-002
   1.5916894497467408E-002
   1.5923269680833185E-002
   1.5935189592678999E-002
   1.5948042305295132E-002
   1.5961467286808917E-002
   1.5973807659228730E-002
   1.5978223364837507E-002
   1.5992484881460541E-002
   1.6002472993952702E-002
   1.6013986773503880E-002
   1.6027347766347254E-002
   1.6046189295455131E-002
   1.6055208494367451E-002
   1.6068234023198485E-002
   1.6088851095350513E-002
   1.6102706863781305E-002
   1.6117024694223912E-002
   1.6129945125703152E-002
   1.6156359150540856E-002
   1.6160402611973084E-002
   1.6186888623009984E-002
   1.6193855664239993E-002
   1.6201109276595193E-002
   1.6221927783320510E-002
   1.6227313593115092E-002
   1.6266029177272229E-002
   1.6282655693528925E-002
   1.6295428307337351E-002
   1.6299752365301103E-002
   1.6318179521045001E-002
   1.6320451273889213E-002
   1.6347990707881961E-002
   1.6367078861395677E-002
   1.6370045558760652E-002
   1.6378258763747829E-002
   1.6385123796895870E-002
   1.6399586021576332E-002
   1.6426700924143521E-002
   1.6436536511190872E-002
   1.6450332638929945E-002
   1.6467314967004727E-002
   1.6485728695214134E-002
   1.6492277724808733E-002
   1.6503167177318197E-002
   1.6518219364831260E-002
   1.6537826829065759E-002
   1.6543113681583944E-002
   1.6559650631424578E-002
   1.6594827468765269E-002
   1.6600024323641237E-002
   1.6611239528548420E-002
   1.6629593752338259E-002
   1.6641654485104244E-002
   1.6645746785214688E-002
   1.6668859158638895E-002
   1.6682427339198645E-002
   1.6701108220806823E-002
   1.6711511396673026E-002
   1.6726270911927028E-002
   1.6738663928728668E-002
   1.6748495531561852E-002
   1.6753254176360838E-002
   1.6769120920562756E-002
   1.6789796325161782E-002
   1.6804773047096582E-002
   1.6820916200503164E-002
   1.6831200293815584E-002
   1.6835345654488323E-002
   1.6847560685719062E-002
   1.6861603050667792E-002
   1.6864732098958054E-002
   1.6872047976889161E-002
   1.6901350793795671E-002
   1.6917101959578098E-002
   1.6940901530643933E-002
   1.6952780263571755E-002
   1.6973422454118436E-002
   1.6979586583118926E-002
   1.6992572757292119E-002
   1.7002151402611704E-002
   1.7025990819993946E-002
   1.7035869722898594E-002
   1.7050702363590978E-002
   1.7053510355748661E-002
   1.7065254280269896E-002
   1.7082016435097221E-002
   1.7094327651212007E-002
   1.7099543773041643E-002
   1.7108605324799134E-002
   1.7119475051653444E-002
   1.7134945741410723E-002
   1.7157091414183059E-002
   1.7163837382400498E-002
   1.7176454588452655E-002
   1.7193725422765590E-002
   1.7212601562818623E-002
   1.7244818532776776E-002
   1.7255143574540294E-002
   1.7263144808612060E-002
   1.7278239146025557E-002
   1.7286174113239371E-002
   1.7298402155616486E-002
   1.7318324792000968E-002
   1.7337665388766209E-002
   1.7349515371062444E-002
   1.7351647873011654E-002
   1.7383539763014873E-002
   1.7390044032854275E-002
   1.7415621514726753E-002
   1.7433621453891782E-002
   1.7452613606541705E-002
   1.7465556326788562E-002
   1.7480414885536220E-002
   1.7491318368191629E-002
   1.7497413601041328E-002
   1.7509457981223026E-002
   1.7532974697786651E-002
   1.7539817177007828E-002
   1.7554164777554161E-002
   1.7573671919666300E-002
   1.7592919649019025E-002
   1.7602650899869968E-002
   1.7617379543646842E-002
   1.7630456481002300E-002
   1.7641423191482885E-002
   1.7651382188513764E-002
   1.7669449992716517E-002
   1.7675361288230516E-002
   1.7685745056435144E-002
   1.7698720463378597E-002
   1.7709312360911958E-002
   1.7718753729968742E-002
   1.7727512022003983E-002
   1.7740387016754934E-002
   1.7754381414021442E-002
   1.7756918598297207E-002
   1.7775827617625219E-002
   1.7777459830817667E-002
   1.7791723977031604E-002
   1.7800489236516517E-002
   1.7819196162287301E-002
   1.7831928733763349E-002
   1.7856032797872998E-002
   1.7867770952477956E-002
   1.7877149107723856E-002
   1.7888924316778028E-002
   1.7898165019120008E-002
   1.7908215084392980E-002
   1.7923652733770886E-002
   1.7945749285437362E-002
   1.7947784996705456E-002
   1.7970090569677469E-002
   1.7971381201557435E-002
   1.7984876249558319E-002
   1.7995343251580254E-002
   1.8010048502085745E-002
   1.8018744369850417E-002
   1.8030289292417231E-002
   1.8041554714370925E-002
   1.8058693673807833E-002
   1.8063168119653052E-002
   1.8082864180595324E-002
   1.8090465943336777E-002
   1.8099603461186789E-002
   1.8114577441167595E-002
   1.8138126020237674E-002
   1.8148324774451125E-002
   1.8175885299923564E-002
   1.8184157076181071E-002
   1.8193132284452188E-002
   1.8213656455148136E-002
   1.8223327295514086E-002
   1.8226096694251889E-002
   1.8248512132989173E-002
   1.8253444779734337E-002
   1.8261275218703094E-002
   1.8267516305459881E-002
   1.8288084209980331E-002
   1.8292479697203039E-002
   1.8311460661273354E-002
   1.8318395361638092E-002
   1.8329645577266233E-002
   1.8350809413420849E-002
   1.8372675499834477E-002
   1.8387836952179489E-002
   1.8389408094933911E-002
   1.8402779955578853E-002
   1.8416759309093436E-002
   1.8426260970979561E-002
   1.8435690316579961E-002
   1.8442948834407849E-002
   1.8473032821891781E-002
   1.8491467726628158E-002
   1.8497760884249776E-002
   1.8513705010969838E-002
   1.8536426989556758E-002
   1.8540966045549358E-002
   1.8546360179702012E-002
   1.8565613725961664E-002
   1.8574668345180123E-002
   1.8577161420434481E-002
   1.8600723054275400E-002
   1.8606123183361755E-002
   1.8621449657644899E-002
   1.8628969501351230E-002
   1.8632220762877433E-002
   1.8650907534086849E-002
   1.8655249351913445E-002
   1.8668317728582483E-002
   1.8680387381807474E-002
   1.8696128340865856E-002
   1.8715575709600498E-002
   1.8729746632550091E-002
   1.8737008151315217E-002
   1.8742265051132558E-002
   1.8762168780147886E-002
   1.8767690059595245E-002
   1.8776760714305212E-002
   1.8806170624325470E-002
   1.8816662112896298E-002
   1.8819816187116596E-002
   1.8831539336631700E-002
   1.8841288639810300E-002
   1.8845195712205928E-002
   1.8857110922024838E-002
   1.8867438570850197E-002
   1.8888709241572019E-002
   1.8892186503828089E-002
   1.8914530866484806E-002
   1.8918650509755896E-002
   1.8927750235767139E-002
   1.8948844109675650E-002
   1.8952272067334935E-002
   1.8960843542271004E-002
   1.8964866086986797E-002
   1.8974566463762450E-002
   1.8989976909255624E-002
   1.9004657889442368E-002
   1.9006915215768742E-002
   1.9017584928611008E-002
   1.9048341832449120E-002
   1.9054919804286606E-002
   1.9067964671329186E-002
   1.9069923372254161E-002
   1.9078920002264958E-002
   1.9083403983157762E-002
   1.9100255084789103E-002
   1.9104928141059959E-002
   1.9126528758863920E-002
   1.9129971081158034E-002
   1.9153468266984018E-002
   1.9156988991147397E-002
   1.9169395510215750E-002
   1.9189928194630557E-002
   1.9191734176137291E-002
   1.9203427586613222E-002
   1.9212152625482981E-002
   1.9221089145830778E-002
   1.9227731433014324E-002
   1.9247983244175659E-002
   1.9256099060333879E-002
   1.9264269229872139E-002
   1.9275510318422909E-002
   1.9290158893857098E-002
   1.9304959399157134E-002
   1.9313036507661713E-002
   1.9316618974430617E-002
   1.9329598692989600E-002
   1.9337148751226021E-002
   1.9347893473467302E-002
   1.9359731104156525E-002
   1.9384564678297474E-002
   1.9392877459289581E-002
   1.9406119475327471E-002
   1.9415519412796966E-002
   1.9429302085060149E-002
   1.9434761897855340E-002
   1.9442435742277997E-002
   1.9460980012997207E-002
   1.9462423554655373E-002
   1.9473661273799816E-002
   1.9488396597656710E-002
   1.9492251948423255E-002
   1.9517337882048468E-002
   1.9522143358219893E-002
   1.9532402571694016E-002
   1.9545917136934744E-002
   1.9552366648250798E-002
   1.9553449783674320E-002
   1.9577491626799205E-002
   1.9587131191601530E-002
   1.9597774543251352E-002
   1.9613607177122509E-002
   1.9625894514294705E-002
   1.9634993397380788E-002
   1.9643220340002501E-002
   1.9656466433315235E-002
   1.9663531243751274E-002
   1.9669785917764446E-002
   1.9685428708666755E-002
   1.9717622124337721E-002
   1.9725323352821213E-002
   1.9736980223559786E-002
   1.9746287078265947E-002
   1.9761377382437498E-002
   1.9774156989668838E-002
   1.9781252202975275E-002
   1.9788427291330325E-002
   1.9805324656468205E-002
   1.9822983464486982E-002
   1.9828062163224885E-002
   1.9837957954710390E-002
   1.9855854756031920E-002
   1.9869925358665413E-002
   1.9876604944646221E-002
   1.9906924177569514E-002
   1.9912463367889880E-002
   1.9916111436986711E-002
   1.9921804359166784E-002
   1.9943655138719717E-002
   1.9956535902523470E-002
   1.9967882594650110E-002
   1.9977289915027549E-002
   1.9989574292121230E-002
   1.9997477589565219E-002
   2.0003789415428460E-002
   2.0015260197316160E-002
   2.0022263354954332E-002
   2.0054174214058605E-002
   2.0056970162954803E-002
   2.0071077641679501E-002
   2.0080049791719224E-002
   2.0081251615086584E-002
   2.0087869738131939E-002
   2.0105624113452025E-002
   2.0118688060000511E-002
   2.0133976665903143E-002
   2.0148326422808692E-002
   2.0148807273918237E-002
   2.0161388320381821E-002
   2.0189560292575997E-002
   2.0196872745059272E-002
   2.0200827752808091E-002
   2.0214192623799369E-002
   2.0222851171071775E-002
   2.0235559961054934E-002
   2.0247541751835532E-002
   2.0251412126866323E-002
   2.0261318825935227E-002
   2.0280297993418850E-002
   2.0293705768086263E-002
   2.0306239683761898E-002
   2.0310605350678381E-002
   2.0317775060142294E-002
   2.0332208763122656E-002
   2.0354131300060113E-002
   2.0357724365054876E-002
   2.0372384787668864E-002
   2.0374651737614661E-002
   2.0383039037395786E-002
   2.0400704486623216E-002
   2.0413000579798411E-002
   2.0416889758250029E-002
   2.0420253077574398E-002
   2.0430305306990131E-002
   2.0441492094316463E-002
   2.0449575559503903E-002
   2.0460105089863664E-002
   2.0479313174019236E-002
   2.0495187025506113E-002
   2.0498683525716082E-002
   2.0509827524421726E-002
   2.0523158132527350E-002
   2.0544101212330364E-002
   2.0548887465091474E-002
   2.0557700600218737E-002
   2.0559919643671855E-002
   2.0570154767473411E-002
   2.0587993594811456E-002
   2.0591950798726104E-002
   2.0602294387441121E-002
   2.0614808728437808E-002
   2.0625925958410490E-002
   2.0636186724570880E-002
   2.0662101552818574E-002
   2.0673972743311265E-002
   2.0675966983320158E-002
   2.0684894388909320E-002
   2.0690680860416269E-002
   2.0701739048013427E-002
   2.0713469681593748E-002
   2.0715490858251601E-002
   2.0729153394901636E-002
   2.0744309924126413E-002
   2.0756204674604019E-002
   2.0768189188297721E-002
   2.0777787625298170E-002
   2.0787307123829597E-002
   2.0798190116622411E-002
   2.0811291644604706E-002
   2.0829528580226613E-002
   2.0837983067278517E-002
   2.0855762057412845E-002
   2.0866701667475552E-002
   2.0875645779573484E-002
   2.0896998473261711E-002
   2.0898488522411919E-002
   2.0905377054718260E-002
   2.0927334827960664E-002
   2.0939487335505422E-002
   2.0943442605794140E-002
   2.0956047034378589E-002
   2.0969198002900574E-002
   2.0977213803016048E-002
   2.0979640378480619E-002
   2.0995810806726425E-002
   2.1006515739723480E-002
   2.1016743465788953E-002
   2.1025163883789853E-002
   2.1044492208000892E-002
   2.1062841339262343E-002
   2.1073077482854728E-002
   2.1084021245528290E-002
   2.1097795993817357E-002
   2.1100027335482250E-002
   2.1116672183700891E-002
   2.1120635628709545E-002
   2.1136580699527185E-002
   2.1168745162027942E-002
   2.1175255635425608E-002
   2.1182359552885579E-002
   2.1191088915045692E-002
   2.1207876328587102E-002
   2.1210002941475750E-002
   2.1215813777803277E-002
   2.1226693532641106E-002
   2.1237330303194708E-002
   2.1240328692692031E-002
   2.1246916079366865E-002
   2.1257135486827502E-002
   2.1261912919089271E-002
   2.1276474498023459E-002
   2.1290231961423590E-002
   2.1294634596575057E-002
   2.1316631751401912E-002
   2.1318051025703430E-002
   2.1344998538762327E-002
   2.1346566867491319E-002
   2.1357389282797911E-002
   2.1359833381750098E-002
   2.1371354239341233E-002
   2.1389290280765569E-002
   2.1399303881758654E-002
   2.1409927885991914E-002
   2.1419059242382466E-002
   2.1425287356801055E-002
   2.1435602237120748E-002
   2.1440813733169611E-002
   2.1440853283312421E-002
   2.1455431536614309E-002
   2.1460869360100856E-002
   2.1475056299345454E-002
   2.1492931401702491E-002
   2.1497508294522572E-002
   2.1517503338495177E-002
   2.1524436991454308E-002
   2.1536881846210706E-002
   2.1544088644850169E-002
   2.1557228891646022E-002
   2.1577188397465853E-002
   2.1583260994995152E-002
   2.1598196495433899E-002
   2.1606657924737385E-002
   2.1625214054427262E-002
   2.1629927413169662E-002
   2.1633550984423100E-002
   2.1645980822459786E-002
   2.1649788104280206E-002
   2.1662935473625022E-002
   2.1672955261665062E-002
   2.1687760847608869E-002
   2.1700513288371047E-002
   2.1707465456401877E-002
   2.1714610845938905E-002
   2.1718490543006619E-002
   2.1728187203817025E-002
   2.1737603086172553E-002
   2.1741962453896157E-002
   2.1762463467440232E-002
   2.1772222802502940E-002
   2.1780485256999851E-002
   2.1797291067976985E-002
   2.1809017518571464E-002
   2.1816422038013209E-002
   2.1836789839248756E-002
   2.1859814557493036E-002
   2.1874967021707461E-002
   2.1883385122123424E-002
   2.1885830278213010E-002
   2.1911635964553922E-002
   2.1931385791092439E-002
   2.1941048055244255E-002
   2.1957181642725726E-002
   2.1968960182019864E-002
   2.1973804228445845E-002
   2.1980045930217948E-002
   2.1986562928528148E-002
   2.2001838873326386E-002
   2.2009057292971139E-002
   2.2014893400890335E-002
   2.2024810014970739E-002
   2.2035123137848538E-002
   2.2051738651691747E-002
   2.2064050434941810E-002
   2.2074612952127662E-002
   2.2085651539280018E-002
   2.2106796772328293E-002
   2.2120249979075256E-002
   2.2122688669074464E-002
   2.2151657435319896E-002
   2.2159099046173331E-002
   2.2165727260090921E-002
   2.2171089482671838E-002
   2.2185851639337534E-002
   2.2199219848989326E-002
   2.2215430345316534E-002
   2.2220915477850361E-002
   2.2226039914438073E-002
   2.2238769591114146E-002
   2.2250734911026238E-002
   2.2257880657315276E-002
   2.2275106907772745E-002
   2.2280772009638964E-002
   2.2291113820214811E-002
   2.2302090149139604E-002
   2.2314633726023492E-002
   2.2319720318400193E-002
   2.2337987803909304E-002
   2.2344502723079654E-002
   2.2356906570173491E-002
   2.2369169028683637E-002
   2.2383530088971728E-002
   2.2390174419707785E-002
   2.2394539602954903E-002
   2.2410069122454915E-002
   2.2421640889312144E-002
   2.2429524275178782E-002
   2.2448291171969652E-002
   2.2457943142566453E-002
   2.2462856721440019E-002
   2.2474270391194699E-002
   2.2489224881783763E-002
   2.2494579792326608E-002
   2.2502602521646285E-002
   2.2504040781860905E-002
   2.2519900345724559E-002
   2.2527139706146275E-002
   2.2528605455568132E-002
   2.2532268158498282E-002
   2.2553819460803381E-002
   2.2565099488073444E-002
   2.2573303316761519E-002
   2.2601930551679316E-002
   2.2602413622161033E-002
   2.2632854029599504E-002
   2.2635952062127304E-002
   2.2644165464520822E-002
   2.2658158934226739E-002
   2.2670328083197789E-002
   2.2680846815899838E-002
   2.2687114384639658E-002
   2.2696026164315278E-002
   2.2706951930259532E-002
   2.2726209980589888E-002
   2.2732449920814527E-002
   2.2741870340324141E-002
   2.2749406208655797E-002
   2.2751725513537945E-002
   2.2760883881162014E-002
   2.2782094465781718E-002
   2.2787951396709787E-002
   2.2801456431064741E-002
   2.2804068007651911E-002
   2.2813199162567032E-002
   2.2820661302967220E-002
   2.2835602091031117E-002
   2.2858464344149690E-002
   2.2859119708648214E-002
   2.2881036097571156E-002
   2.2891130826898181E-002
   2.2903251887004050E-002
   2.2907750504286655E-002
   2.2927367545848242E-002
   2.2931553234836245E-002
   2.2939395076622040E-002
   2.2944865228429381E-002
   2.2955683279651626E-002
   2.2972001100937185E-002
   2.2975112557752007E-002
   2.2982595070887811E-002
   2.2991000408467702E-002
   2.3001247886905232E-002
   2.3002508140539200E-002
   2.3008307346587185E-002
   2.3023954352922392E-002
   2.3033239154703115E-002
   2.3048775994487961E-002
   2.3070111896192999E-002
   2.3083187627716738E-002
   2.3086833487605835E-002
   2.3111662924955263E-002
   2.3113157828595948E-002
   2.3125842048507782E-002
   2.3133059782019662E-002
   2.3138049752987163E-002
   2.3146715331928473E-002
   2.3167579595631021E-002
   2.3183810554742942E-002
   2.3198658432639206E-002
   2.3226769937481000E-002
   2.3233783182096776E-002
   2.3253070998697518E-002
   2.3254138333700072E-002
   2.3282927281407656E-002
   2.3297958076071087E-002
   2.3301590070938922E-002
   2.3322164230518388E-002
   2.3337837998604231E-002
   2.3355287408716438E-002
   2.3368884275350946E-002
   2.3385005075495846E-002
   2.3390384753011459E-002
   2.3402285868636800E-002
   2.3405050078353133E-002
   2.3406585144593286E-002
   2.3416359715525484E-002
   2.3444226269657281E-002
   2.3454935022813740E-002
   2.3466507581362213E-002
   2.3476111239154440E-002
   2.3486504455706932E-002
   2.3505491344240917E-002
   2.3509669924747501E-002
   2.3530424832901523E-002
   2.3536928949084580E-002
   2.3544865967656408E-002
   2.3550711046091122E-002
   2.3561433960819837E-002
   2.3567054049921234E-002
   2.3595170124151126E-002
   2.3608474815908980E-002
   2.3610033398005114E-002
   2.3624552754485377E-002
   2.3638380238082995E-002
   2.3664831546916214E-002
   2.3665973049695976E-002
   2.3672293722333759E-002
   2.3690824657191641E-002
   2.3699175751949932E-002
   2.3709151064607824E-002
   2.3724956507763222E-002
   2.3735746641712564E-002
   2.3755813897117811E-002
   2.3764373157133274E-002
   2.3774174059259894E-002
   2.3784576060212278E-002
   2.3789927500934262E-002
   2.3798646217734337E-002
   2.3810418592501999E-002
   2.3825044795830197E-002
   2.3832296094797530E-002
   2.3838568308925390E-002
   2.3857000120857442E-002
   2.3873465556070526E-002
   2.3890843296543354E-002
   2.3899648017219895E-002
   2.3910560965090075E-002
   2.3927923013698692E-002
   2.3933905194014754E-002
   2.3940817621999635E-002
   2.3956467307655962E-002
   2.3968672805975571E-002
   2.3981499213942312E-002
   2.3990952538815176E-002
   2.3992903093449001E-002
   2.4009430025696176E-002
   2.4022940474301983E-002
   2.4025420915241933E-002
   2.4030779386075667E-002
   2.4048058176261586E-002
   2.4065878062000674E-002
   2.4085106999305460E-002
   2.4097427873413915E-002
   2.4108703415790061E-002
   2.4123669608961635E-002
   2.4128215287280905E-002
   2.4146918303587402E-002
   2.4149686186096371E-002
   2.4171865469317735E-002
   2.4178561311807980E-002
   2.4189049514639356E-002
   2.4189927422730635E-002
   2.4210996623518628E-002
   2.4216214559506146E-002
   2.4224658780861951E-002
   2.4233050150771714E-002
   2.4243924819034285E-002
   2.4254545050718581E-002
   2.4272495223977283E-002
   2.4276740909849624E-002
   2.4293675222583563E-002
   2.4305510748949332E-002
   2.4307253059063325E-002
   2.4317093457650388E-002
   2.4323952309062976E-002
   2.4335458440334169E-002
   2.4361852613574299E-002
   2.4368150990184544E-002
   2.4376927412691981E-002
   2.4377905372407731E-002
   2.4391310990294721E-002
   2.4416293195520626E-002
   2.4417290223056574E-002
   2.4427125342470973E-002
   2.4436169300318198E-002
   2.4449924055637937E-002
   2.4460729264012278E-002
   2.4474185638143069E-002
   2.4482367405890108E-002
   2.4506573964299457E-002
   2.4514858076430970E-002
   2.4522474780452753E-002
   2.4537911748977147E-002
   2.4551775485634014E-002
   2.4555337465849980E-002
   2.4568834654459186E-002
   2.4587960603188422E-002
   2.4595557729709717E-002
   2.4606987012283674E-002
   2.4608055563727273E-002
   2.4625684946774643E-002
   2.4641593363152942E-002
   2.4646222170539047E-002
   2.4653344645079813E-002
   2.4678151702550541E-002
   2.4695814853715112E-002
   2.4712223136857052E-002
   2.4720371802712859E-002
   2.4726199130612324E-002
   2.4742029770574391E-002
   2.4762717233917056E-002
   2.4770329265355551E-002
   2.4788758520328320E-002
   2.4799467904003527E-002
   2.4808636884605266E-002
   2.4817806927595248E-002
   2.4832705299516183E-002
   2.4848400584823373E-002
   2.4853018024563914E-002
   2.4863585849679293E-002
   2.4869733691168384E-002
   2.4881185786275396E-002
   2.4907008858002500E-002
   2.4919106898074441E-002
   2.4939815265173637E-002
   2.4944178183314087E-002
   2.4955683160151381E-002
   2.4965268750608904E-002
   2.4987780724095802E-002
   2.4997914533594762E-002
   2.5007720163347645E-002
   2.5009869335751354E-002
   2.5022348381158549E-002
   2.5046493716591810E-002
   2.5052167697573891E-002
   2.5074314988924103E-002
   2.5088529055237431E-002
   2.5099822131277334E-002
   2.5121241253257376E-002
   2.5123268128410519E-002
   2.5140814232915639E-002
   2.5144731196443067E-002
   2.5158657907973295E-002
   2.5178708217414834E-002
   2.5190790221703781E-002
   2.5198419525323014E-002
   2.5209595699360796E-002
   2.5214656867035400E-002
   2.5234914780236040E-002
   2.5239626592862243E-002
   2.5245487546234117E-002
   2.5255458865274822E-002
   2.5267868454668208E-002
   2.5273491998617791E-002
   2.5281578094911890E-002
   2.5316455083635232E-002
   2.5334407618345045E-002
   2.5345478272005340E-002
   2.5349859755589614E-002
   2.5355878669896390E-002
   2.5368095158553167E-002
   2.5390414357740625E-002
   2.5395600301223058E-002
   2.5402979786552166E-002
   2.5405095975058776E-002
   2.5419405511903578E-002
   2.5434049814195715E-002
   2.5438779523002490E-002
   2.5461679257516023E-002
   2.5464401917750290E-002
   2.5470826327978573E-002
   2.5492583056915676E-002
   2.5510966617852484E-002
   2.5519870171487529E-002
   2.5525037819699350E-002
   2.5537767508286624E-002
   2.5548730567667832E-002
   2.5557484590438544E-002
   2.5566104471996889E-002
   2.5583452864489584E-002
   2.5615771361020362E-002
   2.5638449520402583E-002
   2.5648796290922576E-002
   2.5652871133810175E-002
   2.5663836223898520E-002
   2.5672087788873376E-002
   2.5679174803770109E-002
   2.5694646742194269E-002
   2.5701711707670320E-002
   2.5710107367164205E-002
   2.5723061779321241E-002
   2.5728130506279007E-002
   2.5740909700404782E-002
   2.5754977571907062E-002
   2.5774802770381328E-002
   2.5778692595182763E-002
   2.5792374388445598E-002
   2.5794951397093351E-002
   2.5809736186396558E-002
   2.5812708633405644E-002
   2.5837351621186225E-002
   2.5840386254939826E-002
   2.5858071258585569E-002
   2.5877185238116978E-002
   2.5884450804700563E-002
   2.5902418601805310E-002
   2.5909646000784603E-002
   2.5916392089191515E-002
   2.5945052146759628E-002
   2.5951821330544928E-002
   2.5960479744041687E-002
   2.5980484944821039E-002
   2.5986204845024282E-002
   2.5997855906987510E-002
   2.6007844702448657E-002
   2.6020707830634086E-002
   2.6025624213413572E-002
   2.6038833328211931E-002
   2.6048268313727856E-002
   2.6071787831424411E-002
   2.6084492264093945E-002
   2.6090300954315051E-002
   2.6094349284997157E-002
   2.6110445148132360E-002
   2.6119411238312584E-002
   2.6136234174510765E-002
   2.6156766376586250E-002
   2.6170938645902524E-002
   2.6190808405250645E-002
   2.6200862960631448E-002
   2.6210253358196191E-002
   2.6222218066886613E-002
   2.6240509158474964E-002
   2.6246508334480556E-002
   2.6262221025338428E-002
   2.6272786620921289E-002
   2.6286265335822075E-002
   2.6291483742086546E-002
   2.6309992692925836E-002
   2.6322713163175110E-002
   2.6333679069969168E-002
   2.6351692637844506E-002
   2.6374624464387864E-002
   2.6377039058168943E-002
   2.6400623770193317E-002
   2.6428385996833871E-002
   2.6442031392282964E-002
   2.6464727520389506E-002
   2.6476893844152961E-002
   2.6499249698557645E-002
   2.6506310725366498E-002
   2.6527683964855858E-002
   2.6543145226002200E-002
   2.6552242734049061E-002
   2.6567313825223444E-002
   2.6578801999064997E-002
   2.6597095523669831E-002
   2.6608033453140615E-002
   2.6612050198163827E-002
   2.6627848298621675E-002
   2.6641689971246378E-002
   2.6643971101858271E-002
   2.6648698965070546E-002
   2.6652915683068167E-002
   2.6678866174822766E-002
   2.6685655383326113E-002
   2.6689705251054394E-002
   2.6704461614313894E-002
   2.6725156647408037E-002
   2.6741370184246438E-002
   2.6749709741803657E-002
   2.6753330963786598E-002
   2.6770588893951293E-002
   2.6777018904058161E-002
   2.6791697192964797E-002
   2.6814761253294607E-002
   2.6820878347330747E-002
   2.6844890510411657E-002
   2.6846810800850735E-002
   2.6861875732943401E-002
   2.6868972221825570E-002
   2.6892063445090465E-002
   2.6904352305307737E-002
   2.6913783996877664E-002
   2.6928510327327206E-002
   2.6939670221015493E-002
   2.6954205244408117E-002
   2.6968637098259276E-002
   2.6970285370740386E-002
   2.6988853098790191E-002
   2.7001552022020557E-002
   2.7017999579211700E-002
   2.7033019950108657E-002
   2.7045439767985152E-002
   2.7053872079879440E-002
   2.7076460786318823E-002
   2.7089281892571950E-002
   2.7125417223822220E-002
   2.7130524262695441E-002
   2.7140873653157330E-002
   2.7159282592878250E-002
   2.7182470712979610E-002
   2.7200627168192253E-002
   2.7210698555435391E-002
   2.7224521212903932E-002
   2.7250944872608394E-002
   2.7262146434468861E-002
   2.7267797608863671E-002
   2.7281915488865091E-002
   2.7295792219714232E-002
   2.7308001519731763E-002
   2.7319075679812687E-002
   2.7335651222576845E-002
   2.7343472876699630E-002
   2.7361324091044820E-002
   2.7376190439901922E-002
   2.7393686885156397E-002
   2.7405049826234925E-002
   2.7428407781883470E-002
   2.7439062097017793E-002
   2.7454862341364704E-002
   2.7484538939641749E-002
   2.7493305228816316E-002
   2.7504468195943686E-002
   2.7513444401980978E-002
   2.7522663761155877E-002
   2.7555962635159015E-002
   2.7559895673173639E-002
   2.7591030927034736E-002
   2.7607453290969738E-002
   2.7616717062953110E-002
   2.7621063835031476E-002
   2.7628867425387636E-002
   2.7635935838239364E-002
   2.7666465652160053E-002
   2.7675371184040436E-002
   2.7693822392915048E-002
   2.7713856590342926E-002
   2.7724966584961271E-002
   2.7732726648762068E-002
   2.7744109401242893E-002
   2.7771046932166688E-002
   2.7805379995910554E-002
   2.7827101314820350E-002
   2.7829510559461951E-002
   2.7856818788623616E-002
   2.7867791981161179E-002
   2.7876187122002134E-002
   2.7884541177442709E-002
   2.7896999589977635E-002
   2.7937706472439157E-002
   2.7950161896282643E-002
   2.7958217707694008E-002
   2.7974833821128395E-002
   2.8002634437245637E-002
   2.8016424315059171E-002
   2.8031930601671844E-002
   2.8049284213137543E-002
   2.8064081015379567E-002
   2.8083590897789997E-002
   2.8097992503176961E-002
   2.8107513610927948E-002
   2.8110645663342711E-002
   2.8121455009321179E-002
   2.8151673092224175E-002
   2.8161303104963762E-002
   2.8178826618541482E-002
   2.8194757202764435E-002
   2.8235629834397855E-002
   2.8243721140044645E-002
   2.8251551055997616E-002
   2.8260717394216834E-002
   2.8284755349377494E-002
   2.8285607959949673E-002
   2.8296304406247703E-002
   2.8300477786146170E-002
   2.8317719027166059E-002
   2.8347468964580014E-002
   2.8361120718855059E-002
   2.8387412560116291E-002
   2.8396099465250776E-002
   2.8403202185350987E-002
   2.8421671762633573E-002
   2.8425821895968300E-002
   2.8426316293319390E-002
   2.8446729712821618E-002
   2.8466428142193221E-002
   2.8486770644447608E-002
   2.8515085115163683E-002
   2.8534271660234620E-002
   2.8547942511390915E-002
   2.8560431508569430E-002
   2.8565489295412892E-002
   2.8585992521469702E-002
   2.8591078530173623E-002
   2.8614987051395112E-002
   2.8627403631205566E-002
   2.8636817407523284E-002
   2.8648890069919046E-002
   2.8682232970066019E-002
   2.8688197109925456E-002
   2.8694733503972537E-002
   2.8703421105759970E-002
   2.8736453518644976E-002
   2.8780243513639388E-002
   2.8793016781303180E-002
   2.8809652670409996E-002
   2.8830139438808473E-002
   2.8839819700848261E-002
   2.8865406247570106E-002
   2.8872788723490046E-002
   2.8882709353290847E-002
   2.8903282440851583E-002
   2.8922137590299553E-002
   2.8941443277536168E-002
   2.8958010343735092E-002
   2.8965908857069442E-002
   2.9001916813978772E-002
   2.9010577415289479E-002
   2.9038888036034233E-002
   2.9043361047454336E-002
   2.9067004341451024E-002
   2.9084370311280885E-002
   2.9092402005521430E-002
   2.9110569230008806E-002
   2.9153536382233260E-002
   2.9159171166019467E-002
   2.9166179647959554E-002
   2.9171580485985584E-002
   2.9179778877308989E-002
   2.9199252068883203E-002
   2.9204295012180689E-002
   2.9238156515767555E-002
   2.9248956617083984E-002
   2.9263517348712253E-002
   2.9301683065566905E-002
   2.9308680208676528E-002
   2.9320585806510188E-002
   2.9347873696299057E-002
   2.9364845527500454E-002
   2.9373412433156047E-002
   2.9379074406750642E-002
   2.9398659245896231E-002
   2.9408827613887450E-002
   2.9418250831713642E-002
   2.9420233951252931E-002
   2.9450273698667619E-002
   2.9471558317318937E-002
   2.9495613878042334E-002
   2.9524986221047943E-002
   2.9534778614011895E-002
   2.9553029660276994E-002
   2.9562830386751691E-002
   2.9588804538192907E-002
   2.9598325239910694E-002
   2.9604848299404154E-002
   2.9630323995795647E-002
   2.9646530108625405E-002
   2.9674485835826252E-002
   2.9686758735231047E-002
   2.9704040503572161E-002
   2.9729222963440941E-002
   2.9731592694260442E-002
   2.9760961420427674E-002
   2.9769594728028058E-002
   2.9810814195174180E-002
   2.9831997402201296E-002
   2.9843629227641812E-002
   2.9865987621720064E-002
   2.9872359671082614E-002
   2.9890685415389431E-002
   2.9920806974834430E-002
   2.9939144419654524E-002
   2.9950944151492843E-002
   2.9959843007268783E-002
   2.9971889956717856E-002
   2.9988232423487866E-002
   3.0006529056244902E-002
   3.0035679038568144E-002
   3.0057196037924751E-002
   3.0079895628726119E-002
   3.0090992689762158E-002
   3.0102966940644502E-002
   3.0111890842905477E-002
   3.0128545277396276E-002
   3.0132112765584022E-002
   3.0139806471809787E-002
   3.0174088986783996E-002
   3.0185927254113430E-002
   3.0204826746770302E-002
   3.0211578162577298E-002
   3.0224379863775998E-002
   3.0258911395455026E-002
   3.0270365105443689E-002
   3.0276972167199958E-002
   3.0296550995924675E-002
   3.0324048201832491E-002
   3.0340488240789026E-002
   3.0363296141613458E-002
   3.0370976659995289E-002
   3.0390444902221134E-002
   3.0397655924345325E-002
   3.0423222602856223E-002
   3.0450004945511241E-002
   3.0472228583222193E-002
   3.0479849833944927E-002
   3.0495136149551350E-002
   3.0508283900231692E-002
   3.0519114657669981E-002
   3.0526429432364968E-002
   3.0544936457419045E-002
   3.0569186543036780E-002
   3.0588386683599346E-002
   3.0603498024287010E-002
   3.0610721246637124E-002
   3.0634218614230744E-002
   3.0646423230038793E-002
   3.0649806951119338E-002
   3.0661736086718020E-002
   3.0667712498157439E-002
   3.0670057527656721E-002
   3.0688131199579090E-002
   3.0730127553877603E-002
   3.0746264026578166E-002
   3.0774166065058336E-002
   3.0781048005743553E-002
   3.0807404163656682E-002
   3.0834835960496191E-002
   3.0842724126688179E-002
   3.0863816908350630E-002
   3.0873046886869829E-002
   3.0926706191662896E-002
   3.0938933520990163E-002
   3.0944848996344646E-002
   3.0950484687948615E-002
   3.0973555868649562E-002
   3.0994768284857942E-002
   3.1013240819064765E-002
   3.1040289911768278E-002
   3.1075523507386293E-002
   3.1080324609076268E-002
   3.1098000113994110E-002
   3.1103739712087190E-002
   3.1148913787817305E-002
   3.1174647415173434E-002
   3.1193803067259267E-002
   3.1214169625536879E-002
   3.1218521476272087E-002
   3.1242157247762237E-002
   3.1267847412853843E-002
   3.1287399321414014E-002
   3.1299636920314747E-002
   3.1307820873389999E-002
   3.1315756368922920E-002
   3.1346806880215780E-002
   3.1357571174054986E-002
   3.1370182428394636E-002
   3.1401360615434873E-002
   3.1407668972365646E-002
   3.1437582516568953E-002
   3.1453115757037665E-002
   3.1462232500191402E-002
   3.1497241809512494E-002
   3.1508343934792189E-002
   3.1530863372917668E-002
   3.1539067175258478E-002
   3.1545576954171137E-002
   3.1585198382374641E-002
   3.1592026031197804E-002
   3.1613098593587491E-002
   3.1622093373234753E-002
   3.1634942035387845E-002
   3.1669436385699724E-002
   3.1703699212610605E-002
   3.1721703959209820E-002
   3.1756120794564351E-002
   3.1784996595856638E-002
   3.1801540042987644E-002
   3.1822664557803415E-002
   3.1835207364782014E-002
   3.1857757718338493E-002
   3.1875052155717856E-002
   3.1921356607680459E-002
   3.1956735749536849E-002
   3.1958844125648644E-002
   3.1995969627278381E-002
   3.2013774776083151E-002
   3.2029869832832590E-002
   3.2043075075031235E-002
   3.2071479197969550E-002
   3.2081406911047800E-002
   3.2119590680372068E-002
   3.2134721864610839E-002
   3.2145675024885474E-002
   3.2172588871113648E-002
   3.2175978452878042E-002
   3.2198116762873347E-002
   3.2210623053767908E-002
   3.2246791489237439E-002
   3.2253612612389126E-002
   3.2284169875791732E-002
   3.2299126394686753E-002
   3.2316687697642135E-002
   3.2321011950729041E-002
   3.2330495366271299E-002
   3.2365235750737298E-002
   3.2386940283670507E-002
   3.2402676816722042E-002
   3.2413737201496116E-002
   3.2444625528100360E-002
   3.2467735282661454E-002
   3.2483295347220678E-002
   3.2489162978406427E-002
   3.2513085714428493E-002
   3.2538351634652123E-002
   3.2546369636809062E-002
   3.2563795447126759E-002
   3.2576920976375774E-002
   3.2594750835877269E-002
   3.2608372931582731E-002
   3.2621236665690605E-002
   3.2660186223007578E-002
   3.2674665509643187E-002
   3.2728701689068281E-002
   3.2745291359918285E-002
   3.2766119252015613E-002
   3.2792292706352692E-002
   3.2802832953648449E-002
   3.2821848058403234E-002
   3.2826340220989340E-002
   3.2862214868216270E-002
   3.2895954423893814E-002
   3.2897382219912209E-002
   3.2918589339389320E-002
   3.2943558488241327E-002
   3.2953373776095980E-002
   3.2961680594105383E-002
   3.2981281665906512E-002
   3.3001275056306699E-002
   3.3014914983529701E-002
   3.3045349451461634E-002
   3.3055632209299371E-002
   3.3109500121634848E-002
   3.3119460526187181E-002
   3.3163295973008600E-002
   3.3175284688009621E-002
   3.3199737477741201E-002
   3.3215825346144603E-002
   3.3234410945698713E-002
   3.3245284837227350E-002
   3.3286344217769916E-002
   3.3289144976706125E-002
   3.3301288258132805E-002
   3.3345077225732524E-002
   3.3355976161371044E-002
   3.3371329569457660E-002
   3.3390269136927719E-002
   3.3415977923064145E-002
   3.3433173699047448E-002
   3.3458678136329925E-002
   3.3470768780100899E-002
   3.3505593904609166E-002
   3.3557550460860099E-002
   3.3563333042017689E-002
   3.3632783906322919E-002
   3.3663207596356770E-002
   3.3679174767829820E-002
   3.3709913619413362E-002
   3.3728693519953376E-002
   3.3752061353852655E-002
   3.3779767704757178E-002
   3.3803205403565961E-002
   3.3818440779204727E-002
   3.3833737521493171E-002
   3.3858493923598541E-002
   3.3880978880303989E-002
   3.3921197804627164E-002
   3.3937874048899641E-002
   3.3957445220990465E-002
   3.3983967199117310E-002
   3.4016710942249485E-002
   3.4029182632748393E-002
   3.4038989049923106E-002
   3.4071375019341398E-002
   3.4121894387677799E-002
   3.4158791098528977E-002
   3.4178964894684888E-002
   3.4203466199525599E-002
   3.4243748762204686E-002
   3.4255306076626524E-002
   3.4279648233612514E-002
   3.4298916538939461E-002
   3.4334692200490805E-002
   3.4376465826783532E-002
   3.4437903913656573E-002
   3.4467056446948446E-002
   3.4506886940694988E-002
   3.4525854637256714E-002
   3.4555786835851234E-002
   3.4567879821316927E-002
   3.4606281419404757E-002
   3.4629554118010983E-002
   3.4671755774910024E-002
   3.4701866185443915E-002
   3.4713968869701087E-002
   3.4750446153625325E-002
   3.4786175890144065E-002
   3.4799983972817757E-002
   3.4808998945007073E-002
   3.4839762535072379E-002
   3.4863538122171370E-002
   3.4910097531790238E-002
   3.4915921681014740E-002
   3.4940772675104925E-002
   3.4970178758671089E-002
   3.4992160980194462E-002
   3.5012443788850121E-002
   3.5019948521307465E-002
   3.5035978668707828E-002
   3.5036941957810576E-002
   3.5080474730313990E-002
   3.5100677326962551E-002
   3.5137963530114877E-002
   3.5188477675571296E-002
   3.5199007520769016E-002
   3.5222422848619060E-002
   3.5251396475379643E-002
   3.5278739626559280E-002
   3.5283336540496667E-002
   3.5323048248872835E-002
   3.5329047149167798E-002
   3.5359585350841168E-002
   3.5385266944391529E-002
   3.5430152483278049E-002
   3.5432540907941124E-002
   3.5438486353104919E-002
   3.5474422593248983E-002
   3.5496589547191003E-002
   3.5519358752742834E-002
   3.5528452845173572E-002
   3.5549973227677556E-002
   3.5575709785724198E-002
   3.5586748899500718E-002
   3.5639021141446958E-002
   3.5650685433386425E-002
   3.5689570744591809E-002
   3.5698379026757363E-002
   3.5745188999478761E-002
   3.5751741658690689E-002
   3.5790263594266430E-002
   3.5814959048507240E-002
   3.5833423333480781E-002
   3.5857430743548975E-002
   3.5873137425883550E-002
   3.5940160858509179E-002
   3.5953904927600810E-002
   3.5965478317094728E-002
   3.5978996745839369E-002
   3.6016331510718765E-002
   3.6033664298183644E-002
   3.6053096970048423E-002
   3.6069366135883740E-002
   3.6127837397577814E-002
   3.6152244020037146E-002
   3.6161913538528129E-002
   3.6217445618568128E-002
   3.6233749432420088E-002
   3.6257735755819719E-002
   3.6264651686057615E-002
   3.6307752773404006E-002
   3.6327619772757301E-002
   3.6336115330446145E-002
   3.6388081231430544E-002
   3.6415073472643757E-002
   3.6448309393694957E-002
   3.6498018628510230E-002
   3.6506138274211793E-002
   3.6522917767547347E-002
   3.6537198061473812E-002
   3.6557892078606845E-002
   3.6598602476546047E-002
   3.6628197543886395E-002
   3.6688554390801459E-002
   3.6716371799277087E-002
   3.6721957402289417E-002
   3.6766116541087197E-002
   3.6810355018156785E-002
   3.6826962806995996E-002
   3.6877817728809742E-002
   3.6905773543753378E-002
   3.6939105840572729E-002
   3.6977999789821116E-002
   3.6992249319629522E-002
   3.7021726031745500E-002
   3.7058608357886755E-002
   3.7062338134248723E-002
   3.7091609248774214E-002
   3.7111625982392461E-002
   3.7135511012208321E-002
   3.7152289241695849E-002
   3.7185052434804869E-002
   3.7231127776080647E-002
   3.7241972311707422E-002
   3.7282410326497761E-002
   3.7316759023107202E-002
   3.7346775619589233E-002
   3.7354760494230810E-002
   3.7386924819915679E-002
   3.7419846628732843E-002
   3.7475927882582687E-002
   3.7505807549842680E-002
   3.7527041886636303E-002
   3.7556200227070111E-002
   3.7596935695278555E-002
   3.7634973693525323E-002
   3.7669165463307508E-002
   3.7706688340289611E-002
   3.7717685196790654E-002
   3.7731708193926967E-002
   3.7774260545144267E-002
   3.7832926744518672E-002
   3.7872244456652771E-002
   3.7903310229716075E-002
   3.7915447644178216E-002
   3.7952897796878757E-002
   3.7972976621080415E-002
   3.8012736148997452E-002
   3.8028919584838797E-002
   3.8050404407225014E-002
   3.8093333029196534E-002
   3.8148023819283339E-002
   3.8161622536021171E-002
   3.8186359612570019E-002
   3.8221830887943301E-002
   3.8265862441700597E-002
   3.8285754273491561E-002
   3.8306550607596433E-002
   3.8326783019410893E-002
   3.8367334886198937E-002
   3.8402039412512079E-002
   3.8432537097780717E-002
   3.8432837617197221E-002
   3.8495027549150657E-002
   3.8507780090723392E-002
   3.8553338989951801E-002
   3.8574440520795880E-002
   3.8585582859941917E-002
   3.8611543296203525E-002
   3.8640354067086366E-002
   3.8675762620007603E-002
   3.8705312304090626E-002
   3.8746835111703563E-002
   3.8762727986277397E-002
   3.8784168863963422E-002
   3.8837680968808463E-002
   3.8875991767604055E-002
   3.8884422928780034E-002
   3.8947324494019650E-002
   3.8963806147438267E-002
   3.8986439271952715E-002
   3.9033950198720350E-002
   3.9048540742186610E-002
   3.9084397497388353E-002
   3.9105028270112960E-002
   3.9153287553096210E-002
   3.9168167313641866E-002
   3.9212066482457127E-002
   3.9221032953606752E-002
   3.9287782235712873E-002
   3.9315640780401645E-002
   3.9383429410463473E-002
   3.9452850195543974E-002
   3.9483194409737334E-002
   3.9509043197702751E-002
   3.9526654367068578E-002
   3.9554654065077147E-002
   3.9586996188587784E-002
   3.9599199728114376E-002
   3.9638248070745404E-002
   3.9672091986968347E-002
   3.9689067803900947E-002
   3.9761666378775783E-002
   3.9788098311972928E-002
   3.9835865998614085E-002
   3.9873879875376592E-002
   3.9880372871987563E-002
   3.9912475286896086E-002
   3.9957012797506630E-002
   3.9980009394140183E-002
   3.9999979365583034E-002
   4.0063101827248350E-002
   4.0071589801258502E-002
   4.0089560873492511E-002
   4.0122238091641435E-002
   4.0152754657191238E-002
   4.0184453471672280E-002
   4.0229860383696470E-002
   4.0285932515698369E-002
   4.0297243629501635E-002
   4.0332971838832783E-002
   4.0371407771107017E-002
   4.0419616799814151E-002
   4.0430818351943634E-002
   4.0471034774677304E-002
   4.0479999213833613E-002
   4.0503917819402234E-002
   4.0546800803107075E-002
   4.0578045945315611E-002
   4.0611132333093145E-002
   4.0629700117716439E-002
   4.0702676962389661E-002
   4.0709269531228318E-002
   4.0754140064234265E-002
   4.0773497670961112E-002
   4.0783909832346456E-002
   4.0833514821735459E-002
   4.0862240374271358E-002
   4.0891450344332329E-002
   4.0932656257542159E-002
   4.0986457353976068E-002
   4.1019385438194736E-002
   4.1091965157984175E-002
   4.1119082455276894E-002
   4.1152623638289372E-002
   4.1163259234827498E-002
   4.1199073175782724E-002
   4.1241987232050692E-002
   4.1278877386175146E-002
   4.1298870886334410E-002
   4.1418886786583307E-002
   4.1451358903751623E-002
   4.1489351798604746E-002
   4.1500569673992946E-002
   4.1592783009873090E-002
   4.1606744363851186E-002
   4.1659801571494806E-002
   4.1695257401481743E-002
   4.1731026003430878E-002
   4.1745730560797001E-002
   4.1854907413213828E-002
   4.1874209332592546E-002
   4.1884665143797538E-002
   4.1952323819422939E-002
   4.1985185463447726E-002
   4.2023822148311962E-002
   4.2056652192931636E-002
   4.2108554896558008E-002
   4.2118452823866594E-002
   4.2179434892682936E-002
   4.2222740642835412E-002
   4.2294468385901320E-002
   4.2311945519964429E-002
   4.2353984124333728E-002
   4.2438925394702870E-002
   4.2566431334790031E-002
   4.2578718319381918E-002
   4.2651429964115792E-002
   4.2673458177601341E-002
   4.2702703137955010E-002
   4.2721860987396811E-002
   4.2760657881665623E-002
   4.2829331101318903E-002
   4.2841312816332751E-002
   4.2899276168221291E-002
   4.2998471543427057E-002
   4.3079840315489518E-002
   4.3107038272302660E-002
   4.3229830143014493E-002
   4.3268669244746441E-002
   4.3304347177777994E-002
   4.3374589098104384E-002
   4.3399502608214527E-002
   4.3455826092917142E-002
   4.3473468371283380E-002
   4.3565111081914826E-002
   4.3592322779385725E-002
   4.3634319532434691E-002
   4.3742463107490415E-002
   4.3751922095161370E-002
   4.3789981428983681E-002
   4.3823773286312838E-002
   4.3889268851057477E-002
   4.3984984968276422E-002
   4.4009110566447247E-002
   4.4057979358679215E-002
   4.4092186461470624E-002
   4.4158358718717039E-002
   4.4185781529714932E-002
   4.4222362084693920E-002
   4.4261215737951033E-002
   4.4324586915609331E-002
   4.4446659136260953E-002
   4.4497458683259730E-002
   4.4534740632119901E-002
   4.4617914362638324E-002
   4.4653081489461031E-002
   4.4706256453832124E-002
   4.4786714755251318E-002
   4.4830358987264084E-002
   4.4897671713069708E-002
   4.4997673518113256E-002
   4.5046535726679014E-002
   4.5099423487665088E-002
   4.5189840180231158E-002
   4.5248488646830752E-002
   4.5267679451879227E-002
   4.5349119206827694E-002
   4.5390910792995322E-002
   4.5397318408777365E-002
   4.5434334769396116E-002
   4.5571935980411753E-002
   4.5676671987337103E-002
   4.5738090743960270E-002
   4.5767798517703726E-002
   4.5826413637503574E-002
   4.5917749930168519E-002
   4.6003142059223123E-002
   4.6037630295470408E-002
   4.6075179932073683E-002
   4.6164612787459522E-002
   4.6255449154302263E-002
   4.6374636394837257E-002
   4.6390839007088916E-002
   4.6498208956107789E-002
   4.6550085489931538E-002
   4.6604686049028919E-002
   4.6728557163217339E-002
   4.6770320422744420E-002
   4.6839154993215650E-002
   4.6935213052576509E-002
   4.7093798487785811E-002
   4.7250531260117669E-002
   4.7347893411427658E-002
   4.7407413189453296E-002
   4.7535360406680952E-002
   4.7612110562023052E-002
   4.7724018854493150E-002
   4.7736829632219716E-002
   4.7798446224525372E-002
   4.7877928224479074E-002
   4.8082007901677104E-002
   4.8146657161364265E-002
   4.8332778194079024E-002
   4.8421197094444750E-002
   4.8509913667510486E-002
   4.8573024065795646E-002
   4.8727304186823008E-002
   4.8848886356505132E-002
   4.8937127781364581E-002
   4.9118376767974287E-002
   4.9242675563682808E-002
   4.9413255690160626E-002
   4.9428740589565798E-002
   4.9497888881639661E-002
   4.9633554517913056E-002
   4.9815870955189245E-002
   4.9829656675334538E-002
   5.0120441216891146E-002
   5.0204044736941025E-002
   5.0386725864530905E-002
   5.0491237618922241E-002
   5.0629017123227350E-002
   5.0787132358665846E-002
   5.0829522670939077E-002
   5.1220446286461205E-002
   5.1414270077718524E-002
   5.1579446615279169E-002
   5.1711139543215670E-002
   5.1859709887329263E-002
   5.1978608850882339E-002
   5.2065888195812336E-002
   5.2399741910178863E-002
   5.2438735859069906E-002
   5.2570990741840455E-002
   5.3068442469656807E-002
   5.3203381739718260E-002
   5.3265086543215455E-002
   5.3332268617370678E-002
   5.3441879871630599E-002
   5.3975248336629839E-002
   5.4256874565544566E-002
   5.4503872207116853E-002
   5.4657356999908993E-002
   5.4875470835561435E-002
   5.5154117404599953E-002
   5.5423192588403163E-002
   5.5612396587409269E-002
   5.5863169441413826E-002
   5.5969861516775118E-002
   5.6255695284777273E-002
   5.6526580940481921E-002
   5.6900758984532722E-002
   5.7032676274829490E-002
   5.7560633671911512E-002
   5.7663568828413829E-002
   5.8545618052949847E-002
   5.8823721737691612E-002
   5.9314629576792260E-002
   5.9706196587834763E-002
   6.0935721170587015E-002
   6.2541486924756959E-002
   6.2835441914408971E-002
   6.3517815695407362E-002
   6.4296189816232266E-002
   6.4632764273363466E-002
   6.5929267359323127E-002
   6.7205980781449431E-002
   6.7358217319492694E-002
   6.9435988681307695E-002
   7.0770606470280065E-002
   7.8451826194403246E-002
   8.7217536645135638E-002
   9.2629776119601812E-002
   9.3008969469293379E-002
   9.3147621994925753E-002
   9.3239777218334666E-002
   9.3616205179802778E-002
   9.3650883743492661E-002
   9.3831814262825566E-002
   9.4524227631453323E-002
   9.5825383850380155E-002
   9.6754897495689690E-002
   9.7961572081897069E-002
   9.8584041768168526E-002
   9.9009603259009038E-002
   9.9474172003402528E-002
  0.10025554970969425     
  0.10035785637747641     
  0.10126915991300713     
  0.10283434931928301     
  0.10302004012255832     
  0.10309171458942322     
  0.10332828450470068     
  0.10402313193195091     
  0.10492238527366254     
  0.10544398148655819     
  0.10591214735796375     
  0.10699024762737917     
  0.10775005695738527     
  0.10791697997169762     
  0.10846087464621444     
  0.10860263766542629     
  0.10957485132446863     
  0.11020295951457235     
  0.11067056423091938     
  0.11268665570469250     
  0.11442833489100873     
  0.11450121578315164     
  0.11509242375597274     
  0.11628964904879667     
  0.11643519379827967     
  0.11727421698612879     
  0.11759290293410957     
  0.11779956485657211     
  0.11802930762514929     
  0.11822417489440561     
  0.12037679419811118     
  0.12085728837221255     
  0.12098432439679647     
  0.12165695578801565     
  0.12206167271607039     
  0.12303305302579096     
  0.12346649768167883     
  0.12407491084302230     
  0.12469738534253093     
  0.12474837859055066     
  0.12539718983329129     
  0.12597800264336154     
  0.12630343473712757     
  0.12683671550467676     
  0.12790686533463547     
  0.13033962742548580     
  0.13084327435948725     
  0.13107561366785395     
  0.13124413272313865     
  0.13129093443756959     
  0.13182294320653257     
  0.13227038854143142     
  0.13256210319735587     
  0.13279717536282265     
  0.13426881027332557     
  0.13452957325662121     
  0.13520800209472131     
  0.13545531711600217     
  0.13607781782562930     
  0.13685045508351854     
  0.13699087811298405     
  0.13756263372292471     
  0.13844045405717348     
  0.13921267947507421     
  0.13975591491664321     
  0.14005900766149357     
  0.14083536462383672     
  0.14165696827711177     
  0.14176774181224397     
  0.14339805248029075     
  0.14357316990440633     
  0.14377148093495160     
  0.14418824021827631     
  0.14456525769785780     
  0.14468765865679634     
  0.14599864138642268     
  0.14701091242986128     
  0.14703698945969187     
  0.14712789498188306     
  0.14754423075620257     
  0.14771135572974714     
  0.14975851571480239     
  0.15097044395757395     
  0.15147066560216615     
  0.15166530392025734     
  0.15174808135368509     
  0.15223477623851572     
  0.15308322330614088     
  0.15341885641095276     
  0.15388675424847584     
  0.15395061002466406     
  0.15707252095219837     
  0.15710212151528641     
  0.15814620938227980     
  0.15834651741112230     
  0.15853572993080733     
  0.15888317300026081     
  0.15899650013276947     
  0.15939080956044732     
  0.16132912701913793     
  0.16169692685231907     
  0.16178264464948872     
  0.16341719929620868     
  0.16431241734411275     
  0.16440370549799910     
  0.16463568246101179     
  0.16705439190645482     
  0.16787251689026464     
  0.16806366007917636     
  0.16814131480556441     
  0.16831144204541817     
  0.16897801270996482     
  0.16973034103749024     
  0.16977571234152686     
  0.17019404733920804     
  0.17039799746766707     
  0.17210471805701247     
  0.17250983100848777     
  0.17273680574906730     
  0.17361417049329597     
  0.17490729188373991     
  0.17626010261469371     
  0.17635529275442874     
  0.17652706350816949     
  0.17717343296869270     
  0.17997519939941839     
  0.18029242078222749     
  0.18152908403720350     
  0.18485099900327615     
  0.18631045624681050     
  0.18852682583098887     
  0.18916869526009994     
  0.18976451442336828     
  0.19146578539029996     
  0.19467246814458761     
  0.19620289478483458     
  0.19664581997145761     
  0.19698760937641893     
  0.19851388690016364     
  0.19873352378132889     
  0.19976299183945592     
  0.19998288346761819     
  0.20090145843703530     
  0.20103892995043887     
  0.20222442096498730     
  0.20434437714787884     
  0.20520459961880932     
  0.20544813781183435     
  0.20748167682103122     
  0.20930943405931413     
  0.20955790467581398     
  0.20981987430706567     
  0.21102242071570185     
  0.21429917915753605     
  0.21459283049822667     
  0.21471336526738388     
  0.21504509950639830     
  0.21575872619804473     
  0.21771592597951747     
  0.21791792870930254     
  0.21870819471017994     
  0.22004001983616667     
  0.22100738666310721     
  0.22103464341544971     
  0.22128719179517348     
  0.22503921057789347     
  0.22723093978111344     
  0.22746833068780731     
  0.22799336176012960     
  0.22813514806141935     
  0.22927212504032210     
  0.22927789297036227     
  0.22936290663075776     
  0.22992953890247442     
  0.23086344994941338     
  0.23166121908206522     
  0.23380982709154705     
  0.23517370336336316     
  0.23530362123308737     
  0.23550659275880118     
  0.23738169065486189     
  0.23789726954470625     
  0.23920133040197411     
  0.23984488628835496     
  0.24003439005312624     
  0.24095107532658724     
  0.24135644157668504     
  0.24205352601010233     
  0.24284843253457516     
  0.24307676305534248     
  0.24548119384631098     
  0.24614232015269455     
  0.24768411522638975     
  0.24780517927189866     
  0.24940639692768243     
  0.25281550817025716     
  0.25379836279675078     
  0.25502272667584824     
  0.25557274678214431     
  0.25658253713429124     
  0.25878706925230771     
  0.25969604160016979     
  0.26247212714053875     
  0.26413807386998611     
  0.26441924247695237     
  0.26771899584904235     
  0.30590277191029230     
   664.94147383719007     
   669.80394050116536     
   671.62179876222058     
   675.34521793443434     
   676.28498384015688     
   678.22364202864003     
   678.92352888728885     
   679.07858745947385     
   681.67257886922448     
   681.99001892258718     
   682.24186056891847     
   683.31666653781747     
   684.36106582094874     
   685.72488572159182     
   685.83914399425635     
   685.86155586281882     
   686.39264722533676     
   687.16931549582864     
   688.26106215967070     
   688.81033733204424     
   689.66402171381435     
   690.63803443755216     
   691.39521867630140     
   692.13329812445102     
   692.35201371796381     
   692.53291654259101     
   696.10465334048968     
   696.25929540788309     
   696.63535344406296     
   698.52495068325516     
   699.47818530487359     
   699.87241556678998     
   700.06608219569534     
   700.53688264327093     
   702.88888728863924     
   703.40524845880452     
   704.24540156418766     
   705.21710977928774     
   706.38416103746385     
   706.48852864324067     
   707.15103916501812     
   707.59444131511066     
   708.18653629678192     
   708.71128093827610     
   709.50491962082197     
   710.07066615766348     
   710.70233500341055     
   711.06727946422632     
   712.29308098164518     
   714.09783454639228     
   714.93202153649474     
   716.84485851282307     
   720.04139725048890     
   720.23944141948652     
   720.31791046301225     
   720.61646848379951     
   720.98378676165964     
   723.72878533012670     
   726.62152101762661     
   727.67807981921624     
   728.44105820264008     
   729.14219888549201     
   731.22847255329884     
   731.48584175999599     
   732.37989104718361     
   734.15582528846573     
   735.22501882509857     
   738.07676144319225     
   738.53858561423158     
   738.89812208206820     
   739.69449566009644     
   743.21643471850950     
   743.49831902832398     
   745.07865436936504     
   747.97802092578138     
   748.08612180909279     
   748.60833365577355     
   750.87141351335458     
   751.93970740051736     
   753.03170958033843     
   755.94358437447795     
   756.39492569093136     
   757.73657863239782     
   759.13823570674197     
   759.15305658455645     
   759.82584265775722     
   762.01508429411876     
   762.51206631147465     
   764.12453813749562     
   764.41887988938095     
   766.78622084738367     
   767.43723650701497     
   769.61392031470950     
   770.12999016851711     
   773.78806704052056     
   774.27892165819230     
   776.07148002525560     
   781.76664384334708     
   782.95069663108632     
   783.99367415859547     
   784.59560131233059     
   786.56373351608784     
   788.16190091903263     
   790.66233982480082     
   791.91611481747827     
   793.25593562119593     
   794.41733030417311     
   794.65660435670679     
   795.79526118015247     
   801.26871660508402     
   801.95093976298142     
   802.99699485461360     
   807.38355048166761     
   808.40276869778916     
   808.75351953366157     
   811.78302597137474     
   812.78073610590866     
   815.21284847987874     
   816.46487781741382     
   817.32190909325948     
   818.82350529150528     
   819.54291165806910     
   822.27604141822599     
   825.68936239801178     
   825.99739784140763     
   827.47299394429626     
   827.79504870622009     
   830.92341649838511     
   834.90707852950800     
   837.97157590030668     
   838.60549808021528     
   839.55980718945773     
   840.47283686567357     
   841.16128142432478     
   843.98029778431180     
   845.28926718973787     
   849.10896465500298     
   851.05452361374728     
   854.23324137230009     
   856.38784343277325     
   856.96799392693981     
   859.01650978503051     
   859.91429982813213     
   860.86771670244968     
   867.45280380463964     
   868.86434668836591     
   870.10581426351200     
   872.76961681311707     
   874.68816390781228     
   876.17499179800313     
   880.92897608286319     
   881.91705776538083     
   883.05827101819852     
   883.92565692893174     
   884.95332272009978     
   890.66213432141137     
   892.07223052861400     
   892.26443006778550     
   893.24182620691681     
   894.42131003214547     
   896.33265432263227     
   898.15610134676456     
   901.82117030124948     
   903.19396699561742     
   904.62851763899175     
   907.69095034624752     
   909.58662802291849     
   912.53444470502120     
   913.93530842471455     
   915.68004702659653     
   916.40370365661124     
   919.00938688671170     
   919.83240403432853     
   921.67875476991776     
   922.50633802774860     
   924.99561259990719     
   926.42416699118019     
   928.88379974814154     
   929.06433165455030     
   929.82618698186809     
   930.97488925179573     
   931.58945287711333     
   934.73315910655538     
   936.66827509186078     
   938.28378904206033     
   938.74802890868875     
   941.16836654916312     
   941.93219287767954     
   943.16800263165715     
   943.65285081991601     
   946.03436986916358     
   948.62309670247203     
   949.51431830795605     
   949.54725228768518     
   951.16641764677752     
   952.75580461766901     
   955.31291645505360     
   955.52112999548160     
   956.49222780128207     
   957.18264626865130     
   957.21418576577105     
   958.30744832153334     
   958.86904780259056     
   959.15619451449800     
   960.69250569070073     
   961.63230876648788     
   962.24305186958895     
   963.03526340275869     
   963.16388076774263     
   963.39888035743365     
   965.21760930658843     
   965.86336584314188     
   975.65540613362225     
   1198.0215277642533     
   1206.7979114800528     
   1209.5296977523965     
   1212.9026092889228     
   1218.0534512880076     
   1219.0681248749293     
   1221.9239238236023     
   1223.1231571739004     
   1228.2338961736359     
   1228.8388935961245     
   1229.3105551214062     
   1229.8966333757776     
   1230.4582573249388     
   1232.0008734141798     
   1236.2641616712085     
   1238.3777796768534     
   1243.6389401150880     
   1244.1203466888048     
   1252.6264528677555     
   1254.1593084295978     
   1256.8573565686770     
   1257.0010552909541     
   1257.2088059797038     
   1259.3584783827246     
   1262.5364881466332     
   1263.0001090169069     
   1263.7562971559848     
   1266.4068540569492     
   1276.1562656272013     
   1277.2319395794557     
   1278.0678213813894     
   1283.0713028278151     
   1283.4386747080000     
   1285.0666001390259     
   1286.0944862434108     
   1288.9702598297622     
   1293.2462959970533     
   1295.5496814378973     
   1295.9346639814312     
   1299.8865171810241     
   1303.1933757351298     
   1304.1542260916278     
   1316.1897325881382     
   1317.8404437070737     
   1318.2722730827904     
   1325.4417349646110     
   1327.2130936483195     
   1328.2534829317719     
   1331.4246723218403     
   1332.6078980572088     
   1333.6730339549442     
   1335.5889747311712     
   1338.4826847690967     
   1338.8581994024771     
   1343.5486338224594     
   1350.2185010495878     
   1350.6775990321173     
   1353.1890696844516     
   1354.4322495141894     
   1357.3350051628699     
   1357.3600852196737     
   1359.7811197723520     
   1364.2088375114101     
   1364.8020770891101     
   1365.0392695206920     
   1369.7436769999524     
   1372.2324813688479     
   1374.1284393879901     
   1380.7190608404135     
   1385.5084239517328     
   1386.3125675213603     
   1389.4563651173924     
   1391.7783488422835     
   1391.9140007889825     
   1393.0677616872654     
   1396.1296706693333     
   1396.2623493452900     
   1397.0159452193757     
   1401.1741803544805     
   1402.2234128110481     
   1405.3582631891297     
   1408.9466715368324     
   1413.1362260565395     
   1413.3664891444155     
   1418.8512690902762     
   1421.5321816973571     
   1425.4828923774307     
   1425.9353794688700     
   1428.7724165802690     
   1430.6666070533865     
   1432.0772770771127     
   1433.0181558341033     
   1434.7479533206749     
   1438.2187533414292     
   1444.3472567283911     
   1444.3556064647639     
   1444.8365700644081     
   1452.3913056435611     
   1452.6656011343473     
   1454.0167944364664     
   1454.7037773643240     
   1456.0937657544814     
   1456.4268251059164     
   1459.0856640408144     
   1460.3377720918863     
   1461.6199658016924     
   1465.1058320193238     
   1466.1223595840722     
   1474.6027540460086     
   1483.3110754405868     
   1484.4312596986724     
   1485.8922968758995     
   1487.5853382250502     
   1492.6270948650963     
   1493.4971403572642     
   1494.4885146502857     
   1500.1982696418740     
   1501.2249954325048     
   1501.2961544247094     
   1505.3260873671529     
   1505.9770088046828     
   1508.5578332546711     
   1508.7331982971180     
   1509.2561714313269     
   1509.9080130959017     
   1511.7719375380495     
   1513.2035417999402     
   1514.1752142189785     
   1518.0941397994652     
   1523.4249516917541     
   1525.2159881408450     
   1533.7140717918567     
   1540.7360095911997     
   1544.9312585134091     
   1551.2627785176755     
   1551.6892456269434     
   1556.0884464087019     
   1557.5678258477224     
   1561.2500220862187     
   1565.1718432032842     
   1569.0047543644130     
   1569.0137047511369     
   1571.3216680828589     
   1572.2428848509464     
   1572.3955516228946     
   1579.4507733720668     
   1580.5587642320972     
   1581.6697523907671     
   1586.5402814858035     
   1588.0821854342853     
   1589.8249791585340     
   1590.1229921911402     
   1591.3097225736881     
   1593.1264172747035     
   1598.6172249248143     
   1601.7431572290998     
   1603.5008794634768     
   1604.7145068980112     
   1607.9254295326489     
   1612.7694061058467     
   1617.4169916136943     
   1621.4049813919235     
   1623.1238876660145     
   1624.7747224069058     
   1626.8104632930072     
   1632.8394091886755     
   1633.6405491959620     
   1635.3029968706999     
   1643.1203056276474     
   1644.0639714607216     
   1655.5525547003660     
   1656.5867202842269     
   1657.0372500826643     
   1657.5626557586597     
   1661.1314133183703     
   1665.3117644882041     
   1665.9702066606692     
   1667.2939817795079     
   1681.0006240423606     
   1683.0287894199541     
   1683.9416639174608     
   1688.8893754615851     
   1691.2972583552312     
   1694.0258132332669     
   1696.8092176250445     
   1697.2842325320037     
   1700.9125813050648     
   1712.1853388559671     
   1715.8098545749031     
   1720.3879845585479     
   1721.9172757858560     
   1727.8905042820602     
   1729.8541548545816     
   1737.6783927772819     
   1739.5037375297279     
   1740.5417595278147     
   1742.3647365708252     
   1746.0935681499905     
   1746.1706483324381     
   1753.0323183286707     
   1754.5012001397113     
   1766.5282976226840     
   1770.0274873647352     
   1773.5926045121316     
   1774.8761203477416     
   1778.7945181407372     
   1785.7341466033934     
   1789.6394041055264     
   1791.8226934770726     
   1794.3217601007991     
   1794.5609964569210     
   1794.9930905329031     
   1799.1511356328617     
   1805.1449898656717     
   1808.4834935338888     
   1813.0062359563576     
   1813.3724571411724     
   1813.5343855343722     
   1814.7417433459693     
   1817.5474929919189     
   1821.1782322313713     
   1822.3816740720208     
   1822.8687357926585     
   1824.1625200953074     
   1825.4886013368632     
   1827.0718095673051     
   1832.5186767454009     
   1833.7873362680875     
   1834.4652377102141     
   1839.6897018823067     
   1842.9718980973387     
   1843.9006090469841     
   1847.9264522425003     
   1848.8400957560225     
   1850.6071682622160     
   1852.4667377777298     
   1852.6171044912794     
   1856.3899490767999     
   1857.3559311752463     
   1857.8129536057793     
   1864.6844215895790     
   1865.1542727535191     
   1867.3825098492434     
   1868.5044339264671     
   1872.8253891631177     
   1877.1435747147600     
   1880.7818838890432     
   1884.8833456728778     
   1885.7504123606273     
   1887.8038835420157     
   1893.1008289786901     
   1894.9799004386834     
   1897.6374902301043     
   1897.7026914734513     
   1901.5123674740648     
   1902.1233287175544     
   1902.5660249968166     
   1905.3453617478135     
   1906.0056377278088     
   1907.0863066890738     
   1907.7318112674307     
   1907.8636052287577     
   1909.2249585644790     
   1912.6124773369231     
   1914.2375637472860     
   1916.7296379775255     
   1920.6057887805857     
   1920.6200476610700     
   1920.8206482109874     
   1922.0533433881233     
   1927.6562122491937     
   1928.3836388363536     
   1928.4012037454172     
   1930.1197225174562     
   1932.4861053242116     
   1932.6870503503758     
   1935.2448988121262     
   1935.7352416806025     
   1936.5617484636446     
   1937.6832314889591     
   1937.8980631391869     
   1937.9661248877333     
   1940.3043741199492     
   1943.1115926726868     
   1943.9268293777095     
   1945.4298361844660     
   1947.1698903203833     
   1947.2956187850443     
   1950.8290016229191     
   1952.4885428897860     
   1954.0576551555769     
   1958.9633156043151     
   1959.0277047010559     
   1960.4581189232545     
   1963.6797536578290     
   1963.9453448083400     
   1964.3692680504971     
   1965.1341150844430     
   1965.7350032836791     
   1965.8387992334078     
   1967.0917306395409     
   1975.9987970169470     
   1978.6584382981982     
   2091.0997357759829     
   2094.8027254894328     
   2104.5581233937237     
   2105.5061361138132     
   2118.2799447824518     
   2120.9845560578501     
   2122.7355822865288     
   2127.3551801918320     
   2127.7206333691456     
   2128.0982268177218     
   2132.2048526774311     
   2132.8412656720093     
   2136.5291945151830     
   2137.7934803084304     
   2139.3301055094130     
   2145.0592495587125     
   2145.5457181326283     
   2147.7632822772325     
   2149.5646624280266     
   2151.3470504506950     
   2151.8000059722171     
   2152.5876250894780     
   2153.9104309020991     
   2159.3171859094446     
   2159.8814339219584     
   2159.9326448868533     
   2161.0465286591075     
   2162.2667556910242     
   2162.9295608460684     
   2163.1371701600424     
   2163.7422659997701     
   2164.9331540625185     
   2165.1632455575091     
   2166.4332406360040     
   2166.8272550279789     
   2167.1166604755240     
   2168.2093958624559     
   2170.3173259810133     
   2172.7345749802121     
   2172.7787988307859     
   2172.8706083375387     
   2173.9771763975882     
   2174.2914337217589     
   2175.3071236576152     
   2175.7860664233363     
   2176.6568925723441     
   2177.3308986050997     
   2177.3385918327704     
   2177.6717965213184     
   2177.8489289004233     
   2179.8665432175580     
   2182.0846610590534     
   2182.3474327476251     
   2182.6658174616909     
   2182.8867889846656     
   2186.8034930733975     
   2186.9462975241458     
   2187.4836327791190     
   2187.5510983312829     
   2187.8698910241092     
   2188.4285927052697     
   2188.9649299952912     
   2191.1699092866602     
   2191.2927515131041     
   2192.6324401077945     
   2192.8006472465640     
   2193.8136249133772     
   2194.3194469575619     
   2196.3237102074595     
   2198.0733764187066     
   2198.2311830819135     
   2199.8806267381578     
   2201.2262031388273     
   2201.9007260641647     
   2202.2546702580921     
   2203.5917411970022     
   2204.2627313468552     
   2204.5089403135125     
   2204.6004784185088     
   2205.4597231349649     
   2208.0650076902052     
   2208.5270965157933     
   2210.0189816248517     
   2210.4898807838313     
   2210.6157556529106     
   2210.9154842622488     
   2211.1566142247602     
   2212.5397525838093     
   2213.5785934150126     
   2214.1378475100346     
   2217.0025765245264     
   2218.9829750162371     
   2219.2442869388524     
   2220.7306459752699     
   2222.2320942936926     
   2224.9187662935988     
   2225.5694734518311     
   2226.0166630392255     
   2226.2874794083878     
   2227.7326428865736     
   2228.2424034596224     
   2228.6303438206705     
   2230.6634036650657     
   2230.6876413429050     
   2235.0666083326255     
   2294.5357016262851     
   2295.8431059887234     
   2295.9423191572428     
   2296.6001490160743     
   2298.6005009904070     
   2302.2466471464695     
   2308.0102917565609     
   2308.6545789031443     
   2316.0869609158131     
   2320.5580245101291     
   2325.4060757929096     
   2330.9282947740412     
   2337.5490446571143     
   2339.6208758853627     
   2341.2681852555688     
   2342.0601441631784     
   2344.6913200428035     
   2345.2226920295093     
   2346.2199706272440     
   2347.2019645588134     
   2349.1520022180034     
   2349.4819776436098     
   2349.7063133553879     
   2350.9255763477563     
   2352.3943072269158     
   2353.1109602436532     
   2357.2470614145573     
   2358.2683680896021     
   2361.5396715147936     
   2362.8768813121810     
   2366.6599973915590     
   2369.4899710816712     
   2369.5723521135342     
   2371.0726265387793     
   2371.9734597118304     
   2378.3663958889288     
   2378.7047058439234     
   2383.1488386552842     
   2386.8145532893777     
   2388.2727195218872     
   2390.0576882513169     
   2392.0773643983721     
   2395.1032095637802     
   2395.8983751939695     
   2396.2270438645191     
   2398.1061295491959     
   2400.0380349003958     
   2401.0093257223753     
   2404.1672574578993     
   2404.5028599829948     
   2410.1314063356836     
   2410.2901754131863     
   2411.1545920823814     
   2412.3886528846292     
   2412.5571915458222     
   2413.6371752350215     
   2417.2064443669756     
   2418.0595038277652     
   2419.4512914663851     
   2423.9664942245572     
   2424.5011832153668     
   2424.7795311040859     
   2425.3878004378439     
   2426.1107830031228     
   2427.2825785271784     
   2429.2581513411874     
   2429.3928522299575     
   2430.4696782747546     
   2432.8899288526804     
   2433.9105097992092     
   2435.7520831794795     
   2443.6262083807715     
   2453.5481106324123     
   2453.9957016892022     
   2454.7807595758009     
   2456.5082409871688     
   2458.1596819102374     
   2459.4648807015542     
   2459.7420880897562     
   2463.9583232606460     
   2464.7275625937841     
   2467.3291883908305     
   2469.1981199205702     
   2471.1663705042542     
   2471.5212351508735     
   2473.8230786578956     
   2474.2027174554951     
   2486.2012935120092     
   2486.7822952657307     
   2491.6673769477429     
   2493.0985741932450     
   2496.7921117778355     
   2504.3652816988565     
   2504.6337603833945     
   2506.5861186622842     
   2510.8403710049488     
   2512.6273163204942     
   2514.7438931708771     
   2515.5566884876694     
   2516.5986907007173     
   2517.9838381145173     
   2518.8335496885979     
   2518.9389152305585     
   2521.2188591096642     
   2526.7256103415402     
   2528.1973471564093     
   2535.5473624522897     
   2536.5812205313414     
   2546.1654526387329     
   2546.2799232148132     
   2549.8974720229126     
   2564.7632449164607     
   2567.9618182634758     
   2568.5593478178334     
   2569.4087006965988     
   2575.0629316007589     
   2577.0504389936918     
   2577.2662302315698     
   2578.5941265319125     
   2580.0164709437827     
   2581.0704410274670     
   2583.0051441032610     
   2584.1774032971525     
   2585.8434160023685     
   2585.9952793531011     
   2586.2038732063857     
   2586.8342877052874     
   2587.1469767591334     
   2587.1766971438537     
   2587.3244974546064     
   2587.8000804276935     
   2587.9611378561526     
   2588.2597736653092     
   2589.8690788311510     
   2590.6460297528301     
   2590.6800484084574     
   2590.9772843914557     
   2591.4175569633489     
   2591.6868296548691     
   2593.2388529541590     
   2595.5175871052966     
   2596.8599086516770     
   2596.9119898899630     
   2597.1121807711447     
   2597.6579892290324     
   2597.7762494716903     
   2598.1896967568309     
   2598.6092251338077     
   2598.8546336828263     
   2599.2955027379644     
   2599.3154770679407     
   2599.4240810885804     
   2599.5618490238262     
   2599.9202999170157     
   2599.9237905543541     
   2601.0876383423406     
   2601.3495146081023     
   2601.3745259711418     
   2602.4848843547079     
   2603.7974253028269     
   2604.3293730038213     
   2604.5417513437942     
   2604.7576024820237     
   2604.8016451952908     
   2605.8075746389118     
   2605.8614729120350     
   2606.1395030039071     
   2606.2496705310868     
   2607.6117474703947     
   2608.1063809661282     
   2609.0773662669103     
   2609.4995150061304     
   2609.7882563871917     
   2609.9313108261795     
   2610.7473942540614     
   2610.7540863058721     
   2610.8469823050709     
   2611.0092067733958     
   2612.5098059365182     
   2613.1586744434053     
   2613.8082654638038     
   2614.1041616112661     
   2614.4453970828004     
   2615.7124748310093     
   2615.7928259784858     
   2616.9849826058903     
   2617.6606387518668     
   2617.7184827787523     
   2618.4099866264337     
   2618.5435978413734     
   2618.6276442925928     
   2618.8553422845221     
   2619.0109665859050     
   2620.0973842580484     
   2620.6636145834414     
   2622.1177929996052     
   2622.1459303535371     
   2623.2852063583341     
   2625.1131984519998     
   2626.8465147163079     
   2628.3803262742140     
   2628.5119299920270     
   2628.5406691440594     
   2629.4342004711229     
   2629.4351004031087     
   2629.5311495774886     
   2629.9398582493709     
   2631.3366289641654     
   2631.4485152196703     
   2634.1883688221692     
   2635.6425162818005     
   2636.7212445772293     
   2636.8249067524562     
   2638.5515189090434     
   2639.9434613529993     
   2641.1359699936816     
   2643.9208730843461     
   2644.9168897199829     
   2645.4416948663034     
   2645.7614089985682     
   2645.9605606344626     
   2646.0282636244792     
   2651.0052717784370     
   2652.3137315886474     
   2652.6279205509868     
   2654.4019681195259     
   2655.1549435846814     
   2655.3395997648418     
   2656.1493546012985     
   2656.4046617320673     
   2657.0031425477850     
   2658.4378574045381     
   2660.3883696204330     
   2661.3829233610104     
   2662.8251735490185     
   2663.8252940794710     
   2665.0507320326228     
   2665.1480332529577     
   2666.7732444360449     
   2668.6144911658221     
   2669.0979084923961     
   2674.8342398350296     
   2675.9894797601619     
   2677.5118611718817     
   2678.0915046203022     
   2680.7525860479973     
   2681.5608076536760     
   2682.6475744312443     
   2690.8874539839753     
   2691.7038943438856     
   2691.8210797702523     
   2692.1582131437699     
   2694.6727936757025     
   2695.5482521395375     
   2696.0380728896012     
   2700.1701568722419     
   2702.4446137382256     
   2702.7237388746657     
   2705.7153195912988     
   2707.6938057745365     
   2709.9237319372919     
   2711.7173755481535     
   2715.2210901465451     
   2715.4350809677321     
   2716.3625444660775     
   2719.0084274420215     
   2719.5240196245504     
   2720.8941872358459     
   2723.8814614926655     
   2725.0354999014730     
   2725.9201980474713     
   2726.9519756026953     
   2726.9639407770037     
   2728.1448112398584     
   2730.0814958740216     
   2730.7081060950686     
   2732.3893025282487     
   2732.6952250755944     
   2733.3343095521450     
   2734.1778806447355     
   2735.1167609536506     
   2739.4719933529486     
   2739.8262634656685     
   2740.5803563012009     
   2741.3740985836557     
   2742.9014061688695     
   2743.6288785909214     
   2744.4366583367455     
   2744.9891495671986     
   2747.3728035861800     
   2747.9608341078738     
   2747.9625233111924     
   2750.9862822026330     
   2754.4417555187106     
   2754.7821365773138     
   2755.5663122093592     
   2761.3502799840785     
   2762.9065961366905     
   2764.4225191842602     
   2764.8161206127111     
   2765.4824326444391     
   2767.3282406549756     
   2767.6853750873124     
   2768.6415495123510     
   2770.4051176324379     
   2773.1405817952991     
   2778.3930895511753     
   2781.7761714974690     
   2784.5117186702605     
   2788.1160961753853     
   2792.2359912778511     
   2794.2489923113762     
   2794.3073238901588     
   2794.3495367666724     
   2794.6219824703380     
   2795.2335154638399     
   2795.4299566739646     
   2796.5022733793548     
   2796.8250401359010     
   2799.5186582983879     
   2800.6146917680985     
   2800.6997154861278     
   2801.9214199674093     
   2802.2877738393158     
   2802.7380312831183     
   2803.2689936698016     
   2803.5744805869531     
   2805.6265557481915     
   2806.4379144080044     
   2806.9172412412313     
   2807.0521451793770     
   2807.9489880867977     
   2808.9838049462292     
   2809.8211899632120     
   2810.0444461981779     
   2810.6744566936268     
   2811.2253613176886     
   2812.7554011890948     
   2813.1178305330782     
   2813.6766661931460     
   2817.3115020220862     
   2817.6474257475170     
   2819.4134613158503     
   2819.6286380870470     
   2821.1747069058624     
   2821.6671378053525     
   2822.1925169046567     
   2822.4252753407709     
   2822.4274372896043     
   2822.7916412341651     
   2822.8812473317967     
   2823.2587330708866     
   2823.4958431615628     
   2823.8926565990300     
   2824.0075785927129     
   2824.2352940502960     
   2825.5311837895088     
   2826.4954997287587     
   2827.4423518861549     
   2827.4874163209702     
   2827.7894326371493     
   2827.8582512848111     
   2830.1994700444952     
   2831.8392327373003     
   2832.0056161304906     
   2832.0473017879017     
   2832.0542666640695     
   2833.1385451802498     
   2833.2103072514528     
   2833.6546163078388     
   2833.8858979705451     
   2834.1876275649383     
   2834.3477159666854     
   2835.8266606875172     
   2835.9210447121554     
   2837.2112286926686     
   2837.3039065303765     
   2837.5732765041917     
   2837.7550211975799     
   2840.7869519705264     
   2842.5667286072762     
   2842.8278886321145     
   2843.5808505278101     
   2845.5444190777030     
   2845.5867855508295     
   2847.0173484238599     
   2849.6651363731621     
   2849.8509036219339     
   2850.4983791612772     
   2851.7381341425130     
   2852.1575290212186     
   2853.6713857310469     
   2853.9295694378470     
   2854.1761924366742     
   2854.4298300862974     
   2854.4912522542586     
   2854.8131776908149     
   2855.2423099713701     
   2855.3652023836512     
   2856.1545814883398     
   2856.9440657031769     
   2857.3488585397413     
   2858.4715982564185     
   2859.4194208751155     
   2859.8473896418468     
   2861.1022004912006     
   2861.3507537999149     
   2861.7351515979271     
   2863.6379668021414     
   2863.8620500968555     
   2863.9636544852601     
   2864.4318694878002     
   2867.4247648612259     
   2867.4348805279551     
   2867.6389116017726     
   2868.3542097286872     
   2869.3028415149683     
   2869.5912777987282     
   2870.0216858515437     
   2870.0248206952519     
   2870.7565922035110     
   2872.0491321850836     
   2872.5731727984335     
   2872.6407300180422     
   2873.2074177473037     
   2874.3785130933670     
   2874.7793678246339     
   2875.2500538308941     
   2875.3797318504016     
   2876.8433696313537     
   2877.5802097395353     
   2878.3164195455042     
   2878.4750879451985     
   2878.5458802918311     
   2878.8808355939391     
   2880.3354654699401     
   2880.3771878300445     
   2880.4881469517586     
   2880.5064404997952     
   2881.0100287175810     
   2881.2467003967531     
   2881.4356822796153     
   2882.0173826719724     
   2882.0221228348100     
   2882.4527451617073     
   2883.6993164426272     
   2884.7887465570552     
   2884.8417976757983     
   2885.0653922674837     
   2886.3101834219233     
   2887.0794681211241     
   2887.1532469394633     
   2887.3601886207384     
   2887.8755163367023     
   2888.7487806260851     
   2889.6395132390767     
   2889.9101260828729     
   2890.5468465613194     
   2891.3264616159877     
   2891.4590910334164     
   2892.1208499620411     
   2893.0740407614344     
   2893.6946399781368     
   2894.8149789203903     
   2895.1018918310556     
   2896.6237102858840     
   2896.7605369367243     
   2897.6670980017880     
   2897.7673634315424     
   2899.0304614433039     
   2899.1094132396897     
   2900.0847470525900     
   2900.1062652733713     
   2900.4104347255252     
   2900.5398551222479     
   2900.5845262991984     
   2900.8789778967025     
   2901.5872873087424     
   2902.7405910278762     
   2903.5577062860857     
   2904.6293927593388     
   2905.3936004221873     
   2905.6607188021876     
   2907.1603686320768     
   2909.1728306546506     
   2909.2498853919005     
   2909.8890845514065     
   2913.1360251610295     
   2913.4598275603594     
   2914.8517554406189     
   2915.3867240239451     
   2917.1284245595634     
   2917.8261408951234     
   2919.5633246353154     
   2921.4957471071743     
   2922.2094572761966     
   2923.3168291642874     
   2923.9631907266617     
   2926.4503717035486     
   2927.2453650035250     
   2930.4774407948880     
   2931.8883378669457     
   2934.0086660942770     
   2935.0283192919869     
   2936.4124792540961     
   2941.2465990198343     
   2941.8198327909672     
   2942.9441803270165     
   2948.1764567245900     
   2949.6896509055791     
   2950.4269365077362     
   2951.5858313172776     
   2962.4580408797760     
   2962.5928413796214     
   2972.1429418441212     
   2984.6737693581349     
