   1.7311322977064172E-005
   3.1318444083828135E-005
   7.3488428104969089E-005
   1.2523309087284426E-004
   1.7243822191435787E-004
   2.7163023362370233E-004
   3.2390716598266030E-004
   4.6842926219642313E-004
   6.2064522262374189E-004
   7.8426647905008307E-004
   8.3232445284026004E-004
   8.9576379619096661E-004
   9.0670188547607689E-004
   1.0434302206618869E-003
   1.0665223669108781E-003
   1.2176555826668670E-003
   1.2835984292276000E-003
   1.3111318432957833E-003
   1.3188595340230887E-003
   1.3526800446572766E-003
   1.4757133845975032E-003
   1.6434967929131253E-003
   1.6956454644596708E-003
   1.7609735670898602E-003
   1.8367055021428240E-003
   1.8628310618742031E-003
   1.8838738728621191E-003
   1.9368313280284733E-003
   2.0464108402347666E-003
   2.0839876651830981E-003
   2.1814041017270205E-003
   2.2271773610182365E-003
   2.3098593821881189E-003
   2.4211022195646456E-003
   2.5028972182665130E-003
   2.5485105417012940E-003
   2.6146571834043766E-003
   2.6278535638893995E-003
   2.7452399604504518E-003
   2.8063813915072916E-003
   2.8200298987725858E-003
   2.8458056645279074E-003
   2.8825311837128898E-003
   2.9494578710155955E-003
   2.9898719835270934E-003
   3.0520129416094013E-003
   3.0830079547006107E-003
   3.1054526176699819E-003
   3.1620835533029928E-003
   3.2214396503450040E-003
   3.3056757701278791E-003
   3.3237768265164764E-003
   3.4098533901670836E-003
   3.4552645154315937E-003
   3.5044751088312820E-003
   3.5550289944989437E-003
   3.6007134884233887E-003
   3.6268117902520736E-003
   3.7177771152353176E-003
   3.7316199613414269E-003
   3.7445139578695928E-003
   3.7942397576024916E-003
   3.8642110819965478E-003
   3.9005396529833295E-003
   3.9512683395663837E-003
   3.9783798594700106E-003
   4.0204222172936866E-003
   4.0589407570942098E-003
   4.1377984496411835E-003
   4.1774308804237411E-003
   4.2144067271356923E-003
   4.2938629557471159E-003
   4.3139753561650951E-003
   4.3286480317471059E-003
   4.3645440304481611E-003
   4.3972908789591727E-003
   4.4365831420560605E-003
   4.5034311939053532E-003
   4.5362165468173753E-003
   4.5659716407940682E-003
   4.5904536948312667E-003
   4.6647700402167036E-003
   4.7486085312971743E-003
   4.7787834512183032E-003
   4.7950618746702717E-003
   4.8580882622359378E-003
   4.9097269372950971E-003
   4.9223264321582522E-003
   4.9605001338296987E-003
   4.9898683863207607E-003
   5.0460818131421101E-003
   5.1348901979470229E-003
   5.2107285331952566E-003
   5.2762365723063604E-003
   5.2875264416736576E-003
   5.3046990824974910E-003
   5.3519163093530969E-003
   5.3914088334049903E-003
   5.4092160376750529E-003
   5.4479230795056672E-003
   5.4689644674743507E-003
   5.5830686061590076E-003
   5.5909094522586904E-003
   5.6053150954537131E-003
   5.6931516519331399E-003
   5.7268335203871732E-003
   5.7732584060186456E-003
   5.8009095312418673E-003
   5.8082707718587227E-003
   5.8929633446942664E-003
   5.9108325366865081E-003
   5.9536799578237222E-003
   5.9649430767424409E-003
   5.9916411616616500E-003
   6.0317505147888476E-003
   6.0360208206803835E-003
   6.0936663682968906E-003
   6.1207701309878241E-003
   6.1426452628548242E-003
   6.1782666809673233E-003
   6.2227637669322756E-003
   6.2470927729410333E-003
   6.2809287618201945E-003
   6.2881696176891695E-003
   6.3659752059642910E-003
   6.3773444019505831E-003
   6.4524425027269114E-003
   6.5228852796926917E-003
   6.5698550734527867E-003
   6.5887392314412513E-003
   6.6277526421754142E-003
   6.6662051701801518E-003
   6.6905922461241180E-003
   6.7473848563881353E-003
   6.7597448241989979E-003
   6.7828296910524147E-003
   6.8317610609567314E-003
   6.8555927782015438E-003
   6.8920131234065712E-003
   6.9145128622678477E-003
   6.9591752682492663E-003
   6.9702518608868239E-003
   7.0259128590188999E-003
   7.0679302316048569E-003
   7.1026689839107380E-003
   7.1284836230031887E-003
   7.1445263773504937E-003
   7.1876686752899580E-003
   7.2107655751441424E-003
   7.2237039154539459E-003
   7.2500114035757898E-003
   7.3190427554651674E-003
   7.3582950578252532E-003
   7.4114345114063849E-003
   7.4314125012596528E-003
   7.4605026362831121E-003
   7.4694334325903985E-003
   7.5069251787157716E-003
   7.5303341688375755E-003
   7.5544275416818928E-003
   7.5708985805315035E-003
   7.6243834519168323E-003
   7.6727258291853740E-003
   7.6776180268406441E-003
   7.7097519612205857E-003
   7.7322118180160214E-003
   7.7647048492391901E-003
   7.8361835225521995E-003
   7.8682574357303442E-003
   7.8945351283226366E-003
   7.9020029283675009E-003
   7.9083024151417724E-003
   7.9403214015548226E-003
   7.9661331933543137E-003
   8.0227612885398081E-003
   8.0658763352119689E-003
   8.0983387538989642E-003
   8.1328363358779340E-003
   8.1551496927413768E-003
   8.1863470421277042E-003
   8.2203863467225514E-003
   8.2550063932928641E-003
   8.2587208718825321E-003
   8.2907066684680120E-003
   8.3008331416220115E-003
   8.3220221854687602E-003
   8.3622266531300227E-003
   8.4187516584817244E-003
   8.4292807267539929E-003
   8.4544177377362077E-003
   8.5042823573128860E-003
   8.5288511823122769E-003
   8.5363647378982575E-003
   8.5463976744075271E-003
   8.5956543762552504E-003
   8.6226815888627018E-003
   8.6389803075983904E-003
   8.6709150975944668E-003
   8.6884566450961091E-003
   8.7378713931035093E-003
   8.7476237829019286E-003
   8.7683506487798799E-003
   8.7895778000601898E-003
   8.8313894233981744E-003
   8.8387886455971419E-003
   8.8451836756260876E-003
   8.9296000809948352E-003
   8.9494731297602281E-003
   8.9959669938873398E-003
   9.0343065950223549E-003
   9.0515085017663557E-003
   9.0839806393824291E-003
   9.1031319761562864E-003
   9.1419058461731980E-003
   9.1581829272665803E-003
   9.1807458653629867E-003
   9.2137802698386683E-003
   9.2440272792905613E-003
   9.2583959291346503E-003
   9.3059854927663582E-003
   9.3289609404344359E-003
   9.3468583883719782E-003
   9.3712102485470159E-003
   9.3853592394672718E-003
   9.4202846983572359E-003
   9.4616548982994278E-003
   9.4819861043090297E-003
   9.5017941004156524E-003
   9.5507557635815150E-003
   9.5791530879694217E-003
   9.6106489049146669E-003
   9.6156471796017984E-003
   9.6343937453310310E-003
   9.6759214375521305E-003
   9.6888220366923884E-003
   9.6945124583994735E-003
   9.7150359015549612E-003
   9.7431645928752562E-003
   9.7669011740369426E-003
   9.8463094137794041E-003
   9.8600735314397208E-003
   9.8859893365655909E-003
   9.8994229673233496E-003
   9.9334844706576494E-003
   9.9624273928213998E-003
   9.9881937200908717E-003
   1.0023975573557213E-002
   1.0026696521494105E-002
   1.0046926955506333E-002
   1.0062564322792022E-002
   1.0079037183616177E-002
   1.0114472337087978E-002
   1.0141725076072345E-002
   1.0172701791225740E-002
   1.0198090418540860E-002
   1.0222565285891595E-002
   1.0239787645466019E-002
   1.0268751270517660E-002
   1.0281918685752353E-002
   1.0327672836943752E-002
   1.0344141998563086E-002
   1.0377347634145549E-002
   1.0388625676975198E-002
   1.0404937778840693E-002
   1.0441318105705385E-002
   1.0521357788502826E-002
   1.0543963739551241E-002
   1.0546959426128022E-002
   1.0576283751729105E-002
   1.0586173602352091E-002
   1.0599501762001416E-002
   1.0609211138584129E-002
   1.0639161464997396E-002
   1.0680198033265623E-002
   1.0692762867864775E-002
   1.0750729070827063E-002
   1.0772762719404048E-002
   1.0788702364362366E-002
   1.0794451793153702E-002
   1.0814771840124561E-002
   1.0823768986027814E-002
   1.0870738983146650E-002
   1.0879544436303474E-002
   1.0886118572074405E-002
   1.0896406128627585E-002
   1.0922529697061159E-002
   1.0947122873821670E-002
   1.1000252039130975E-002
   1.1005477810662825E-002
   1.1046313729839651E-002
   1.1061975335696745E-002
   1.1070203035622023E-002
   1.1090250451611570E-002
   1.1109273468174731E-002
   1.1121084164086843E-002
   1.1142932576519139E-002
   1.1149537323945413E-002
   1.1179119503768171E-002
   1.1184820803920695E-002
   1.1207360882248480E-002
   1.1213618085886544E-002
   1.1274109947517985E-002
   1.1303595789749462E-002
   1.1326502029240276E-002
   1.1370057687546370E-002
   1.1382671522078575E-002
   1.1399765732702238E-002
   1.1419566239494892E-002
   1.1430613356892777E-002
   1.1440448759899186E-002
   1.1472715781289399E-002
   1.1517428564110558E-002
   1.1518591021710703E-002
   1.1536228142688456E-002
   1.1563986352440438E-002
   1.1570562176270643E-002
   1.1614589877183822E-002
   1.1623052638945990E-002
   1.1628939472478835E-002
   1.1664141865944222E-002
   1.1696806464688937E-002
   1.1718331267112150E-002
   1.1740994267517435E-002
   1.1771489855709763E-002
   1.1785490425144035E-002
   1.1814381172261570E-002
   1.1840212163968607E-002
   1.1855721523493392E-002
   1.1883932578699021E-002
   1.1889310098950764E-002
   1.1917799665025961E-002
   1.1933548511915986E-002
   1.1943691453009548E-002
   1.1975264980700369E-002
   1.2001380930762409E-002
   1.2030313143548061E-002
   1.2063634628719545E-002
   1.2077611186644353E-002
   1.2123115744260128E-002
   1.2136755063899453E-002
   1.2150175525153583E-002
   1.2195919120038557E-002
   1.2202406368949826E-002
   1.2234587160875394E-002
   1.2248758114190411E-002
   1.2260801593443673E-002
   1.2282154451021959E-002
   1.2298048363321967E-002
   1.2312081723702694E-002
   1.2347561723193037E-002
   1.2354572887820650E-002
   1.2386804560062577E-002
   1.2395666931454434E-002
   1.2406474251555055E-002
   1.2451158315887285E-002
   1.2459299278578955E-002
   1.2500760917902802E-002
   1.2505065842889062E-002
   1.2524338328074969E-002
   1.2534074394299283E-002
   1.2563577810947576E-002
   1.2570997057034220E-002
   1.2596096454887956E-002
   1.2607842346431723E-002
   1.2648691681102209E-002
   1.2659495031026317E-002
   1.2676583508565688E-002
   1.2701526531481353E-002
   1.2709341699252613E-002
   1.2719008484542856E-002
   1.2746460084222424E-002
   1.2754645404065375E-002
   1.2768553032561246E-002
   1.2792840843819006E-002
   1.2811267121557498E-002
   1.2819698214576585E-002
   1.2839958622548648E-002
   1.2845567023365275E-002
   1.2883803932982330E-002
   1.2901235887895827E-002
   1.2918147620576574E-002
   1.2945869712524961E-002
   1.2959741531301998E-002
   1.2973747876146077E-002
   1.2990597270641727E-002
   1.2994519817372275E-002
   1.2999601791578724E-002
   1.3027624716626615E-002
   1.3034006185821897E-002
   1.3061052112169850E-002
   1.3080922634796766E-002
   1.3094374354064790E-002
   1.3110617045303488E-002
   1.3123971953100545E-002
   1.3136992904032785E-002
   1.3169077804253424E-002
   1.3189143341211891E-002
   1.3207700664757098E-002
   1.3249445378288279E-002
   1.3261284766564484E-002
   1.3294578317644737E-002
   1.3301845699956079E-002
   1.3319764414700822E-002
   1.3340495708446386E-002
   1.3352005664326063E-002
   1.3360183707625494E-002
   1.3412453569095087E-002
   1.3422252523253556E-002
   1.3426648598752575E-002
   1.3429941487688479E-002
   1.3444766205347980E-002
   1.3466432021393630E-002
   1.3483590679418681E-002
   1.3508662260626997E-002
   1.3520233081632775E-002
   1.3530308225556727E-002
   1.3559242315334232E-002
   1.3568080560642405E-002
   1.3582646882642399E-002
   1.3590135215697623E-002
   1.3597737733707392E-002
   1.3623562383728737E-002
   1.3639476920119258E-002
   1.3653372760456178E-002
   1.3671646572012669E-002
   1.3677633995756118E-002
   1.3690236975990200E-002
   1.3695620821552507E-002
   1.3713206432432840E-002
   1.3737972385673156E-002
   1.3770050989612169E-002
   1.3778272523371731E-002
   1.3784706267750352E-002
   1.3810106478835628E-002
   1.3817362259572565E-002
   1.3829872673016790E-002
   1.3844415785429704E-002
   1.3863028307955091E-002
   1.3877097796575725E-002
   1.3916451100724220E-002
   1.3936364924297737E-002
   1.3942360955412857E-002
   1.3955293006258505E-002
   1.3961362881809469E-002
   1.3976061092836164E-002
   1.3996489797465327E-002
   1.4008879642521980E-002
   1.4018858152450358E-002
   1.4037241561960180E-002
   1.4054871657577839E-002
   1.4068140945445598E-002
   1.4073102147801771E-002
   1.4079487099822709E-002
   1.4090624238990879E-002
   1.4099045659617750E-002
   1.4144346905543266E-002
   1.4155621910208175E-002
   1.4181525775641666E-002
   1.4210783786992101E-002
   1.4219365230777182E-002
   1.4231964582659984E-002
   1.4237797276782859E-002
   1.4256945345434650E-002
   1.4265941805491896E-002
   1.4282206036667681E-002
   1.4299909864954493E-002
   1.4307982959181184E-002
   1.4320277023750083E-002
   1.4338147602247789E-002
   1.4344786488154104E-002
   1.4368615776471416E-002
   1.4387965540813097E-002
   1.4393801799908330E-002
   1.4417401719349184E-002
   1.4426705387086205E-002
   1.4439952517906314E-002
   1.4446897769636034E-002
   1.4482668825808879E-002
   1.4484804469314759E-002
   1.4515837115229356E-002
   1.4528180954467864E-002
   1.4548469492429397E-002
   1.4550969455855140E-002
   1.4570466809289577E-002
   1.4580773231635924E-002
   1.4589014720533509E-002
   1.4613247444388381E-002
   1.4634702732180951E-002
   1.4641749016082537E-002
   1.4669138149278301E-002
   1.4669539929801311E-002
   1.4683072123364001E-002
   1.4706250433991975E-002
   1.4710383300429957E-002
   1.4720172900574540E-002
   1.4750389009090099E-002
   1.4769959555485138E-002
   1.4820814978970035E-002
   1.4840969821046969E-002
   1.4854731260743154E-002
   1.4865011661898483E-002
   1.4876046845942164E-002
   1.4886003821097584E-002
   1.4900796825290894E-002
   1.4924680600336858E-002
   1.4940252012984399E-002
   1.4944891231474459E-002
   1.4952650187351509E-002
   1.4977366200737979E-002
   1.4991611657403517E-002
   1.5016680945828564E-002
   1.5021844263372115E-002
   1.5039028039255612E-002
   1.5052029715672374E-002
   1.5060968676176709E-002
   1.5079456916787085E-002
   1.5084657853076281E-002
   1.5104716416682774E-002
   1.5124228827838600E-002
   1.5129444842499550E-002
   1.5160290411243083E-002
   1.5164945849677260E-002
   1.5173389559070003E-002
   1.5202229462366434E-002
   1.5229735921656943E-002
   1.5233337439273130E-002
   1.5253624903976233E-002
   1.5257901505491766E-002
   1.5270848923808918E-002
   1.5286759996154205E-002
   1.5301827742545607E-002
   1.5317232648617412E-002
   1.5327176425784269E-002
   1.5342196654171457E-002
   1.5368671771439604E-002
   1.5384215595854150E-002
   1.5388183206511526E-002
   1.5407158485970775E-002
   1.5420225351316373E-002
   1.5440289980210214E-002
   1.5450139348635055E-002
   1.5470232124891568E-002
   1.5483093893042836E-002
   1.5495530640155967E-002
   1.5504867226066837E-002
   1.5517686234584674E-002
   1.5538873485698894E-002
   1.5542474818453762E-002
   1.5547405127905560E-002
   1.5567416134250457E-002
   1.5581664367717712E-002
   1.5591385663037435E-002
   1.5605519944777517E-002
   1.5623203780144276E-002
   1.5630528137696293E-002
   1.5643863707404160E-002
   1.5659191364289404E-002
   1.5677872239298604E-002
   1.5701210487749792E-002
   1.5722539918973561E-002
   1.5731217474884679E-002
   1.5742735966814275E-002
   1.5747328990317382E-002
   1.5759621927356280E-002
   1.5787658895109684E-002
   1.5793526098417665E-002
   1.5812833733759208E-002
   1.5821781695838751E-002
   1.5839127826371979E-002
   1.5853914417849339E-002
   1.5874898120434053E-002
   1.5879847448416261E-002
   1.5882607634078453E-002
   1.5898611113912310E-002
   1.5907451004393825E-002
   1.5918232081674127E-002
   1.5920848392593882E-002
   1.5925026926202780E-002
   1.5944420084228032E-002
   1.5953948802222912E-002
   1.5979083011609250E-002
   1.5989257388956634E-002
   1.6019602772136755E-002
   1.6030489859019607E-002
   1.6047883072732048E-002
   1.6050316769759897E-002
   1.6072059210596748E-002
   1.6077951683880282E-002
   1.6087994125854259E-002
   1.6111955882042114E-002
   1.6137456460352837E-002
   1.6157360370373991E-002
   1.6178943247518517E-002
   1.6187273466674611E-002
   1.6196178307985486E-002
   1.6203851757286249E-002
   1.6225295293816649E-002
   1.6236809676757641E-002
   1.6259773600302483E-002
   1.6273416048512492E-002
   1.6283357894538383E-002
   1.6296156297642760E-002
   1.6309114734604651E-002
   1.6321746219503407E-002
   1.6334672307367678E-002
   1.6355158830905749E-002
   1.6373315290782613E-002
   1.6379393038960480E-002
   1.6394875971394818E-002
   1.6419595819114362E-002
   1.6430052819973090E-002
   1.6448359799918676E-002
   1.6452971999765927E-002
   1.6463919431317385E-002
   1.6495217656288117E-002
   1.6509672857836000E-002
   1.6514970219655607E-002
   1.6538725242838802E-002
   1.6546524371472238E-002
   1.6575419525102088E-002
   1.6598291966918876E-002
   1.6602737509191914E-002
   1.6622854029501671E-002
   1.6636269375449212E-002
   1.6651145210336098E-002
   1.6652430534203309E-002
   1.6678245946164280E-002
   1.6681664712313235E-002
   1.6704776389469513E-002
   1.6722266017669407E-002
   1.6734113228689756E-002
   1.6755493375877447E-002
   1.6768612398738517E-002
   1.6777171245835141E-002
   1.6790983695563765E-002
   1.6808095089513517E-002
   1.6819718965061330E-002
   1.6863581792575112E-002
   1.6874595509494137E-002
   1.6878861037563656E-002
   1.6887703637438387E-002
   1.6893198054627939E-002
   1.6902415014474672E-002
   1.6914768813365760E-002
   1.6938431374670784E-002
   1.6950782123653314E-002
   1.6959540904391314E-002
   1.6972268813430332E-002
   1.7004279004331331E-002
   1.7010874996977562E-002
   1.7017051273212333E-002
   1.7024964437374793E-002
   1.7028973283277935E-002
   1.7053614443546687E-002
   1.7056022478044046E-002
   1.7067198479757368E-002
   1.7094580953047583E-002
   1.7111251519903840E-002
   1.7117850773400833E-002
   1.7138053285387551E-002
   1.7142738784958953E-002
   1.7160287944778297E-002
   1.7164681113015615E-002
   1.7179967313343307E-002
   1.7187825019067064E-002
   1.7216403792707186E-002
   1.7224060994180460E-002
   1.7236995010795342E-002
   1.7247478131162002E-002
   1.7261798364367326E-002
   1.7273320000371805E-002
   1.7288784483461335E-002
   1.7294508357682717E-002
   1.7326154442283304E-002
   1.7336079240289050E-002
   1.7345504551098824E-002
   1.7357787038981345E-002
   1.7367911127216216E-002
   1.7387569183152322E-002
   1.7393610166743019E-002
   1.7403624489238954E-002
   1.7425980105310691E-002
   1.7437457310343671E-002
   1.7451726285226885E-002
   1.7476515933129721E-002
   1.7482569759669261E-002
   1.7503260181339061E-002
   1.7520074923755555E-002
   1.7525253641325064E-002
   1.7534885197343544E-002
   1.7539483284526841E-002
   1.7553668800180843E-002
   1.7576672207201768E-002
   1.7584033175206317E-002
   1.7599418358382388E-002
   1.7609939846059408E-002
   1.7625250509937140E-002
   1.7639830653351920E-002
   1.7651736903264235E-002
   1.7663575872306315E-002
   1.7670121162967529E-002
   1.7672409848622596E-002
   1.7687180718024994E-002
   1.7703265387587933E-002
   1.7709729743591480E-002
   1.7731775085525377E-002
   1.7751948393957301E-002
   1.7759693413380028E-002
   1.7771854076941377E-002
   1.7792245542963905E-002
   1.7800837954188308E-002
   1.7817993764924125E-002
   1.7823914758039679E-002
   1.7835842943188584E-002
   1.7852535133383283E-002
   1.7863596009227007E-002
   1.7874675360740069E-002
   1.7882154828062789E-002
   1.7894187786471873E-002
   1.7900105743449711E-002
   1.7914914234070399E-002
   1.7932479185972662E-002
   1.7945680628100966E-002
   1.7952083833328737E-002
   1.7967138574072589E-002
   1.7980770316177480E-002
   1.7983562615600579E-002
   1.7995465099387882E-002
   1.8013864403405404E-002
   1.8039423126317160E-002
   1.8054252511486475E-002
   1.8061645398609216E-002
   1.8087278053726768E-002
   1.8091539319375273E-002
   1.8093203157593114E-002
   1.8106634120893996E-002
   1.8134210595805778E-002
   1.8158463298911381E-002
   1.8172733763482430E-002
   1.8176421834775865E-002
   1.8186272982819270E-002
   1.8196847253578567E-002
   1.8199925328690237E-002
   1.8221617115321186E-002
   1.8225084930116903E-002
   1.8240684850235740E-002
   1.8245253091655127E-002
   1.8258755256338789E-002
   1.8279540892520704E-002
   1.8290235272913388E-002
   1.8294551077864457E-002
   1.8311103979514676E-002
   1.8317974223792374E-002
   1.8329141865176177E-002
   1.8337553549597770E-002
   1.8358629238226246E-002
   1.8366617151462157E-002
   1.8383464068304361E-002
   1.8407092141571435E-002
   1.8422670330906339E-002
   1.8429445215624278E-002
   1.8449809943206965E-002
   1.8465786899926642E-002
   1.8472277026417561E-002
   1.8486411081154841E-002
   1.8487671535775334E-002
   1.8490970342143899E-002
   1.8507795086903228E-002
   1.8519708538523375E-002
   1.8528382486215425E-002
   1.8532215493181736E-002
   1.8551975998225681E-002
   1.8573038222671728E-002
   1.8582733883727064E-002
   1.8587491945581971E-002
   1.8594860068336841E-002
   1.8624656242699145E-002
   1.8646880867653801E-002
   1.8654205487076869E-002
   1.8662857171030948E-002
   1.8673017356931578E-002
   1.8686015795062259E-002
   1.8692126231836744E-002
   1.8716203161892875E-002
   1.8722466025069388E-002
   1.8737236914880797E-002
   1.8752912255015824E-002
   1.8758182945878173E-002
   1.8766585055212750E-002
   1.8774907020474497E-002
   1.8784096324387559E-002
   1.8790544145991364E-002
   1.8809340730511034E-002
   1.8823054641829488E-002
   1.8838242734405809E-002
   1.8846198913733635E-002
   1.8849069334346189E-002
   1.8867396936993144E-002
   1.8872541627595881E-002
   1.8885734752809320E-002
   1.8891396878508937E-002
   1.8901825106702255E-002
   1.8913036107402435E-002
   1.8929926541631406E-002
   1.8936823215797569E-002
   1.8962066504495910E-002
   1.8970632731889450E-002
   1.8983745011785885E-002
   1.8989757818416400E-002
   1.9001900683031737E-002
   1.9010909942170907E-002
   1.9020750803176899E-002
   1.9040416280243375E-002
   1.9052021902840641E-002
   1.9054747982547006E-002
   1.9075723305889365E-002
   1.9095982481713108E-002
   1.9112754658454273E-002
   1.9124452084814815E-002
   1.9135542177820677E-002
   1.9142816166648615E-002
   1.9150012349799392E-002
   1.9155126834459107E-002
   1.9168471100288315E-002
   1.9186018202241605E-002
   1.9203900750606042E-002
   1.9211533605487080E-002
   1.9228934667765520E-002
   1.9240334774704555E-002
   1.9245606820819994E-002
   1.9249659319008943E-002
   1.9257980115805276E-002
   1.9279111466025886E-002
   1.9283068322744262E-002
   1.9292419432246199E-002
   1.9303837856596579E-002
   1.9310039567169670E-002
   1.9324118704939545E-002
   1.9338963436368827E-002
   1.9346404026307204E-002
   1.9347527470348486E-002
   1.9369277319535042E-002
   1.9376718184434781E-002
   1.9391344464778183E-002
   1.9398419246926372E-002
   1.9402908139012826E-002
   1.9417386397732758E-002
   1.9420738374171569E-002
   1.9446845775205231E-002
   1.9448639393625324E-002
   1.9468766589390743E-002
   1.9474145445870828E-002
   1.9483143444300639E-002
   1.9493030281381996E-002
   1.9497548070612016E-002
   1.9513516263988732E-002
   1.9527505998527914E-002
   1.9528286567583621E-002
   1.9540807307009581E-002
   1.9543003586204755E-002
   1.9551920483351030E-002
   1.9556544781377357E-002
   1.9564365276537356E-002
   1.9569385088351876E-002
   1.9576803918967850E-002
   1.9589881206098409E-002
   1.9611818431927854E-002
   1.9614887633368938E-002
   1.9623553321346736E-002
   1.9649519648921060E-002
   1.9656873568088141E-002
   1.9682417039618070E-002
   1.9692051247749059E-002
   1.9701457617210309E-002
   1.9717022887006642E-002
   1.9724198483522210E-002
   1.9729437837451139E-002
   1.9744369925946029E-002
   1.9751999445582608E-002
   1.9756730088991880E-002
   1.9771757551574384E-002
   1.9778482166088841E-002
   1.9791210514012367E-002
   1.9794359186663966E-002
   1.9815771462020047E-002
   1.9821202172679825E-002
   1.9825878946224031E-002
   1.9832469945129653E-002
   1.9841631802378929E-002
   1.9855550553824097E-002
   1.9875711032092427E-002
   1.9876235553710143E-002
   1.9888365066574928E-002
   1.9892634594443889E-002
   1.9903104057367220E-002
   1.9917127024421551E-002
   1.9924056543762773E-002
   1.9944067212281872E-002
   1.9950425693397479E-002
   1.9955667032457197E-002
   1.9969230764913297E-002
   1.9995819109927274E-002
   2.0004129609908602E-002
   2.0015503088832751E-002
   2.0024821337858073E-002
   2.0045751999872401E-002
   2.0052860119188196E-002
   2.0067260105468023E-002
   2.0071645482296629E-002
   2.0086688863312809E-002
   2.0097411925384241E-002
   2.0111987122623881E-002
   2.0128483575577928E-002
   2.0133472685369993E-002
   2.0139255081333390E-002
   2.0156196933544871E-002
   2.0158838605808194E-002
   2.0162450452590144E-002
   2.0172295999314412E-002
   2.0179434145743295E-002
   2.0212033935491286E-002
   2.0212856817511782E-002
   2.0226197877649371E-002
   2.0236928754991609E-002
   2.0250518247738821E-002
   2.0255191198140399E-002
   2.0257835003038200E-002
   2.0273934376359371E-002
   2.0278418178602542E-002
   2.0313340126392344E-002
   2.0320575501467444E-002
   2.0323149387736869E-002
   2.0337158514963965E-002
   2.0346759025116259E-002
   2.0356067754933756E-002
   2.0368715864197789E-002
   2.0373611001052182E-002
   2.0392552045889252E-002
   2.0409470808875736E-002
   2.0422137800924851E-002
   2.0434889235983366E-002
   2.0442053473681825E-002
   2.0457403347469462E-002
   2.0466965256424594E-002
   2.0470488476332004E-002
   2.0488317855660514E-002
   2.0503967316796327E-002
   2.0509748235729371E-002
   2.0528036189995793E-002
   2.0537024200021976E-002
   2.0539296088414219E-002
   2.0549831865439211E-002
   2.0570498889479118E-002
   2.0575990342744498E-002
   2.0593021286690955E-002
   2.0605955940497175E-002
   2.0613393693499835E-002
   2.0624136865071713E-002
   2.0642276781664349E-002
   2.0649551764172158E-002
   2.0658616847038094E-002
   2.0664266229698334E-002
   2.0671918505402374E-002
   2.0675951514792786E-002
   2.0680086206614431E-002
   2.0691652062409659E-002
   2.0711058657816066E-002
   2.0720729459665209E-002
   2.0742646634938931E-002
   2.0746526127422522E-002
   2.0754206567527675E-002
   2.0757567544206233E-002
   2.0765031325275785E-002
   2.0772500490952518E-002
   2.0785169918210271E-002
   2.0799988696505227E-002
   2.0821354295860465E-002
   2.0832080860586109E-002
   2.0837411683067318E-002
   2.0851394277332763E-002
   2.0858082200596796E-002
   2.0863429845215633E-002
   2.0894269592060276E-002
   2.0908639799778968E-002
   2.0918648083395677E-002
   2.0928292710968372E-002
   2.0931027011480658E-002
   2.0949732412120833E-002
   2.0952646599732304E-002
   2.0961172341432816E-002
   2.0970551274420518E-002
   2.0975910708463129E-002
   2.0980354811978959E-002
   2.0996953568141363E-002
   2.1003418741218517E-002
   2.1005941957416296E-002
   2.1014383430605209E-002
   2.1025040774573504E-002
   2.1042736198650162E-002
   2.1050711695055860E-002
   2.1057208261858928E-002
   2.1067873834582723E-002
   2.1069614710882763E-002
   2.1076990260091182E-002
   2.1106562009445270E-002
   2.1111079509898167E-002
   2.1126464376961404E-002
   2.1142380714203799E-002
   2.1150417841948928E-002
   2.1156079578940043E-002
   2.1160847211072222E-002
   2.1179458736827292E-002
   2.1189113899456536E-002
   2.1199119138305935E-002
   2.1211692678625080E-002
   2.1216408011640889E-002
   2.1225157460850939E-002
   2.1229884194606741E-002
   2.1248001183822009E-002
   2.1267926814757272E-002
   2.1272836659654619E-002
   2.1287780795110421E-002
   2.1291018566619611E-002
   2.1298735216323750E-002
   2.1310521405623509E-002
   2.1320524819452773E-002
   2.1322425344192091E-002
   2.1340927371418478E-002
   2.1347362316826206E-002
   2.1360210666658538E-002
   2.1366985114878889E-002
   2.1377266080557396E-002
   2.1378230369073520E-002
   2.1389480058564173E-002
   2.1398642509752965E-002
   2.1413505564031720E-002
   2.1419468676682152E-002
   2.1433676278185466E-002
   2.1443200011282439E-002
   2.1455740190302986E-002
   2.1467416228551420E-002
   2.1474032385206579E-002
   2.1491138986189977E-002
   2.1510767725288617E-002
   2.1515248138186362E-002
   2.1519694855303848E-002
   2.1532675040277206E-002
   2.1536240491949406E-002
   2.1548888128206350E-002
   2.1558849360911726E-002
   2.1563140224187240E-002
   2.1583349402818412E-002
   2.1593671144765177E-002
   2.1601441126100948E-002
   2.1611857456748006E-002
   2.1632012126177949E-002
   2.1642519319616468E-002
   2.1653026290645912E-002
   2.1672875281780368E-002
   2.1689240286769721E-002
   2.1705258538219752E-002
   2.1711219210127437E-002
   2.1717979801476491E-002
   2.1721905545667563E-002
   2.1724342682572957E-002
   2.1742978304020548E-002
   2.1751352292346614E-002
   2.1769011903659732E-002
   2.1785650046914753E-002
   2.1800790004369484E-002
   2.1802146591442934E-002
   2.1811997856933444E-002
   2.1837236268832907E-002
   2.1840527774215277E-002
   2.1850483548743405E-002
   2.1865013945168307E-002
   2.1878155135787263E-002
   2.1893303029623348E-002
   2.1899240902581010E-002
   2.1906762337513094E-002
   2.1916675982707585E-002
   2.1927746948853938E-002
   2.1939648121150235E-002
   2.1954705243256347E-002
   2.1969058682984505E-002
   2.1987385803691022E-002
   2.2006365442176615E-002
   2.2013944448377950E-002
   2.2022070657937834E-002
   2.2023240135876095E-002
   2.2048192534480208E-002
   2.2052028372597357E-002
   2.2069845439773018E-002
   2.2077159489083016E-002
   2.2083533243096455E-002
   2.2097460999244107E-002
   2.2110203331330812E-002
   2.2121797949580996E-002
   2.2134191367718620E-002
   2.2146968757260885E-002
   2.2151314958341908E-002
   2.2157369186714165E-002
   2.2181546771460510E-002
   2.2186935877758371E-002
   2.2204984992882509E-002
   2.2223279978971836E-002
   2.2230874474371977E-002
   2.2232787220933886E-002
   2.2245849821424635E-002
   2.2259162077725558E-002
   2.2263667757829682E-002
   2.2273751475414608E-002
   2.2287462858212859E-002
   2.2298759442076297E-002
   2.2310478369010529E-002
   2.2313068758184732E-002
   2.2316888726955170E-002
   2.2325418479087592E-002
   2.2327492736880585E-002
   2.2334091712704243E-002
   2.2348221892723785E-002
   2.2361706986466792E-002
   2.2377236457838703E-002
   2.2397907776718101E-002
   2.2408841314969390E-002
   2.2412822787421207E-002
   2.2437221981036551E-002
   2.2450989979809460E-002
   2.2462377776747863E-002
   2.2468602973908548E-002
   2.2484552486045330E-002
   2.2488500363562584E-002
   2.2516471079330289E-002
   2.2534469414658559E-002
   2.2537213579262579E-002
   2.2549975059487398E-002
   2.2564703819309310E-002
   2.2576302471612311E-002
   2.2598088421472332E-002
   2.2604341406168599E-002
   2.2607956397224762E-002
   2.2616900066117895E-002
   2.2619823860846919E-002
   2.2638158901597764E-002
   2.2642097310463960E-002
   2.2649623256619462E-002
   2.2661623024146722E-002
   2.2673176845330593E-002
   2.2681330546928100E-002
   2.2687630222471913E-002
   2.2718882007573292E-002
   2.2736329944027425E-002
   2.2746908101957286E-002
   2.2750091778821750E-002
   2.2766401109469557E-002
   2.2772732412353541E-002
   2.2778313998954164E-002
   2.2795643406579413E-002
   2.2803027434532448E-002
   2.2814016558202831E-002
   2.2816233504726200E-002
   2.2837379723383053E-002
   2.2840958691929203E-002
   2.2845552208881872E-002
   2.2872367786465141E-002
   2.2878931358239742E-002
   2.2889959150134843E-002
   2.2904553818340136E-002
   2.2915003094966708E-002
   2.2931119599231834E-002
   2.2935706648728592E-002
   2.2951834030869821E-002
   2.2959744687865772E-002
   2.2977869503123957E-002
   2.2993384847266828E-002
   2.2995712283767188E-002
   2.3004852852594286E-002
   2.3021436959083694E-002
   2.3034683833948189E-002
   2.3043511607128184E-002
   2.3068012756408875E-002
   2.3073444604709659E-002
   2.3082845449078033E-002
   2.3103798809345499E-002
   2.3122725044264058E-002
   2.3135340813135424E-002
   2.3141907755635811E-002
   2.3155423455843396E-002
   2.3159877908269264E-002
   2.3169012504013414E-002
   2.3174626660266793E-002
   2.3185191967355672E-002
   2.3199230365043417E-002
   2.3211628253420363E-002
   2.3217263842704266E-002
   2.3227555461004412E-002
   2.3232589537657153E-002
   2.3238211016950561E-002
   2.3255338890475104E-002
   2.3275430548695158E-002
   2.3289178903942352E-002
   2.3290340736576143E-002
   2.3306122221328752E-002
   2.3323811689794548E-002
   2.3338214072027314E-002
   2.3347036129617419E-002
   2.3364384490653409E-002
   2.3375081239229701E-002
   2.3389712758671313E-002
   2.3395096989753204E-002
   2.3406890889765691E-002
   2.3418746957734840E-002
   2.3441053963505220E-002
   2.3450054039939251E-002
   2.3453169607525196E-002
   2.3461268941724980E-002
   2.3479708449725387E-002
   2.3494158890122498E-002
   2.3500969425371835E-002
   2.3513125269934862E-002
   2.3519436299631415E-002
   2.3525913536237023E-002
   2.3531361444115505E-002
   2.3539771308581141E-002
   2.3549256815447485E-002
   2.3577115870378963E-002
   2.3584760696817357E-002
   2.3597954079747217E-002
   2.3616059126566245E-002
   2.3631565415536612E-002
   2.3647689524453668E-002
   2.3662130383783855E-002
   2.3670170991976994E-002
   2.3674831610049230E-002
   2.3690712160754458E-002
   2.3705848441834963E-002
   2.3714264536754331E-002
   2.3747964775511152E-002
   2.3762282126891545E-002
   2.3765425328591650E-002
   2.3770904120171115E-002
   2.3778890356579142E-002
   2.3801792531941712E-002
   2.3806524675261172E-002
   2.3833791792133859E-002
   2.3844549874264782E-002
   2.3847494648720342E-002
   2.3857345278605672E-002
   2.3878789260303922E-002
   2.3880771550488070E-002
   2.3899246312580457E-002
   2.3915851424799149E-002
   2.3924453385620516E-002
   2.3941495057270810E-002
   2.3946709358075843E-002
   2.3954413094411296E-002
   2.3968329009600296E-002
   2.3974971662348101E-002
   2.3982949483041596E-002
   2.3994918755910519E-002
   2.4004899686204343E-002
   2.4014825527624396E-002
   2.4031229342687185E-002
   2.4038497064049365E-002
   2.4051949374203387E-002
   2.4060629058958873E-002
   2.4071152896089784E-002
   2.4088995786434714E-002
   2.4096753952412030E-002
   2.4107612979795610E-002
   2.4111242579605150E-002
   2.4126390653259229E-002
   2.4141150213508666E-002
   2.4155496817712899E-002
   2.4164575789340934E-002
   2.4168931323376129E-002
   2.4189006753554839E-002
   2.4189747501347603E-002
   2.4194828599291732E-002
   2.4236785769012045E-002
   2.4252008353708519E-002
   2.4263936699982593E-002
   2.4267448591702760E-002
   2.4276864352505284E-002
   2.4291717046070971E-002
   2.4294921181089939E-002
   2.4296188980440156E-002
   2.4304984309758026E-002
   2.4315756292961111E-002
   2.4328319831017804E-002
   2.4344497964712462E-002
   2.4350729597553092E-002
   2.4363592830664551E-002
   2.4369011929395071E-002
   2.4380752340530068E-002
   2.4397873058803237E-002
   2.4406767480965492E-002
   2.4409695686101188E-002
   2.4428408406726835E-002
   2.4436283790910052E-002
   2.4448910267212808E-002
   2.4452898217373592E-002
   2.4469609921381405E-002
   2.4490136960718691E-002
   2.4495465193958389E-002
   2.4501118404686367E-002
   2.4511424944296974E-002
   2.4519474759007356E-002
   2.4545108699726991E-002
   2.4552600603578757E-002
   2.4565181415222861E-002
   2.4574899179284859E-002
   2.4579933376759264E-002
   2.4596271905175316E-002
   2.4605871678516623E-002
   2.4620820233340734E-002
   2.4641770449774503E-002
   2.4652639939320823E-002
   2.4664422683585267E-002
   2.4670460463302200E-002
   2.4695921655595390E-002
   2.4704648814983798E-002
   2.4707567400099956E-002
   2.4720131789119647E-002
   2.4737704878414663E-002
   2.4748446580844505E-002
   2.4766074879785292E-002
   2.4781581087810058E-002
   2.4797633700795130E-002
   2.4805750932976725E-002
   2.4811399279374077E-002
   2.4830876656799315E-002
   2.4848530482037501E-002
   2.4857271867339065E-002
   2.4877516265411834E-002
   2.4880030254053557E-002
   2.4899701998056974E-002
   2.4908671853173987E-002
   2.4927860942392268E-002
   2.4938892513527100E-002
   2.4948280298007625E-002
   2.4961315223114476E-002
   2.4967800384581931E-002
   2.4982643294055903E-002
   2.4989465944045327E-002
   2.4996020264354733E-002
   2.5005560163940260E-002
   2.5010981673840471E-002
   2.5036737817722809E-002
   2.5047457715301334E-002
   2.5055447582942106E-002
   2.5066159902689778E-002
   2.5080077439877307E-002
   2.5090889640876513E-002
   2.5101919816803667E-002
   2.5116158837823428E-002
   2.5127246807092277E-002
   2.5140590016440388E-002
   2.5149779177843244E-002
   2.5157383159625648E-002
   2.5171197920175949E-002
   2.5172532237530531E-002
   2.5191926818771311E-002
   2.5208414533682343E-002
   2.5215614733337603E-002
   2.5224012778013064E-002
   2.5227550663609485E-002
   2.5252505669762247E-002
   2.5259234141657694E-002
   2.5261251174673843E-002
   2.5302998866486168E-002
   2.5305585506973115E-002
   2.5337468939677591E-002
   2.5340833235180341E-002
   2.5344607668213167E-002
   2.5370725072408964E-002
   2.5391082872099516E-002
   2.5394454443569848E-002
   2.5396021711913970E-002
   2.5409315011658405E-002
   2.5418342991214295E-002
   2.5427211596639725E-002
   2.5440454142885694E-002
   2.5444304904909985E-002
   2.5464597401373256E-002
   2.5473835734304166E-002
   2.5478545587704619E-002
   2.5490810148724702E-002
   2.5498204940999483E-002
   2.5513907196739610E-002
   2.5522869455097560E-002
   2.5542915336284801E-002
   2.5547723670126914E-002
   2.5567438007015900E-002
   2.5581814982815528E-002
   2.5584665852796902E-002
   2.5612901385223520E-002
   2.5620502641204135E-002
   2.5632521797288973E-002
   2.5641126454984044E-002
   2.5660851906886665E-002
   2.5664622425534505E-002
   2.5668254602679033E-002
   2.5687689123594749E-002
   2.5700678699489162E-002
   2.5710312937585793E-002
   2.5721274150241155E-002
   2.5741888742092128E-002
   2.5744376049107891E-002
   2.5756514187618120E-002
   2.5776328150170096E-002
   2.5787167717711404E-002
   2.5789347265249739E-002
   2.5809394144018956E-002
   2.5819777425796362E-002
   2.5825898621380444E-002
   2.5853118723084531E-002
   2.5862341708645268E-002
   2.5866924434583712E-002
   2.5882750894192119E-002
   2.5892324670652448E-002
   2.5897089138733887E-002
   2.5921685900220912E-002
   2.5929506383896940E-002
   2.5936176391266896E-002
   2.5953505926744617E-002
   2.5961680973789009E-002
   2.5968190819628940E-002
   2.5985285399960888E-002
   2.6011689690976187E-002
   2.6033704094371279E-002
   2.6037477028164124E-002
   2.6048005294564188E-002
   2.6057010949729290E-002
   2.6066650739015637E-002
   2.6096032237645398E-002
   2.6108713479806769E-002
   2.6113357250502643E-002
   2.6123734145549679E-002
   2.6128473948155116E-002
   2.6163730842216435E-002
   2.6170748494560601E-002
   2.6194177498095467E-002
   2.6206783998391450E-002
   2.6220315991174470E-002
   2.6237612543623823E-002
   2.6247270268099285E-002
   2.6259817245156362E-002
   2.6276342134328338E-002
   2.6292069213149444E-002
   2.6301947464957943E-002
   2.6325651850318401E-002
   2.6333859696728863E-002
   2.6353036844369938E-002
   2.6367164641162170E-002
   2.6377373739027855E-002
   2.6395413029984712E-002
   2.6404141061729124E-002
   2.6406400162673122E-002
   2.6418220743907449E-002
   2.6427728707570361E-002
   2.6440029168222783E-002
   2.6464556328293448E-002
   2.6479330082238905E-002
   2.6485119704489118E-002
   2.6492737704503510E-002
   2.6498551443359414E-002
   2.6516452244864593E-002
   2.6530252685987018E-002
   2.6552259145493182E-002
   2.6563824710711142E-002
   2.6578026542108744E-002
   2.6588544404278831E-002
   2.6601719257802459E-002
   2.6610613267751843E-002
   2.6627992853260153E-002
   2.6638002424833714E-002
   2.6641935157564203E-002
   2.6686845204573650E-002
   2.6702044496277617E-002
   2.6711835205481021E-002
   2.6724873352685880E-002
   2.6739316586818183E-002
   2.6758879915632434E-002
   2.6769065178823326E-002
   2.6779393634128620E-002
   2.6800797307923979E-002
   2.6811802471157196E-002
   2.6815828476586076E-002
   2.6832552710436459E-002
   2.6850145391315527E-002
   2.6861589863682214E-002
   2.6881779916970973E-002
   2.6890901317228249E-002
   2.6912749260268220E-002
   2.6923866341043712E-002
   2.6951736792957749E-002
   2.6956951600482337E-002
   2.6979383957207830E-002
   2.6988979316396034E-002
   2.6997213067458302E-002
   2.7018507149118139E-002
   2.7030247253416361E-002
   2.7035294292564720E-002
   2.7058815536046825E-002
   2.7067628284942732E-002
   2.7089393643642629E-002
   2.7105587813721549E-002
   2.7109821080029971E-002
   2.7126517909515705E-002
   2.7138912780054040E-002
   2.7164143351834924E-002
   2.7181282032210864E-002
   2.7188924282501185E-002
   2.7199968829734331E-002
   2.7215725172391955E-002
   2.7221424942799003E-002
   2.7236896076572335E-002
   2.7266203692342089E-002
   2.7280940633081962E-002
   2.7307104678312863E-002
   2.7313959181898082E-002
   2.7334819124138581E-002
   2.7351738893599705E-002
   2.7358508541973997E-002
   2.7373622656502838E-002
   2.7381009525082049E-002
   2.7387300691570089E-002
   2.7390961091034813E-002
   2.7416649157008789E-002
   2.7428278058662135E-002
   2.7449565845900310E-002
   2.7456033197226930E-002
   2.7460711894852469E-002
   2.7487219265870361E-002
   2.7494767611727030E-002
   2.7513811826440620E-002
   2.7522610009175500E-002
   2.7530314445538259E-002
   2.7553728738039233E-002
   2.7558890561274550E-002
   2.7583604646622181E-002
   2.7593090654267110E-002
   2.7601916846086868E-002
   2.7619616066819213E-002
   2.7632002526446407E-002
   2.7664549802733456E-002
   2.7671356408415473E-002
   2.7678971023698491E-002
   2.7690714999651252E-002
   2.7695005658150505E-002
   2.7737848333223680E-002
   2.7756305059538935E-002
   2.7757388932031203E-002
   2.7765121670701488E-002
   2.7784599741891146E-002
   2.7802450649501414E-002
   2.7817326848280911E-002
   2.7819597978678324E-002
   2.7856498733526729E-002
   2.7863843329862786E-002
   2.7869608182145737E-002
   2.7887848021590590E-002
   2.7900967170350843E-002
   2.7915846739583961E-002
   2.7946739623092173E-002
   2.7961243626765466E-002
   2.7962353566630627E-002
   2.7977525883984070E-002
   2.7999791818612039E-002
   2.8004995281980586E-002
   2.8029008985172431E-002
   2.8034852530668907E-002
   2.8044190915504863E-002
   2.8057255492771997E-002
   2.8076443846313508E-002
   2.8087603014342967E-002
   2.8099851472394955E-002
   2.8121587269200807E-002
   2.8131048029348408E-002
   2.8148662330597318E-002
   2.8152237229096835E-002
   2.8166921951550426E-002
   2.8175735536161966E-002
   2.8226822888858062E-002
   2.8230555250225685E-002
   2.8251057335087974E-002
   2.8260578479458457E-002
   2.8269581379237855E-002
   2.8294549061646045E-002
   2.8311511555407849E-002
   2.8317520198597630E-002
   2.8322678064245418E-002
   2.8329321348795684E-002
   2.8347998687946369E-002
   2.8361485180208146E-002
   2.8385976791772578E-002
   2.8399941584561432E-002
   2.8408050786072465E-002
   2.8430511422631217E-002
   2.8437402223591236E-002
   2.8453760683031390E-002
   2.8464288537412851E-002
   2.8471545906023799E-002
   2.8492834085943282E-002
   2.8493047536307593E-002
   2.8503641242309374E-002
   2.8519506356625618E-002
   2.8540348983478691E-002
   2.8562353621363654E-002
   2.8574217280089811E-002
   2.8586553517752689E-002
   2.8603293040003905E-002
   2.8631805819805296E-002
   2.8633065956548426E-002
   2.8635537846285603E-002
   2.8660220391167522E-002
   2.8683959336873396E-002
   2.8713370707237926E-002
   2.8739405045254785E-002
   2.8753995464452026E-002
   2.8765458994144139E-002
   2.8775765458786406E-002
   2.8805367921624723E-002
   2.8818997846495890E-002
   2.8834392306091746E-002
   2.8855413227067337E-002
   2.8870835204304245E-002
   2.8887005602514483E-002
   2.8888694292480400E-002
   2.8894233828037706E-002
   2.8898409516606990E-002
   2.8921517502901270E-002
   2.8926762200339740E-002
   2.8946996114336369E-002
   2.8965270282139653E-002
   2.9018970376592696E-002
   2.9024153002776189E-002
   2.9048418865797121E-002
   2.9055283943053418E-002
   2.9069606518892285E-002
   2.9089658979574742E-002
   2.9098282734069818E-002
   2.9116092238256328E-002
   2.9127177516097103E-002
   2.9150020219725098E-002
   2.9176910050519950E-002
   2.9181996928364002E-002
   2.9218840128379091E-002
   2.9227307591218370E-002
   2.9246624569839778E-002
   2.9255656575930208E-002
   2.9261488239798773E-002
   2.9281576534568615E-002
   2.9291146851737188E-002
   2.9300298110314534E-002
   2.9322089457391544E-002
   2.9343381437659181E-002
   2.9350800244688682E-002
   2.9375319516236773E-002
   2.9389003136467411E-002
   2.9406241671385145E-002
   2.9417581371810195E-002
   2.9436906495185076E-002
   2.9451036812824734E-002
   2.9477581703608303E-002
   2.9491308756116087E-002
   2.9515817204820719E-002
   2.9516793827705005E-002
   2.9526426932665835E-002
   2.9560136542768591E-002
   2.9573448722864114E-002
   2.9588237053301960E-002
   2.9598220129597990E-002
   2.9633217856427814E-002
   2.9645672411893805E-002
   2.9671408933391322E-002
   2.9674357048767142E-002
   2.9693265436244162E-002
   2.9713054049456487E-002
   2.9732984430372478E-002
   2.9777568389903693E-002
   2.9790797078560860E-002
   2.9805998372709971E-002
   2.9834532658814809E-002
   2.9858430789382693E-002
   2.9871023893934208E-002
   2.9890950921822774E-002
   2.9916373412784445E-002
   2.9930966559848230E-002
   2.9948014541148146E-002
   2.9973428515547927E-002
   2.9980166338835140E-002
   2.9989568640536143E-002
   3.0011008003045882E-002
   3.0040099262420131E-002
   3.0061441105724812E-002
   3.0065720216712302E-002
   3.0083823527092244E-002
   3.0100868054628038E-002
   3.0110065888478376E-002
   3.0132553113188500E-002
   3.0141488285808583E-002
   3.0158932659219366E-002
   3.0175091297853372E-002
   3.0196521772264482E-002
   3.0224482551140266E-002
   3.0240492443084542E-002
   3.0254912674357350E-002
   3.0261795677127227E-002
   3.0298789052733643E-002
   3.0304572079674196E-002
   3.0331654448944357E-002
   3.0355741615870780E-002
   3.0364283420653344E-002
   3.0386285114726307E-002
   3.0396481713322692E-002
   3.0409840297228631E-002
   3.0424956589926555E-002
   3.0446062223791412E-002
   3.0460901611727667E-002
   3.0474618712117967E-002
   3.0479071072258449E-002
   3.0523870200690917E-002
   3.0532729263783708E-002
   3.0547122335732719E-002
   3.0560435708733177E-002
   3.0576432277768566E-002
   3.0587395855849360E-002
   3.0611527777732395E-002
   3.0639440123960998E-002
   3.0652722971020403E-002
   3.0664105533802177E-002
   3.0703082777436216E-002
   3.0714302234158296E-002
   3.0718522668498147E-002
   3.0746280183566767E-002
   3.0760996255418272E-002
   3.0774892762010734E-002
   3.0780585465675962E-002
   3.0789858482875611E-002
   3.0819810493531351E-002
   3.0852085623522766E-002
   3.0893173531240981E-002
   3.0900968929666810E-002
   3.0924757375355761E-002
   3.0930965182924122E-002
   3.0977083116972642E-002
   3.0996438030280678E-002
   3.1018061623491928E-002
   3.1046149822361983E-002
   3.1072200323037470E-002
   3.1084153947456301E-002
   3.1109582435349288E-002
   3.1138693852801866E-002
   3.1143033009623910E-002
   3.1160140199154095E-002
   3.1168995073038452E-002
   3.1187759769504084E-002
   3.1217965807199492E-002
   3.1227415291563004E-002
   3.1244835500425058E-002
   3.1261251117858005E-002
   3.1268077045699484E-002
   3.1272433464099851E-002
   3.1328375964955413E-002
   3.1338876221351931E-002
   3.1353064596230378E-002
   3.1366106342527636E-002
   3.1384149816376619E-002
   3.1406795056780873E-002
   3.1429933263068380E-002
   3.1442509963155979E-002
   3.1446119382263042E-002
   3.1460362436306309E-002
   3.1483983233745898E-002
   3.1495339980934886E-002
   3.1545647230188344E-002
   3.1564393867778748E-002
   3.1573116248874586E-002
   3.1606692740619398E-002
   3.1623405415471623E-002
   3.1630315860197572E-002
   3.1666742223206555E-002
   3.1683324990623707E-002
   3.1691423855614971E-002
   3.1701560064418093E-002
   3.1739878527515211E-002
   3.1780599101114665E-002
   3.1799601799078363E-002
   3.1822705659111432E-002
   3.1839778662986672E-002
   3.1853509791633407E-002
   3.1881865675809855E-002
   3.1896462468017042E-002
   3.1904540910158978E-002
   3.1913904729895595E-002
   3.1940352649982337E-002
   3.1970525693249138E-002
   3.1999964291510558E-002
   3.2023787225437431E-002
   3.2071909594285290E-002
   3.2073966947537183E-002
   3.2098339560494016E-002
   3.2102102574650931E-002
   3.2109580741279467E-002
   3.2131463159568711E-002
   3.2147798233520750E-002
   3.2171382165002128E-002
   3.2186429064421998E-002
   3.2212566772261864E-002
   3.2224874130493533E-002
   3.2256587540412128E-002
   3.2271386507358606E-002
   3.2282500564431098E-002
   3.2311828118860873E-002
   3.2344520850509741E-002
   3.2369249507695305E-002
   3.2377771869699944E-002
   3.2394549625537561E-002
   3.2404398854078420E-002
   3.2431903934811039E-002
   3.2434193602497996E-002
   3.2463584167518399E-002
   3.2517435106986022E-002
   3.2527449151513198E-002
   3.2544116096722982E-002
   3.2572893230369847E-002
   3.2592655861986321E-002
   3.2618554931292412E-002
   3.2644878209940366E-002
   3.2663801293935341E-002
   3.2676856369280784E-002
   3.2684395025622238E-002
   3.2695649922581088E-002
   3.2715883791974293E-002
   3.2741696881116410E-002
   3.2766419694174494E-002
   3.2806454291718877E-002
   3.2827620372769581E-002
   3.2842391471352844E-002
   3.2858366712982666E-002
   3.2880814545646578E-002
   3.2895937803631259E-002
   3.2909719659090418E-002
   3.2923814588763506E-002
   3.2971146299527930E-002
   3.2995499502870528E-002
   3.3031620963637778E-002
   3.3036265858511625E-002
   3.3049045444490013E-002
   3.3091521969573469E-002
   3.3110413471603269E-002
   3.3150338068072244E-002
   3.3167941803646885E-002
   3.3197285774342958E-002
   3.3240966068523309E-002
   3.3254185644512310E-002
   3.3256531877005800E-002
   3.3275866790084888E-002
   3.3300579599685812E-002
   3.3332541017930775E-002
   3.3350073894286208E-002
   3.3392088482763267E-002
   3.3416545655314572E-002
   3.3423468574160661E-002
   3.3473841563606901E-002
   3.3499684753846820E-002
   3.3545402157747144E-002
   3.3552315226509526E-002
   3.3570806899134012E-002
   3.3589324463711379E-002
   3.3604290363751385E-002
   3.3636020754614138E-002
   3.3686052045693422E-002
   3.3699779988539999E-002
   3.3704312584129904E-002
   3.3752847845827175E-002
   3.3760822705177045E-002
   3.3802703257087868E-002
   3.3827508531469909E-002
   3.3835402925989966E-002
   3.3867040939321615E-002
   3.3898508065014960E-002
   3.3922123106079886E-002
   3.3946895205225501E-002
   3.3951733231938730E-002
   3.3959981465337186E-002
   3.3998609107973740E-002
   3.4016336811797179E-002
   3.4039468301499780E-002
   3.4073172213040091E-002
   3.4137203074777578E-002
   3.4147364779008607E-002
   3.4164639597089846E-002
   3.4177889969556438E-002
   3.4206913830679905E-002
   3.4225088857803190E-002
   3.4263913929937787E-002
   3.4277713702485765E-002
   3.4299039139041115E-002
   3.4326727238916430E-002
   3.4371971918411966E-002
   3.4428536124732817E-002
   3.4450536569942146E-002
   3.4463474692332838E-002
   3.4472022652868146E-002
   3.4510354560364852E-002
   3.4531965463284818E-002
   3.4547831223670035E-002
   3.4564331678439482E-002
   3.4608666614607500E-002
   3.4637207541926625E-002
   3.4646756273780353E-002
   3.4674624292738508E-002
   3.4683320561037477E-002
   3.4720395232745366E-002
   3.4735715755844422E-002
   3.4753302198979132E-002
   3.4781865484838206E-002
   3.4809570099952225E-002
   3.4829975901460662E-002
   3.4879083409174658E-002
   3.4884703586678417E-002
   3.4930126137258183E-002
   3.4952417066526451E-002
   3.4969764166685291E-002
   3.4989563372063485E-002
   3.5045542805655160E-002
   3.5062522653597869E-002
   3.5073717339751002E-002
   3.5087223624341225E-002
   3.5099160133363456E-002
   3.5135688157480201E-002
   3.5145159666582895E-002
   3.5178781274672818E-002
   3.5186872083297203E-002
   3.5226047750932361E-002
   3.5237795650816237E-002
   3.5266378218071347E-002
   3.5282430325420333E-002
   3.5307793504442096E-002
   3.5347000394670709E-002
   3.5357986351229012E-002
   3.5435199912810307E-002
   3.5448588994622734E-002
   3.5482766494002262E-002
   3.5485796965770734E-002
   3.5534285827633544E-002
   3.5548638504982931E-002
   3.5615408405311688E-002
   3.5629763866592973E-002
   3.5641915246034730E-002
   3.5679379510147324E-002
   3.5730483190916762E-002
   3.5746726255945840E-002
   3.5781157882696001E-002
   3.5787243218288634E-002
   3.5809217972826421E-002
   3.5841551782492785E-002
   3.5895567165722751E-002
   3.5903677548268453E-002
   3.5935147101000667E-002
   3.5974064689064576E-002
   3.5997878500494768E-002
   3.5999907150795991E-002
   3.6034955546851127E-002
   3.6041711601667775E-002
   3.6067533916931883E-002
   3.6103371944408588E-002
   3.6112686899510388E-002
   3.6123683044069731E-002
   3.6157601100429954E-002
   3.6194611698476674E-002
   3.6220319633510870E-002
   3.6237046815825777E-002
   3.6256713655042717E-002
   3.6289844495681574E-002
   3.6314833631892945E-002
   3.6331442433139668E-002
   3.6365515571818004E-002
   3.6398366340173877E-002
   3.6417696635487544E-002
   3.6444359369216112E-002
   3.6468074207926457E-002
   3.6499813465497778E-002
   3.6533883219481041E-002
   3.6554560187481447E-002
   3.6573161101765346E-002
   3.6607123347504426E-002
   3.6617106171740875E-002
   3.6633624461659534E-002
   3.6647558141925093E-002
   3.6688156345566769E-002
   3.6734203445164433E-002
   3.6761143128791411E-002
   3.6802122628750045E-002
   3.6811337031396940E-002
   3.6846800019161109E-002
   3.6886689558177123E-002
   3.6912193426080368E-002
   3.6918767996809994E-002
   3.6976952289629328E-002
   3.6999081609551135E-002
   3.7020496510440142E-002
   3.7041878951104161E-002
   3.7074587568757436E-002
   3.7083863567885351E-002
   3.7121553929513773E-002
   3.7164791180853918E-002
   3.7235696306999098E-002
   3.7252518817024592E-002
   3.7280388933744933E-002
   3.7307373058520041E-002
   3.7356180285702284E-002
   3.7375214196064564E-002
   3.7406417909300077E-002
   3.7455755615473624E-002
   3.7465105335197424E-002
   3.7510730801029679E-002
   3.7529197738981661E-002
   3.7545566801869067E-002
   3.7587927581616776E-002
   3.7609387182861782E-002
   3.7650034963213168E-002
   3.7675589524842588E-002
   3.7712470905349391E-002
   3.7732226425077703E-002
   3.7773432130855031E-002
   3.7800062904560137E-002
   3.7814892908482660E-002
   3.7872691161743195E-002
   3.7892453422309381E-002
   3.7920154795356896E-002
   3.7961154336330023E-002
   3.7981180471310771E-002
   3.7997077208947502E-002
   3.8019638960979818E-002
   3.8074101072516735E-002
   3.8095111628935786E-002
   3.8108429270730694E-002
   3.8137782989655145E-002
   3.8192300814338082E-002
   3.8244183771242439E-002
   3.8275971316838776E-002
   3.8285209854535089E-002
   3.8316054750252106E-002
   3.8358001749013354E-002
   3.8369020050511973E-002
   3.8417012963039288E-002
   3.8424650052747450E-002
   3.8442775102637321E-002
   3.8476994008722037E-002
   3.8510095881513981E-002
   3.8526957019187021E-002
   3.8565928793998776E-002
   3.8602354902835222E-002
   3.8618845639707397E-002
   3.8649081388288833E-002
   3.8669258949185388E-002
   3.8698249681786340E-002
   3.8705522949435280E-002
   3.8726551276615541E-002
   3.8747927257097442E-002
   3.8767922467464237E-002
   3.8829645708374057E-002
   3.8839916214237657E-002
   3.8906595477808469E-002
   3.8926489700041166E-002
   3.8973741306463458E-002
   3.9024066050154113E-002
   3.9050672364966628E-002
   3.9066252821993358E-002
   3.9116716536292409E-002
   3.9172314046914465E-002
   3.9239441609210730E-002
   3.9250991609889069E-002
   3.9326726362156797E-002
   3.9355011864476451E-002
   3.9360738735462558E-002
   3.9408345550548722E-002
   3.9462601024946503E-002
   3.9489540387313192E-002
   3.9527422467983540E-002
   3.9572727498046564E-002
   3.9590056133987646E-002
   3.9604479049680431E-002
   3.9642157899892047E-002
   3.9689268376251273E-002
   3.9700831091494304E-002
   3.9724322349151894E-002
   3.9771624561744864E-002
   3.9802603942667589E-002
   3.9833964034971477E-002
   3.9878495908847705E-002
   3.9903398569792803E-002
   3.9985670269497196E-002
   3.9996925672056059E-002
   4.0051706710035620E-002
   4.0090087215337085E-002
   4.0097275427617450E-002
   4.0131117546525569E-002
   4.0157673874276413E-002
   4.0173583129857478E-002
   4.0222932158661365E-002
   4.0258871512409415E-002
   4.0273863512615846E-002
   4.0322883441925660E-002
   4.0362923961949806E-002
   4.0389732482216945E-002
   4.0418256975931675E-002
   4.0459669061259723E-002
   4.0482075796478584E-002
   4.0536231730164386E-002
   4.0579530142044622E-002
   4.0609693956509964E-002
   4.0645929827028082E-002
   4.0692808396786129E-002
   4.0729772356711429E-002
   4.0811831192338520E-002
   4.0834061528806961E-002
   4.0867738986509139E-002
   4.0910285301671338E-002
   4.0942103342060394E-002
   4.0992995427382502E-002
   4.1015383616331870E-002
   4.1034758181755365E-002
   4.1064649239076483E-002
   4.1088878751441266E-002
   4.1096290406634810E-002
   4.1125309307216043E-002
   4.1174103132017151E-002
   4.1197941737928401E-002
   4.1283921793365659E-002
   4.1301098293716899E-002
   4.1364889962715735E-002
   4.1399368702367392E-002
   4.1443149163327329E-002
   4.1479188527540768E-002
   4.1496265460573986E-002
   4.1549516703975414E-002
   4.1580397822293995E-002
   4.1601684771092690E-002
   4.1676926369211970E-002
   4.1712660309710846E-002
   4.1766204413672930E-002
   4.1809960766343177E-002
   4.1840970477954639E-002
   4.1863255374978210E-002
   4.1926609160415601E-002
   4.1971081706924838E-002
   4.2069716395203696E-002
   4.2093983689618433E-002
   4.2147234792445420E-002
   4.2165050965809525E-002
   4.2187014134257995E-002
   4.2217789763080611E-002
   4.2272645066277828E-002
   4.2323621890372441E-002
   4.2390150747627593E-002
   4.2443976808382598E-002
   4.2459328342858510E-002
   4.2475690127698446E-002
   4.2555571067929537E-002
   4.2566879674620250E-002
   4.2605840030377422E-002
   4.2647980122877086E-002
   4.2671715856036616E-002
   4.2712359096901908E-002
   4.2739477985899388E-002
   4.2813352487182169E-002
   4.2863303419898621E-002
   4.2931446861824644E-002
   4.2967734889364527E-002
   4.3024527448962950E-002
   4.3045741287350038E-002
   4.3059392951389372E-002
   4.3143040691507067E-002
   4.3147664840040789E-002
   4.3193317901882078E-002
   4.3265247249785040E-002
   4.3364780942083174E-002
   4.3396110091973097E-002
   4.3439757721683694E-002
   4.3510607823657808E-002
   4.3573809048607311E-002
   4.3653893538694970E-002
   4.3679914796333714E-002
   4.3746737337701437E-002
   4.3809145211802077E-002
   4.3845863900105593E-002
   4.3870757852711988E-002
   4.3904600728526991E-002
   4.3972762553996535E-002
   4.4045595164379781E-002
   4.4119672555789184E-002
   4.4198488890020940E-002
   4.4254106692888318E-002
   4.4284138599172990E-002
   4.4323692756154859E-002
   4.4350232784878832E-002
   4.4390829940864178E-002
   4.4482825560934892E-002
   4.4512026856440776E-002
   4.4567995830228656E-002
   4.4685043849161006E-002
   4.4695660437798490E-002
   4.4790840352421528E-002
   4.4893878891776789E-002
   4.4920455047602406E-002
   4.4958017723836355E-002
   4.4983721476923720E-002
   4.5066490414810277E-002
   4.5101902658349319E-002
   4.5124086950515084E-002
   4.5228420560054355E-002
   4.5314218306387495E-002
   4.5404185645849832E-002
   4.5434515176110517E-002
   4.5469798240161029E-002
   4.5482744248766006E-002
   4.5579357657138456E-002
   4.5670186908772899E-002
   4.5745695306153085E-002
   4.5796180319041195E-002
   4.5936471960423816E-002
   4.6014934797828103E-002
   4.6079794053603136E-002
   4.6134332381448338E-002
   4.6168424671204487E-002
   4.6243523195482639E-002
   4.6352702227120790E-002
   4.6434667011050361E-002
   4.6518580131887866E-002
   4.6690525746592895E-002
   4.6720324220088677E-002
   4.6881089422069068E-002
   4.6974725369166387E-002
   4.7129716209477847E-002
   4.7187292411630208E-002
   4.7319734530700354E-002
   4.7404502398303482E-002
   4.7492407430933879E-002
   4.7615822438986370E-002
   4.7697045564474259E-002
   4.7840483094720831E-002
   4.7891573170947194E-002
   4.8041173712155168E-002
   4.8120544561566593E-002
   4.8164963936403557E-002
   4.8322657182542951E-002
   4.8474049843640121E-002
   4.8565882490656784E-002
   4.8656031600969658E-002
   4.8777753615445382E-002
   4.8956896188637043E-002
   4.8976314031212324E-002
   4.9034149161903157E-002
   4.9187450182492966E-002
   4.9345494978062447E-002
   4.9469683807965327E-002
   4.9665170431129037E-002
   4.9803483085027127E-002
   4.9823459865723362E-002
   4.9963711555620842E-002
   5.0139905198150071E-002
   5.0264882550747882E-002
   5.0509480261606544E-002
   5.0585574711457977E-002
   5.0704236623980346E-002
   5.0791150859540286E-002
   5.0936543585048982E-002
   5.1426515658363439E-002
   5.1501137455096796E-002
   5.1709711741297043E-002
   5.1847678966343839E-002
   5.2027809259017392E-002
   5.2210150909138595E-002
   5.2456640730555476E-002
   5.2813680946268142E-002
   5.2911146741742326E-002
   5.3037382339267483E-002
   5.3219051299519503E-002
   5.3413580263902700E-002
   5.3438181927543217E-002
   5.3549743400454722E-002
   5.3701799515296078E-002
   5.3811266254367815E-002
   5.4194053849583874E-002
   5.4535899203974648E-002
   5.4929304004254192E-002
   5.5165676975565840E-002
   5.5472292013453113E-002
   5.5948452949462005E-002
   5.6211019895538589E-002
   5.6457114102138127E-002
   5.6617725500145585E-002
   5.6773674793646756E-002
   5.6896744768477794E-002
   5.7164352597374984E-002
   5.7980816675817275E-002
   5.8244983858284249E-002
   5.8635938448080835E-002
   5.9461174634489959E-002
   6.0632415612078730E-002
   6.0788031295863625E-002
   6.1281618711556636E-002
   6.2005525666310145E-002
   6.4382884513713837E-002
   6.4757265996829252E-002
   6.4995462070290555E-002
   6.5030253611900651E-002
   6.6989425630390481E-002
   6.9102922594276917E-002
   6.9729814906406964E-002
   7.3253215470369407E-002
   7.3509099332605271E-002
   7.5604071722394528E-002
   7.9856762507886037E-002
   8.6092387204593973E-002
   8.8035338549900463E-002
   9.2194588251087214E-002
   9.2285472824240766E-002
   9.2620431425060976E-002
   9.3756568406186527E-002
   9.5260837048326039E-002
   9.6370381697278337E-002
   9.8512348719866347E-002
   9.8990901235387369E-002
   9.9280453900223983E-002
   9.9567288093573750E-002
  0.10035108409498436     
  0.10067438600340375     
  0.10082005558390493     
  0.10207225874773869     
  0.10350950639156639     
  0.10362304897096485     
  0.10375328844252815     
  0.10451635412052358     
  0.10500050226452430     
  0.10532452347315956     
  0.10547866052586606     
  0.10581725998911352     
  0.10636432260483263     
  0.10801205365213705     
  0.10962626178366121     
  0.10976299911892121     
  0.11007171134955417     
  0.11018988049761186     
  0.11178751644738731     
  0.11231067326065862     
  0.11272118939763827     
  0.11342256367939478     
  0.11393261353029425     
  0.11627177241428498     
  0.11645017611591829     
  0.11687759729805186     
  0.11713196780375608     
  0.11722688236046028     
  0.11748807089316862     
  0.11768136438426242     
  0.11845719925342954     
  0.11923418217494097     
  0.12123634099978975     
  0.12207586792840197     
  0.12270285128291586     
  0.12280849015933842     
  0.12341024574461129     
  0.12423786279718196     
  0.12444951788415491     
  0.12560040399608075     
  0.12620513305312694     
  0.12624820803119838     
  0.12680328288319001     
  0.12690657851409864     
  0.12960660948397343     
  0.12993963113702078     
  0.13056638075755589     
  0.13086848443894458     
  0.13157931302961420     
  0.13166723394018581     
  0.13216699523457390     
  0.13224754512062617     
  0.13298302348600805     
  0.13424427273267425     
  0.13469998301921374     
  0.13561428440216255     
  0.13573131238408290     
  0.13612040145329712     
  0.13612901252964080     
  0.13768374073545064     
  0.13797521327150963     
  0.13892906133341923     
  0.13947362415161535     
  0.13977244138186887     
  0.14035192173514155     
  0.14073718492193668     
  0.14123141771530812     
  0.14142823592709036     
  0.14332055671540403     
  0.14381486913877128     
  0.14508703741781379     
  0.14570214827423203     
  0.14607013074691408     
  0.14608582601164402     
  0.14663957761883256     
  0.14745157327580463     
  0.14760898962668975     
  0.14778901834453767     
  0.14791372600313807     
  0.14811161901022338     
  0.14851876215248397     
  0.14873263898709280     
  0.15114011919479028     
  0.15133223595977616     
  0.15165252041775537     
  0.15213728830531920     
  0.15308170899547127     
  0.15355859296638547     
  0.15404594568031560     
  0.15412862033880578     
  0.15474849779222416     
  0.15560147772888472     
  0.15691131056402566     
  0.15766191891557238     
  0.15770526997188744     
  0.15804635583295226     
  0.15866764018681317     
  0.15940810119952301     
  0.15952778804315793     
  0.16133448506027376     
  0.16274556992573364     
  0.16297742722532604     
  0.16347440292464291     
  0.16357830349767680     
  0.16396202588760972     
  0.16416555269762026     
  0.16468941813424587     
  0.16509234038780704     
  0.16521031951775042     
  0.16702588011116731     
  0.16880449996206889     
  0.16914408380633916     
  0.16954243460178173     
  0.16976944126372406     
  0.16998807155424145     
  0.17179591489825322     
  0.17236817921117703     
  0.17268177112234287     
  0.17349819801041932     
  0.17421050137812766     
  0.17494041039457220     
  0.17528974415598284     
  0.17561275201743815     
  0.17732262412061392     
  0.17876570659200075     
  0.17933145550798008     
  0.18009878931970749     
  0.18144598019974700     
  0.18371079089639114     
  0.18498003079641692     
  0.18578322925547630     
  0.18839317319524601     
  0.19528427569735585     
  0.19591679280308152     
  0.19633976980660425     
  0.19640713976099294     
  0.19687366348807137     
  0.19854879161779662     
  0.19880708852973267     
  0.19895168684791659     
  0.19925032674295207     
  0.19930492601247288     
  0.20042055204640036     
  0.20309120519737364     
  0.20315159252793891     
  0.20318587315322631     
  0.20503760189849693     
  0.20606290032081823     
  0.20661553013595391     
  0.20798742795672046     
  0.20817514745643750     
  0.20824139997557975     
  0.20894641934836400     
  0.20906243624399679     
  0.20984774850663127     
  0.21063068038270075     
  0.21190703275531203     
  0.21334182879387667     
  0.21535952802696348     
  0.21549459302876461     
  0.21601947871984647     
  0.21784412906529033     
  0.21799820043283413     
  0.21806206856621471     
  0.21908717871830147     
  0.21915215076820460     
  0.22133963670043269     
  0.22172906688042340     
  0.22446033940716451     
  0.22656781701500378     
  0.22780333381269868     
  0.22814720456613657     
  0.22858689736533133     
  0.22956560383948660     
  0.23186932844371372     
  0.23417412132072296     
  0.23430621206588931     
  0.23468152677885540     
  0.23517254175131727     
  0.23567045322959171     
  0.23728231715485107     
  0.23773753618290869     
  0.23868701856555996     
  0.23888542201753096     
  0.23996680334264037     
  0.24033487615795190     
  0.24233218748016691     
  0.24439429757017400     
  0.24602115408063735     
  0.24708586799265658     
  0.24914568432021889     
  0.24984634700422681     
  0.25060366554028940     
  0.25191106077568692     
  0.25208930041603811     
  0.25422592977631492     
  0.25822378389200562     
  0.26035751056726925     
  0.26301969129181713     
  0.26475170650761232     
  0.27258138402718790     
  0.27982809610472154     
  0.30252211281699609     
  0.30262553509520196     
   638.90164710399392     
   653.24614912798722     
   659.08968981165560     
   661.77878596637402     
   664.68848271579839     
   666.71207953231965     
   667.41606033718926     
   671.24888891919500     
   672.82449442360996     
   674.04091166321382     
   676.05727923057964     
   676.70800104818977     
   676.86950219309699     
   677.68222652292218     
   679.24512767159149     
   682.38255785999559     
   685.17961949557946     
   687.25521910109740     
   689.04054466198636     
   690.41853037780140     
   690.52770764043157     
   691.06292694388060     
   691.40059573038116     
   692.41010263693863     
   692.41849162834978     
   692.42613615651931     
   692.99139311702049     
   692.99371843960614     
   694.09045012229376     
   695.94620852909316     
   696.82721004449002     
   697.39682677592236     
   697.84565283528900     
   701.84575158194343     
   702.70656912492132     
   703.33522767250327     
   703.44829660515370     
   704.18271759731510     
   704.35136139566907     
   705.33764254454570     
   706.78798662821760     
   706.85179963755843     
   708.00321603097757     
   708.80461609069198     
   710.10346797324166     
   710.94387235829890     
   711.33431690388431     
   711.63132427359631     
   711.65751510314431     
   711.78024317889106     
   712.53247798021766     
   714.46257971679177     
   715.17989888860836     
   719.59843915657655     
   720.08466759979240     
   723.38828446205639     
   724.24597261481790     
   724.69190018316760     
   726.29231515432411     
   726.98603652855218     
   727.20218455593749     
   729.99999275969299     
   733.42016794426456     
   734.84550447801621     
   735.37514821757986     
   739.56245223761994     
   739.69458803005602     
   739.85089711570549     
   740.54279887536427     
   741.48458041011702     
   742.49893759205042     
   742.73200278883769     
   744.76335001464190     
   747.51793598581742     
   747.96054781676116     
   748.08827564302214     
   749.41062577508956     
   751.78215781642962     
   751.94164370386954     
   754.87219225293268     
   755.09679099742607     
   756.64177457769279     
   759.19687119085188     
   760.00540806289689     
   761.35726443324177     
   761.78788843788664     
   762.11254692353043     
   763.96738866239139     
   764.96059848448647     
   765.19712344233994     
   767.68654172460197     
   771.70490522754631     
   773.81684736880220     
   775.74629998357386     
   778.16343655864534     
   779.16465642107630     
   781.20035499931362     
   783.26662290497165     
   785.37516232560779     
   787.18406666145938     
   787.37533164999081     
   788.57818931954500     
   788.74741650519832     
   790.82684308065893     
   791.89063994013713     
   794.97598000591336     
   796.53241702977505     
   797.53774227145550     
   801.51702257238082     
   801.60998735367707     
   803.01160803590051     
   804.89381216969650     
   807.35453450802174     
   809.38813070970127     
   809.84940996048465     
   811.88473665572565     
   813.70141771568740     
   815.34578683537029     
   818.67240206504425     
   819.94084804271426     
   820.95409961216967     
   824.20386997685591     
   824.91771130061363     
   827.79666877560373     
   828.07331681320170     
   828.43128525725615     
   831.66713717847324     
   834.47516272882854     
   835.06896262631608     
   835.14011641423929     
   839.21820341431180     
   840.38050803659883     
   840.72435117704595     
   842.86993890896019     
   846.32300559193004     
   847.31374711702483     
   848.54828464979630     
   850.72752376894368     
   851.33333476711948     
   857.04159567903184     
   857.83238445458551     
   858.22859440312607     
   858.42001657166929     
   863.19378776445387     
   865.73204400221562     
   868.51974986764878     
   870.92730944825848     
   874.07128633805428     
   874.33036621982092     
   874.75029785567756     
   882.21097480656124     
   882.36224318306620     
   884.19462136897357     
   884.99435880373096     
   887.28733998139467     
   892.05547935279310     
   893.37317708915771     
   895.02455753279310     
   895.50209877844009     
   896.03630629536997     
   899.00518871684505     
   900.69906449570522     
   903.46820080022292     
   903.59993903500185     
   906.46464443254979     
   908.13534640807870     
   909.86513528844080     
   913.03080146197124     
   914.65389229061554     
   917.54753087162624     
   919.33277952359026     
   919.83464463557436     
   920.45949050529646     
   923.21213670475424     
   923.28439400359537     
   924.65994607742516     
   927.20849403928048     
   927.82103890122642     
   928.66232190207700     
   929.56002305716197     
   930.43384857466344     
   933.29280633096755     
   934.16584506698791     
   936.49057869110220     
   938.12082746461124     
   939.67823215508724     
   940.16941262629393     
   942.53768404610992     
   944.01267595695708     
   944.15908834597519     
   946.21548093729041     
   948.40439941522072     
   949.27880856452396     
   950.17590557383994     
   951.42775291756664     
   952.47144086833680     
   953.42652384377607     
   955.73909039217892     
   956.74658352377776     
   956.74875626295295     
   957.85370799345117     
   958.18454490908198     
   959.48163487483498     
   960.16775656767777     
   961.54854707122956     
   961.70799773444696     
   963.22818506889996     
   963.94249643560647     
   964.31696875464957     
   965.38049782559858     
   966.40363678126096     
   971.93959221333762     
   977.08152808887826     
   1197.0206299086824     
   1205.5698904149988     
   1205.8408958736952     
   1210.2821400351163     
   1214.0299114860827     
   1218.3390870487376     
   1224.1654642022386     
   1226.5201944506252     
   1230.7185319425218     
   1230.7283550236427     
   1231.6104609079214     
   1231.9807141534654     
   1233.4055355091914     
   1235.3060117257498     
   1239.3696066857160     
   1240.2257858010582     
   1243.2173833394411     
   1245.2275261635843     
   1245.6844164484930     
   1251.6116892533071     
   1254.4414770281583     
   1256.5101165584629     
   1257.8652002639617     
   1259.5449550889048     
   1261.4271250285863     
   1264.9450435956842     
   1265.5621581160995     
   1269.5540236461463     
   1273.4835526013285     
   1274.5142066174626     
   1275.4963116027911     
   1281.4918809120882     
   1284.0285126649617     
   1284.6241729714463     
   1286.2417507091693     
   1286.7672785746367     
   1291.8953609646644     
   1294.8725793645731     
   1295.0402413510462     
   1299.2098316495990     
   1303.6735222178834     
   1306.7981153260766     
   1314.2051644459164     
   1314.9725173787936     
   1321.1541593172117     
   1324.7795303354430     
   1325.4683378939128     
   1325.8333031284899     
   1333.3138777205920     
   1333.7987768011594     
   1334.6640744034312     
   1334.6926172688100     
   1337.5985737480050     
   1337.6566067431220     
   1341.3634679659888     
   1345.1683670700961     
   1346.0779552300785     
   1348.8654080333492     
   1354.3196226815840     
   1358.2579466876402     
   1359.2668089558197     
   1361.5990519511522     
   1361.8873228105997     
   1362.1924832408843     
   1365.1436164240292     
   1366.8356290660813     
   1368.2103423068522     
   1372.7107439303368     
   1373.7142277002067     
   1378.8463025634521     
   1384.8187457712243     
   1388.4348447684902     
   1391.6178703513849     
   1391.8937514482452     
   1393.4062400757439     
   1394.7316879005582     
   1398.8099228157823     
   1400.7116757556803     
   1401.5150152979850     
   1404.9938181198074     
   1406.2200632192382     
   1409.7046422329654     
   1411.0043283307527     
   1411.7931016403088     
   1417.1481236728696     
   1420.5207596762129     
   1421.7681430934447     
   1424.7040502440975     
   1427.2998226348193     
   1431.8513261993237     
   1432.2469209349103     
   1432.4984621846506     
   1433.2118217859825     
   1440.0382491340699     
   1443.1936256921201     
   1445.3428460040159     
   1448.9313306444881     
   1449.9637090824897     
   1450.5541372609746     
   1452.9327791716526     
   1453.9198237502649     
   1454.9885771843137     
   1456.2233423947914     
   1459.0506824851661     
   1459.4513322350022     
   1461.0430816486037     
   1462.3205721550146     
   1471.6511803688713     
   1475.1262969495008     
   1475.4116867651551     
   1478.3898869928109     
   1487.4863137126738     
   1488.2733709907684     
   1488.5603184069539     
   1489.3420509393472     
   1493.5714315081318     
   1494.7181540227828     
   1497.3461232930415     
   1504.9128217950695     
   1504.9696566937921     
   1506.2728931181978     
   1506.6427590383055     
   1509.7342378101375     
   1510.2112440364183     
   1510.7572395623326     
   1512.8584681624372     
   1514.5216512427824     
   1515.9850825859355     
   1521.0769243065436     
   1521.6394303383554     
   1527.0494254990820     
   1532.4091696709554     
   1540.7834859409127     
   1545.6447284566807     
   1546.3021754333085     
   1547.7764958518692     
   1551.0064924749834     
   1558.4381415345895     
   1559.5721438663115     
   1564.3553432061617     
   1564.8302140382209     
   1566.6942960390691     
   1569.7989892931175     
   1570.7710494346516     
   1577.0074719800250     
   1577.2126601042510     
   1578.2309687571280     
   1578.3022871485950     
   1580.7434288695806     
   1588.7083690036525     
   1589.5771168035244     
   1593.3038603530317     
   1593.9342980901488     
   1594.2526547081272     
   1597.3344926378422     
   1601.4104189736524     
   1601.6514493903746     
   1602.4029680467920     
   1604.5323466491050     
   1608.5007035667027     
   1614.8864147461334     
   1621.4492929124897     
   1624.7274232934817     
   1626.3187246206055     
   1630.4544479870174     
   1638.3837518335463     
   1639.3498175540526     
   1643.5515891062082     
   1644.5997157972893     
   1646.6041745885263     
   1648.6418735907032     
   1654.6578659183135     
   1658.8860909126486     
   1661.8975338510966     
   1662.8616268218955     
   1665.1725224136617     
   1668.3016405403696     
   1669.6282377264154     
   1669.6959841405258     
   1675.8809960070625     
   1680.4255240271034     
   1681.6306384478892     
   1684.9947737036521     
   1693.5850245741972     
   1697.3707160016043     
   1703.5408573834277     
   1704.0090444806158     
   1706.5763747941503     
   1707.4078000486038     
   1714.6724689090117     
   1721.4083421492039     
   1722.9602208835972     
   1731.4636651999690     
   1732.2058619024599     
   1735.9230108786412     
   1739.1869705361810     
   1743.7604369338853     
   1744.2532601288046     
   1744.7880225266326     
   1756.5425681425268     
   1768.1431334141603     
   1768.9514949994805     
   1775.5094703457198     
   1776.4039329928296     
   1778.4693175894442     
   1780.0753077003840     
   1781.8331193009085     
   1784.1537740347374     
   1786.7162606622096     
   1793.0221985935166     
   1799.4705925512430     
   1800.1821086684013     
   1802.7683792315161     
   1803.7238032310181     
   1805.4194297001463     
   1809.7728099256519     
   1813.7354577264246     
   1815.0790710985327     
   1819.2851178844960     
   1819.6045409093806     
   1821.0580065397464     
   1822.0900844309274     
   1824.7604862902599     
   1824.9440584711779     
   1825.4007661803471     
   1825.8602265774400     
   1830.5987406693466     
   1830.6029339143013     
   1833.0810174074693     
   1833.2529791791681     
   1838.2458659472084     
   1843.8130742152055     
   1844.4360689065420     
   1845.7873827788464     
   1847.3143762096361     
   1849.1743116077080     
   1853.1068843889529     
   1855.2897233099725     
   1857.7125496504307     
   1857.8258376369256     
   1861.0474204435504     
   1866.3014069629394     
   1866.4784237828017     
   1870.9988484825144     
   1877.1810810008483     
   1883.3162132840446     
   1885.6813879476615     
   1886.2272149407850     
   1888.4115131634480     
   1891.5994520089182     
   1892.9687246494568     
   1893.7206386140033     
   1896.5809689579371     
   1898.2342312874130     
   1898.5220152325940     
   1900.2170215206556     
   1901.5027166723080     
   1903.4355736443704     
   1903.6520388150045     
   1905.5962450921500     
   1906.3037620356938     
   1906.7170088551345     
   1909.3281023361105     
   1909.9443263382857     
   1910.4453529169057     
   1917.9610146878329     
   1919.4188695781716     
   1919.6542958390678     
   1922.9620583963701     
   1923.5934587854740     
   1923.8530311435761     
   1926.2921366825060     
   1926.4249050632930     
   1927.8983083767910     
   1928.5492023852071     
   1928.9059022774736     
   1929.2247394573781     
   1930.9713799844378     
   1932.8523970216920     
   1935.5442270772005     
   1936.2566988390245     
   1937.5459555167315     
   1938.5244226002178     
   1939.6572428959569     
   1939.7899799731815     
   1943.3469818774668     
   1944.1904946547049     
   1947.2428761301055     
   1947.2680474508084     
   1952.4256257740253     
   1955.1166663441727     
   1955.4226028251296     
   1958.3644307841762     
   1961.9033679466363     
   1962.0072110414578     
   1963.8859848717711     
   1965.9470164511183     
   1967.5997577857986     
   1968.1367640113626     
   1969.4583155856310     
   1970.0366321208808     
   1978.6521408212573     
   1981.0881783911241     
   2084.5797407763130     
   2090.1024575455581     
   2093.9853621265370     
   2095.4669386277910     
   2103.1368592047834     
   2109.5806117604302     
   2117.1573220180353     
   2118.1903966408754     
   2118.9003740533285     
   2119.0888431789531     
   2119.7529910270878     
   2122.6556480247596     
   2124.2379927225493     
   2124.8272429681924     
   2127.3167319324461     
   2133.3808953505040     
   2135.1776182162412     
   2136.2761935786980     
   2136.4498972451947     
   2138.5166416129869     
   2139.2361355483331     
   2143.8911564457385     
   2144.5816437153294     
   2145.7432247368060     
   2147.9176226099999     
   2148.8225097929781     
   2150.2074389070008     
   2151.8740099378792     
   2153.2266691943123     
   2157.9312585946427     
   2159.2493587553904     
   2159.3633522690725     
   2160.2573634705509     
   2161.8089634783591     
   2166.7085715398707     
   2166.7509575204713     
   2167.1743479709380     
   2169.9541701838971     
   2170.4433786506552     
   2170.8536466067571     
   2171.6974708260918     
   2172.7361299154418     
   2173.3907280250883     
   2174.4229640059921     
   2175.8453772609741     
   2176.0565212660754     
   2176.2256167524552     
   2176.3411335624787     
   2178.1314514059568     
   2178.9668924177590     
   2181.2663011418604     
   2182.2622962924679     
   2182.3338090738489     
   2182.9357024740798     
   2183.7257495882754     
   2184.5355705082443     
   2184.6135829142036     
   2185.1921521201903     
   2186.5222854344502     
   2187.2228700790424     
   2188.7385411595769     
   2188.7977576656185     
   2189.3766156107590     
   2190.4674253290968     
   2191.0997842643405     
   2191.1841321199668     
   2191.9692623501810     
   2193.7765363808353     
   2195.1267563696201     
   2196.3034762330376     
   2200.5120350389070     
   2202.0243695076683     
   2204.3120968108819     
   2204.5051853243817     
   2204.7956531214777     
   2206.7049194386350     
   2207.5654679419627     
   2207.6459357701879     
   2207.6662832468173     
   2209.2912997184208     
   2211.6708346928203     
   2211.7374827591225     
   2212.4047639721625     
   2212.4565788349387     
   2212.9203978693108     
   2216.6070144838491     
   2216.7797847285929     
   2217.1347732725999     
   2219.4864039028375     
   2219.9747125024041     
   2224.3161470322075     
   2224.9595071544654     
   2226.1563534955712     
   2226.3129668709448     
   2226.3460131176221     
   2227.5203879389742     
   2232.8214148548673     
   2236.8956836503162     
   2238.6054800666730     
   2240.7063845361381     
   2241.0765686357563     
   2245.8167649731968     
   2246.6482593881319     
   2250.7326540413142     
   2263.9808656328346     
   2290.9514351730099     
   2292.1467296707897     
   2292.1637265866616     
   2292.1928949325606     
   2296.6031942011509     
   2298.3424095536702     
   2303.4709284409382     
   2305.9242382003549     
   2307.5182510050217     
   2308.2831760498161     
   2314.8930310955825     
   2322.2055714524713     
   2324.1885444849809     
   2329.1188665469858     
   2329.2259593169879     
   2333.4508953461464     
   2336.0323656614651     
   2338.4799202731742     
   2343.5059620129350     
   2345.0057468329987     
   2345.6081754546408     
   2346.2534371577731     
   2350.1928182562765     
   2354.9465831246848     
   2356.2651124843578     
   2357.3860541872991     
   2357.6165481332696     
   2359.1989466114942     
   2359.8240103125695     
   2364.7670620876361     
   2366.2251639261781     
   2366.3151991204386     
   2369.0142535184059     
   2369.4946816404240     
   2369.6040056879265     
   2371.9585118118243     
   2372.4797114853095     
   2373.7640911788044     
   2375.8805035913310     
   2376.0802099350453     
   2382.0188425740175     
   2382.3416722452630     
   2385.7350095015295     
   2388.4232447348300     
   2391.1988389577064     
   2392.0467247942879     
   2392.4227885652376     
   2392.4919161631406     
   2392.9683623843703     
   2398.5602788050692     
   2399.2454299024453     
   2399.7036597075653     
   2402.6004758246959     
   2403.0506770916813     
   2403.7456284301657     
   2404.2184635592093     
   2405.3301109165350     
   2407.3071496155944     
   2410.3700167729298     
   2411.3122033178533     
   2412.8639421986127     
   2416.3786652807153     
   2417.2836881323324     
   2418.0125871288751     
   2422.0502504547471     
   2424.9401582263204     
   2425.3120482215700     
   2425.7485943096881     
   2432.4663815409808     
   2432.6264403790865     
   2433.7938208576043     
   2444.6531565415021     
   2445.9754902231543     
   2449.0496855514834     
   2451.7332053733671     
   2453.7147225060894     
   2464.7192001451645     
   2465.9596750674818     
   2467.2805662723349     
   2467.6888111946910     
   2468.0727052975180     
   2468.4474958398423     
   2469.2323678785274     
   2469.6323150330409     
   2472.2889593424084     
   2476.4882135726452     
   2476.8506381132906     
   2482.6063448357672     
   2486.3963731065128     
   2486.4906713749938     
   2492.6657927969513     
   2493.2561470081505     
   2495.4659983393944     
   2498.3003616440715     
   2501.6265659660103     
   2502.9304349910058     
   2507.7217899339066     
   2509.8467667192035     
   2511.2974750383182     
   2512.3868774528787     
   2513.2276178362858     
   2519.2398693484902     
   2526.8428670186872     
   2527.1093093501345     
   2531.0152296836227     
   2532.7994203176122     
   2535.3815494768296     
   2535.5481475322790     
   2535.6190347952370     
   2536.7095333516863     
   2536.9903742298648     
   2539.4169468669393     
   2540.0209404964767     
   2543.5860154107800     
   2545.0181884258532     
   2545.3326192271606     
   2550.0778817483279     
   2553.0507212954440     
   2556.0313864382824     
   2556.7768795236907     
   2557.5101339616563     
   2562.8129170187772     
   2565.3081339983883     
   2568.9047834448734     
   2569.7773102598399     
   2569.9493541505167     
   2570.4585106492800     
   2571.5126729840440     
   2573.5521786063191     
   2574.1181559845127     
   2574.9359097594074     
   2576.0562690303568     
   2576.2785922781950     
   2578.9706610539592     
   2580.6806967644097     
   2581.0198135823739     
   2581.1613717596470     
   2583.2049684095859     
   2584.4643055244837     
   2585.5509226445256     
   2586.0954541416081     
   2586.2895950744264     
   2587.1259498764857     
   2587.1512484265518     
   2587.9707567454893     
   2588.0077531693300     
   2588.9403897870288     
   2589.2913744636799     
   2590.0647842633957     
   2590.2103953474052     
   2590.9774803352534     
   2595.7260119477846     
   2596.0985697718088     
   2596.2230550535260     
   2596.8992839051916     
   2599.1843666051554     
   2599.8914989220821     
   2600.5785416869994     
   2600.7491768520472     
   2601.2846759246499     
   2601.5827815751022     
   2601.7101086320649     
   2601.9929708124441     
   2602.2998718870244     
   2602.4541659525407     
   2602.6255920817966     
   2603.0032483509608     
   2603.2132641579801     
   2604.6692410008013     
   2606.1115707460594     
   2606.2451935263830     
   2607.4365090021888     
   2607.7558833597504     
   2608.8707067177297     
   2609.6182538092498     
   2610.9312554833591     
   2611.9545329042817     
   2613.1659903066075     
   2614.1307274413621     
   2614.5776244873509     
   2614.8340739952087     
   2616.3719850613884     
   2618.8438351301088     
   2619.4522136981855     
   2619.8251615514268     
   2619.9224348957400     
   2621.0513526532432     
   2621.4553972217045     
   2621.8164845410388     
   2622.6736510940959     
   2622.9881667931645     
   2623.4337933905695     
   2623.7328145992469     
   2623.7372022701629     
   2623.8791995033889     
   2625.3408302583748     
   2626.6574955624792     
   2626.8435778260955     
   2627.4903579806892     
   2627.5177582540282     
   2627.7542798530894     
   2628.4199342429233     
   2628.9045372800711     
   2631.3363793237477     
   2632.7882290514017     
   2636.5679782941920     
   2637.2193161100090     
   2637.2708653002737     
   2639.5364711670277     
   2639.7854166616521     
   2640.5771404227730     
   2641.7861284336595     
   2642.7757089073630     
   2643.8395564941170     
   2643.9447543236597     
   2648.8381903489490     
   2650.1709506487778     
   2651.0243012809506     
   2652.0237832316807     
   2652.6035396062348     
   2652.9989412340851     
   2654.5813620207850     
   2655.3639432013642     
   2657.0751924746442     
   2658.3150290185513     
   2660.3686654931362     
   2661.5008447813821     
   2662.3400526176652     
   2662.3441717262504     
   2663.9427661411696     
   2664.7553203883676     
   2664.9330837722846     
   2665.2259371570735     
   2666.1750950275982     
   2667.7579094272137     
   2668.9413820270911     
   2669.1043342375524     
   2669.7969368185422     
   2670.7414382488373     
   2670.8025953884076     
   2671.5175256795396     
   2672.0303835534673     
   2672.2649609687660     
   2674.4732133582802     
   2675.0763717484911     
   2675.2152657732140     
   2683.1035334834569     
   2685.1812589777160     
   2685.4493883567729     
   2686.3903466960569     
   2687.8352041683406     
   2692.1676941133815     
   2694.4951116200627     
   2695.6319897694830     
   2697.7785658583261     
   2697.9122153424323     
   2700.1358526099757     
   2700.8222284258650     
   2703.6384253370443     
   2707.3516201932334     
   2707.8540858986753     
   2708.2046650378238     
   2708.7453322993765     
   2709.8785030278100     
   2710.4694327619854     
   2711.0145082254203     
   2712.8784982064553     
   2714.7607054299770     
   2715.3824203837785     
   2717.3746392735061     
   2719.1100224528323     
   2723.5036788893544     
   2725.7458724050962     
   2725.9427730973689     
   2726.9860164559814     
   2729.3219467095873     
   2729.9429801183514     
   2730.2589566706274     
   2731.6437899957132     
   2731.6920014790335     
   2732.1894749801709     
   2732.2416501646662     
   2734.9570563233851     
   2735.1919510215289     
   2736.7353365636368     
   2738.9705882348148     
   2740.4127271297011     
   2741.8421133123829     
   2744.5812066074245     
   2745.3973541190012     
   2745.8700993777052     
   2748.0239448867001     
   2748.9931743932666     
   2749.7932690169428     
   2752.2939656106946     
   2753.3286595085033     
   2753.9735605819501     
   2755.3868966489413     
   2755.4549954698637     
   2755.5149478243134     
   2756.8981556295207     
   2759.4827053963281     
   2761.6399266644630     
   2761.9191464622895     
   2762.3696596234427     
   2765.5632984522381     
   2771.7481934637804     
   2775.5588830099928     
   2775.9443529520336     
   2777.2529137528641     
   2777.3047426578310     
   2778.8200769156006     
   2781.0927810436187     
   2783.8590424782510     
   2787.6366138908120     
   2787.8430473701032     
   2788.7210015420364     
   2790.3836525819725     
   2794.3660777628411     
   2795.1460897644997     
   2796.2384573193604     
   2797.2736179740473     
   2797.7091595003662     
   2798.8460603866320     
   2800.0062720219248     
   2800.2822854149163     
   2801.8333001692713     
   2802.4926527605539     
   2802.5846497664484     
   2802.7293126286886     
   2805.7902917978945     
   2805.9833675418040     
   2805.9903169111967     
   2807.7469422361200     
   2809.0089852751648     
   2809.2831740965498     
   2809.3749017745426     
   2810.1130407203491     
   2810.9458174662491     
   2812.0148232160150     
   2812.2050357587141     
   2812.7573404996010     
   2813.1695232646803     
   2813.4266578035695     
   2814.1906697082622     
   2815.4296029554921     
   2815.7936153046885     
   2816.9490057441526     
   2818.0212530922195     
   2820.6619100733569     
   2820.8240174953089     
   2821.0512167870238     
   2821.5380543977767     
   2822.2626014262041     
   2822.5412816315938     
   2822.7640597564668     
   2823.1649176949982     
   2823.8463627738179     
   2825.5417783891348     
   2825.5667683925399     
   2827.0203354707155     
   2827.7806190526421     
   2828.0134145782190     
   2829.9330654217056     
   2830.2531482850418     
   2830.8749155923701     
   2831.3038907466098     
   2832.0369877997582     
   2832.1252258928853     
   2832.4974221873758     
   2833.5406319862354     
   2834.1537034204366     
   2834.6658372564912     
   2836.6734700662169     
   2836.7398680004644     
   2837.0438061922846     
   2837.1715507133604     
   2840.9712308969556     
   2843.1951141023510     
   2843.3269810302281     
   2844.0347641764183     
   2844.7744589124095     
   2845.6006650558861     
   2846.4628257106442     
   2847.2046904098197     
   2847.5216096522468     
   2847.7568660159727     
   2847.9232422893092     
   2848.0870309868978     
   2849.0510302059497     
   2849.3473802100525     
   2851.3795188349445     
   2852.8199167655976     
   2853.1272347393178     
   2853.2558401282222     
   2855.5955245418882     
   2855.6406735367718     
   2855.7712351590035     
   2855.8234743495118     
   2857.0660561267650     
   2858.0304341390929     
   2858.5740367211492     
   2859.6798146034153     
   2860.5729265219184     
   2862.2431052716825     
   2862.6267586536028     
   2862.8604637451326     
   2862.9639099747319     
   2863.3973169824312     
   2863.8775314093891     
   2864.8572725137983     
   2864.8716395164492     
   2864.9304923481595     
   2865.3173389598351     
   2867.1634288449513     
   2867.7975851053661     
   2870.3711057580281     
   2870.8121200176829     
   2873.3323839097270     
   2873.5370466183203     
   2875.4890677648395     
   2876.0282720129812     
   2876.5041186009807     
   2876.7407042613054     
   2878.8435012404520     
   2879.7382956192710     
   2879.8496509078400     
   2880.3698000147001     
   2880.4055394294746     
   2880.6832388700741     
   2881.9540565250991     
   2882.6385226469306     
   2882.6671144036586     
   2883.0973871269803     
   2883.2487543402326     
   2884.1817920057597     
   2884.4403643746509     
   2884.5808800253130     
   2885.7164291964550     
   2886.9453493117026     
   2887.4049331756601     
   2888.4900945530594     
   2889.6416147872419     
   2889.8321376612907     
   2891.2416606676265     
   2891.3471750304443     
   2892.7580579854448     
   2893.0461093641597     
   2893.9929583829694     
   2894.3375112902968     
   2896.9333282231823     
   2897.4510587403447     
   2897.8840723600583     
   2898.4715259702989     
   2899.2978901879878     
   2899.4221974452048     
   2899.5180934350669     
   2900.5374690667477     
   2901.5356547292490     
   2901.6956618392333     
   2902.2241660858522     
   2904.6320467196938     
   2905.2447606025221     
   2907.2582451499170     
   2907.2985703519221     
   2907.4918569236434     
   2908.5390866059697     
   2908.9698695664511     
   2911.4949997135609     
   2912.3516764089072     
   2913.3130384911901     
   2913.8280623455043     
   2916.0561158037044     
   2917.6515123913241     
   2918.0886138073570     
   2918.1974935330700     
   2919.8556992501558     
   2920.4469376524103     
   2920.9506536735266     
   2921.1132612605720     
   2922.0583363588694     
   2923.0056079178407     
   2923.2837092567520     
   2924.5280398345267     
   2926.5114908430533     
   2926.9787618373166     
   2927.1631004268343     
   2927.4266072833707     
   2932.2202023246891     
   2934.1428808755782     
   2936.2922847936152     
   2936.6504154200393     
   2936.8045887652893     
   2937.8712136195309     
   2944.3663510040956     
   2947.7163759762971     
   2948.8813250998564     
   2949.3109102915878     
   2952.8344893547473     
   2956.4411693176521     
   2959.4995801395330     
   2965.1231504445113     
   2970.1286607563597     
   2971.4128224251926     
   2972.8983478757536     
   2973.5003980419415     
   2977.3463747998708     
   2984.6146753250864     
   2986.4226269848291     
   2989.1919497753033     
   2989.7224828695166     
   3003.9826401938126     
   3010.1714682711950     
   3027.8605917809550     
   3034.1218805601488     
   3046.1034298266932     
