   3.2649789925201231E-005
   8.5544240365185986E-005
   1.3190458670145523E-004
   1.7565230868815066E-004
   2.0850470073884960E-004
   3.1028392365377300E-004
   3.9346172259825674E-004
   5.2600821735801343E-004
   6.4570645420693185E-004
   8.4444138816391900E-004
   9.0956860660068584E-004
   9.9730632041858890E-004
   1.0227538487627011E-003
   1.0770353658027701E-003
   1.1182061784981955E-003
   1.2206581547184736E-003
   1.2812945116293180E-003
   1.3434777602006080E-003
   1.4636717063772897E-003
   1.5336328764663579E-003
   1.6243942337201831E-003
   1.6695278839220992E-003
   1.8256692775391811E-003
   1.8563650515663974E-003
   1.8963055510487466E-003
   1.9314546635531289E-003
   2.0064108866607311E-003
   2.0595984235174752E-003
   2.0901725651485208E-003
   2.1616462418383021E-003
   2.2599418551909919E-003
   2.3991663733206607E-003
   2.4455273378973107E-003
   2.4789551018434448E-003
   2.5243759795126716E-003
   2.5737461349287435E-003
   2.6140233544610677E-003
   2.6842925158399289E-003
   2.7501963796268195E-003
   2.8172914684491176E-003
   2.8350213067302875E-003
   2.8589393571396746E-003
   2.9673139087187375E-003
   2.9978596047329103E-003
   3.0560306912753871E-003
   3.0757556333765187E-003
   3.1080601204567112E-003
   3.1844180341066676E-003
   3.1932093538578499E-003
   3.2662009492254798E-003
   3.3011585443222385E-003
   3.3317111277909690E-003
   3.3615360734155228E-003
   3.3888345551455635E-003
   3.4641581941866617E-003
   3.5705170409053091E-003
   3.6141117292343900E-003
   3.6499870332197303E-003
   3.6706753587308146E-003
   3.7401256339746544E-003
   3.7793410941796375E-003
   3.8046487901894103E-003
   3.8153568102137899E-003
   3.9208234294862282E-003
   3.9626789346647569E-003
   4.0151896204127695E-003
   4.0418838323745708E-003
   4.0774199599692817E-003
   4.1193140095513604E-003
   4.2234747893603536E-003
   4.2392939952589732E-003
   4.3364733040980796E-003
   4.3622892133147392E-003
   4.4274014698459738E-003
   4.4568957435514242E-003
   4.4711939095814935E-003
   4.5035302093099508E-003
   4.5474134977291211E-003
   4.6148812493233974E-003
   4.6457827948720035E-003
   4.7046862839791653E-003
   4.7623683365882394E-003
   4.7837616118979838E-003
   4.8070257119422876E-003
   4.8320457639245730E-003
   4.9152024854897669E-003
   4.9678027750720095E-003
   4.9829350351736062E-003
   5.0159909585105302E-003
   5.0724648575809139E-003
   5.1118979653302947E-003
   5.1529723049472216E-003
   5.2076500959717413E-003
   5.2419888828643202E-003
   5.2994393897670957E-003
   5.3108104591435921E-003
   5.3560318159227502E-003
   5.3891748466239897E-003
   5.4399187772259574E-003
   5.4628576866586004E-003
   5.5105554007824978E-003
   5.5988014355048349E-003
   5.6127901724761942E-003
   5.7012566113108509E-003
   5.7597618007766737E-003
   5.7863434802725858E-003
   5.7996709760543483E-003
   5.8211367788041273E-003
   5.8618559872953072E-003
   5.9159004860092901E-003
   5.9385886901339143E-003
   5.9537206478547473E-003
   5.9888060057059498E-003
   6.0085649685912238E-003
   6.0378490379939696E-003
   6.0727482423142782E-003
   6.1033483751895190E-003
   6.1061391510384691E-003
   6.1233940353390371E-003
   6.2056724126379652E-003
   6.2358511169879052E-003
   6.2589540026563245E-003
   6.2692347725506609E-003
   6.3475511833617979E-003
   6.3826471645863671E-003
   6.4618811470316413E-003
   6.4861650676301076E-003
   6.5362085130401780E-003
   6.5703240865402877E-003
   6.6172078284194580E-003
   6.6225936857699421E-003
   6.6857766922857444E-003
   6.6940682040455271E-003
   6.7440647504601603E-003
   6.7727822428701213E-003
   6.7994821462061547E-003
   6.8180936422255521E-003
   6.8402894194391304E-003
   6.8595451813279855E-003
   6.9060483691700640E-003
   6.9158209392336106E-003
   6.9672211616130146E-003
   6.9922273563815390E-003
   7.0424309085506051E-003
   7.0762025178297697E-003
   7.0886236924819941E-003
   7.1539360014450052E-003
   7.1824742999761770E-003
   7.2047915149164674E-003
   7.2307879951063140E-003
   7.2471110229375421E-003
   7.3011202337823558E-003
   7.3338491607190196E-003
   7.3630521878744037E-003
   7.3788341731598414E-003
   7.4190985339814023E-003
   7.4708472757213130E-003
   7.4937932898683623E-003
   7.5213223736833503E-003
   7.5386622124063813E-003
   7.5584025151723185E-003
   7.5730556065360180E-003
   7.6122573884360618E-003
   7.6407178897843634E-003
   7.6668618091836217E-003
   7.6867956024430310E-003
   7.7473840687354682E-003
   7.8036126410271703E-003
   7.8159722447438285E-003
   7.8388545986027274E-003
   7.8584656820189832E-003
   7.8912765833087841E-003
   7.9299336292498451E-003
   7.9851461810382159E-003
   8.0083551313877652E-003
   8.0245830361711946E-003
   8.0640124874265130E-003
   8.1314615906537251E-003
   8.1490590017068171E-003
   8.1800141693532738E-003
   8.1931340920106156E-003
   8.2255700904988408E-003
   8.2579724465076214E-003
   8.2841590697673006E-003
   8.3200338875482841E-003
   8.3459740368123040E-003
   8.3874167142686459E-003
   8.4124220030618400E-003
   8.4505263889866535E-003
   8.4855064214040838E-003
   8.4919979222395827E-003
   8.5146517860660246E-003
   8.5479767576297615E-003
   8.5668142933702906E-003
   8.5819324666557371E-003
   8.6130915510811475E-003
   8.6305739797442119E-003
   8.6772727651925809E-003
   8.6853947810025759E-003
   8.7225066228989248E-003
   8.7631577909869484E-003
   8.7685564492758859E-003
   8.7984369113897152E-003
   8.8519100571207779E-003
   8.8863906208903349E-003
   8.8960266875738672E-003
   8.9205862954971783E-003
   8.9388507413203470E-003
   8.9900431721950079E-003
   9.0158545764102409E-003
   9.0706879444777070E-003
   9.0879838589606986E-003
   9.0959008191710666E-003
   9.1361546672269235E-003
   9.1671697754946661E-003
   9.1950408264139631E-003
   9.1964241691285080E-003
   9.2116946543361073E-003
   9.2329448893210247E-003
   9.3064086379810347E-003
   9.3160229854675897E-003
   9.3390499087126558E-003
   9.3542336018905790E-003
   9.3983027042712653E-003
   9.4040373561065059E-003
   9.4385381132505546E-003
   9.4775805111541305E-003
   9.5145391341890113E-003
   9.5289918348200556E-003
   9.5546086197797388E-003
   9.5985988074336441E-003
   9.6278845980971115E-003
   9.6424758813407428E-003
   9.6732866513365781E-003
   9.7082304136926652E-003
   9.7348457448274226E-003
   9.7653046850214621E-003
   9.7750606863434789E-003
   9.7987970397716059E-003
   9.8288334547858847E-003
   9.8509023547063666E-003
   9.8714260915311793E-003
   9.9101968273918699E-003
   9.9333779722239821E-003
   9.9434225671485854E-003
   9.9731136362000376E-003
   1.0013899758417585E-002
   1.0041524072128476E-002
   1.0051883686441613E-002
   1.0065861743384601E-002
   1.0104485914355489E-002
   1.0123651236296561E-002
   1.0133285633809951E-002
   1.0158686592398705E-002
   1.0204049735670132E-002
   1.0237153219754335E-002
   1.0247589716262379E-002
   1.0261848558069294E-002
   1.0296821461463575E-002
   1.0307135344540702E-002
   1.0351572208619266E-002
   1.0368301196869502E-002
   1.0384463476282996E-002
   1.0421064323860202E-002
   1.0444240111107598E-002
   1.0480514838564221E-002
   1.0502383343763497E-002
   1.0521600342940651E-002
   1.0530887375926570E-002
   1.0586446142803995E-002
   1.0595057004669790E-002
   1.0600734302219424E-002
   1.0645973426808127E-002
   1.0687969604549383E-002
   1.0721729677985637E-002
   1.0751389136171099E-002
   1.0763479022895978E-002
   1.0801439378098120E-002
   1.0821172324759796E-002
   1.0830539929156243E-002
   1.0839832476937105E-002
   1.0877135499301787E-002
   1.0884655294597256E-002
   1.0912224970704029E-002
   1.0944711434970623E-002
   1.0974094222212556E-002
   1.0977952801640623E-002
   1.0987715107115584E-002
   1.1041892803605997E-002
   1.1049210556623709E-002
   1.1062456806008165E-002
   1.1094692187430630E-002
   1.1097215251522661E-002
   1.1147589639739400E-002
   1.1155992902801561E-002
   1.1156763332071190E-002
   1.1190345549795833E-002
   1.1211304872180075E-002
   1.1246846480447307E-002
   1.1274106966860604E-002
   1.1283566651812911E-002
   1.1333713118145718E-002
   1.1361250450227947E-002
   1.1372296572549555E-002
   1.1390528900735360E-002
   1.1409721204448948E-002
   1.1416355466067432E-002
   1.1441720889346833E-002
   1.1461029000582806E-002
   1.1499693213337377E-002
   1.1522934406252483E-002
   1.1534000914005022E-002
   1.1550543807667821E-002
   1.1566457696896473E-002
   1.1620126845609091E-002
   1.1621477324370508E-002
   1.1639065557426772E-002
   1.1660059725407202E-002
   1.1681875076231528E-002
   1.1697333402162174E-002
   1.1735635498591289E-002
   1.1740730370164213E-002
   1.1777456096614895E-002
   1.1783293664601699E-002
   1.1795841129523013E-002
   1.1849225850694964E-002
   1.1858497841285431E-002
   1.1879291541023311E-002
   1.1896005259751312E-002
   1.1920323780038057E-002
   1.1947187241161207E-002
   1.1959953963175238E-002
   1.1984026598011465E-002
   1.2027073450594901E-002
   1.2039300011881006E-002
   1.2053624551115524E-002
   1.2067627961974692E-002
   1.2100490028034951E-002
   1.2135438159719883E-002
   1.2157334450634487E-002
   1.2166000930022562E-002
   1.2174930978080430E-002
   1.2229094830179704E-002
   1.2238581763356042E-002
   1.2263925483267504E-002
   1.2285127277005550E-002
   1.2305394653010952E-002
   1.2336631479996979E-002
   1.2364454114863933E-002
   1.2371472502412615E-002
   1.2384442750589652E-002
   1.2395084261929987E-002
   1.2438898568211081E-002
   1.2459521936333614E-002
   1.2478611139034045E-002
   1.2496298469463214E-002
   1.2513003909366131E-002
   1.2540586615863622E-002
   1.2556808366025407E-002
   1.2572447029101423E-002
   1.2584882478055335E-002
   1.2606763699396241E-002
   1.2623752980296183E-002
   1.2634569813767146E-002
   1.2638622087160135E-002
   1.2642375537803395E-002
   1.2656486453643707E-002
   1.2698901694952315E-002
   1.2706475684807719E-002
   1.2737732292898700E-002
   1.2780723254392974E-002
   1.2792911017099550E-002
   1.2799486487210231E-002
   1.2808071439684760E-002
   1.2821723036583431E-002
   1.2845173895973446E-002
   1.2856005280330792E-002
   1.2870411882276887E-002
   1.2894218566275095E-002
   1.2912900194881142E-002
   1.2952169567386566E-002
   1.2956982892845262E-002
   1.2970864097603646E-002
   1.2979480246079225E-002
   1.2999792959471124E-002
   1.3042119686077993E-002
   1.3052772996003138E-002
   1.3084660519539236E-002
   1.3103063650738539E-002
   1.3133353888964576E-002
   1.3155990345394856E-002
   1.3160214655340894E-002
   1.3161911032365249E-002
   1.3174293484775577E-002
   1.3208357866989319E-002
   1.3218575631183576E-002
   1.3235402363200522E-002
   1.3250641325655817E-002
   1.3260054504199561E-002
   1.3277520909867753E-002
   1.3283630832130178E-002
   1.3309275823054580E-002
   1.3356718841854825E-002
   1.3369404295626880E-002
   1.3379505374951663E-002
   1.3385744278299781E-002
   1.3419461562783959E-002
   1.3428578136664022E-002
   1.3437982924253236E-002
   1.3456446846380372E-002
   1.3463229960890633E-002
   1.3480654489457329E-002
   1.3515892980102853E-002
   1.3529901786014584E-002
   1.3536922526327164E-002
   1.3557733424961835E-002
   1.3573674190684561E-002
   1.3583254458576511E-002
   1.3591966209398012E-002
   1.3619155869421314E-002
   1.3632876445358212E-002
   1.3650601908367616E-002
   1.3665707863939039E-002
   1.3676768379413841E-002
   1.3688515856690335E-002
   1.3692763955278993E-002
   1.3727454400460429E-002
   1.3733374902343205E-002
   1.3750388922055636E-002
   1.3755211499581711E-002
   1.3770238784416213E-002
   1.3782003458358161E-002
   1.3805732803853462E-002
   1.3816976271356673E-002
   1.3830008188078039E-002
   1.3843677590481163E-002
   1.3864571142078157E-002
   1.3884638350897979E-002
   1.3895220743840518E-002
   1.3911092144878465E-002
   1.3924986700039561E-002
   1.3941443213151739E-002
   1.3961125867674003E-002
   1.3967174636587499E-002
   1.3994759304940091E-002
   1.3999035503956965E-002
   1.4014779124810826E-002
   1.4024970813535282E-002
   1.4045484457278493E-002
   1.4054054508712466E-002
   1.4068704434626470E-002
   1.4081351157280196E-002
   1.4083404511131905E-002
   1.4108408319064356E-002
   1.4129855337775325E-002
   1.4150112141752160E-002
   1.4168769505145404E-002
   1.4179399343704466E-002
   1.4212149906598420E-002
   1.4219514181475630E-002
   1.4236854471528721E-002
   1.4260142704915079E-002
   1.4285060956762428E-002
   1.4318862938128387E-002
   1.4320131077098459E-002
   1.4322358596697513E-002
   1.4357081412554087E-002
   1.4364103592571223E-002
   1.4382453856952809E-002
   1.4393733439746093E-002
   1.4397589806618170E-002
   1.4433671796911638E-002
   1.4437240090407467E-002
   1.4461166011164414E-002
   1.4470620029273450E-002
   1.4495142857394817E-002
   1.4499646644786765E-002
   1.4507181747387510E-002
   1.4529968479112601E-002
   1.4541591329703658E-002
   1.4555031758901722E-002
   1.4568529135653298E-002
   1.4589690074482260E-002
   1.4600526081170810E-002
   1.4612880494896931E-002
   1.4633264634579040E-002
   1.4643443490259846E-002
   1.4653233624456483E-002
   1.4679729159739396E-002
   1.4689264682640734E-002
   1.4700299528437636E-002
   1.4717384941328807E-002
   1.4736981751189093E-002
   1.4751351300221252E-002
   1.4765709155041867E-002
   1.4776507928165320E-002
   1.4791416588464286E-002
   1.4793915135947192E-002
   1.4824684320959019E-002
   1.4836085870961087E-002
   1.4849372915953212E-002
   1.4861893158759628E-002
   1.4875562453082273E-002
   1.4883214832871401E-002
   1.4893268185632913E-002
   1.4909310891759049E-002
   1.4925929614880908E-002
   1.4942363687506710E-002
   1.4957697836284724E-002
   1.4982933996789620E-002
   1.4990436249764602E-002
   1.5001746737663050E-002
   1.5016568963259385E-002
   1.5030136506086342E-002
   1.5065439720966077E-002
   1.5084679346981785E-002
   1.5120219307668501E-002
   1.5140440496435602E-002
   1.5152504664077714E-002
   1.5164906348083844E-002
   1.5183926622027331E-002
   1.5204027120353946E-002
   1.5211558146242799E-002
   1.5244241019520164E-002
   1.5253035052846959E-002
   1.5275013723349679E-002
   1.5286725287053477E-002
   1.5295625592429562E-002
   1.5305629890443184E-002
   1.5317382214486476E-002
   1.5348575760268327E-002
   1.5360741917593635E-002
   1.5368675922507543E-002
   1.5371521223086621E-002
   1.5377939526719441E-002
   1.5386102511668352E-002
   1.5397472771264699E-002
   1.5431503205744317E-002
   1.5446235714951278E-002
   1.5468202934225872E-002
   1.5469321382981859E-002
   1.5488855477825351E-002
   1.5499348160552751E-002
   1.5509412982831296E-002
   1.5530692219775627E-002
   1.5538644387645052E-002
   1.5544295090012024E-002
   1.5554632228931995E-002
   1.5582590631688974E-002
   1.5593708317786559E-002
   1.5604005334807124E-002
   1.5618045520045388E-002
   1.5622126745159596E-002
   1.5645449820664549E-002
   1.5670302654416522E-002
   1.5674422566120939E-002
   1.5690475210613560E-002
   1.5707320460029553E-002
   1.5724577566344645E-002
   1.5731285880384811E-002
   1.5738362218677714E-002
   1.5765944878712194E-002
   1.5774763390297236E-002
   1.5787500327845854E-002
   1.5810135461104650E-002
   1.5831729087563817E-002
   1.5855289261024520E-002
   1.5863550650470203E-002
   1.5877102504945239E-002
   1.5900548423063720E-002
   1.5908237821253095E-002
   1.5922481599832516E-002
   1.5941185998618938E-002
   1.5944596207166165E-002
   1.5952540410912038E-002
   1.5957832018490041E-002
   1.5979468283066879E-002
   1.5992902247599770E-002
   1.6016113148089827E-002
   1.6031931718781312E-002
   1.6038940040590088E-002
   1.6050856225862522E-002
   1.6068017706294086E-002
   1.6072943209833893E-002
   1.6085978131185640E-002
   1.6112355149207006E-002
   1.6118941282755008E-002
   1.6127929154141310E-002
   1.6158806257167133E-002
   1.6173579464851505E-002
   1.6178194376234079E-002
   1.6205888509524945E-002
   1.6209634679746641E-002
   1.6229134295407916E-002
   1.6267959720223869E-002
   1.6270948424008412E-002
   1.6279428378302003E-002
   1.6285509527694933E-002
   1.6308702602577534E-002
   1.6322277851548765E-002
   1.6326321766884873E-002
   1.6334200934005443E-002
   1.6345747383826947E-002
   1.6356923822607363E-002
   1.6379659503780016E-002
   1.6388497815994160E-002
   1.6401381586606003E-002
   1.6417536342628689E-002
   1.6436755958946322E-002
   1.6441690896890709E-002
   1.6467189468788872E-002
   1.6474393616873168E-002
   1.6499945214667199E-002
   1.6510603429741165E-002
   1.6515257634207040E-002
   1.6548577202278609E-002
   1.6559458916548815E-002
   1.6570399469893284E-002
   1.6588086234199013E-002
   1.6609887957430319E-002
   1.6615130487293003E-002
   1.6624648596498010E-002
   1.6653119499282096E-002
   1.6666693548746378E-002
   1.6681703597712299E-002
   1.6689001290063721E-002
   1.6708397782875941E-002
   1.6718313526600494E-002
   1.6731583825139999E-002
   1.6752149542194367E-002
   1.6760203420077106E-002
   1.6784318117160843E-002
   1.6802161745209328E-002
   1.6807586156873049E-002
   1.6814838447998085E-002
   1.6839341139706757E-002
   1.6845464677768530E-002
   1.6864549724130058E-002
   1.6879978309860717E-002
   1.6890472967216526E-002
   1.6894678837433067E-002
   1.6913182344303480E-002
   1.6927210289170769E-002
   1.6937627711990626E-002
   1.6947572468893609E-002
   1.6981384089822263E-002
   1.6990795599947404E-002
   1.7000967106466005E-002
   1.7024180827791162E-002
   1.7041896245733310E-002
   1.7048385510743839E-002
   1.7058383816250224E-002
   1.7073410675974520E-002
   1.7084202525500899E-002
   1.7106325111992376E-002
   1.7115689876375618E-002
   1.7126542702952701E-002
   1.7137303599397271E-002
   1.7153299477085059E-002
   1.7176778821194810E-002
   1.7196449198737244E-002
   1.7199215955497293E-002
   1.7214300085782654E-002
   1.7219177987733609E-002
   1.7225589750894499E-002
   1.7237856544032492E-002
   1.7245849957634285E-002
   1.7252177112956738E-002
   1.7271599762679484E-002
   1.7278204292320097E-002
   1.7284235422595055E-002
   1.7290033363610471E-002
   1.7313380764282568E-002
   1.7320973280553629E-002
   1.7336516586212460E-002
   1.7348067684166274E-002
   1.7352045645348240E-002
   1.7369013033314274E-002
   1.7374931267130231E-002
   1.7399402995470898E-002
   1.7414241614120238E-002
   1.7421576905275571E-002
   1.7453483279631570E-002
   1.7458261316654195E-002
   1.7470676284247456E-002
   1.7495550085554503E-002
   1.7508733369317596E-002
   1.7520859468116490E-002
   1.7536018260155630E-002
   1.7547909317534242E-002
   1.7549277894423093E-002
   1.7574073526019102E-002
   1.7586445385193526E-002
   1.7594394182432860E-002
   1.7605907160278194E-002
   1.7615033697027611E-002
   1.7631563638357464E-002
   1.7643461079139573E-002
   1.7647631201227407E-002
   1.7660772845912536E-002
   1.7671364002928420E-002
   1.7686524895560007E-002
   1.7712663021793761E-002
   1.7720051684141435E-002
   1.7725713285803361E-002
   1.7737720404028240E-002
   1.7746997473578174E-002
   1.7752573086389261E-002
   1.7767386545687557E-002
   1.7773584827879885E-002
   1.7801738287247158E-002
   1.7822536368309740E-002
   1.7834218195497596E-002
   1.7857174469188754E-002
   1.7869924262990951E-002
   1.7879149680967675E-002
   1.7884296200820833E-002
   1.7897869934603284E-002
   1.7907613791021692E-002
   1.7923327623782664E-002
   1.7926485596900830E-002
   1.7944120726871727E-002
   1.7964678923444135E-002
   1.7985240275606263E-002
   1.7992950284651591E-002
   1.8006213045932369E-002
   1.8020743272227687E-002
   1.8028585922375242E-002
   1.8035703805873660E-002
   1.8045751719559151E-002
   1.8056852114508984E-002
   1.8071119363507009E-002
   1.8081673073302967E-002
   1.8094425259122585E-002
   1.8114962583193239E-002
   1.8126680369778422E-002
   1.8134120183321657E-002
   1.8153441919789182E-002
   1.8159596781547591E-002
   1.8170947472717181E-002
   1.8175466461769749E-002
   1.8191672160262025E-002
   1.8218383912827096E-002
   1.8239716971489978E-002
   1.8257247606479753E-002
   1.8260940134130814E-002
   1.8275440460430118E-002
   1.8288686057526690E-002
   1.8292157111800305E-002
   1.8299601886234741E-002
   1.8312687346763359E-002
   1.8324979808436011E-002
   1.8344491618861012E-002
   1.8355825388298073E-002
   1.8362835336696380E-002
   1.8377622220895447E-002
   1.8379921348325168E-002
   1.8396195109100698E-002
   1.8405993096733554E-002
   1.8419886898714277E-002
   1.8424259441511381E-002
   1.8434818216914978E-002
   1.8448699004811085E-002
   1.8466927791503905E-002
   1.8474741748388257E-002
   1.8486450977509925E-002
   1.8495938180152684E-002
   1.8520966607345580E-002
   1.8534253484735960E-002
   1.8535011454681376E-002
   1.8553858351006328E-002
   1.8557052770289115E-002
   1.8582831190878585E-002
   1.8595458875700105E-002
   1.8598447811594490E-002
   1.8600277279114535E-002
   1.8614295207765509E-002
   1.8633724014652703E-002
   1.8644831235794100E-002
   1.8650224483098742E-002
   1.8655767130475853E-002
   1.8673080909174182E-002
   1.8699052868553740E-002
   1.8714186544166161E-002
   1.8728347600182219E-002
   1.8732958943518768E-002
   1.8748286789501457E-002
   1.8759214060027944E-002
   1.8775019672851272E-002
   1.8779103403754285E-002
   1.8795021320861957E-002
   1.8812724180752114E-002
   1.8823534498450749E-002
   1.8843576870361683E-002
   1.8850259222889781E-002
   1.8855516188558109E-002
   1.8866888973944996E-002
   1.8879320821233132E-002
   1.8892223822654618E-002
   1.8898459455442069E-002
   1.8919308152745822E-002
   1.8924403948415675E-002
   1.8939625517356479E-002
   1.8946143867250079E-002
   1.8956172098074098E-002
   1.8960776780266236E-002
   1.8974177625342113E-002
   1.8979741248667185E-002
   1.8991773107352342E-002
   1.8999476476463790E-002
   1.9001610252612815E-002
   1.9011069617158163E-002
   1.9030323845979243E-002
   1.9044239132094288E-002
   1.9052893821492313E-002
   1.9074967457808897E-002
   1.9076751556869779E-002
   1.9081845340870120E-002
   1.9105700503666612E-002
   1.9115900622771399E-002
   1.9146748108789757E-002
   1.9148584758392935E-002
   1.9156557204200866E-002
   1.9159683929447165E-002
   1.9162951455412434E-002
   1.9177371295782869E-002
   1.9199417256211639E-002
   1.9206861391111107E-002
   1.9209031465651383E-002
   1.9230789804901539E-002
   1.9240147443140145E-002
   1.9250244808386201E-002
   1.9264952111718359E-002
   1.9283964946519034E-002
   1.9288608226105061E-002
   1.9301103851064521E-002
   1.9306535689388178E-002
   1.9314221354755232E-002
   1.9320555935562398E-002
   1.9333735502232018E-002
   1.9337581293798440E-002
   1.9350273532040926E-002
   1.9364885759804558E-002
   1.9374988607854395E-002
   1.9383944647542721E-002
   1.9391949163943416E-002
   1.9404957241437135E-002
   1.9417363287719230E-002
   1.9423987012657875E-002
   1.9432290396395133E-002
   1.9447244983364174E-002
   1.9459621334930986E-002
   1.9461208526040281E-002
   1.9475864662688230E-002
   1.9482975374194890E-002
   1.9497427151750870E-002
   1.9506422947942522E-002
   1.9521734273898948E-002
   1.9533191631071162E-002
   1.9539741252581500E-002
   1.9548038013555778E-002
   1.9574372784202036E-002
   1.9580351843148724E-002
   1.9593128407045340E-002
   1.9602439860849911E-002
   1.9617421904670484E-002
   1.9625777466822095E-002
   1.9631309317429967E-002
   1.9647792002132326E-002
   1.9652333844548477E-002
   1.9662547535184018E-002
   1.9668597686866043E-002
   1.9674506861469231E-002
   1.9684402147624607E-002
   1.9704462734104328E-002
   1.9710373986588814E-002
   1.9740797557306091E-002
   1.9748300358519318E-002
   1.9768029489441952E-002
   1.9780963130933870E-002
   1.9792006847160305E-002
   1.9796716474057362E-002
   1.9805883487268954E-002
   1.9815366141894764E-002
   1.9830714665149293E-002
   1.9834154585539630E-002
   1.9843484216274739E-002
   1.9853842961676468E-002
   1.9878521148614756E-002
   1.9888837915100818E-002
   1.9913182560986578E-002
   1.9918505222494279E-002
   1.9923914125864431E-002
   1.9928153370982037E-002
   1.9945749983907152E-002
   1.9946726463119485E-002
   1.9956970373677808E-002
   1.9969264301485060E-002
   1.9974953957180630E-002
   1.9984215337012379E-002
   2.0011404741527506E-002
   2.0014178749440524E-002
   2.0032205347281035E-002
   2.0034321503372383E-002
   2.0046341372497872E-002
   2.0054006749260042E-002
   2.0067930029798831E-002
   2.0082301208565568E-002
   2.0088378762989630E-002
   2.0103196516190629E-002
   2.0113860812826349E-002
   2.0124056562618117E-002
   2.0132205367756662E-002
   2.0145855473395667E-002
   2.0156018210272103E-002
   2.0166764815988700E-002
   2.0174627482872024E-002
   2.0190579676775292E-002
   2.0202522830001714E-002
   2.0211207134966293E-002
   2.0216068170305267E-002
   2.0231436360449030E-002
   2.0234374878171060E-002
   2.0249018935877657E-002
   2.0253545068795027E-002
   2.0260034322696456E-002
   2.0275987780587403E-002
   2.0285010636730549E-002
   2.0298818314697507E-002
   2.0314352318261838E-002
   2.0333897252800361E-002
   2.0353733652659019E-002
   2.0366915801922895E-002
   2.0368120222630452E-002
   2.0375456543837239E-002
   2.0382519897632206E-002
   2.0396689004292666E-002
   2.0411399607269117E-002
   2.0414461558203183E-002
   2.0418892890191134E-002
   2.0441138810913525E-002
   2.0448302979956333E-002
   2.0455829976715117E-002
   2.0471428409609038E-002
   2.0476773069634406E-002
   2.0488516174818922E-002
   2.0495786496193758E-002
   2.0502207068978619E-002
   2.0517766180868695E-002
   2.0528130794391374E-002
   2.0541234350650389E-002
   2.0544992403185160E-002
   2.0562227404624177E-002
   2.0577927674387059E-002
   2.0580689078873910E-002
   2.0582243970495313E-002
   2.0594609638788026E-002
   2.0617622668657024E-002
   2.0623012058542969E-002
   2.0642998076948190E-002
   2.0654042222130128E-002
   2.0673462682567558E-002
   2.0676277510199612E-002
   2.0685660512687529E-002
   2.0695273165643149E-002
   2.0702589523692645E-002
   2.0724630156559551E-002
   2.0729284112361128E-002
   2.0732273822854863E-002
   2.0743189506596073E-002
   2.0759480340483468E-002
   2.0770571804874221E-002
   2.0774596100648319E-002
   2.0784111453525801E-002
   2.0800217471153518E-002
   2.0816934546984696E-002
   2.0821943950794845E-002
   2.0827212227047344E-002
   2.0832475856869297E-002
   2.0855279069789224E-002
   2.0862583699251966E-002
   2.0875892922805922E-002
   2.0899260748560675E-002
   2.0909542300732664E-002
   2.0911222590879734E-002
   2.0919231398318135E-002
   2.0930604369922119E-002
   2.0942407448709337E-002
   2.0948726667105167E-002
   2.0964955675376217E-002
   2.0969540391593041E-002
   2.0983769686907607E-002
   2.0991615751760909E-002
   2.0997255039784505E-002
   2.1006724889395763E-002
   2.1012677069725427E-002
   2.1026995994557370E-002
   2.1033218732487917E-002
   2.1047206714196413E-002
   2.1058822766480894E-002
   2.1070562098178546E-002
   2.1081409657983042E-002
   2.1094530321154870E-002
   2.1105001939377963E-002
   2.1123455507801599E-002
   2.1138762245421178E-002
   2.1154148281384243E-002
   2.1155369410792154E-002
   2.1165048576520996E-002
   2.1169305354119525E-002
   2.1184062482205428E-002
   2.1201805519195278E-002
   2.1203852229378671E-002
   2.1219398538579154E-002
   2.1232749416015263E-002
   2.1240407569655811E-002
   2.1252607644698121E-002
   2.1260950960892467E-002
   2.1277623967566082E-002
   2.1282853490213353E-002
   2.1293667607738122E-002
   2.1305921894276807E-002
   2.1314490142905901E-002
   2.1330014816441006E-002
   2.1342627692753909E-002
   2.1352228970516370E-002
   2.1371221291646897E-002
   2.1379594094360896E-002
   2.1392950065035193E-002
   2.1401452245159477E-002
   2.1410985792762075E-002
   2.1421510691006129E-002
   2.1433740111898542E-002
   2.1441494362574684E-002
   2.1449679373188795E-002
   2.1468004358430107E-002
   2.1476402253964039E-002
   2.1479205260386786E-002
   2.1483925871054854E-002
   2.1494628687184623E-002
   2.1508460497786035E-002
   2.1522792504158294E-002
   2.1529687248081398E-002
   2.1537059843393415E-002
   2.1563527855961457E-002
   2.1568497767635263E-002
   2.1572438657633804E-002
   2.1593167688428824E-002
   2.1607169845949424E-002
   2.1616181016558933E-002
   2.1631983045687826E-002
   2.1646847822400898E-002
   2.1651467901991184E-002
   2.1665069462954351E-002
   2.1669354271567052E-002
   2.1674299149825813E-002
   2.1679987742068203E-002
   2.1691506045794430E-002
   2.1704591779521644E-002
   2.1719509868487731E-002
   2.1723066202353477E-002
   2.1737132861174426E-002
   2.1744516714914522E-002
   2.1755859821247316E-002
   2.1767722216740958E-002
   2.1782646727107256E-002
   2.1788167977731834E-002
   2.1789047783450546E-002
   2.1802045117321176E-002
   2.1815458694640782E-002
   2.1821669930375605E-002
   2.1835648590278204E-002
   2.1842121244107334E-002
   2.1855081896038180E-002
   2.1868084940170857E-002
   2.1873031028464638E-002
   2.1887972204755659E-002
   2.1893475335181368E-002
   2.1896983041882857E-002
   2.1912838761197866E-002
   2.1921554896840677E-002
   2.1932194288223805E-002
   2.1944264524304209E-002
   2.1955445377346464E-002
   2.1971325268365503E-002
   2.1987449278070590E-002
   2.1999578735233661E-002
   2.2010416294279429E-002
   2.2017296520468410E-002
   2.2037865591648748E-002
   2.2040416963317797E-002
   2.2049986196404643E-002
   2.2055246217581013E-002
   2.2058889194097455E-002
   2.2085433577079927E-002
   2.2086601971233265E-002
   2.2091823181086472E-002
   2.2102906083500462E-002
   2.2127637395454400E-002
   2.2145375472285015E-002
   2.2155403379774952E-002
   2.2161573025982907E-002
   2.2162832833721304E-002
   2.2186200621421685E-002
   2.2193107666198766E-002
   2.2206928417749433E-002
   2.2217258963990478E-002
   2.2225388909123466E-002
   2.2234128671029679E-002
   2.2240856220747177E-002
   2.2256352298754289E-002
   2.2268446734339489E-002
   2.2273426184932877E-002
   2.2276155800844286E-002
   2.2296985086780238E-002
   2.2309811519106177E-002
   2.2320090833827935E-002
   2.2338862177042926E-002
   2.2348806412778650E-002
   2.2353127408837044E-002
   2.2354908866052552E-002
   2.2369936525628919E-002
   2.2387680048320101E-002
   2.2401286575346412E-002
   2.2409942991633802E-002
   2.2422679963891145E-002
   2.2436407427298067E-002
   2.2445642758860591E-002
   2.2453149983021205E-002
   2.2468108994273924E-002
   2.2482169416713688E-002
   2.2497508714396999E-002
   2.2509120756893642E-002
   2.2514663377879534E-002
   2.2529274401658545E-002
   2.2542614243169116E-002
   2.2548829024710358E-002
   2.2561261560962276E-002
   2.2564391838216610E-002
   2.2576059456389408E-002
   2.2579873096527783E-002
   2.2592356119593274E-002
   2.2608450612976509E-002
   2.2619659097317467E-002
   2.2630325793264707E-002
   2.2638250364171223E-002
   2.2656321209372537E-002
   2.2672991867529520E-002
   2.2678379198247833E-002
   2.2691884208958079E-002
   2.2703464831499723E-002
   2.2711496232890000E-002
   2.2724559686953878E-002
   2.2733171813388447E-002
   2.2746939026224319E-002
   2.2755662658026844E-002
   2.2776682935409312E-002
   2.2783605730199753E-002
   2.2793191780840945E-002
   2.2802752640770130E-002
   2.2810634855859508E-002
   2.2822723213750527E-002
   2.2834761646660973E-002
   2.2847091502755570E-002
   2.2852491465220254E-002
   2.2876035128055527E-002
   2.2890316516480949E-002
   2.2897843159145607E-002
   2.2911314727197724E-002
   2.2915260327858459E-002
   2.2927703969029017E-002
   2.2935868769315877E-002
   2.2956974490098269E-002
   2.2964413092108952E-002
   2.2976975370569620E-002
   2.2992997921644262E-002
   2.2999586197411964E-002
   2.3011947649537325E-002
   2.3017086435024797E-002
   2.3030724479320371E-002
   2.3035197003633320E-002
   2.3050223213258891E-002
   2.3062161709931271E-002
   2.3084814932752992E-002
   2.3096509472972006E-002
   2.3100222580303375E-002
   2.3116691984351428E-002
   2.3131889944612238E-002
   2.3150143729304344E-002
   2.3155079403889948E-002
   2.3166258538510967E-002
   2.3181475407083534E-002
   2.3185927985581604E-002
   2.3199819861731388E-002
   2.3207376804302276E-002
   2.3227313398166891E-002
   2.3233425873580311E-002
   2.3248138813226214E-002
   2.3254126284584186E-002
   2.3266711086825587E-002
   2.3282049587685788E-002
   2.3305676656008738E-002
   2.3310761774353966E-002
   2.3315941269097664E-002
   2.3328475208698771E-002
   2.3331319684686297E-002
   2.3345654079767793E-002
   2.3357876509572419E-002
   2.3371207614791889E-002
   2.3380274916502946E-002
   2.3403090489420200E-002
   2.3416791371663380E-002
   2.3424338165308391E-002
   2.3427468993490484E-002
   2.3450479413492698E-002
   2.3459513228569765E-002
   2.3461794545489034E-002
   2.3474900339507089E-002
   2.3493687466315197E-002
   2.3510687443447156E-002
   2.3517747919525045E-002
   2.3522930501254927E-002
   2.3531782894260850E-002
   2.3544911874918032E-002
   2.3550425183589862E-002
   2.3561079693882429E-002
   2.3573917458883681E-002
   2.3581456865277527E-002
   2.3597158007350145E-002
   2.3611561626541894E-002
   2.3616198922118855E-002
   2.3634688885204411E-002
   2.3653169530934444E-002
   2.3671813470491968E-002
   2.3674572434090810E-002
   2.3684636744915628E-002
   2.3705314770197654E-002
   2.3721826383265684E-002
   2.3724556535709044E-002
   2.3757591103923524E-002
   2.3765950336489563E-002
   2.3780696740473884E-002
   2.3797833295122358E-002
   2.3801717294427281E-002
   2.3829780355611677E-002
   2.3833419894776754E-002
   2.3850623618594330E-002
   2.3866839205142716E-002
   2.3871659565843212E-002
   2.3895770324618957E-002
   2.3897776088348553E-002
   2.3908280189576699E-002
   2.3919794158444155E-002
   2.3934261046919238E-002
   2.3944901075595056E-002
   2.3958050461867168E-002
   2.3963894621199099E-002
   2.3983853386388403E-002
   2.3998544784686784E-002
   2.4002259858023466E-002
   2.4022272707725712E-002
   2.4037625951746876E-002
   2.4053797949353032E-002
   2.4071134207338682E-002
   2.4079078093070350E-002
   2.4085517325853911E-002
   2.4092441965503662E-002
   2.4108074914491698E-002
   2.4124110462799189E-002
   2.4132776800620811E-002
   2.4136643538111749E-002
   2.4153571584667018E-002
   2.4160178658520232E-002
   2.4172527641995817E-002
   2.4180509928409043E-002
   2.4184880075368381E-002
   2.4199806491561417E-002
   2.4208816729141477E-002
   2.4236765889353366E-002
   2.4249005063305278E-002
   2.4250476250325843E-002
   2.4265760627158545E-002
   2.4278668253965498E-002
   2.4297129581213262E-002
   2.4303688530504484E-002
   2.4320524036958356E-002
   2.4338224260339138E-002
   2.4341086352632688E-002
   2.4349907145666150E-002
   2.4365290135711429E-002
   2.4375104016474528E-002
   2.4386953138088252E-002
   2.4393440581851663E-002
   2.4401993777409089E-002
   2.4416342573173291E-002
   2.4433525172526949E-002
   2.4441402198044682E-002
   2.4450298072217241E-002
   2.4456262280245236E-002
   2.4474160511526861E-002
   2.4478193490640746E-002
   2.4481085706973913E-002
   2.4501175467413705E-002
   2.4517693565788722E-002
   2.4553726667083383E-002
   2.4560788958398961E-002
   2.4574553142175892E-002
   2.4580733438209188E-002
   2.4590592567355792E-002
   2.4603422710443013E-002
   2.4613071966984236E-002
   2.4625181076104355E-002
   2.4630157241573355E-002
   2.4639324936110304E-002
   2.4650134728204522E-002
   2.4660002875184564E-002
   2.4672577246880361E-002
   2.4694533528576038E-002
   2.4702140620621243E-002
   2.4714029981836482E-002
   2.4728680602564113E-002
   2.4729421235416316E-002
   2.4740871740414224E-002
   2.4747752947105066E-002
   2.4767435311944599E-002
   2.4774816858718941E-002
   2.4790906960484482E-002
   2.4803882489055858E-002
   2.4826872705514372E-002
   2.4837513618898202E-002
   2.4855648135268270E-002
   2.4861680034428055E-002
   2.4884030431490737E-002
   2.4887082336435391E-002
   2.4898472477075620E-002
   2.4926089359563319E-002
   2.4931774774059830E-002
   2.4945984308619173E-002
   2.4966250539590878E-002
   2.4974488643064247E-002
   2.4979530378201862E-002
   2.4996326424813205E-002
   2.4998435981410258E-002
   2.5013260002382118E-002
   2.5021224907597280E-002
   2.5035214473906990E-002
   2.5044743478959287E-002
   2.5048162523314640E-002
   2.5073772213645790E-002
   2.5086103352805079E-002
   2.5089458249910931E-002
   2.5106106216393337E-002
   2.5123938399755186E-002
   2.5137496187035330E-002
   2.5141477132741532E-002
   2.5150441091538349E-002
   2.5156194708510052E-002
   2.5173492399062088E-002
   2.5189269226779967E-002
   2.5200872603898319E-002
   2.5205143866761620E-002
   2.5210820661362498E-002
   2.5232812166678706E-002
   2.5240053248554307E-002
   2.5246444826036839E-002
   2.5262349755835967E-002
   2.5284444112316604E-002
   2.5297889386935255E-002
   2.5306948454654754E-002
   2.5319846229317537E-002
   2.5342190164672963E-002
   2.5348557511087329E-002
   2.5352416904514223E-002
   2.5369706049043251E-002
   2.5387471197150239E-002
   2.5392069333199652E-002
   2.5398120602961649E-002
   2.5400978795709569E-002
   2.5411198196136513E-002
   2.5424528218150090E-002
   2.5435391682583006E-002
   2.5447317799742911E-002
   2.5460697151354742E-002
   2.5481480632053508E-002
   2.5494509816696889E-002
   2.5507789077764298E-002
   2.5513581727622230E-002
   2.5523993042992202E-002
   2.5547939138797136E-002
   2.5559831117283275E-002
   2.5574798069770126E-002
   2.5584494832414890E-002
   2.5597183798901108E-002
   2.5611053703515626E-002
   2.5615199193883106E-002
   2.5625435025685570E-002
   2.5639315554557351E-002
   2.5648098823733149E-002
   2.5665123332430533E-002
   2.5668855610632341E-002
   2.5684430252066751E-002
   2.5705184428081798E-002
   2.5708189730970592E-002
   2.5715315855133182E-002
   2.5726247355831060E-002
   2.5733972216356295E-002
   2.5739703122022867E-002
   2.5755816141071568E-002
   2.5772713649592466E-002
   2.5787040205626520E-002
   2.5812042681315692E-002
   2.5826142724536778E-002
   2.5842230178709256E-002
   2.5856398578322344E-002
   2.5870937447985839E-002
   2.5881738838587558E-002
   2.5906023698243144E-002
   2.5911694481367913E-002
   2.5928968487834343E-002
   2.5935877817184809E-002
   2.5941962142563838E-002
   2.5971376713253693E-002
   2.5976830705074512E-002
   2.5990132958426858E-002
   2.6003894376118310E-002
   2.6011070160160858E-002
   2.6014074461253898E-002
   2.6050215583833736E-002
   2.6054238358268058E-002
   2.6062654436430275E-002
   2.6079634468322416E-002
   2.6094084193028201E-002
   2.6103816040069856E-002
   2.6114345042828294E-002
   2.6124902919571643E-002
   2.6131479515868868E-002
   2.6163000381927610E-002
   2.6171324161208685E-002
   2.6174001487950984E-002
   2.6201800059064053E-002
   2.6209586181599270E-002
   2.6233033244276480E-002
   2.6242511057865747E-002
   2.6249729900060671E-002
   2.6252723159238444E-002
   2.6264111976431585E-002
   2.6293110320158745E-002
   2.6307997516694479E-002
   2.6323717877646417E-002
   2.6332392413105154E-002
   2.6334023188171865E-002
   2.6347291900926852E-002
   2.6367654528353525E-002
   2.6384092997574021E-002
   2.6389028440451337E-002
   2.6406483478075480E-002
   2.6410507363485915E-002
   2.6420102125339281E-002
   2.6446597514205979E-002
   2.6447527619225315E-002
   2.6477434888647487E-002
   2.6489887720947437E-002
   2.6507945859830514E-002
   2.6513074330427523E-002
   2.6533381143119185E-002
   2.6546451797027193E-002
   2.6556542598528066E-002
   2.6561853313379347E-002
   2.6574049692365227E-002
   2.6587470787846137E-002
   2.6596451646877323E-002
   2.6628819524371242E-002
   2.6641264170655939E-002
   2.6652948584362141E-002
   2.6664164557332701E-002
   2.6680628936718145E-002
   2.6681465098391810E-002
   2.6697426470116251E-002
   2.6718648063056315E-002
   2.6726750153874480E-002
   2.6730390183773930E-002
   2.6747487797506554E-002
   2.6767072318992929E-002
   2.6779980421702217E-002
   2.6797449476609184E-002
   2.6809810581333322E-002
   2.6820254393914493E-002
   2.6830725470695083E-002
   2.6852555457567109E-002
   2.6861112726763645E-002
   2.6872242972249636E-002
   2.6877601943328999E-002
   2.6887840483232357E-002
   2.6919028892429173E-002
   2.6925799393035455E-002
   2.6935458852475246E-002
   2.6957037554423784E-002
   2.6971184923664241E-002
   2.6983996736052042E-002
   2.7012928058661928E-002
   2.7017536212219393E-002
   2.7052117220441721E-002
   2.7066644654312185E-002
   2.7083755652979546E-002
   2.7100203917039500E-002
   2.7114741307771213E-002
   2.7121718435569146E-002
   2.7130673013652643E-002
   2.7151052746243878E-002
   2.7157622359836681E-002
   2.7168298063939673E-002
   2.7174299820722038E-002
   2.7203000786123855E-002
   2.7208478065631272E-002
   2.7214867858644031E-002
   2.7235007225879803E-002
   2.7247660692004474E-002
   2.7263543602248117E-002
   2.7283932995985302E-002
   2.7296405630518772E-002
   2.7319034350826329E-002
   2.7324368668592534E-002
   2.7334741917459708E-002
   2.7349347989565537E-002
   2.7364167753656524E-002
   2.7381748148762101E-002
   2.7395175186737262E-002
   2.7401170990160151E-002
   2.7423615123001996E-002
   2.7437431696541274E-002
   2.7439862320582483E-002
   2.7451061446230527E-002
   2.7470716791679169E-002
   2.7478606411362873E-002
   2.7496476296625605E-002
   2.7516606147226817E-002
   2.7533054658460999E-002
   2.7548565683062017E-002
   2.7561085572237069E-002
   2.7578903331646573E-002
   2.7588354354941884E-002
   2.7608533741052314E-002
   2.7611366940301158E-002
   2.7622021404345644E-002
   2.7629244692815396E-002
   2.7654559503555630E-002
   2.7680378940704461E-002
   2.7702670398348957E-002
   2.7705866481469728E-002
   2.7710858120986989E-002
   2.7724341004403862E-002
   2.7752725034220434E-002
   2.7764936402600093E-002
   2.7779394663653166E-002
   2.7792643991149665E-002
   2.7814895624253204E-002
   2.7822068176016717E-002
   2.7830209658178198E-002
   2.7848373703149205E-002
   2.7873881916818569E-002
   2.7878149703869350E-002
   2.7898036409383417E-002
   2.7903006449207061E-002
   2.7915412331287533E-002
   2.7932901872295759E-002
   2.7966245192941806E-002
   2.7973042368341056E-002
   2.7992744466426835E-002
   2.8005896630471629E-002
   2.8016032477465348E-002
   2.8031627065575358E-002
   2.8052600543913189E-002
   2.8067076013541688E-002
   2.8086542581596718E-002
   2.8092561395636467E-002
   2.8100069612574354E-002
   2.8120275387032809E-002
   2.8147928171035137E-002
   2.8154881987726633E-002
   2.8159330593132314E-002
   2.8190281150631415E-002
   2.8194072606770725E-002
   2.8204221777873215E-002
   2.8228416983125035E-002
   2.8241530847795220E-002
   2.8247404850389578E-002
   2.8269539745222224E-002
   2.8275030322092408E-002
   2.8283816921481762E-002
   2.8309216947858745E-002
   2.8316795927038580E-002
   2.8338508943339787E-002
   2.8343973501339544E-002
   2.8351697975765269E-002
   2.8364659395287890E-002
   2.8395104085673625E-002
   2.8410669489625080E-002
   2.8432967999715796E-002
   2.8438688575920551E-002
   2.8454062610564740E-002
   2.8462108953998817E-002
   2.8483050417839991E-002
   2.8498085264481846E-002
   2.8506358074160177E-002
   2.8517031337304804E-002
   2.8543072909045772E-002
   2.8556573639968320E-002
   2.8578134508171225E-002
   2.8589522798860435E-002
   2.8607440161169225E-002
   2.8613577274760361E-002
   2.8639181119509249E-002
   2.8644995184716814E-002
   2.8658555213392705E-002
   2.8682400562853708E-002
   2.8686488810222739E-002
   2.8733230449100981E-002
   2.8735940832782539E-002
   2.8743358860973425E-002
   2.8762842340499983E-002
   2.8781434870110891E-002
   2.8784571798439476E-002
   2.8793903893026430E-002
   2.8807037873016649E-002
   2.8818558572656486E-002
   2.8833998156475669E-002
   2.8846297010784151E-002
   2.8850960281620847E-002
   2.8871203354105132E-002
   2.8890908863173477E-002
   2.8902754940185165E-002
   2.8951659841713318E-002
   2.8970785779016097E-002
   2.8973018451645696E-002
   2.8992708891787351E-002
   2.8998558037163998E-002
   2.9019567814819510E-002
   2.9058038717686165E-002
   2.9067410087243197E-002
   2.9087046695090442E-002
   2.9099921401662614E-002
   2.9108855927199438E-002
   2.9122982669045092E-002
   2.9128453816430023E-002
   2.9146074923090296E-002
   2.9162002591468544E-002
   2.9194733097942752E-002
   2.9202775447533420E-002
   2.9216103057365987E-002
   2.9239622181096204E-002
   2.9252851267201820E-002
   2.9273066127923800E-002
   2.9291526726494967E-002
   2.9306199626968198E-002
   2.9323980267535250E-002
   2.9340853515446699E-002
   2.9350705993393619E-002
   2.9364646434968954E-002
   2.9375100423099303E-002
   2.9398905941640747E-002
   2.9428211473808131E-002
   2.9434973836116554E-002
   2.9465444097543959E-002
   2.9482260936150310E-002
   2.9488172836493857E-002
   2.9513210961998475E-002
   2.9537370172631319E-002
   2.9550876554770636E-002
   2.9562853445044338E-002
   2.9579270970168475E-002
   2.9605734438001425E-002
   2.9606343521298897E-002
   2.9649154951928491E-002
   2.9665354308534266E-002
   2.9673108370860474E-002
   2.9682386312383808E-002
   2.9690250411413929E-002
   2.9712862929130984E-002
   2.9725091402416869E-002
   2.9760977994609032E-002
   2.9771198817700597E-002
   2.9791838524394234E-002
   2.9808038714309627E-002
   2.9818938380310928E-002
   2.9838578825865235E-002
   2.9852097098588593E-002
   2.9858423202139054E-002
   2.9876787126574388E-002
   2.9912947390186496E-002
   2.9927060050172406E-002
   2.9962683933768899E-002
   2.9973181317350509E-002
   2.9984415247708951E-002
   3.0014458579920751E-002
   3.0031511488875642E-002
   3.0042916149039554E-002
   3.0069607539579091E-002
   3.0084876127408618E-002
   3.0113232617601588E-002
   3.0123006025385254E-002
   3.0139484769208618E-002
   3.0157167248356698E-002
   3.0158881444087595E-002
   3.0181342492189480E-002
   3.0196153606992460E-002
   3.0209824498338572E-002
   3.0233421761830789E-002
   3.0250013945904937E-002
   3.0267966894876576E-002
   3.0284794933353024E-002
   3.0315081447139895E-002
   3.0330491576646530E-002
   3.0348104257383827E-002
   3.0362553247893637E-002
   3.0373015073999629E-002
   3.0389775972773737E-002
   3.0407452789500321E-002
   3.0431384657477651E-002
   3.0453455358269346E-002
   3.0479867241820207E-002
   3.0498902576843113E-002
   3.0512983787306901E-002
   3.0541067682277642E-002
   3.0551215770205586E-002
   3.0560302232272230E-002
   3.0581526938809767E-002
   3.0606949437069847E-002
   3.0618800474689626E-002
   3.0634323860172740E-002
   3.0662917387494382E-002
   3.0667960469714803E-002
   3.0690102182593118E-002
   3.0720221437801148E-002
   3.0729003723275566E-002
   3.0746847731182653E-002
   3.0752915226893635E-002
   3.0777737614781146E-002
   3.0792911075622858E-002
   3.0809426561232676E-002
   3.0825006589642899E-002
   3.0839678956195861E-002
   3.0863738406727417E-002
   3.0875523089111054E-002
   3.0887879845871487E-002
   3.0911490556312128E-002
   3.0950818601994175E-002
   3.0971542553889831E-002
   3.1007360387501862E-002
   3.1026605803097723E-002
   3.1052949171104908E-002
   3.1077813054944121E-002
   3.1093368069823057E-002
   3.1108877359368552E-002
   3.1119692541104742E-002
   3.1138489204918737E-002
   3.1156253044445591E-002
   3.1167280960151329E-002
   3.1180184771134638E-002
   3.1203431924199707E-002
   3.1223852887402953E-002
   3.1249365070767594E-002
   3.1264964701908919E-002
   3.1288484768256020E-002
   3.1346927314145276E-002
   3.1371155835915480E-002
   3.1389639170030285E-002
   3.1391426453196869E-002
   3.1410899653512202E-002
   3.1445853907426630E-002
   3.1455349512898009E-002
   3.1477789827296945E-002
   3.1495366544684954E-002
   3.1531491040763367E-002
   3.1552015508739928E-002
   3.1574146094512298E-002
   3.1588396788470377E-002
   3.1606576760257778E-002
   3.1655971054060962E-002
   3.1663902673230583E-002
   3.1689412213939665E-002
   3.1711948692513717E-002
   3.1727496952558262E-002
   3.1731739712461488E-002
   3.1751102620655475E-002
   3.1774855790174257E-002
   3.1784658054056843E-002
   3.1804466646589716E-002
   3.1808776975884329E-002
   3.1837703903018592E-002
   3.1851894299996304E-002
   3.1886375732912524E-002
   3.1910029633908175E-002
   3.1922619702774123E-002
   3.1945008403826185E-002
   3.1982790569822381E-002
   3.1996611046623713E-002
   3.2000153524898982E-002
   3.2016916757631353E-002
   3.2038525466062694E-002
   3.2048548599661594E-002
   3.2066392932787041E-002
   3.2101600891853876E-002
   3.2121595044368713E-002
   3.2124333831325617E-002
   3.2158456193582603E-002
   3.2162744186106824E-002
   3.2195344348188479E-002
   3.2205610009805777E-002
   3.2223692775999305E-002
   3.2241912155767855E-002
   3.2258533565540183E-002
   3.2274747528424214E-002
   3.2283794204171642E-002
   3.2308118150816918E-002
   3.2314348277648147E-002
   3.2317114393966825E-002
   3.2345656260705492E-002
   3.2357447896856642E-002
   3.2396054515103766E-002
   3.2424992654846475E-002
   3.2455952461266140E-002
   3.2486474630472391E-002
   3.2495694297594649E-002
   3.2524704976103658E-002
   3.2536430973392358E-002
   3.2546031549066844E-002
   3.2563543884596313E-002
   3.2613556244982009E-002
   3.2628568435708369E-002
   3.2656338138161420E-002
   3.2696593863697748E-002
   3.2711502964451744E-002
   3.2731997079341296E-002
   3.2794175165547258E-002
   3.2838349699793760E-002
   3.2854234353333969E-002
   3.2897389117830279E-002
   3.2901793728075841E-002
   3.2923701165885826E-002
   3.2944809029467656E-002
   3.2961797409014754E-002
   3.2972328937980459E-002
   3.2987010963929524E-002
   3.3025101779793294E-002
   3.3057362164465150E-002
   3.3071175520150639E-002
   3.3099867629374856E-002
   3.3134690590665698E-002
   3.3153802577396113E-002
   3.3169848471756636E-002
   3.3215081409638643E-002
   3.3220639970187454E-002
   3.3261081510856022E-002
   3.3274382548738726E-002
   3.3296581247525076E-002
   3.3309480307539496E-002
   3.3329237565017239E-002
   3.3370862770242232E-002
   3.3416008749688315E-002
   3.3431843229539224E-002
   3.3464037751641168E-002
   3.3482948104232933E-002
   3.3509757460843934E-002
   3.3528692315347067E-002
   3.3541212177608068E-002
   3.3557303704706422E-002
   3.3588727972426832E-002
   3.3616217498208811E-002
   3.3630418621595222E-002
   3.3651500720866867E-002
   3.3678179767258523E-002
   3.3704879347166442E-002
   3.3732561120489210E-002
   3.3739485666203925E-002
   3.3767670580567025E-002
   3.3770679012547739E-002
   3.3811256798845390E-002
   3.3847557655668568E-002
   3.3856787526979661E-002
   3.3896258428984472E-002
   3.3934946226843482E-002
   3.3948192745431434E-002
   3.3998317918083304E-002
   3.4017588748633344E-002
   3.4035194873437889E-002
   3.4072008022715615E-002
   3.4080403855406227E-002
   3.4095462270413997E-002
   3.4112828096670794E-002
   3.4153591262207413E-002
   3.4179714478908524E-002
   3.4209393888566197E-002
   3.4246602441453555E-002
   3.4276128615406631E-002
   3.4307859057565435E-002
   3.4338899927625705E-002
   3.4356698182928164E-002
   3.4388761950480871E-002
   3.4413284804429935E-002
   3.4431310977211409E-002
   3.4459916186237810E-002
   3.4462146252125750E-002
   3.4478215707706553E-002
   3.4511022220379953E-002
   3.4527309648705366E-002
   3.4560231886892764E-002
   3.4584208363638069E-002
   3.4611959331493310E-002
   3.4645089916303044E-002
   3.4668523210974855E-002
   3.4674149767117454E-002
   3.4695033301745150E-002
   3.4719482327683807E-002
   3.4739170160907981E-002
   3.4783049981963382E-002
   3.4789194305779265E-002
   3.4823950202750378E-002
   3.4844612319465396E-002
   3.4900178940463440E-002
   3.4926239201741489E-002
   3.4946335405815342E-002
   3.4960370536148359E-002
   3.4982277451028006E-002
   3.4993491209297824E-002
   3.5009203322610948E-002
   3.5026582818742477E-002
   3.5029834813996664E-002
   3.5072502475396963E-002
   3.5131819687976636E-002
   3.5146488927147092E-002
   3.5166049991759853E-002
   3.5189183291675946E-002
   3.5200008614050544E-002
   3.5244713633583023E-002
   3.5294209014525284E-002
   3.5325629010703408E-002
   3.5336141092893215E-002
   3.5355845587455151E-002
   3.5392093495367781E-002
   3.5399015053781929E-002
   3.5414636979322400E-002
   3.5428996847463402E-002
   3.5469350530049099E-002
   3.5498134484983380E-002
   3.5526918793812992E-002
   3.5573372072257615E-002
   3.5604007468774540E-002
   3.5634937556375583E-002
   3.5651557751847876E-002
   3.5673794859075132E-002
   3.5722386686396039E-002
   3.5741418714121648E-002
   3.5778785421013308E-002
   3.5801444147897564E-002
   3.5829084780945701E-002
   3.5847340469942326E-002
   3.5882970166191505E-002
   3.5900886990036837E-002
   3.5917135034486465E-002
   3.5945743091558638E-002
   3.5962539555977883E-002
   3.5992405750240077E-002
   3.6021939936285635E-002
   3.6027884674375697E-002
   3.6050287541464582E-002
   3.6082194747729640E-002
   3.6107910189993611E-002
   3.6133032340631456E-002
   3.6165689672515738E-002
   3.6190457079854708E-002
   3.6226798947666998E-002
   3.6257736695841737E-002
   3.6277175197569261E-002
   3.6290430516772686E-002
   3.6306120072867598E-002
   3.6333427088159967E-002
   3.6373243623434234E-002
   3.6388131402990860E-002
   3.6399925078616564E-002
   3.6438928995352941E-002
   3.6461403342154954E-002
   3.6511735080885656E-002
   3.6530299399252182E-002
   3.6557282437398607E-002
   3.6562012336515716E-002
   3.6620539729561918E-002
   3.6686485884150660E-002
   3.6703443258306531E-002
   3.6739692936517590E-002
   3.6750295630663926E-002
   3.6759713519768075E-002
   3.6800812604960417E-002
   3.6816869050976704E-002
   3.6838368851360569E-002
   3.6861197298800545E-002
   3.6880983776697802E-002
   3.6921012539233189E-002
   3.6934476625760285E-002
   3.6974744227735973E-002
   3.7001347492489206E-002
   3.7044489918226613E-002
   3.7092497179329012E-002
   3.7105301425773118E-002
   3.7136015368132075E-002
   3.7156599294820999E-002
   3.7160160228728173E-002
   3.7188229966737658E-002
   3.7209417369653504E-002
   3.7269304917294202E-002
   3.7314255117725417E-002
   3.7353563974005688E-002
   3.7376523177585656E-002
   3.7388921599966846E-002
   3.7438926433039463E-002
   3.7450116871707663E-002
   3.7459274672526646E-002
   3.7506772020605719E-002
   3.7549251217008965E-002
   3.7601510222841042E-002
   3.7636619768210658E-002
   3.7657223759403606E-002
   3.7667408622181146E-002
   3.7684060637322235E-002
   3.7730867468888880E-002
   3.7744776875261191E-002
   3.7803927585285321E-002
   3.7830949045987189E-002
   3.7895098410044542E-002
   3.7912184968672380E-002
   3.7935747439877661E-002
   3.7956645390264367E-002
   3.7977441610077989E-002
   3.7987534445551571E-002
   3.8008289051837278E-002
   3.8033942892905424E-002
   3.8078862777354720E-002
   3.8095365368106246E-002
   3.8108240885437225E-002
   3.8151616920951308E-002
   3.8170469270043472E-002
   3.8233469284829506E-002
   3.8279217873093026E-002
   3.8300927558799061E-002
   3.8343116908101445E-002
   3.8351905791578329E-002
   3.8370799531823423E-002
   3.8417443765911739E-002
   3.8438800396410892E-002
   3.8461858100959298E-002
   3.8476399969041786E-002
   3.8517941855508102E-002
   3.8563133019304405E-002
   3.8593135038127474E-002
   3.8627779269142050E-002
   3.8667063705450325E-002
   3.8683000339885851E-002
   3.8724620257484320E-002
   3.8757279494446503E-002
   3.8762797398748654E-002
   3.8796181957663343E-002
   3.8822101785808645E-002
   3.8824906583592549E-002
   3.8877970628301069E-002
   3.8891196366492214E-002
   3.8901330291231266E-002
   3.8951423712186115E-002
   3.8980275981083889E-002
   3.9014151824857721E-002
   3.9094630969141404E-002
   3.9125225619165975E-002
   3.9136398884169601E-002
   3.9181201919754667E-002
   3.9198883342403887E-002
   3.9223408984332596E-002
   3.9275542572873808E-002
   3.9291692566071464E-002
   3.9317959493934698E-002
   3.9373921571859025E-002
   3.9452953247775743E-002
   3.9469576246579589E-002
   3.9524463352405226E-002
   3.9591088890560816E-002
   3.9605171597485340E-002
   3.9657744961183954E-002
   3.9675385503530280E-002
   3.9705121037971289E-002
   3.9710332041553366E-002
   3.9794733415288254E-002
   3.9836364926340295E-002
   3.9847886606297088E-002
   3.9869599605585240E-002
   3.9902748836783228E-002
   3.9943709707271818E-002
   3.9968404078691497E-002
   3.9972601092399009E-002
   4.0065292787303926E-002
   4.0114389195854569E-002
   4.0129632074286367E-002
   4.0178635454689256E-002
   4.0214100190536006E-002
   4.0222443598078313E-002
   4.0251535852407316E-002
   4.0261914386498759E-002
   4.0322668808056752E-002
   4.0396330886233837E-002
   4.0422862541832486E-002
   4.0433789853675718E-002
   4.0465182864793323E-002
   4.0506042591318091E-002
   4.0529023326388407E-002
   4.0552403306647514E-002
   4.0607140202783248E-002
   4.0660784327684101E-002
   4.0679086302170188E-002
   4.0709502030096545E-002
   4.0772261414154853E-002
   4.0800507865908199E-002
   4.0838956154572198E-002
   4.0885191370222465E-002
   4.0921796163691314E-002
   4.0963708050644879E-002
   4.0993787633731217E-002
   4.1011923616531241E-002
   4.1065233210389240E-002
   4.1120976821887874E-002
   4.1139595500759144E-002
   4.1201643757329008E-002
   4.1239935895142195E-002
   4.1245449260287552E-002
   4.1317858182321518E-002
   4.1356344915373780E-002
   4.1405908966417958E-002
   4.1423909856244896E-002
   4.1479350094180856E-002
   4.1514110660125440E-002
   4.1552165440671078E-002
   4.1577155087450600E-002
   4.1639043382287078E-002
   4.1674584710775960E-002
   4.1700154736169441E-002
   4.1724027167484100E-002
   4.1736086708805645E-002
   4.1797784712105775E-002
   4.1845678636355278E-002
   4.1895499330673047E-002
   4.1906236875807239E-002
   4.1925067770624970E-002
   4.1998477709991454E-002
   4.2014186759701359E-002
   4.2084213832884132E-002
   4.2092337270601098E-002
   4.2160590438365890E-002
   4.2224930370418343E-002
   4.2252116295051878E-002
   4.2349918708427782E-002
   4.2365895960476477E-002
   4.2377279359223148E-002
   4.2453027377035969E-002
   4.2475095935162813E-002
   4.2533300059348571E-002
   4.2553981930306760E-002
   4.2628454131263760E-002
   4.2658674250839732E-002
   4.2736723671126450E-002
   4.2773497889417166E-002
   4.2810849336068324E-002
   4.2836349513608596E-002
   4.2882888362818894E-002
   4.2956488034039363E-002
   4.3071990787374614E-002
   4.3115754166468949E-002
   4.3139281776665067E-002
   4.3148232626811431E-002
   4.3278046734430677E-002
   4.3287941855921948E-002
   4.3360746269651966E-002
   4.3424492829638159E-002
   4.3467805492128371E-002
   4.3508812515433211E-002
   4.3543092397849821E-002
   4.3625715050586995E-002
   4.3650320903204795E-002
   4.3684144418769104E-002
   4.3733873278781921E-002
   4.3785208129699667E-002
   4.3843132615341389E-002
   4.3878169222924965E-002
   4.3896848639057892E-002
   4.3979332789389959E-002
   4.4001218140614112E-002
   4.4086077632585513E-002
   4.4186947899695871E-002
   4.4210798551623590E-002
   4.4274424517865250E-002
   4.4344721324313045E-002
   4.4377794915796707E-002
   4.4427176934425265E-002
   4.4470968225865236E-002
   4.4577679270270273E-002
   4.4665850681730047E-002
   4.4735560467581210E-002
   4.4793458044483273E-002
   4.4838432458106946E-002
   4.4886227751448966E-002
   4.4962609898806835E-002
   4.4966439747802803E-002
   4.4998150176320077E-002
   4.5047419329193060E-002
   4.5137907130436618E-002
   4.5183352773433709E-002
   4.5264048604520879E-002
   4.5341859166209170E-002
   4.5376501862777661E-002
   4.5440191851297426E-002
   4.5483190785623941E-002
   4.5538258348066761E-002
   4.5580515372768513E-002
   4.5625527708780797E-002
   4.5762162676122743E-002
   4.5803291374719536E-002
   4.5841932835623801E-002
   4.5901554967675263E-002
   4.5953573612807885E-002
   4.5996530817470620E-002
   4.6020707620574884E-002
   4.6259393173940781E-002
   4.6340744533595345E-002
   4.6448347815824513E-002
   4.6509312093429483E-002
   4.6619037958913499E-002
   4.6678743776553601E-002
   4.6829038494276082E-002
   4.7040978751284976E-002
   4.7085230276525628E-002
   4.7220498909595850E-002
   4.7331849338683486E-002
   4.7403876953270661E-002
   4.7473933360651283E-002
   4.7607290955541788E-002
   4.7782212467508779E-002
   4.7834851358224004E-002
   4.7864097422318432E-002
   4.7904007222978016E-002
   4.8139943668605203E-002
   4.8241424996020618E-002
   4.8353371104265373E-002
   4.8447419629923015E-002
   4.8632199318309255E-002
   4.8744664549474626E-002
   4.8869278524177537E-002
   4.8935154043623669E-002
   4.8977291952632361E-002
   4.9278215617403066E-002
   4.9400583159643859E-002
   4.9444749288906222E-002
   4.9594316524148779E-002
   4.9757268714495886E-002
   4.9796373164248432E-002
   5.0025514574162606E-002
   5.0312428385598872E-002
   5.0584592504563687E-002
   5.0639043735943440E-002
   5.0912163609752259E-002
   5.1035084476440763E-002
   5.1098429840655546E-002
   5.1555450161803115E-002
   5.1660732224058550E-002
   5.1738557000076395E-002
   5.1795949240219546E-002
   5.1935639923901343E-002
   5.2120834994387147E-002
   5.2205071738939977E-002
   5.2313655953181604E-002
   5.2519672511580871E-002
   5.2875005534647100E-002
   5.2953076092951655E-002
   5.3161141087249217E-002
   5.3318575649873898E-002
   5.3552248666872103E-002
   5.3628836074443791E-002
   5.3843563314504898E-002
   5.4194922888773457E-002
   5.4432118849818356E-002
   5.4493102662432992E-002
   5.4860146314601906E-002
   5.5168118482782781E-002
   5.5235842439925159E-002
   5.6155759668221110E-002
   5.6656185665015298E-002
   5.6772205332065610E-002
   5.6848455010408562E-002
   5.7105720070641144E-002
   5.7146513061377816E-002
   5.7921535727980353E-002
   5.8277806017113701E-002
   5.9280598242149179E-002
   6.0318903947913033E-002
   6.1295466795739183E-002
   6.1320136615603447E-002
   6.4300914346806085E-002
   6.4462807566279715E-002
   6.4627343416079758E-002
   6.6522834612907630E-002
   6.6845594518532836E-002
   6.7352501327867340E-002
   6.8513777191497982E-002
   6.9171386380073557E-002
   6.9701558447466241E-002
   7.2932065138868976E-002
   7.3767738448707668E-002
   7.6254387858522857E-002
   8.0139365817050071E-002
   8.2777479658187422E-002
   8.4416944587695997E-002
   8.9153279606301053E-002
   9.0297176346197106E-002
   9.1642258338537327E-002
   9.2395644010988778E-002
   9.2592668667801456E-002
   9.4060823815651423E-002
   9.4221534267017557E-002
   9.7470079039386731E-002
   9.8165804798458045E-002
   9.8657799727755499E-002
  0.10026970828868341     
  0.10034887238035396     
  0.10061317269535267     
  0.10065607192257021     
  0.10127770545279766     
  0.10199254810219825     
  0.10285447340521825     
  0.10360014889783248     
  0.10390037075600471     
  0.10471089713491094     
  0.10492627773385263     
  0.10540974633040588     
  0.10600041233829856     
  0.10763657438703475     
  0.10828594579609552     
  0.10918856598943329     
  0.10978384646200891     
  0.10999130205239932     
  0.11015728867187594     
  0.11029313821772306     
  0.11070943081334524     
  0.11127110093827489     
  0.11358777075271792     
  0.11514302072994320     
  0.11547869720260839     
  0.11567059187455013     
  0.11626194188084303     
  0.11706032354354165     
  0.11728432399716347     
  0.11735617350304835     
  0.11813266493871594     
  0.11864480662533543     
  0.11951907300904416     
  0.12049723963462650     
  0.12074355422669419     
  0.12140481842772170     
  0.12299289654123138     
  0.12348587274386710     
  0.12381580674365404     
  0.12408590058922495     
  0.12452695790908061     
  0.12508616285494947     
  0.12604005309758021     
  0.12667571760748458     
  0.12672217788519291     
  0.12702084811618763     
  0.12847529146109696     
  0.12865670766310577     
  0.12913973181233854     
  0.12925989691728257     
  0.13115925594114122     
  0.13124488608531976     
  0.13167680717637351     
  0.13235570684156656     
  0.13269683883667574     
  0.13283469641049164     
  0.13319618327568308     
  0.13328925571607705     
  0.13460236564214154     
  0.13471710760412206     
  0.13538896624551672     
  0.13553333188927202     
  0.13665497419170197     
  0.13785639815290882     
  0.13849646659830894     
  0.13954439304337887     
  0.14002301927204652     
  0.14033631919239431     
  0.14056637289305626     
  0.14086553733880078     
  0.14134864303045591     
  0.14172461859695717     
  0.14344203765390470     
  0.14353969098235292     
  0.14471458295081049     
  0.14523212342483857     
  0.14531336473348155     
  0.14553155625309355     
  0.14644399005375824     
  0.14674413788012575     
  0.14761029017671093     
  0.14769671847520530     
  0.14828155437932039     
  0.14885281452749421     
  0.15035831089661683     
  0.15077140662791888     
  0.15103285188979959     
  0.15128035946427792     
  0.15143022857108934     
  0.15199644579570001     
  0.15296220387004553     
  0.15349051158766785     
  0.15492361029454840     
  0.15497765275444292     
  0.15516541400914854     
  0.15532417431061898     
  0.15655186485157344     
  0.15657539197273232     
  0.15668810529646143     
  0.15718529658663524     
  0.15756473637186269     
  0.15763211352020534     
  0.15853222401163186     
  0.15908847904575626     
  0.15963340075029478     
  0.16183027207547981     
  0.16225343190616118     
  0.16347142443380711     
  0.16427272645694910     
  0.16582170327386433     
  0.16601642098211028     
  0.16682389488293201     
  0.16766527346465801     
  0.16782988715251043     
  0.16959064508855118     
  0.17020912927883911     
  0.17157239684286160     
  0.17213561435216307     
  0.17274319941273844     
  0.17362103989658612     
  0.17419077483722920     
  0.17567806173861558     
  0.17586543499224602     
  0.17597835402768564     
  0.17664962984738442     
  0.17855013429646618     
  0.17972309871642783     
  0.17982106750437299     
  0.18009036053663532     
  0.18220029743572552     
  0.18276960414198234     
  0.18313288992930565     
  0.18391163742726918     
  0.18546668221025869     
  0.18852321347508583     
  0.19120421626927178     
  0.19430981440230363     
  0.19601665370484536     
  0.19688651006517746     
  0.19719923261818759     
  0.19796026498387068     
  0.19803469829095213     
  0.19808173625844622     
  0.19912121321550505     
  0.20004807573111788     
  0.20036286376333151     
  0.20086705564610724     
  0.20203656258448324     
  0.20246585044796600     
  0.20277764228721321     
  0.20465108774284696     
  0.20489436732712318     
  0.20511647037161992     
  0.20721680713554422     
  0.20766951315865304     
  0.20841893438378564     
  0.20868879048976050     
  0.20900390239038441     
  0.20998057361751893     
  0.21175055240066432     
  0.21342476686521802     
  0.21362387762484811     
  0.21444431072348602     
  0.21467662825441094     
  0.21627947312271631     
  0.21753416691122471     
  0.21800232097316177     
  0.21863973398748784     
  0.21916355686654507     
  0.21992099996074435     
  0.22028482104432021     
  0.22117682340131034     
  0.22269997496126939     
  0.22288587815659336     
  0.22596173029799671     
  0.22770460612083324     
  0.22784406953081179     
  0.22798074098569029     
  0.22872086753363874     
  0.23124229396349397     
  0.23322654493397399     
  0.23464861669474488     
  0.23605881293742520     
  0.23715383394239756     
  0.23852356059845334     
  0.23892612862850285     
  0.23966093630902294     
  0.23969482739354619     
  0.23998004653578722     
  0.24020452163977726     
  0.24067229920316421     
  0.24242085710107050     
  0.24439790919457852     
  0.24655647130821015     
  0.24665974923361600     
  0.24917713150244941     
  0.24946473398174226     
  0.24988387972137119     
  0.25142313370728575     
  0.25189709801608690     
  0.25351771879663593     
  0.26004422975071567     
  0.26173630119496089     
  0.26189499169625363     
  0.26286057163232640     
  0.26546223440012945     
  0.27242141612069637     
  0.28010163902519231     
  0.30192639452732500     
  0.30209720470187479     
  0.30246830867412855     
   611.59209998255881     
   629.31196093964957     
   652.02139114500471     
   652.56793649317876     
   656.69531776476231     
   657.75203455280825     
   658.37001643200711     
   664.61024593633977     
   665.34702026591572     
   667.38070474065046     
   669.77844287011885     
   671.83883490526671     
   673.84793583818350     
   675.76015230986820     
   676.47139152191880     
   676.47393718395256     
   681.22380830494649     
   682.17104907488397     
   687.51684903450723     
   687.53453692213270     
   688.32229479408352     
   688.43072225639742     
   690.12131838253003     
   691.05594798792799     
   691.33820008575981     
   691.67362639607109     
   692.73721097965802     
   692.82066806974319     
   695.23315966405391     
   695.66633274521996     
   695.75826008771571     
   696.29479113848288     
   697.06924946148399     
   697.27221928231802     
   697.77670342715123     
   698.22303571548696     
   699.75023973454154     
   703.14197607880180     
   703.86938216801548     
   707.04014307552563     
   707.35407737780451     
   708.69823105155137     
   709.49459841737837     
   710.36514635788490     
   711.15280639895434     
   711.20153004390284     
   712.79602954035090     
   713.00820564921094     
   713.12281579277214     
   713.27814159236198     
   713.40999817243096     
   714.98240247695037     
   716.92039328987482     
   720.51965431876101     
   721.00169958083120     
   722.12888973977249     
   723.51279407130619     
   724.36646079222362     
   726.84769500608490     
   727.88655531015525     
   731.22432763034283     
   732.33180857881155     
   732.56346363323235     
   733.71822381766617     
   735.17724505843944     
   736.50240378675608     
   736.72390650012801     
   737.04450619894806     
   738.24121278070436     
   740.64484877325822     
   744.65626120158834     
   744.78680843390214     
   745.99329648030539     
   747.39920371856533     
   747.74042600771588     
   749.00086704799833     
   750.48293557318198     
   751.62514824196717     
   751.92120463822596     
   753.90108359112594     
   758.82609169750322     
   759.88715889489538     
   761.26159191933527     
   761.79144388906661     
   763.11193977812457     
   764.65504069612371     
   764.95393339814802     
   765.62377430053596     
   767.57772546692274     
   769.20857281014196     
   769.38130199091995     
   774.24573956514212     
   774.37870898886388     
   777.24644977331513     
   778.76950883264522     
   779.75565035475881     
   784.87572414007298     
   785.35212734155573     
   786.03626078283901     
   788.13600561569433     
   789.48755125853734     
   790.20464687217429     
   790.56185483339561     
   790.88345788007848     
   791.50586256673910     
   799.07951469707939     
   799.20634532487895     
   799.37294406166632     
   799.89663356729420     
   804.15600866959983     
   806.77975546553273     
   806.94909992317548     
   807.82212231335882     
   808.98299558631891     
   811.26264076424195     
   811.74225938487189     
   813.47761575311949     
   816.58066726013169     
   817.86271820496734     
   820.31964491584370     
   821.17076832747728     
   825.26201614965714     
   825.51609463977297     
   827.24381544738594     
   829.30019982177566     
   829.53508451001824     
   833.22161343145342     
   833.70336516654652     
   835.73835108384242     
   837.32401212179684     
   840.64406296642971     
   840.94204481706333     
   841.12753203237025     
   844.35007170178756     
   848.29921647161393     
   848.94295859456633     
   849.14829108525043     
   849.76993253802277     
   851.64005053410472     
   857.16049067007225     
   857.91015390191035     
   858.58477880987266     
   858.89732853328144     
   863.40618949381167     
   866.10393518185174     
   867.94297002833457     
   869.69650634057120     
   873.70903734177750     
   875.31316496969396     
   878.76815898453003     
   882.28775386563632     
   882.44561425908944     
   885.43951461190113     
   886.44970242320073     
   889.91745354692466     
   893.16739519078328     
   893.71998912866457     
   894.93846972802464     
   895.71944360568114     
   901.01999884336544     
   902.96855558956963     
   903.54959209753690     
   904.47892187383877     
   905.60654402770228     
   906.60149434037601     
   909.22377453428771     
   912.88494396042779     
   914.04002908647976     
   914.87083404569182     
   918.31457727706231     
   919.85392245116850     
   920.90518868080494     
   922.69157854988839     
   924.36438844403676     
   925.91509279105378     
   926.84100777198137     
   927.41146126821479     
   928.45337991295844     
   928.64491658526583     
   930.50820420367927     
   932.12352423815889     
   935.41329157877840     
   935.71172349196240     
   937.78971395820361     
   939.16138431797992     
   940.89113447968703     
   941.46080913876438     
   942.99083060999305     
   944.35839310054519     
   945.31888629909167     
   947.75720721417065     
   948.54883168495564     
   949.25726828135987     
   950.69584168655706     
   951.98847133821096     
   952.09350067213313     
   954.57453597538085     
   956.01317027547987     
   956.39136737739807     
   957.16677636374459     
   958.29723768109977     
   959.42081177807324     
   960.25069505485499     
   960.92473217828774     
   961.25651572298784     
   962.25230692539026     
   964.10370974981163     
   964.40245321446832     
   964.79596846664595     
   966.84452568341010     
   967.18291075975151     
   975.50272869573894     
   980.26376466866884     
   1198.5351414439492     
   1204.1156364459080     
   1206.7759845676287     
   1209.8134922389856     
   1211.1334272108054     
   1219.1075887830491     
   1223.5407486768220     
   1227.8374707973594     
   1228.0270981336103     
   1229.6447530195792     
   1230.4284817259968     
   1231.2589599268149     
   1238.0252358095754     
   1238.5044844425718     
   1238.6305631150381     
   1241.4788169389308     
   1242.5900617321918     
   1247.4689043583992     
   1250.7510291390950     
   1251.7679703393003     
   1252.3121133644268     
   1254.6091959875621     
   1259.3226684266915     
   1260.9849410836491     
   1262.3707867190315     
   1263.9589458050575     
   1264.8384069611004     
   1270.5086685439715     
   1270.5483787781627     
   1270.8712320930299     
   1274.5277363023581     
   1281.1081465623672     
   1282.0667794330070     
   1285.5547314806829     
   1285.8367404936057     
   1288.5119646685539     
   1293.3544492039966     
   1293.4784399068947     
   1293.9349812371038     
   1298.7732672015413     
   1304.0945599569427     
   1308.8062669451499     
   1310.3006523898894     
   1315.6777752095459     
   1320.3519263745407     
   1323.2523587319754     
   1325.6619367850360     
   1326.9085148602417     
   1334.6558569143774     
   1335.3538319689087     
   1335.4164668163273     
   1335.4395835591204     
   1336.1162050060852     
   1338.6112460513332     
   1341.2371097389796     
   1342.4063528328386     
   1342.7616363119544     
   1345.7673148805268     
   1353.3657492694558     
   1355.4047928231134     
   1358.2307081503063     
   1359.3132078428234     
   1363.6686813113990     
   1363.8400613782480     
   1364.3622596535379     
   1367.3399626916168     
   1369.4094501844274     
   1373.8559706521294     
   1378.6499783347872     
   1379.4444077647447     
   1385.1453877650804     
   1388.8267484148482     
   1391.4746450293305     
   1391.7859734511796     
   1392.2393158086079     
   1396.2662130033866     
   1397.7487160930511     
   1397.7967063796400     
   1401.9310030620288     
   1402.5250337785239     
   1406.7094268857384     
   1406.7717082097204     
   1411.0537574355435     
   1414.9481161078575     
   1415.0167832076661     
   1418.2309808695072     
   1421.6886994516390     
   1425.5711994523633     
   1426.5799544410506     
   1427.8202398223611     
   1429.4132863970385     
   1432.6212347211795     
   1436.1959053845908     
   1440.5163494169535     
   1440.6053588377981     
   1442.7473083025257     
   1444.8840714223140     
   1448.1482223309065     
   1451.2327269825541     
   1453.4962236930960     
   1454.6554912895638     
   1455.3507149368072     
   1455.7443595171535     
   1456.3455835150376     
   1457.6541421010675     
   1458.0118908448674     
   1460.9372527708526     
   1462.0733041074996     
   1468.8335907898168     
   1470.6235631548502     
   1477.1168303819661     
   1481.0623446667094     
   1489.9538488233745     
   1490.1554245305881     
   1491.5396022520194     
   1493.2434696423895     
   1496.3821523696445     
   1497.3264010855062     
   1504.7877537954030     
   1505.3339237930425     
   1506.0009478347540     
   1507.3035672441454     
   1508.8193599211072     
   1510.6023475208669     
   1513.0026481759910     
   1513.4147081991250     
   1514.7551573966964     
   1518.9632947928974     
   1518.9718510579989     
   1522.2446477463745     
   1527.3567803124126     
   1530.9776950785129     
   1532.9249793687684     
   1539.3041639582052     
   1545.9365900546427     
   1551.2293517045307     
   1551.3701716575738     
   1556.2136798143886     
   1557.7626594800836     
   1562.8490936784015     
   1563.0035583949862     
   1563.8208733793711     
   1570.0595679767484     
   1571.1113701482484     
   1571.5153299836443     
   1573.0686442295080     
   1574.8923927229901     
   1578.3283703169745     
   1580.6950174431527     
   1584.2987402430967     
   1586.7024019150538     
   1590.1837942135062     
   1591.5467602478338     
   1596.6758789038013     
   1597.6261473754460     
   1599.6383747090579     
   1602.5331313055224     
   1602.5458076115438     
   1607.0217183499883     
   1609.9172155341844     
   1614.6016964010612     
   1621.7680551986609     
   1627.3783618155178     
   1629.1904649933917     
   1629.5773832292302     
   1637.6255018759909     
   1639.2445482427540     
   1639.3498126777088     
   1644.6419914972732     
   1651.4938835344776     
   1653.0411831300935     
   1657.8163706258792     
   1658.3769757914704     
   1659.0153117724922     
   1659.7097619199449     
   1662.9073824946588     
   1668.5693677236081     
   1670.6672968084388     
   1672.4059477028227     
   1674.8910923821227     
   1678.3979229974607     
   1681.2932550761798     
   1685.2165958764122     
   1688.6139614494466     
   1698.9577402617663     
   1704.1676921332648     
   1704.9617548138617     
   1705.8541215230007     
   1707.1186603203048     
   1711.2261585364756     
   1716.4334530321444     
   1721.6716520136786     
   1727.4497356022262     
   1731.7384550341403     
   1733.5702038833933     
   1738.3669816170766     
   1738.4653954821185     
   1742.8060786769295     
   1743.9037064810673     
   1745.1804531664632     
   1759.1666075409694     
   1767.9182769765678     
   1770.1148292445721     
   1772.1456831506014     
   1772.3608401918841     
   1779.3715104834441     
   1781.5930679404203     
   1783.9291664285086     
   1786.2296533699346     
   1788.0726388569024     
   1793.8948468978722     
   1796.4920844584547     
   1800.2490677022990     
   1802.2150828426352     
   1808.4001392945318     
   1812.1972095208343     
   1812.6407209232766     
   1812.7026074387834     
   1813.2318404518098     
   1817.0713714164790     
   1819.9122972142570     
   1820.3561324811894     
   1820.5149918122802     
   1820.5610820637328     
   1821.9906355876333     
   1822.5397614122862     
   1823.9848317291467     
   1827.9504030577139     
   1829.5560940413873     
   1829.8834037243619     
   1830.8274462122986     
   1840.6150209330972     
   1841.5608205059511     
   1842.7773516642269     
   1843.7302866220514     
   1845.2014995577422     
   1849.9357655258693     
   1852.7029461146235     
   1852.7714926483347     
   1860.4280262835657     
   1861.8634316621651     
   1862.8974655613270     
   1866.0455238726395     
   1874.8340586758698     
   1877.3313090128227     
   1877.3419401990657     
   1879.1854775407548     
   1880.6542090950247     
   1884.1764725687547     
   1889.8605880731791     
   1893.8648476709886     
   1896.5572441922334     
   1896.7513815471577     
   1897.4942165015320     
   1897.6039859177774     
   1898.8501505603983     
   1901.6491108304156     
   1901.9519432359823     
   1902.8611823572335     
   1906.0051999518389     
   1906.6685291430636     
   1908.1921001739365     
   1908.2531591003465     
   1909.8661108807314     
   1912.8447784941857     
   1916.1157752820407     
   1918.3983661074026     
   1919.4412919871702     
   1919.8514089384341     
   1920.2756786838820     
   1920.3837737554607     
   1922.5115492114974     
   1923.1666195162450     
   1924.5142799483906     
   1924.9407856539824     
   1926.5120238149236     
   1926.6668685774298     
   1927.5149047199316     
   1929.2068311807709     
   1931.5037230494622     
   1933.7482885760526     
   1935.3354531107191     
   1936.2021085718161     
   1939.0431323342602     
   1941.2772017995710     
   1942.7756612274279     
   1943.6472563926013     
   1947.3217674518501     
   1947.3851162333285     
   1949.2260880831889     
   1955.7513622483498     
   1957.2107460981599     
   1957.2504741869141     
   1959.8083928081969     
   1961.5558156794389     
   1963.6567634763337     
   1966.2877261313188     
   1969.3475260007574     
   1971.9656247669161     
   1973.1223391297424     
   1975.5413840094088     
   1980.0678261533155     
   1982.3517610158185     
   2053.9777498806479     
   2069.5150359207109     
   2080.0845000110098     
   2088.1551530069405     
   2089.7155409676102     
   2105.6366017149858     
   2106.2814846537794     
   2111.4152462793609     
   2112.6818797624796     
   2115.8718740918425     
   2116.0064711876330     
   2116.2912764718758     
   2117.6719578087263     
   2118.3935334198341     
   2118.6228711942308     
   2120.1460823887360     
   2122.3492896543189     
   2126.3643985280009     
   2128.0688607616253     
   2129.4983366175702     
   2134.6120276591373     
   2135.8155023716422     
   2135.9458130584735     
   2137.2846868204624     
   2138.7373049199432     
   2147.9760504040414     
   2148.3344253557939     
   2148.7811942273561     
   2149.9979201895844     
   2153.6051608665639     
   2158.6561916706664     
   2158.7644505847165     
   2160.5600190489613     
   2164.9268154315700     
   2165.2093335628433     
   2166.2741076024126     
   2169.1737460113118     
   2169.2365425263538     
   2170.9984484582465     
   2171.5030299252735     
   2174.5064724489653     
   2174.9110002081766     
   2175.3432310977073     
   2175.8735862032909     
   2176.0612017384524     
   2176.7386112098989     
   2177.9107256010971     
   2179.7242351905497     
   2179.7430090480161     
   2180.5187484861899     
   2180.6628620560446     
   2180.9396566834239     
   2183.3661239736266     
   2184.7375589325457     
   2185.2154799066429     
   2185.4529146406453     
   2185.5781124837922     
   2185.7197924287320     
   2187.1857642345112     
   2188.6703587237353     
   2189.0268294009929     
   2191.2446571754876     
   2191.5091716518464     
   2192.4320605287326     
   2194.1061124554708     
   2195.5312144065620     
   2195.7894714789704     
   2197.1559181631801     
   2198.8252840811260     
   2199.5516373410796     
   2202.5744331115548     
   2204.4776029969321     
   2204.7621754043180     
   2204.9672967683359     
   2205.8507502585121     
   2207.2250127692309     
   2208.1629515131399     
   2210.6946022800953     
   2211.4349482145471     
   2213.0336541344777     
   2213.3181349340512     
   2213.3717530210001     
   2213.7111068687300     
   2216.2553378382454     
   2217.2487427448368     
   2219.0896552756831     
   2221.7049735805631     
   2221.7072002265545     
   2224.2543133487143     
   2226.5032804544326     
   2226.6392457247912     
   2228.3235053648973     
   2228.7264061283622     
   2232.2579379522790     
   2233.1081183955293     
   2235.9514568619284     
   2237.4705814182171     
   2239.5450113782863     
   2240.0688397615972     
   2252.4433669421260     
   2253.0105117769131     
   2254.3534847533801     
   2257.9721429771121     
   2261.6057032075933     
   2267.0970787675542     
   2273.2365149176139     
   2279.0298608542398     
   2279.9299533060571     
   2283.7573867746787     
   2283.9286252077904     
   2294.7535344242074     
   2297.5327822899899     
   2299.4001089944281     
   2300.0075981827858     
   2304.8884172765261     
   2309.2369174051269     
   2311.0729673465466     
   2319.4725647182022     
   2320.9001086175695     
   2321.0483509915589     
   2323.7836550690563     
   2325.3886134001868     
   2336.7814590008406     
   2342.2914990143163     
   2342.6271825312651     
   2343.1542986971240     
   2345.9514506457699     
   2346.0729082502221     
   2349.1506440426106     
   2349.6428855737872     
   2352.4879575099876     
   2356.2824422067788     
   2357.9118553647618     
   2359.5404652998341     
   2361.7161258044152     
   2362.2116931935161     
   2362.2858936267053     
   2363.7826670268105     
   2364.1041330608741     
   2365.9889241575015     
   2369.0816610970965     
   2369.9847545439234     
   2372.6217053573769     
   2377.2279802141757     
   2378.8586752204010     
   2379.6326833679022     
   2381.9260695682847     
   2383.0607819541983     
   2386.4723844603677     
   2388.3062804079718     
   2390.1901329835473     
   2391.2595466093717     
   2391.8037530880724     
   2392.8960822116755     
   2393.4161208533874     
   2394.9419568977337     
   2395.3144089159446     
   2396.7510545895170     
   2401.0691510395473     
   2401.3096970738775     
   2401.5227238286798     
   2403.4993939136634     
   2403.5417110920721     
   2405.5292600670628     
   2406.5754375121496     
   2407.9910065114418     
   2408.6713473564687     
   2410.3155801566404     
   2410.9539722350009     
   2413.9077367052064     
   2418.6779572840437     
   2423.8343181902756     
   2426.8653134481779     
   2435.3231327070725     
   2437.2465208311410     
   2437.7004290087680     
   2445.0685921367967     
   2445.3133586451017     
   2449.0131804173748     
   2449.2917392431436     
   2450.7817319459991     
   2462.1125533329850     
   2464.2578157337957     
   2466.1069947688029     
   2466.3339105056430     
   2468.9740809721652     
   2470.5835135081620     
   2471.1623411026749     
   2471.7995030326229     
   2472.3777654157739     
   2472.8622444306434     
   2475.2074005553395     
   2481.7360011020423     
   2482.8254270338239     
   2486.8707543017731     
   2489.9712230470795     
   2490.3576749036297     
   2494.3878285116903     
   2495.0714995200638     
   2495.3535980683178     
   2495.6599478086323     
   2497.3501899548933     
   2497.7846390406253     
   2500.6404930944127     
   2501.3242732508461     
   2501.9648182621549     
   2506.4726559878909     
   2508.4447088173488     
   2509.8507310014397     
   2512.0697717317544     
   2512.2793468427872     
   2514.2922289823464     
   2514.3711121338933     
   2523.7469899917996     
   2523.8241392518103     
   2528.4957406838794     
   2532.0318372224851     
   2536.0568122235059     
   2536.5787165760771     
   2536.7012909003920     
   2537.5288165605612     
   2538.4396484612571     
   2543.0888981744442     
   2547.1636672002260     
   2548.9163529499301     
   2553.1768432030813     
   2554.4260999083681     
   2554.4546249223272     
   2556.0125433080034     
   2556.1089160520100     
   2560.8545721023002     
   2561.2986657984429     
   2561.3273692367952     
   2561.5640708284695     
   2561.7675372034792     
   2562.1990381417077     
   2565.0608647091185     
   2566.5132903542476     
   2567.0853950070746     
   2567.4915887017955     
   2569.4120735547490     
   2573.7919766253044     
   2575.6110078156908     
   2576.8977118086332     
   2578.6475262824993     
   2579.0258426147393     
   2580.3970909155405     
   2581.6455832103325     
   2582.1576395517336     
   2584.6148277617685     
   2584.6339591754045     
   2585.8401571268309     
   2587.0026696677405     
   2587.0770967064454     
   2588.6658367842820     
   2590.1139032006540     
   2596.2714995687834     
   2596.4750405366340     
   2596.6548876176853     
   2597.0564076821006     
   2597.0798674481102     
   2598.9921359630416     
   2599.7790498678060     
   2600.0722210722429     
   2600.8289075197740     
   2601.5638028133162     
   2602.3551052366788     
   2603.8731854159601     
   2604.1373546501122     
   2605.0720158912113     
   2606.1549178814521     
   2606.8019206355534     
   2608.4231222550161     
   2609.3367996583393     
   2610.3471546442397     
   2610.7704400630278     
   2611.0838939801274     
   2612.1731084678640     
   2613.3257369519838     
   2613.5127956401830     
   2614.0243081466556     
   2615.1415380110006     
   2616.0200989815653     
   2616.4435715950240     
   2616.5048461072338     
   2617.0303462555139     
   2618.1306058895470     
   2618.7933180862760     
   2619.8197670528780     
   2620.5339424205836     
   2620.7796271447651     
   2620.9223217373474     
   2621.9214819435788     
   2622.8500458127596     
   2623.3135136656861     
   2623.4851595659838     
   2624.9803909519737     
   2625.3104706418771     
   2625.4522882382767     
   2626.9045770959738     
   2627.1769758120754     
   2627.6922558798792     
   2628.1533276463201     
   2628.7262643221297     
   2629.0425258101313     
   2629.8444410522288     
   2630.9041023155669     
   2632.1658445574162     
   2632.7533144757590     
   2634.0791118413290     
   2634.1311425405729     
   2635.1820416418609     
   2638.4778819976877     
   2639.1408371273392     
   2639.8645953776136     
   2640.2801223687243     
   2640.7831910839841     
   2641.5405869142442     
   2645.7003605752934     
   2646.1907468415216     
   2648.3207891126372     
   2648.6535027999944     
   2649.3446712322270     
   2651.5498728597586     
   2654.2127807891870     
   2655.0039205604940     
   2655.4886328815660     
   2655.6774778110098     
   2655.7813748288195     
   2658.8777635911697     
   2660.2459057808887     
   2660.3997120879344     
   2660.8184324080935     
   2662.3244571575688     
   2663.1875555066435     
   2663.3214618889760     
   2664.3437938519464     
   2664.3782422273439     
   2665.2385950040211     
   2665.6910447899331     
   2666.2275158903662     
   2668.6651849523837     
   2668.8292865719482     
   2670.0528155959196     
   2674.5979723642472     
   2675.6562465543543     
   2675.9752219628481     
   2677.3940293958985     
   2679.4114323193476     
   2679.6830472138145     
   2681.0793967779337     
   2685.5843686536969     
   2686.0721348122092     
   2687.4891159310437     
   2688.3898478135520     
   2691.7473491347050     
   2691.8537721622274     
   2692.1045880842544     
   2692.2499461099196     
   2694.7918570962474     
   2696.3396740499393     
   2697.5148561684168     
   2699.5182323158947     
   2699.7662583564766     
   2700.3644697427144     
   2704.7080522533693     
   2706.2221210099760     
   2706.7437785957677     
   2708.2133922132743     
   2709.4679040315241     
   2709.4923451755326     
   2710.3694203383388     
   2715.5377659626538     
   2716.2702419296670     
   2719.5651354478750     
   2720.4124285240000     
   2720.8397033295232     
   2722.8294374643929     
   2725.4670852745021     
   2725.5826198542477     
   2725.9520940217640     
   2728.1449424915336     
   2729.1383929854837     
   2729.3792468892188     
   2729.4988090675415     
   2731.2893259342159     
   2731.3689180607430     
   2731.6975916884489     
   2732.1433710973156     
   2732.3202693300636     
   2733.4242535751791     
   2733.4345149268238     
   2734.5199852301666     
   2735.6227218255008     
   2738.2770401303533     
   2738.9796855592754     
   2740.7200414493950     
   2741.5290489573536     
   2745.2590839847335     
   2747.3978900353131     
   2748.4052516059396     
   2748.7071906752822     
   2748.7889742331008     
   2749.6253029235531     
   2751.6926938095830     
   2752.6888239649456     
   2760.5829503419627     
   2763.6738554513804     
   2764.3147991604033     
   2767.9566362287969     
   2772.0988933548047     
   2772.3175492245769     
   2773.0999675431335     
   2773.4319345784738     
   2775.1675901543103     
   2775.6768098721004     
   2775.8130099374562     
   2778.0947660007355     
   2779.6965731648456     
   2784.0757826772174     
   2784.3156522072572     
   2787.7488327701626     
   2790.4611021487681     
   2790.7983603501593     
   2790.9370358628371     
   2794.2704983116732     
   2794.4267978337216     
   2794.7821498097023     
   2794.8269478249476     
   2795.4720677496007     
   2795.9568854096019     
   2796.1332891803218     
   2799.0513258162837     
   2799.8415996384770     
   2800.4119866318729     
   2801.2632814867889     
   2804.2780535998418     
   2806.0129322474068     
   2806.1102901286399     
   2806.3996171309873     
   2806.9993191565568     
   2807.1225463682581     
   2807.9266357461006     
   2808.6090723164125     
   2808.8383109650035     
   2810.8577951989687     
   2811.7258619982831     
   2812.0606687590271     
   2812.3971336746135     
   2812.4976819669450     
   2812.8666256379920     
   2814.9266775392352     
   2815.0122915317220     
   2815.0276131665833     
   2815.8779527643969     
   2816.4636717093949     
   2818.1159086997086     
   2818.8141124492295     
   2821.2083777782259     
   2821.2226509828356     
   2821.3361745716043     
   2821.4099041447671     
   2822.9506583608659     
   2823.1561841133002     
   2824.1922476603531     
   2825.2179935815293     
   2828.0742351863969     
   2828.1212297620832     
   2828.5684350499746     
   2828.6030943754508     
   2831.0834437165854     
   2831.9284083384618     
   2832.4019323798552     
   2832.5427435262327     
   2832.7523128537268     
   2833.0233411581671     
   2833.8912430558985     
   2834.4034027832658     
   2834.8670486066362     
   2835.7985281307856     
   2837.9225464378455     
   2838.2444773664597     
   2838.5845913324483     
   2838.7598408801618     
   2843.0009051394468     
   2843.2258165796361     
   2844.1728349943837     
   2844.5296612018501     
   2844.6949952778627     
   2845.1255799450514     
   2847.6407027827131     
   2848.0692545937882     
   2848.6307293357640     
   2849.7649775293489     
   2850.5420071016210     
   2850.6693940988121     
   2851.4531157463648     
   2852.1265762483695     
   2852.9982559048030     
   2854.5468201855956     
   2854.7678913970949     
   2856.4667104588120     
   2856.5243885460059     
   2857.9523285852092     
   2858.3851512070464     
   2858.6167471244912     
   2860.0689885533961     
   2861.2874412821757     
   2862.1319466107434     
   2862.4801183240047     
   2864.1776006750970     
   2865.0207712369156     
   2865.1289711042459     
   2865.1483675314985     
   2866.6988396149291     
   2867.3275465377815     
   2868.5672876123431     
   2869.3367234165867     
   2869.5732732933457     
   2869.8131364360470     
   2870.9169620976741     
   2871.0575740248623     
   2872.4448746603498     
   2874.3197237364366     
   2874.6193634821934     
   2874.6515354988842     
   2875.0746502227544     
   2875.5611852356515     
   2876.3431528524779     
   2876.5343027848644     
   2876.6424939075127     
   2880.1572991023727     
   2881.3087623806055     
   2881.6294666491053     
   2881.9475682142088     
   2882.6923608254451     
   2882.7738129536642     
   2884.1278451780004     
   2886.9884963514737     
   2888.5910619477340     
   2890.4189344055890     
   2891.8685071472764     
   2892.4096569562339     
   2892.9609276322667     
   2893.2848351050038     
   2893.5471359454755     
   2894.0369786148613     
   2896.3507472643737     
   2897.0023474615414     
   2897.4731862184358     
   2898.3348910920658     
   2899.9524446252121     
   2900.9143092982495     
   2901.5017160936650     
   2902.0318228591077     
   2905.1828754689568     
   2905.9881579913581     
   2906.5385227697075     
   2907.0764448948657     
   2907.1352413690161     
   2908.4805612953041     
   2909.5892052887298     
   2909.6318136886666     
   2912.5133036837246     
   2912.5390921809508     
   2913.0784903279118     
   2913.2604981304530     
   2913.8306128056779     
   2914.1350640680425     
   2914.7130824779370     
   2918.2197315127141     
   2918.8802469247553     
   2919.2129032522057     
   2920.2145346066291     
   2921.4223617161351     
   2923.1627649195839     
   2924.4262669329778     
   2926.4278565592185     
   2926.7330040411825     
   2927.1705862138274     
   2929.7859960732280     
   2930.7828366886206     
   2930.9378817905890     
   2932.2294176985479     
   2935.4982409610734     
   2937.0264543715616     
   2938.4282315021314     
   2940.1703426070144     
   2944.6975738370834     
   2944.9926053001032     
   2947.9554265826596     
   2949.9483960074954     
   2950.2149165197648     
   2951.5162430510986     
   2951.7905527648404     
   2953.9253216332258     
   2966.8633042602178     
   2967.1878727587191     
   2969.6926487039586     
   2972.5533254648321     
   2974.5023355847570     
   2976.3089512279748     
   2977.1436450148108     
   2977.6073675656376     
   2978.5818771964805     
   2981.1492166908847     
   2985.7266004665144     
   2991.6200751974006     
   2993.1264302252048     
   2995.6653282892121     
   2996.7373060371574     
   3001.8546406013916     
   3002.8711541129769     
   3003.7606548846779     
   3009.9819030530389     
   3025.3908781165046     
   3057.6115157590511     
   3065.5962843511534     
   3068.9447654175033     
   3084.7222533977783     
   3098.6117242921600     
