 3.5233E-001
-8.0444E-001
 1.7259E+000
 7.1629E-001
 4.9343E-001
 2.2008E-001
 5.7494E-001
 5.3303E-001
-4.8237E-002
 3.6811E-001
 5.8796E-001
-8.1345E-002
-1.0294E-001
 4.8199E-001
-1.3411E+000
 7.0021E-001
 4.9502E-001
-2.5488E-001
 6.2504E-001
 6.0780E-001
-5.1122E-001
 6.1516E-001
 5.4867E-001
-3.0031E-001
 5.8207E-001
 2.7062E-001
-9.0787E-002
 6.2605E-001
 4.6353E-001
-8.6364E-001
 4.1103E-001
 7.3684E-001
-1.1489E+000
 6.1286E-001
 7.9353E-001
-2.8914E-001
 6.2570E-001
 7.1878E-001
-8.2209E-002
 7.3576E-001
 3.8878E-001
-2.3912E-001
 7.5088E-001
 3.2608E-001
-4.2909E-001
 5.1848E-001
 1.1586E+000
-2.2280E-001
 8.3574E-001
 8.4591E-001
-2.0940E-001
 8.2841E-001
 2.7007E-001
-1.6771E-001
 9.6283E-001
 1.2050E-001
-3.0808E-001
 9.1252E-001
 1.4387E-001
-5.3195E-001
 1.0712E+000
 1.2921E-001
-6.2062E-001
 1.1100E+000
 3.9245E-002
-2.5902E-001
 7.0000E-001
 1.9791E-001
-6.1450E-001
 6.3306E-001
 2.9216E-001
-8.6264E-001
 4.2853E-001
 2.2633E-001
-7.7999E-001
 2.8390E-001
 1.5673E-001
-8.0526E-001
 5.2664E-001
 4.4015E-001
-1.1879E+000
 5.8494E-001
 5.7964E-001
-1.3084E+000
 4.5334E-001
 1.9847E-001
-6.4597E-001
 2.9987E-001
 1.3022E-001
-5.6186E-001
 2.2900E-001
-1.8209E-002
-6.0388E-001
 2.0490E-001
-5.3027E-002
-6.2770E-001
 2.9229E-001
 1.7734E-001
-3.4745E-001
 2.4499E-001
 2.0376E-001
-2.6139E-001
 1.8055E-001
-9.1683E-002
-6.4317E-001
 1.3535E-001
-1.3036E-001
-7.2394E-001
 2.1950E-001
-2.4448E-001
-6.5680E-001
 2.1317E-001
-3.2946E-001
-6.6627E-001
-2.4722E-002
-1.7066E-001
-8.7376E-001
 2.2684E+000
-1.1131E+000
-8.2534E-001
 2.3334E-001
-2.5474E-001
-5.4443E-001
 2.8366E-001
-3.7587E-001
-4.2674E-001
 2.7612E-001
-5.1733E-001
-4.2910E-001
 2.9234E-001
-5.0144E-001
-4.7191E-001
 3.9446E-001
-2.9517E-001
-2.7962E-001
 4.4053E-001
-2.4137E-001
-9.9163E-002
 2.3053E-001
-5.9327E-001
-4.2373E-001
 1.8048E-001
-7.6505E-001
-4.8299E-001
 2.0610E-001
-8.0656E-001
-4.0317E-001
 1.8540E-001
-7.8187E-001
-3.6550E-001
 1.8025E-001
-8.6875E-001
-4.5239E-001
 1.8169E-001
-8.8549E-001
-3.9865E-001
 1.9588E-001
-1.0075E+000
-4.1587E-001
 2.1806E-001
-9.9010E-001
-5.1636E-001
 1.8145E-001
-8.1243E-001
-2.9901E-001
 1.1722E-001
-8.8431E-001
-2.9991E-001
 1.9743E-001
-1.1429E+000
-2.9376E-001
 1.2485E-001
-1.2005E+000
-4.0764E-001
 7.6851E-002
-1.2699E+000
-4.6485E-001
 3.0537E-002
-1.2685E+000
-3.9491E-001
-7.6391E-002
-1.2229E+000
-3.4569E-001
-3.4323E-001
-2.0412E+000
-4.4084E-001
 9.8369E-002
-1.2182E+000
-5.5800E-001
 1.3311E-001
-1.1633E+000
-5.6457E-001
 4.8880E-002
-1.2649E+000
-5.2851E-001
 6.4298E-002
-1.1268E+000
-4.5191E-001
 1.3120E-001
-9.9384E-001
-6.5642E-001
 2.3813E-002
-1.0216E+000
-6.6634E-001
-1.3786E-002
-1.4036E+000
-4.9849E-001
-1.8179E-001
-1.5286E+000
-6.2369E-001
-1.9505E-001
-1.5023E+000
-6.8642E-001
-4.1853E-001
-1.4132E+000
-7.4905E-001
-2.0989E-001
-1.5105E+000
-6.7372E-001
-1.4810E-001
-1.5081E+000
-6.5153E-001
-9.6741E-002
-1.4049E+000
-5.6485E-001
-3.2899E-001
-1.2620E+000
-5.8250E-001
-2.9075E-001
-1.2470E+000
-5.6779E-001
-2.4947E-001
-1.1727E+000
-4.8510E-001
-2.8105E-001
-9.0123E-001
-3.7847E-001
-1.5384E+000
-4.0682E+000
-2.5397E-001
-3.0416E-001
-1.2674E+000
-5.5724E-001
-3.5704E-001
-1.2642E+000
-5.7500E-001
-2.3951E-001
-1.3026E+000
-6.0976E-001
-4.1612E-001
-1.8818E+000
-5.8721E-001
-3.6032E-001
-1.2346E+000
-5.3102E-001
-8.0918E-002
-1.1993E+000
-3.6238E-001
-1.7382E-001
-9.9207E-001
-3.8830E-001
-1.2894E-002
-8.8596E-001
-1.2031E-001
-6.5662E-002
-6.9216E-001
-1.2072E-001
-2.2218E-001
-9.4353E-001
-2.4578E-001
-2.4728E-001
-9.8671E-001
-2.2464E-001
-5.0389E-002
-9.1738E-001
-1.1710E-001
-7.8418E-002
-9.7432E-001
-1.2290E-001
-4.0956E-002
-9.6776E-001
-2.4394E-001
-1.4417E-001
-8.4317E-001
-3.4073E-001
-1.5985E-001
-1.0860E+000
-1.1795E-001
 2.6702E-001
-1.4051E+000
 1.2611E-002
 1.9956E-002
-1.1251E+000
-2.9419E-001
 6.0932E-002
-1.0910E+000
-4.5717E-001
 6.0916E-002
-1.1464E+000
-4.9043E-001
 1.0568E-002
-1.1526E+000
-5.0763E-001
 8.1958E-002
-1.1498E+000
-6.2632E-001
 5.8591E-002
-1.0949E+000
-7.0178E-001
 1.3194E-001
-1.1659E+000
-5.4040E-001
 8.3769E-002
-1.0229E+000
-5.7188E-001
 1.6210E-001
-1.0915E+000
-5.8674E-001
 1.9989E-001
-9.4608E-001
-6.3567E-001
 2.1801E-001
-9.4869E-001
-7.2473E-001
 1.6112E-001
-1.0525E+000
-8.1245E-001
 1.1184E-001
-1.0177E+000
-4.3057E-001
-7.4798E-002
-9.4910E-001
-3.8868E-001
-2.0221E-002
-7.2808E-001
-7.6923E-002
 1.2688E-001
-7.6128E-001
 6.5851E-002
-6.9585E-002
-9.7105E-001
-4.1093E-001
-2.8236E-001
-1.0287E+000
 2.8232E-001
-6.5101E-002
-5.5751E-001
-6.5096E-002
-4.5278E-002
-3.5673E-001
 1.2862E-001
-1.7082E-001
-2.7430E-001
 7.5372E-002
-2.2930E-001
-3.7333E-001
-1.8612E-001
-1.1322E-001
-1.0744E-001
 1.9035E-001
-2.9679E-001
 2.4643E-003
 1.1193E-001
-2.2521E-001
-4.9276E-003
 2.6050E-001
-3.3067E-001
 5.6102E-003
 2.0878E-001
-3.7916E-001
 2.0834E-001
-1.9649E-001
-3.6483E-001
 5.6019E-002
-2.4476E-001
-3.1518E-001
 2.1068E-001
 5.9197E-001
-3.2459E-001
 3.8159E-001
-2.3252E-001
-4.5257E-001
 5.1373E-001
-5.3482E-001
-4.8334E-001
 2.8595E-001
-6.9859E-001
-7.1753E-001
 3.2452E-001
-9.0148E-001
-5.5961E-001
 8.7993E-001
-5.3728E-001
-1.9418E+000
 1.1194E+000
-7.8526E-001
-4.5037E-001
-1.5300E-001
-5.3235E-001
-4.0439E-001
-4.2140E-001
-9.2144E-001
-3.0212E-001
-2.6685E-001
-9.0590E-001
-2.1528E-001
-2.4069E-001
-9.2771E-001
-3.1042E-001
-1.1732E-001
-8.3811E-001
-2.5680E-001
-6.7163E-002
-7.6831E-001
-1.2666E-001
-3.1948E-001
-6.3278E-001
-1.7004E-001
-5.2554E-001
-4.3458E-001
-2.1882E-001
 1.1902E-001
-6.3919E-001
-1.1632E+000
 2.2142E+000
-1.2569E+000
-9.1554E-002
-3.4298E-001
-6.7315E-001
 3.6173E-002
-4.7870E-001
-6.3934E-001
 3.9221E-002
-4.3890E-001
-5.4262E-001
 1.5212E-001
-3.6601E-001
-5.1469E-001
-5.2559E-002
-5.7079E-001
-7.5451E-001
-5.3644E-001
-5.6175E-001
-9.2559E-001
 1.2839E-001
-4.8636E-001
-4.9722E-001
 6.4032E-002
-4.8196E-001
-4.8526E-001
 1.1837E-001
-5.8441E-001
-4.2697E-001
 1.1863E-001
-7.6747E-001
-4.6554E-001
 2.3590E-002
-5.8410E-001
-4.6076E-001
 5.8016E-003
-6.5154E-001
-3.9335E-001
 1.2555E-001
-5.3129E-001
-3.6814E-001
 3.5686E-002
-6.3977E-001
-1.9422E-001
 4.2513E-002
-5.1679E-001
-7.1927E-002
 8.9248E-002
-4.4339E-001
-1.1853E-001
 1.5683E-002
-5.5077E-001
-9.6941E-003
 8.7261E-003
-3.3780E-001
 1.3939E-001
 3.0605E-002
-3.2811E-001
 1.7215E-001
 2.4360E-003
-2.0200E-001
 1.4599E-001
-1.8820E-001
-3.5468E-001
 2.4935E-001
-7.5521E-002
-3.6299E-001
 7.8973E-001
 2.1862E-001
-3.6475E-001
 1.2404E-001
 2.2963E-001
-3.4512E-001
 3.5330E-002
 2.1015E-001
-2.3511E-001
-5.5594E-002
 2.3828E-001
-1.8951E-001
-4.2801E-002
 2.4866E-001
-3.9138E-001
 5.3087E-003
 1.1645E-002
-2.3216E-001
 2.6184E-002
 2.2411E-001
-2.7819E-001
-1.0780E-001
 2.0642E-001
-2.0379E-001
-1.5309E-001
 1.9586E-001
-7.3385E-002
-7.8517E-002
 1.5003E-001
-1.9435E-002
-1.6092E-001
 2.7766E-001
-2.3455E-001
-1.3582E-001
 3.8642E-001
-4.0142E-001
-5.0517E-001
 3.0678E-001
-4.9493E-002
 1.2768E-002
 1.9745E-001
 9.1956E-002
 4.6540E-002
 1.8481E-001
 1.3306E-001
 1.1187E-001
 1.9138E-001
 9.4392E-002
 1.3737E-001
 4.4899E-002
 4.0997E-002
 1.8952E-001
 4.1098E-002
-1.5221E-001
 1.1582E-001
 1.9147E-001
 2.1792E-001
 8.3035E-002
 1.9947E-001
 2.4436E-001
 2.8702E-001
 2.1299E-001
 2.6077E-001
 1.7126E-001
 2.3294E-001
 3.0154E-001
 1.8530E-001
-2.9999E-002
 1.3612E-001
 3.9565E-001
-3.1797E-001
 1.8496E-001
 5.3678E-001
 1.5743E-001
 2.2053E-001
 1.0957E-002
 1.4943E-001
 2.2174E-001
 2.2124E-003
 2.0154E-001
 2.9452E-001
 4.4602E-003
 3.1977E-001
 4.1417E-001
 8.5628E-002
 2.7687E-001
 3.0455E-001
-1.1430E-001
 2.9979E-001
 3.4019E-001
-1.2329E-001
 3.2981E-001
 3.8284E-001
-2.1443E-002
 3.3681E-001
 4.1712E-001
-4.5334E-002
 2.7416E-001
 3.2590E-001
-1.3519E-001
 3.0238E-001
 3.4346E-001
-1.4475E-001
 2.9169E-001
 3.8902E-001
 2.8483E-002
 3.1403E-001
 5.0766E-001
 1.6311E-001
 3.3639E-001
 5.2416E-001
 1.9573E-001
 3.4480E-001
 4.7550E-001
 2.0866E-001
 2.1952E-001
 4.7595E-001
 2.7994E-001
-1.7371E+000
 5.8489E-001
 8.5075E-001
 3.2572E-001
 4.8835E-001
 1.8036E-001
 3.4770E-001
 5.2257E-001
 1.5025E-001
 3.4585E-001
 5.9736E-001
 4.5356E-002
 3.0225E-001
 7.1844E-001
-4.2665E-002
 3.2521E-001
 4.7082E-001
 1.3749E-001
 2.0114E-001
 1.8877E-001
 2.5847E-001
 4.0569E-001
 5.3455E-001
-7.0937E-002
 4.7693E-001
 5.6417E-001
-1.8597E-001
 4.7408E-001
 7.2580E-001
-1.5273E-001
 4.5846E-001
 7.8781E-001
-2.4874E-001
 5.1038E-001
 4.5409E-001
-2.1439E-001
 4.7905E-001
 2.3309E-001
-3.0682E-001
 5.3958E-001
 7.9554E-001
-7.4371E-002
 5.4155E-001
 9.1612E-001
-4.0963E-002
 5.6287E-001
 8.8121E-001
 4.8647E-003
 5.8272E-001
 9.1444E-001
-3.6348E-003
 5.4867E-001
 9.5072E-001
 3.3995E-002
-2.3904E+000
 6.5826E-002
 2.3729E+000
 5.5359E-001
 8.4897E-001
 4.9599E-002
 5.4277E-001
 9.5305E-001
 7.9559E-002
 5.3313E-001
 9.0342E-001
-2.0216E-002
 5.2021E-001
 8.7817E-001
-4.4918E-002
 5.0849E-001
 8.9134E-001
 2.1947E-001
 6.4537E-001
 3.4406E-001
-1.4063E+000
 5.2690E-001
 8.8922E-001
-2.8672E-002
 4.7494E-001
 8.6925E-001
-4.5021E-002
 4.9274E-001
 9.7733E-001
-1.3652E-001
 5.7617E-001
 1.0583E+000
-2.4627E-001
 4.0030E-001
 8.1669E-001
-7.5716E-002
-4.6329E-002
 9.1290E-001
-6.5857E-003
 4.5432E-001
 9.4260E-001
-1.1463E-001
 4.3984E-001
 1.0201E+000
-1.8484E-001
 4.3270E-001
 9.5407E-001
-3.0445E-001
 5.4076E-001
 1.0032E+000
-3.3568E-001
 4.4282E-001
 1.1189E+000
-2.2174E-001
 2.1457E-001
 1.3058E+000
-5.6599E-001
 3.0755E-001
 7.5461E-001
-3.9489E-001
 3.1240E-001
 6.8076E-001
-5.5593E-001
 3.0710E-001
 6.6378E-001
-4.7908E-001
 3.0226E-001
 6.7361E-001
-3.7721E-001
 4.7087E-001
 4.6906E-001
-6.6919E-001
 4.6065E-001
 4.2684E-001
-6.2358E-001
 3.3241E-001
 6.2675E-001
-4.7746E-001
 3.3540E-001
 5.2917E-001
-4.3971E-001
 4.4834E-001
 3.8943E-001
-4.4707E-001
 3.8853E-001
 2.0930E-001
-5.5861E-001
 3.2356E-001
 5.8442E-001
-5.7730E-001
 5.8171E-001
 5.2502E-001
-3.8581E-001
 4.9937E-001
 4.1106E-001
-3.8166E-001
 4.8129E-001
 3.5887E-001
-4.7625E-001
 5.1065E-001
 2.0812E-001
-5.8300E-001
 5.1681E-001
 3.6250E-001
-2.5112E-001
 4.9057E-001
 5.2881E-001
-3.5407E-001
 4.0530E-001
 4.1572E-001
-4.6954E-001
 3.7335E-001
 3.6392E-001
-6.7138E-001
 3.4693E-001
 8.0090E-002
-5.7233E-001
 3.0743E-001
-1.0090E-001
-5.7905E-001
 2.7062E-001
 3.7811E-001
-1.1121E+000
 2.7803E-001
 5.2146E-001
-1.3390E+000
 3.3175E-001
 6.6470E-002
-5.4352E-001
 1.9207E-001
-1.7800E-001
-4.8759E-001
 1.4900E-001
-2.9675E-001
-6.6935E-001
 1.4916E-001
-2.8250E-001
-7.3770E-001
 2.0014E-001
-1.7520E-001
-3.3183E-001
 1.7689E-001
-1.2859E-001
 1.9974E-001
 2.3817E-001
-4.5768E-001
-7.1897E-001
 2.8616E-001
-5.8111E-001
-8.3055E-001
 2.1695E-001
-6.9621E-001
-7.7499E-001
 1.3082E-001
-7.3604E-001
-6.3223E-001
 2.9006E-001
-5.9185E-001
-9.6368E-001
 3.3654E-001
-5.5699E-001
-1.0742E+000
 1.7651E-001
-7.0368E-001
-9.6154E-001
 7.9307E-002
-9.4231E-001
-8.5812E-001
 1.5123E-001
-1.0052E+000
-9.1913E-001
 1.4327E-001
-1.0108E+000
-9.4367E-001
 4.7810E-002
-1.0635E+000
-8.3714E-001
 2.0464E-001
-1.0168E+000
-9.4264E-001
 2.4206E-001
-1.0914E+000
-1.0071E+000
 3.1699E-001
-1.1792E+000
-9.2618E-001
 3.5251E-001
-1.1774E+000
-8.0864E-001
 2.1817E-001
-1.2287E+000
-1.0235E+000
-5.9572E-002
-1.6280E+000
-1.0804E+000
 4.3464E-001
-1.3457E+000
-9.7499E-001
 3.9122E-001
-1.4840E+000
-9.1128E-001
 4.1433E-001
-1.5894E+000
-8.1082E-001
 4.3726E-001
-1.5811E+000
-7.4094E-001
 1.8865E-001
-1.5676E+000
-1.0329E+000
 1.7866E-001
-1.5241E+000
-1.3879E+000
 3.4427E-001
-1.6456E+000
-6.7556E-001
 3.1004E-001
-1.6389E+000
-5.4588E-001
 2.0335E-001
-1.6346E+000
-5.0001E-001
 2.5549E-001
-1.5067E+000
-3.4396E-001
 2.6497E-001
-1.6472E+000
-5.1691E-001
 2.2053E-001
-1.7717E+000
 2.2500E-001
 1.0179E-001
-1.7266E+000
-6.1716E-001
 9.5041E-004
-1.8540E+000
-6.1815E-001
 2.4987E-001
-1.7350E+000
-7.2926E-001
 3.5877E-001
-1.6184E+000
-7.6704E-001
-2.3301E-001
-2.1630E+000
-8.4788E-001
 9.6647E-001
 3.7180E-001
 2.3847E-001
 3.4232E-001
-1.6892E+000
-8.1850E-001
 4.0459E-001
-1.5989E+000
-9.4626E-001
 4.3689E-001
-1.4303E+000
-8.5968E-001
 4.5278E-001
-1.3204E+000
-9.8778E-001
 4.2981E-001
-1.6446E+000
-1.0237E+000
 3.3496E-001
-1.4029E+000
-7.3738E-001
 3.5495E-001
-1.2125E+000
-6.6313E-001
 3.7771E-001
-1.1554E+000
-6.1216E-001
 3.7388E-001
-1.0686E+000
-6.7379E-001
 3.4888E-001
-1.1771E+000
-5.0300E-001
 3.2204E-001
-1.1392E+000
-4.0289E-001
 3.6956E-001
-1.2196E+000
-5.7628E-001
 3.9236E-001
-1.1837E+000
-5.7055E-001
 4.3225E-001
-1.2187E+000
-7.3810E-001
 4.3528E-001
-1.2208E+000
-7.7835E-001
 3.9309E-001
-1.3942E+000
-4.6204E-001
 3.0402E-001
-1.4210E+000
-2.3449E-001
 3.9875E-001
-1.2506E+000
-8.2376E-001
 3.9975E-001
-1.2699E+000
-9.1474E-001
 4.4174E-001
-1.1878E+000
-9.6117E-001
 4.8037E-001
-1.1330E+000
-1.0592E+000
 3.2118E-001
-1.3207E+000
-1.0420E+000
 2.4954E-001
-1.3307E+000
-8.8661E-001
 4.8075E-001
-1.1074E+000
-9.5612E-001
 4.8174E-001
-9.8920E-001
-9.8740E-001
 5.0078E-001
-8.4575E-001
-9.5212E-001
 4.9935E-001
-7.0491E-001
-1.0769E+000
 4.1576E-001
-9.7370E-001
-8.8986E-001
 1.7250E+000
 8.4614E-001
-1.7877E+000
 5.4084E-001
-8.9307E-001
-7.8935E-001
 5.2742E-001
-7.7225E-001
-7.9206E-001
 5.3216E-001
-7.9720E-001
-9.0938E-001
 4.7140E-001
-7.2223E-001
-9.8838E-001
 4.6384E-001
-8.2244E-001
-6.5950E-001
 4.4771E-001
-7.3786E-001
-5.9665E-001
 5.4693E-001
-8.9684E-001
-9.4331E-001
 5.6846E-001
-9.3672E-001
-9.9873E-001
 6.3774E-001
-9.1893E-001
-1.1129E+000
 6.5084E-001
-8.7423E-001
-1.2149E+000
 5.7529E-001
-1.1329E+000
-9.9094E-001
 8.1654E-001
-6.5340E-001
-7.2001E-001
 6.3417E-001
-9.3442E-001
-1.1589E+000
 5.9208E-001
-9.3348E-001
-1.1857E+000
 6.5446E-001
-9.2345E-001
-1.1670E+000
 8.3557E-001
-9.5071E-001
-1.2118E+000
 5.6603E-001
-9.3393E-001
-1.2855E+000
 5.0374E-001
-8.0405E-001
-1.0739E+000
 5.6313E-001
-6.2643E-001
-1.0818E+000
 5.8845E-001
-6.5285E-001
-1.1347E+000
 6.1781E-001
-5.4042E-001
-1.1871E+000
 6.2502E-001
-5.0438E-001
-1.1137E+000
 8.9466E-001
-9.7837E-001
-3.6801E-001
 6.0132E-001
-7.6431E-001
-1.0638E+000
 5.8765E-001
-6.9155E-001
-1.0252E+000
 6.4483E-001
-6.4666E-001
-9.8941E-001
 8.5659E-001
-6.8592E-001
-1.1644E+000
 6.2561E-001
-7.3356E-001
-9.7185E-001
 6.1032E-001
-1.2075E+000
-1.1310E+000
 5.0183E-001
-5.9134E-001
-8.4572E-001
 4.6373E-001
-5.7842E-001
-8.1422E-001
 4.6240E-001
-5.0566E-001
-8.5754E-001
 5.0866E-001
-5.2296E-001
-9.3068E-001
 3.4917E-001
-7.1640E-001
-7.8035E-001
 4.0460E-001
-7.4087E-001
-7.5564E-001
 4.3302E-001
-4.1651E-001
-8.0628E-001
 4.0819E-001
-2.6736E-001
-8.1434E-001
 3.5825E-001
-2.7058E-001
-6.9129E-001
 3.3811E-001
-1.8304E-001
-7.4634E-001
 3.7439E-001
-1.2105E-001
-8.2963E-001
 8.3428E-001
-1.0721E-001
-1.0437E+000
 3.2415E-001
-3.4232E-001
-5.4743E-001
 2.4856E-001
-3.5340E-001
-4.6711E-001
 2.0816E-001
-5.5208E-001
-4.1571E-001
 2.4117E-001
-5.9393E-001
-4.7042E-001
 2.1850E-001
-2.4489E-001
-3.8978E-001
 1.7861E-001
-6.0991E-001
-3.3705E-001
 1.8591E-001
-7.0559E-001
-2.6218E-001
 1.2994E-001
-6.7271E-001
-2.0853E-001
 1.0573E-001
-6.5064E-001
-1.6178E-001
 2.0370E-001
-8.9215E-001
-3.1071E-001
 1.9135E-001
-1.0378E+000
-4.1312E-001
 1.5636E-001
-6.6571E-001
-2.2602E-001
 1.4073E-001
-6.5533E-001
-1.7011E-001
 1.0454E-001
-7.1540E-001
-1.8598E-001
 1.0047E-001
-6.0421E-001
-2.6367E-001
 2.4109E-001
-6.1972E-001
-1.2474E-001
 2.5610E-001
-5.5825E-001
-6.3494E-002
 7.8986E-002
-9.0516E-001
-9.9689E-002
 7.9263E-002
-9.3277E-001
-1.1987E-001
 7.0537E-002
-9.4421E-001
-9.3284E-002
 8.4160E-002
-1.0946E+000
-1.0572E-001
-1.0336E-002
-8.6623E-001
-1.1643E-001
 7.1311E-002
-5.7779E-001
 4.1040E-002
 4.2132E-002
-8.9190E-001
-7.0141E-002
 6.1096E-002
-9.3491E-001
-1.7919E-002
 3.5967E-002
-9.2297E-001
-2.1859E-004
-1.9466E-002
-1.0419E+000
 5.1027E-002
 9.1760E-002
-9.4835E-001
-1.6994E-002
 2.0837E-001
-8.1613E-001
-9.7182E-003
 7.9480E-002
-8.5727E-001
 6.9035E-003
-2.6915E-002
-8.8812E-001
 7.6584E-002
-2.4115E-002
-8.4870E-001
 1.0374E-001
-5.2227E-002
-6.6731E-001
 9.8229E-002
-4.4825E-002
-8.9778E-001
 1.3343E-001
 9.3508E-002
-7.6964E-001
 2.3559E-001
 1.1283E-001
-9.8354E-001
 1.4690E-001
 1.5299E-001
-9.4441E-001
-2.1748E-001
 1.5692E-001
-8.3549E-001
 3.7340E-003
 1.9075E-001
-8.5221E-001
 1.2080E-002
 2.5871E-001
-4.7351E-001
-5.4235E-001
 1.1667E+000
-1.9411E+000
 1.0094E+000
 6.4776E-002
-7.2863E-001
 5.8337E-003
 7.5514E-002
-6.6582E-001
 1.0591E-001
 5.7164E-002
-7.2790E-001
 1.3912E-001
 1.9100E-001
-7.7594E-001
 2.2583E-001
 1.0453E-001
-6.8597E-001
 1.6647E-001
 2.4562E-001
-7.7291E-001
 1.9923E-001
-2.2182E-001
-7.7776E-001
 1.8350E-002
-1.8452E-001
-8.8374E-001
 1.6083E-003
-1.7006E-001
-8.7898E-001
-2.2025E-002
-1.4488E-001
-8.3053E-001
-1.0268E-001
-1.7471E-001
-8.8274E-001
-1.0838E-002
-2.2483E-001
-8.0589E-001
-2.7992E-002
-1.6602E-001
-9.5856E-001
 1.3201E-002
-1.1834E-001
-9.6748E-001
-1.0338E-001
 4.0318E-002
-1.0449E+000
-1.9723E-001
 4.9386E-002
-9.9890E-001
-2.6697E-001
-7.3824E-003
-1.1179E+000
-5.7746E-002
-7.0387E-001
 1.2710E+000
-1.2118E+000
 3.4059E-002
-1.0757E+000
-2.1332E-001
 5.2907E-002
-1.0846E+000
-1.7667E-001
 3.6867E-002
-9.8989E-001
-2.5545E-001
-9.5071E-002
-1.0155E+000
-2.1251E-001
 7.5433E-002
-1.1061E+000
-8.9369E-002
 6.8379E-001
 9.0583E-001
 1.0286E+000
 2.2088E-001
-9.3607E-001
-3.6328E-001
 2.1635E-001
-9.9734E-001
-3.2974E-001
 2.5037E-001
-8.0184E-001
-3.3348E-001
 3.0922E-001
-7.5197E-001
-4.2261E-001
 9.9536E-002
-1.1565E+000
-3.0461E-001
 3.4997E-001
-1.2304E+000
 3.2684E-001
 1.6844E-001
-7.0323E-001
-2.5606E-001
 2.1864E-001
-5.2392E-001
-2.3572E-001
 2.3497E-001
-5.7253E-001
-3.1465E-001
 1.5356E-001
-6.0361E-001
-3.9523E-001
 1.0624E-001
-4.0880E-001
-6.2354E-002
 1.7246E-001
 3.0753E-001
 1.1410E+000
 3.3015E-001
-5.2424E-001
-2.7902E-001
 1.9083E-001
-5.8898E-001
-2.5805E-001
 3.0835E-001
-6.0644E-001
-3.7550E-001
 3.8947E-001
-5.4415E-001
-5.4279E-001
-9.5627E-003
-6.1259E-001
-3.0020E-001
-1.5149E+000
-1.4512E+000
 1.8527E+000
 2.7931E-001
-6.8172E-001
-3.5830E-001
 3.1899E-001
-6.9008E-001
-4.8031E-001
 3.9216E-001
-7.1723E-001
-5.0638E-001
 4.8954E-001
-7.0812E-001
-5.4889E-001
 2.6176E-001
-7.3364E-001
-4.9296E-001
 4.4842E-001
-1.2820E+000
-1.5424E-001
 4.1102E-001
-6.9589E-001
-5.2269E-001
 3.5788E-001
-6.0524E-001
-5.2162E-001
 3.1026E-001
-5.3840E-001
-4.5453E-001
 1.7897E-001
-4.4785E-001
-4.0711E-001
 3.8641E-001
-6.8915E-001
-4.0504E-001
 4.1284E-001
-7.2773E-001
-2.7865E-001
 2.9979E-001
-5.4804E-001
-4.5378E-001
 2.1633E-001
-4.6135E-001
-4.2240E-001
 1.6982E-001
-4.4004E-001
-2.9838E-001
 1.7238E-001
-4.4443E-001
-1.9567E-001
 2.6442E-001
-3.5311E-001
-4.5034E-001
 7.0620E-002
-4.0268E-001
-2.4955E-001
 5.0758E-002
-3.7509E-001
-1.5126E-001
 9.9629E-002
-2.3561E-001
-7.2639E-002
 1.2937E-001
-2.3169E-001
-8.1646E-002
-4.8763E-002
-5.5623E-001
 3.7672E-002
 2.7050E-001
-1.1865E+000
-1.7076E-002
 5.6242E-002
-1.1165E-001
 1.0076E-002
 9.3674E-002
-1.1299E-001
 2.0399E-002
 8.1758E-002
-1.4806E-001
 6.7113E-002
 1.2579E-001
-1.9796E-001
 8.6019E-002
 1.6626E-001
-2.0721E-001
-4.3884E-002
 1.0897E-001
-2.5439E-001
-1.4493E-001
 3.3609E-002
-1.1032E-001
 7.5410E-002
 2.4719E-002
-1.4672E-001
 1.8915E-001
-1.0366E-002
-2.0556E-001
 2.6273E-001
 8.5078E-003
-2.0430E-001
 2.0301E-001
 7.0403E-002
-5.4292E-002
 2.8218E-001
 1.0286E-001
-6.5781E-003
 3.8666E-001
-6.3756E-002
-3.1572E-001
 4.5732E-001
-6.5119E-002
-3.3102E-001
 5.0339E-001
-2.5807E-002
-2.7310E-001
 4.6780E-001
 2.9658E-002
-3.0943E-001
 4.5159E-001
-1.3065E-001
-3.7572E-001
 5.9693E-001
 2.2218E-003
-4.8931E-001
 6.1862E-001
-6.3558E-002
-2.2079E-001
 4.1234E-001
-3.6662E-002
-2.0789E-001
 3.5923E-001
-3.0123E-002
-1.9289E-001
 3.5399E-001
-2.3255E-002
-1.5990E-001
 3.8218E-001
-3.0852E-002
-2.1350E-001
 2.8669E-001
-1.6079E-005
-1.3003E-001
 2.1451E-001
-2.2697E-003
-2.5862E-001
 3.7249E-001
-6.2094E-002
-3.4983E-001
 5.3415E-001
-7.9913E-002
-5.2030E-001
 5.2656E-001
-1.3067E-003
-5.9991E-001
 3.7719E-001
-2.4861E-002
-3.9761E-001
 5.0115E-001
 5.3780E-002
-3.8454E-001
 8.1814E-001
-2.1205E-001
-6.2305E-001
 6.7383E-001
-2.2961E-001
-7.1894E-001
 6.9137E-001
-1.8696E-001
-8.3880E-001
 6.8947E-001
-1.5665E-001
-7.4741E-001
 6.8859E-001
-2.2182E-001
-7.4299E-001
 8.0782E-001
-8.1566E-002
-9.4821E-001
 6.5440E-001
-5.3081E-002
-1.2382E+000
 5.7728E-001
-2.9780E-001
-1.1032E+000
 5.7702E-001
-1.0166E+000
-1.4064E+000
 7.0931E-001
 3.1434E-001
-1.2687E+000
 6.1402E-001
 1.0977E-001
-8.5271E-001
 3.7441E-001
-1.3182E-001
-8.1229E-001
 3.4982E-001
-3.1778E-001
-4.5061E-001
 1.6350E-001
-2.1933E-001
-2.2805E-001
-7.4476E-003
 2.3282E-001
-8.7210E-001
 3.5405E-001
 3.6200E-001
-1.2649E+000
 6.7344E-001
-5.4358E-001
-4.3149E-001
 1.3834E-001
-6.9710E-001
-2.0799E-001
-2.9135E-002
-5.0352E-001
-1.0413E-001
-5.2592E-002
-3.8047E-001
-1.0254E-001
-3.7268E-001
-1.0562E+000
-3.4725E-001
-8.7343E-002
-4.7698E-001
 1.2839E+000
 1.6148E+000
-4.4850E-001
-1.9494E-002
 2.3325E-001
-3.4638E-001
 7.6546E-002
 1.5344E-001
-3.5279E-001
 1.4949E-001
 1.7381E-001
-3.4568E-001
 7.8690E-002
 3.0435E-001
-2.6274E-001
 4.9327E-002
 1.2506E-001
-7.9168E-001
-4.3256E-002
-1.1838E-001
-3.8241E-001
 2.6704E-001
 1.1581E-001
-4.3973E-001
 3.2622E-001
 6.9439E-002
-4.2368E-001
 2.7206E-001
-4.9010E-002
-4.2415E-001
 2.1627E-001
-1.7146E-001
-4.3439E-001
 3.7202E-001
 7.7799E-002
 4.2118E-001
 4.4707E-001
-5.7965E-002
-4.0329E-001
 1.9862E-001
-5.8731E-002
-3.5225E-001
 1.7815E-001
-2.2065E-001
-4.0433E-001
 3.2586E-001
-2.3837E-001
-5.1456E-001
 3.5757E-001
-1.8487E-001
-1.1986E-001
 3.2337E-002
-2.3719E-001
-7.0164E-002
-1.1668E-001
-4.5107E-002
-2.4092E-001
 4.5750E-001
-2.6069E-001
-2.6419E-001
 5.5318E-001
-2.6317E-001
-2.7571E-001
 5.8705E-001
-2.7763E-001
-3.0594E-001
 5.7724E-001
-3.3145E-001
-2.2834E-001
 4.9034E-001
-2.5979E-001
-2.6730E-001
 5.9313E-001
-2.3042E-001
-2.5846E-001
 6.1625E-001
-1.8206E-001
-1.9657E-001
 6.3368E-001
-2.5069E-001
-1.8410E-001
 6.7410E-001
-2.6316E-001
-2.1468E-001
 6.1716E-001
-1.4194E-001
-1.1493E-001
 6.5544E-001
-3.2108E-001
-1.5110E-001
 6.9055E-001
-2.8785E-001
-2.3209E-001
 6.3844E-001
-2.5268E-001
-1.9456E-001
 6.0114E-001
-1.8406E-001
-8.4343E-002
 6.7185E-001
-3.9468E-001
-8.7180E-001
 3.0525E+000
 1.0352E+000
-1.1869E-001
 6.1174E-001
-3.3623E-001
 6.6381E-003
 6.8010E-001
-3.1695E-001
 5.5398E-002
 7.1263E-001
-2.8965E-001
-5.9551E-002
 6.9058E-001
-2.5417E-001
 2.5904E-001
 7.7266E-001
-3.5877E-001
 2.8039E-001
 7.8264E-001
-3.5023E-001
 3.1873E-001
 8.3080E-001
-4.5697E-001
 2.5297E-001
 7.3386E-001
-5.8540E-001
 1.7261E-001
 7.3024E-001
-3.1382E-001
-1.5058E+000
 8.1201E-001
-1.7187E+000
 4.4426E-001
 8.9615E-001
-4.6518E-001
 4.7555E-001
 1.0559E+000
-6.7077E-001
 4.8143E-001
 1.0161E+000
-6.0379E-001
 4.5796E-001
 1.0550E+000
-5.2889E-001
 6.1732E-001
 1.2802E+000
-6.2428E-001
 5.8865E-001
 1.1542E+000
-2.3102E-001
 5.0049E-001
 9.7671E-001
-5.9337E-001
 3.6662E-001
 8.5050E-001
-4.5693E-001
 4.4424E-001
 7.7475E-001
-3.7329E-001
 4.9413E-001
 7.1923E-001
-4.2283E-001
 4.2227E-001
 8.7186E-001
-5.0151E-001
 1.8291E-001
 1.0107E+000
-6.2312E-001
 4.4819E-001
 6.5827E-001
-4.0032E-001
 4.7939E-001
 5.8443E-001
-4.3339E-001
 5.1821E-001
 5.9407E-001
-3.8380E-001
 4.9529E-001
 6.7106E-001
-3.1179E-001
 4.8868E-001
 7.0659E-001
-5.6957E-001
 1.7844E-001
 7.7217E-001
-4.1327E-001
 5.3318E-001
 5.4112E-001
-3.7037E-001
 6.2787E-001
 5.6626E-001
-3.2006E-001
 6.9000E-001
 6.0795E-001
-3.4567E-001
 6.1000E-001
 3.3995E-001
-4.4192E-001
 6.8662E-001
 5.6869E-001
-2.7561E-001
 6.5252E-001
 5.7678E-001
-3.6053E-001
 7.7263E-001
 8.1851E-001
-3.3092E-001
 7.7960E-001
 9.5847E-001
-3.2564E-001
 7.8632E-001
 9.6217E-001
-3.0397E-001
 7.8253E-001
 9.4282E-001
-2.7028E-001
 7.1913E-001
 1.0227E+000
-4.9035E-001
 6.4552E-001
 9.7956E-001
-5.7448E-001
 7.9335E-001
 1.0827E+000
-2.6019E-001
 7.5745E-001
 1.1335E+000
-2.2183E-001
 8.0904E-001
 1.2277E+000
-1.8267E-001
 8.8053E-001
 1.2464E+000
 4.8650E-002
 7.2089E-001
 1.0235E+000
-2.3993E-001
 4.1793E-001
 1.0587E+000
-1.3115E-001
 7.8484E-001
 1.3065E+000
-3.8394E-001
 8.6876E-001
 1.4382E+000
-4.3338E-001
 8.2229E-001
 1.3025E+000
-3.7475E-001
 8.2680E-001
 1.1952E+000
-3.4542E-001
 9.0544E-001
 1.4534E+000
-7.1810E-001
-1.5010E+000
 4.0559E+000
 1.0088E+000
 8.5458E-001
 1.2501E+000
-3.9839E-001
 7.9774E-001
 1.1638E+000
-3.1080E-001
 7.9911E-001
 1.1369E+000
-2.2089E-001
 8.1318E-001
 1.1422E+000
-5.7107E-002
 5.1674E-001
 1.1379E+000
-4.1397E-001
 3.2832E-001
 7.1666E-001
-3.3123E-001
 7.2118E-001
 1.0716E+000
-2.2868E-001
 6.0016E-001
 1.0754E+000
-7.4739E-002
 4.4804E-001
 1.2621E+000
 3.5809E-002
 2.9801E-001
 1.3391E+000
 1.7822E-001
 5.2972E-001
 8.0980E-001
 8.4006E-002
 5.9278E-001
 6.0374E-001
 2.1691E-002
 3.6134E-001
 1.4051E+000
 3.2331E-002
 1.0541E-001
 1.6248E+000
 1.3134E-001
 1.3134E-001
 2.0117E+000
 1.6741E-001
 4.1178E-001
 2.1507E+000
 3.3125E-001
 2.1402E-001
 1.5246E+000
 1.0085E-001
-1.4331E-001
 2.1663E+000
 2.5499E-002
-1.6386E-001
 2.4210E+000
 1.3586E-001
-7.8211E-002
 1.9028E+000
 1.2770E-001
 3.1512E-002
 1.5411E+000
 1.4537E-001
 2.9267E-002
 1.7896E+000
 1.4322E-001
 1.3280E-001
 1.4767E+000
 1.2004E-001
 1.2727E-001
 1.3419E+000
 4.2514E-001
-5.2602E-002
 1.3848E+000
 7.6406E-001
 1.6773E-001
 1.3024E+000
-7.3920E-002
 8.3658E-002
 1.4957E+000
-6.0224E-001
 1.7822E-001
 1.1859E+000
 4.0590E-001
 8.5033E-002
 1.0828E+000
 5.5392E-001
-2.2289E-002
 9.3645E-001
 4.5869E-001
-5.0531E-002
 8.7603E-001
 3.9942E-001
 5.0426E-002
 1.0587E+000
 9.2343E-001
 6.7289E-001
 6.6279E-001
 1.2886E+000
-3.3016E-002
 8.8883E-001
 4.8127E-001
-8.1516E-002
 7.7993E-001
 4.2862E-001
-2.7871E-001
 7.1376E-001
 5.3966E-001
-4.0116E-001
 7.1765E-001
 6.2550E-001
-3.9986E-002
 7.5693E-001
 2.8481E-001
-4.7599E-003
 7.3706E-001
 1.9408E-001
-2.8159E-001
 5.8594E-001
 5.4106E-001
-3.8852E-001
 4.5157E-001
 7.2853E-001
-4.5666E-001
 3.8331E-001
 6.5753E-001
-4.2180E-001
 3.3503E-001
 5.5999E-001
-5.9620E-001
 3.3039E-001
 7.2517E-001
-5.9735E-001
 2.3765E-001
 7.6181E-001
-6.9927E-001
 2.0838E-001
 7.6276E-001
-8.5364E-001
 3.0115E-001
 7.3207E-001
-7.0060E-001
 2.6940E-001
 8.2531E-001
-7.6909E-001
 2.3514E-001
 8.3520E-001
-7.1804E-001
 9.8045E-002
 7.4560E-001
-7.9680E-001
 1.4883E-002
 8.6452E-001
-8.5487E-001
-4.9695E-002
 9.0122E-001
-8.5840E-001
-9.4956E-002
 9.9127E-001
-8.4098E-001
-1.9396E-001
 8.3081E-001
-1.1109E+000
-4.2283E-001
 1.0374E+000
-8.7219E-001
-6.3509E-002
 9.1570E-001
-9.3437E-001
 9.9228E-002
 1.2388E+000
-8.3063E-001
-7.8447E-002
 1.4249E+000
-7.6050E-001
-4.3558E-002
 1.4169E+000
-8.4188E-001
 7.8080E-002
 1.4584E+000
-1.4028E-001
 6.6428E-002
 1.8265E+000
-9.0312E-001
-1.6567E-001
 1.5740E+000
-7.9350E-001
-2.7098E-001
 1.8196E+000
-8.3875E-001
-4.5387E-001
 1.3793E+000
-8.6668E-001
-6.8539E-001
 1.3715E+000
-7.7533E-001
-4.1009E-001
 1.0265E+000
-6.9455E-001
-6.7638E-001
 6.5484E-001
-6.8729E-001
-4.5047E-001
 5.5691E-001
-6.7284E-001
-2.1435E-001
 6.0527E-001
-5.9781E-001
-7.4628E-001
 2.3935E-001
-5.6783E-001
-2.4420E-001
-2.6320E-002
-7.4394E-001
-5.1186E-001
 3.5338E-001
-7.1101E-001
-5.1171E-001
 3.5475E-001
-6.0281E-001
-2.8170E-001
 1.5256E-001
-5.4438E-001
-1.2095E-001
 8.0985E-002
-4.5286E-001
-7.8912E-001
 3.3922E-001
-3.6708E-001
-8.8760E-001
 3.2320E-001
-5.3809E-001
-2.0780E-001
 5.5794E-002
-4.3783E-001
-4.3759E-002
 1.5109E-002
-3.2065E-001
 1.7864E-001
 1.8252E-001
-1.7266E-001
 3.8988E-001
 6.1220E-002
-4.8283E-001
-1.0571E-001
 5.3009E-002
-6.8245E-001
-6.6719E-001
-3.3121E-002
-3.4219E-001
 1.5298E-001
 5.1573E-001
-3.3737E-001
 3.8529E-001
 7.2059E-001
-2.3812E-001
 3.8980E-001
 5.4205E-001
-4.0959E-002
 4.6552E-001
 5.4369E-001
-6.8043E-001
 4.1226E-001
 9.6898E-001
 2.3369E-001
 1.2814E+000
 2.2126E+000
-3.0291E-001
 2.0082E-001
 4.9779E-001
-2.2163E-001
 2.6080E-001
 3.3917E-001
-7.1404E-002
 3.9995E-001
 8.0459E-002
 8.2222E-002
 5.4098E-001
 6.2423E-002
-3.7391E-001
-1.4421E-002
 2.3484E-001
-1.5532E-001
 3.4772E-001
 2.6884E-002
-9.8007E-003
 4.6053E-001
-1.8449E-001
 5.5275E-002
 5.7990E-001
-1.2658E-001
 1.0298E-001
 6.9731E-001
-1.7701E-001
-1.0101E-002
 3.4163E-001
-3.3728E-001
 1.9581E-001
 5.3999E-001
-8.6563E-001
 3.4775E-002
 4.8705E-001
-4.0893E-002
 7.7290E-002
 6.1365E-001
-1.7361E-002
 1.6836E-001
 7.4895E-001
 9.1953E-002
 1.8428E-001
 8.8510E-001
 7.2665E-002
 4.9909E-002
 5.7226E-001
 6.0808E-002
 2.0586E-001
 7.3196E-001
 2.6585E-001
 2.5735E-001
 7.9178E-001
 3.4010E-001
 3.5131E-001
 9.1737E-001
 2.1453E-001
 4.2014E-001
 1.1025E+000
 2.1645E-001
 1.5026E-001
 7.3624E-001
 3.8454E-001
 1.8466E+000
 2.9019E-001
 2.3534E+000
 3.6705E-001
 8.4737E-001
 1.5663E-001
 4.6239E-001
 9.3544E-001
 2.9819E-002
 5.8276E-001
 1.0782E+000
-2.1883E-001
 8.0085E-001
 1.2952E+000
-2.7409E-001
 3.9938E-001
 6.8634E-001
-5.4791E-002
 2.9804E-001
 4.6905E-001
 4.3593E-001
 5.6201E-001
 1.0102E+000
-3.0923E-001
 5.8952E-001
 1.0777E+000
-4.4828E-001
 5.8007E-001
 9.8864E-001
-3.4938E-001
 6.1569E-001
 9.9921E-001
-3.2364E-001
 4.2023E-001
 9.7647E-001
-5.8427E-001
 3.4490E-001
 1.1894E+000
-6.6672E-001
 5.2858E-001
 9.3729E-001
-1.6206E-001
 5.6544E-001
 9.5800E-001
-4.8457E-002
 5.7294E-001
 1.0088E+000
 4.8360E-002
 7.2861E-001
 1.0206E+000
 1.0949E-001
 5.0656E-001
 9.4037E-001
 4.3470E-002
 2.6872E-001
 1.1141E+000
 1.9667E-001
 3.9269E-001
 1.0115E+000
 1.1211E-001
 4.4028E-001
 1.0583E+000
 2.6517E-001
 6.3200E-001
 9.9395E-001
 1.8071E-001
 7.6933E-001
 1.0261E+000
 3.2082E-001
 1.7460E-001
 1.0579E+000
 2.9157E-001
-1.7559E-001
 2.2291E+000
-2.0944E+000
 6.5635E-001
 8.8279E-001
 6.8530E-003
 7.9579E-001
 9.3236E-001
-4.7845E-002
 9.9628E-001
 1.0499E+000
-7.0140E-002
 1.1734E+000
 1.1675E+000
-2.8206E-002
 7.5950E-001
 7.7477E-001
-2.1169E-001
 6.9443E-001
 7.2002E-001
-2.5911E-001
 9.3390E-001
 1.0256E+000
-1.2500E-001
 1.0480E+000
 1.0820E+000
-1.4753E-001
 1.0574E+000
 1.0496E+000
-6.7167E-003
 1.1193E+000
 1.0600E+000
 4.3496E-002
 1.0120E+000
 1.1009E+000
-2.5944E-001
 1.0541E+000
 1.2732E+000
-9.4835E-002
 9.9922E-001
 9.9641E-001
 1.6001E-001
 1.0163E+000
 1.0137E+000
 3.3217E-001
 8.8261E-001
 1.0129E+000
 4.1593E-001
 8.6553E-001
 9.3390E-001
 4.9963E-001
 7.6819E-001
 1.0979E+000
 3.6605E-001
 6.8053E-001
 1.0706E+000
 4.3127E-001
 6.0143E-001
 1.0274E+000
 5.2406E-001
 5.6481E-001
 9.8982E-001
 4.9893E-001
 5.7683E-001
 1.1540E+000
 3.9445E-001
 4.9465E-001
 1.1551E+000
 3.7488E-001
 5.7721E-001
 1.0360E+000
 6.2142E-001
 4.8581E-001
 1.0116E+000
 7.9283E-001
 2.8556E-001
 9.8373E-001
 7.8554E-001
 3.3766E-001
 1.1761E+000
 8.7007E-001
 5.5705E-001
 1.0205E+000
 1.0321E+000
 5.4798E-001
 9.5623E-001
 1.2776E+000
 8.6062E-002
 7.6936E-001
 6.7523E-001
-7.2767E-002
 7.9411E-001
 6.3193E-001
-1.7305E-001
 8.1231E-001
 7.1262E-001
-2.3803E-001
 8.6196E-001
 8.3682E-001
-1.3031E-001
 8.2773E-001
 4.2535E-001
-1.9599E-001
 8.5948E-001
 4.5062E-001
-2.3331E-001
 7.4572E-001
 7.3066E-001
-2.8904E-001
 6.7188E-001
 8.9301E-001
-4.8132E-001
 5.9166E-001
 8.3635E-001
-5.5357E-001
 5.0686E-001
 7.4059E-001
-3.3216E-001
 5.5322E-001
 1.1424E+000
-2.5681E-001
 4.6022E-001
 1.1835E+000
-5.7336E-001
 5.5741E-001
 9.2934E-001
-6.6010E-001
 5.3357E-001
 9.0590E-001
-6.7959E-001
 3.8884E-001
 1.0159E+000
-5.9356E-001
 3.6430E-001
 1.1533E+000
-5.2938E-001
 6.9497E-001
 8.6327E-001
-7.6849E-001
 3.1563E-001
 9.8892E-001
-8.1477E-001
 2.4266E-001
 1.0721E+000
-8.5031E-001
 1.2243E-001
 1.1481E+000
-8.8147E-001
 1.2365E-001
 1.0521E+000
-8.2393E-001
 2.0270E-001
 1.0490E+000
-2.2948E-001
 6.8161E-001
 1.2069E+000
-7.9001E-001
-3.8449E-002
 1.3345E+000
-7.6680E-001
-1.2078E-001
 1.3986E+000
-1.1349E+000
-2.8633E-001
 1.2887E+000
-1.3521E+000
-2.4966E-001
 1.0759E+000
-5.2848E-001
-3.6774E-001
 1.8174E+000
-1.2067E+000
-3.4602E-001
 1.4239E+000
-1.7263E+000
-5.7674E-001
 1.3311E+000
-1.5571E+000
-4.9791E-001
 1.1071E+000
-1.5201E+000
-1.9603E-001
 9.9648E-001
-2.1335E+000
-7.3604E-001
 1.8673E+000
-5.3788E-001
-2.6850E-001
-1.0073E-001
-1.3691E+000
-7.0503E-001
 1.0065E+000
-1.2801E+000
-6.6320E-001
 7.6443E-001
-1.2503E+000
-6.3180E-001
 6.5960E-001
-1.1027E+000
-4.9288E-001
 5.2497E-001
-1.2584E+000
-8.1269E-001
 6.4547E-001
-1.4360E+000
-6.7248E-001
 4.4284E-001
-1.3808E+000
-7.1227E-001
 8.2190E-001
-1.4148E+000
-7.2329E-001
 8.5059E-001
-1.3301E+000
-3.1892E-001
 9.3001E-001
-1.2260E+000
-1.8925E-001
 8.1151E-001
-1.5330E+000
-9.9357E-001
 1.1380E+000
-1.6994E+000
-1.4237E+000
 1.0236E+000
-1.3551E+000
-1.7906E-001
 1.1119E+000
-1.3053E+000
 9.3394E-002
 1.1579E+000
-1.0583E+000
 1.1372E-001
 1.0256E+000
-8.1442E-001
 1.4693E-001
 1.2355E+000
-1.5438E+000
 4.4700E-002
 1.1835E+000
-1.9674E+000
 2.2481E-001
 1.1795E+000
-1.0360E+000
 3.3565E-002
 8.2058E-001
-8.4715E-001
 1.0432E-001
 6.6264E-001
-8.1932E-001
 8.8548E-002
 5.2431E-001
-7.2023E-001
 2.4213E-001
 4.7513E-001
-8.3245E-001
-6.5316E-002
 5.3601E-001
-8.2332E-001
-1.0474E-001
 3.8606E-001
-8.8596E-001
-6.3833E-002
 4.8438E-001
-7.9345E-001
-7.3012E-002
 3.2951E-001
-7.7021E-001
 1.6205E-001
 4.5396E-001
-6.0825E-001
 3.3723E-001
 3.7177E-001
-8.7702E-001
-3.2545E-001
 3.0493E-001
-8.6565E-001
-4.0403E-001
 2.0021E-001
-8.8587E-001
 1.6013E-001
 6.6159E-001
-9.0353E-001
 3.8585E-001
 7.4779E-001
-7.6351E-001
 4.5795E-001
 7.6481E-001
-6.8345E-001
 5.6205E-001
 8.2825E-001
-1.1388E+000
 4.5557E-001
 7.5116E-001
-1.5721E+000
 5.3478E-001
 7.2187E-001
-7.0508E-001
 4.6684E-001
 7.2178E-001
-5.0134E-001
 6.1185E-001
 7.5579E-001
-4.4646E-001
 6.8469E-001
 6.2064E-001
-3.2569E-001
 8.1613E-001
 6.5307E-001
-3.7015E-001
 7.0684E-001
 7.7023E-001
-5.7335E-002
 5.8764E-001
 5.9452E-001
-4.6221E-001
 6.1518E-001
 5.1112E-001
-3.5100E-001
 6.6983E-001
 3.2102E-001
-3.6791E-001
 6.5234E-001
 2.9785E-001
-3.1140E-001
 7.9976E-001
 2.2769E-001
-3.5789E-001
 4.6863E-001
 2.1126E-001
-4.0156E-001
 5.4037E-001
 8.5506E-003
-3.4224E-001
 4.6584E-001
 3.0385E-001
-3.8185E-001
 3.1906E-001
 1.2665E-001
-3.7986E-001
 6.0747E-001
 2.7479E-001
-2.4557E-001
 7.7159E-001
 2.4504E-001
-5.2815E-001
-1.2824E-001
 2.5749E-001
-1.2159E+000
 6.7471E-001
 1.4600E-001
-4.4938E-001
 6.8839E-001
 4.7869E-001
-4.4609E-001
 8.2783E-001
 5.7712E-001
-3.5070E-001
 8.6807E-001
 5.7429E-001
-2.9178E-001
 8.7142E-001
 6.6116E-001
-6.0833E-001
 8.3864E-001
 5.7886E-001
-2.7339E-001
 8.5730E-001
 4.2881E-001
-1.6351E-001
 9.4643E-001
 4.1014E-001
-1.7783E-001
 1.0163E+000
 5.0811E-001
-3.0688E-002
 1.1206E+000
 5.0619E-001
-3.2458E-001
 9.5733E-001
 4.9761E-001
-3.0443E-001
 8.9678E-001
 4.2869E-001
-2.9328E-001
 8.5187E-001
 5.4907E-001
-3.5283E-001
 9.0068E-001
 6.1927E-001
-2.9274E-001
 9.2185E-001
 2.9977E-001
-1.3080E-001
 3.3025E-001
 7.3557E-001
-2.5738E-001
 7.8533E-001
 5.1876E-001
-2.3262E-001
 7.4116E-001
 5.0533E-001
-1.1526E-001
 7.3989E-001
 4.7674E-001
-1.4776E-003
 7.8740E-001
 3.5311E-001
-2.9195E-001
 5.5819E-001
 5.4462E-001
-6.0735E-001
 3.9625E-001
 7.5354E-001
-7.8234E-002
 7.0239E-001
 4.6801E-001
 3.0352E-003
 7.1810E-001
 3.3504E-001
-8.1371E-002
 7.1144E-001
 2.1425E-001
-6.2067E-002
 7.1064E-001
 2.0711E-001
 6.1141E-002
 7.6597E-001
 3.3178E-001
 2.3899E-002
 1.1120E+000
 4.2668E-001
-1.2770E-001
 7.1881E-001
 1.2251E-001
-1.9792E-001
 6.8170E-001
-1.9664E-003
-2.3439E-001
 5.4487E-001
 2.2393E-001
-1.4493E-001
 5.5927E-001
 3.7703E-001
-2.2694E-001
 9.2430E-001
-1.9870E-001
-3.5597E-001
 4.8871E-001
 1.4493E-001
-3.8590E-001
 4.1048E-001
 2.6314E-001
-3.3008E-001
 3.7996E-001
 3.6887E-001
-3.4619E-001
 3.2639E-001
 2.0742E-001
-3.3788E-001
 3.2031E-001
 2.4154E-001
-3.3689E-001
 3.9944E-001
 6.2442E-001
-3.2159E-001
 3.7889E-001
 5.9817E-001
-4.7337E-001
 4.8160E-001
 5.3194E-001
-3.3825E-001
 4.6139E-001
 4.6722E-001
-3.0779E-001
 3.1413E-001
 5.6243E-001
-2.5132E-001
 1.2399E-001
 3.5234E-001
-7.8224E-001
 6.5853E-001
 5.6209E-001
-1.0076E+000
 6.8905E-001
 5.4116E-001
-7.2769E-001
 3.6043E-001
 5.8201E-001
-4.8674E-001
 2.9998E-001
 4.2082E-001
-1.0594E+000
 1.1269E+000
 6.3997E-001
-1.9880E+000
-1.1221E+000
-1.3453E-001
-9.4609E-001
 2.5676E-002
 6.9960E-001
-8.5814E-001
-2.6365E-001
 5.3520E-001
-5.8321E-001
-1.4680E-001
 3.9022E-001
-6.0324E-001
 6.5235E-002
 5.0951E-001
-1.0871E+000
-5.0706E-001
 6.4311E-001
-1.1400E+000
 1.5937E+000
-7.6452E-001
-4.0833E-001
-2.5456E-001
 8.1930E-002
-2.6633E-001
-2.1683E-001
-2.2340E-002
-1.8034E-001
-2.4960E-001
-5.1263E-002
-7.8172E-002
-2.4473E-002
-1.8667E-001
-2.2512E-001
-2.2308E-001
-8.5728E-002
-4.0448E-002
-3.1573E-001
-5.9744E-001
-2.0774E-001
-6.0331E-001
 8.5267E-002
-1.2467E-001
-5.8868E-001
 6.6527E-002
-2.5555E-001
-4.3181E-001
 2.2465E-001
-2.5385E-001
-4.3656E-001
 2.2140E-001
-1.7997E-001
-8.4863E-001
 1.7145E-001
-1.2910E-001
-1.0218E+000
 9.8276E-002
-3.6996E-001
-3.3005E-001
 3.8915E-001
-4.4073E-001
-2.1882E-001
 5.9211E-001
-4.6623E-001
-6.5019E-002
 3.4531E-001
-5.3484E-001
-1.2851E-001
 4.8817E-001
-5.4248E-001
-4.9832E-002
 8.7767E-001
-3.4331E-001
 2.3948E-002
 2.6035E-001
-4.2198E-001
 1.2164E-001
-3.5373E-002
-2.4178E-001
 1.3767E-001
-7.5728E-002
-2.1379E-001
 2.6311E-001
-5.1454E-002
-7.3502E-001
 8.3086E-002
 2.4075E-002
-1.5614E-001
-5.0408E-002
-1.8931E-001
-1.0505E-001
-1.8024E-001
-4.1052E-001
-2.2240E-001
-2.7382E-001
-2.7914E-001
-1.8050E-001
-1.5128E-001
-3.1029E-001
-8.7878E-002
-3.7666E-001
-6.7402E-001
 3.3538E-002
-5.5535E-001
-1.0591E+000
-3.0918E-001
-5.4986E-001
-5.4068E-002
-4.9533E-001
-6.0877E-001
 5.9484E-002
-6.2476E-001
-4.0798E-001
 3.6024E-001
-5.7317E-001
-2.7414E-001
 3.2920E-001
-7.4696E-001
-9.4480E-001
 1.6818E-002
-7.2604E-001
-1.3101E+000
-5.1740E-001
-8.5076E-001
-1.3288E-001
 6.4025E-001
-1.0073E+000
-2.1888E-002
 6.3949E-001
-9.7697E-001
 1.2134E-001
 6.4687E-001
-8.0716E-001
-7.4197E-002
 8.7328E-001
-8.4013E-001
 2.8859E-001
 3.4527E-001
-8.3017E-001
 2.8999E-001
 3.5221E-001
-5.6575E-001
 3.2446E-001
 1.8457E-001
-5.3918E-001
 3.6896E-001
 2.0735E-001
-8.6278E-001
 2.6329E-001
 3.2452E-001
-9.9920E-001
 2.5939E-001
 1.4085E-001
-4.2765E-001
 2.5076E-001
-4.8975E-002
-3.7784E-001
 3.1020E-001
-2.4146E-001
-1.9288E-001
 2.4675E-001
-3.8122E-001
 2.6517E-001
 6.7336E-001
-5.8434E-001
-4.0180E-001
 2.8441E-001
-1.7097E-001
-4.9492E-001
 4.6067E-001
-9.1413E-002
-4.2580E-001
-2.2939E-001
-3.2696E-001
-3.1129E-001
-3.7451E-001
-4.4589E-001
-5.0869E-001
-2.3120E-001
-1.9422E-001
-7.5522E-001
-3.1396E-004
 4.4649E-002
-3.9362E-001
-8.7447E-001
-4.8947E-001
-5.1778E-001
-1.7625E+000
-1.3944E+000
-4.2751E-001
-3.1519E-001
-2.3474E-001
-6.0773E-001
-1.2814E-001
-8.2965E-002
-4.6895E-001
 2.9793E-001
-1.7183E-001
-3.5705E-001
 5.5706E-001
-3.1676E-001
-9.1363E-001
-1.1196E-001
 1.4330E-001
-1.1962E+000
-8.0484E-001
 1.9627E-001
-5.3172E-001
 3.8520E-001
-9.5988E-002
-3.8788E-001
 9.2499E-001
-1.5294E-001
-4.8073E-001
 9.6185E-001
-1.3489E-001
-4.4116E-001
 1.0179E+000
-1.7833E-001
-6.6595E-001
 1.2510E+000
-8.7274E-002
-6.7382E-001
 3.0266E-001
-3.7185E-002
-6.7884E-001
 9.3401E-001
-1.9015E-002
-7.7747E-001
 9.7779E-001
 2.1117E-002
-6.7657E-001
 9.5029E-001
-4.3969E-002
-6.4832E-001
 1.0089E+000
-2.6203E-002
-9.7720E-001
 9.0824E-001
 9.9076E-002
-5.9898E-001
 7.8485E-001
-1.4243E-001
-5.0139E-001
 7.6904E-001
-2.2163E-001
-4.3597E-001
 7.9246E-001
-2.1593E-001
-4.7247E-001
 7.4390E-001
-1.3126E-001
-2.9823E-001
 9.3883E-001
-3.3911E-001
-1.1618E-001
 9.6716E-001
-3.0169E-001
-2.1895E-001
 9.0323E-001
-2.7062E-001
-1.2581E-001
 8.7967E-001
-3.2903E-001
 3.6552E-002
 1.2055E+000
-4.4419E-001
-2.5995E-001
 9.1285E-001
-2.6287E-001
-2.4524E-001
 9.1488E-001
-2.5933E-001
-2.4137E-001
 8.6215E-001
-3.0259E-001
-1.8818E-001
 8.5570E-001
-2.9150E-001
-2.3892E-001
 9.7865E-001
-2.1347E-001
-2.2692E-001
 8.5590E-001
-2.7611E-001
-2.6924E-001
 6.9618E-001
-3.2528E-001
-1.5734E-001
 6.1197E-001
-3.1597E-001
-7.0965E-002
 6.4946E-001
-3.2178E-001
-4.9023E-001
 6.7765E-001
-3.5864E-001
-6.2012E-001
 6.4156E-001
-5.7864E-001
-1.1865E-001
 4.6800E-001
-3.6574E-001
-7.4832E-002
 4.4664E-001
-3.0872E-001
-1.2026E-001
 3.6462E-001
-2.7917E-001
-1.6074E-001
 6.0525E-001
-4.2871E-002
-1.0071E-001
 4.7273E-001
-3.4777E-001
-1.0931E-001
 2.4903E-001
-3.9677E-001
-6.8856E-002
 2.2460E-001
-4.8640E-001
-3.8381E-003
 3.3594E-001
-5.4454E-001
 1.7610E-001
 4.1761E-001
-6.9601E-001
-1.2446E-001
 7.9556E-002
-6.6003E-001
-5.6809E-001
-5.6663E-002
-6.0119E-001
-2.3958E-001
 3.8445E-001
-4.0190E-001
-1.6214E-001
 5.8534E-001
-4.7934E-001
-1.3482E-001
 5.4222E-001
-4.8993E-001
-1.7506E-001
 5.1673E-001
-4.3118E-001
-2.2898E-001
 8.4150E-001
-2.9172E-001
-4.0241E-002
 5.0948E-001
-5.1036E-001
-4.1313E-002
 4.6473E-001
-4.6997E-001
 1.6615E-002
 3.6332E-001
-4.0526E-001
 8.1251E-002
 5.0769E-001
-5.0022E-001
 6.0937E-002
 1.3386E-001
-2.7357E-001
 7.7288E-002
 1.3725E-001
-2.7594E-001
-2.3991E-002
 1.0424E-001
-3.6148E-001
-3.0797E-002
 9.1515E-002
-3.5111E-001
 1.9222E-001
-3.7877E-002
-1.9548E-001
 1.4254E-001
 5.5268E-002
-2.0370E-001
-1.6133E-001
 6.7964E-002
-4.2035E-001
-3.4515E-001
 2.3615E-002
-4.9014E-001
-1.2503E-002
 5.2453E-004
-7.8827E-001
 8.8052E-002
-4.6514E-002
-8.3661E-001
-9.0372E-001
-8.7659E-002
-7.8845E-001
 9.3527E-001
-9.3671E-002
-2.6861E-002
 9.6668E-002
-2.9432E-002
-8.7483E-001
 3.4764E-001
-1.3655E-002
-1.1359E+000
 8.8216E-002
-1.8672E-001
-1.4471E+000
-2.5763E-001
-2.2585E-001
-1.3612E+000
 4.8574E-001
 1.6382E-001
-7.6152E-001
 7.9339E-001
 2.5066E-001
-6.9993E-001
 2.0956E-001
-3.1452E-001
-1.8875E+000
 5.8702E-003
-4.1605E-001
-2.1957E+000
 1.4937E-001
-3.3950E-001
-2.2695E+000
 2.7881E-001
-1.7189E-001
-2.3625E+000
-1.0168E-001
-4.8675E-001
-2.5665E+000
 3.0404E+000
-1.0953E+000
-1.9822E+000
 1.0440E-001
-4.2385E-001
-2.0806E+000
 1.3834E-001
-3.6584E-001
-2.0441E+000
 8.6869E-002
-5.3659E-001
-1.9429E+000
-5.5704E-002
-5.8243E-001
-1.4902E+000
 1.4556E-001
-1.2397E-001
-1.8349E+000
 1.0759E-001
-3.1479E-001
-1.9245E+000
-4.8568E-002
-9.4198E-001
-2.3907E+000
-2.8672E-001
-1.4135E+000
-2.0511E+000
-3.7276E-001
-1.1466E+000
-1.3690E+000
-5.0726E-001
-1.4569E+000
-9.1597E-001
-2.9417E-001
-1.6796E+000
-2.4826E+000
-4.5114E-001
-5.9499E-001
-1.3168E+000
-4.9771E-001
-3.7251E-001
-8.5637E-001
-6.3479E-001
-1.7952E-001
-4.3237E-001
-7.7295E-001
-2.2639E-001
 7.6103E-002
-1.8052E-001
 1.4539E-001
-9.4269E-001
-6.2555E-001
-1.3769E-001
-7.4990E-001
-5.6007E-001
-3.1695E-001
-5.6881E-001
-7.9478E-001
-2.0098E-001
-4.3106E-001
-9.0062E-001
-2.0380E-001
-3.4122E-001
-3.6931E-001
-5.8505E-001
-2.9049E-001
 6.6323E-001
-2.1094E-004
-3.6332E-001
-6.5914E-001
-2.7202E-001
-5.4737E-001
-6.2303E-001
-2.3314E-001
-5.9448E-001
-5.2215E-001
-2.7623E-001
-5.2763E-001
-6.0634E-001
-2.6626E-001
-4.7032E-001
-5.3958E-001
-2.0726E-001
-6.9819E-001
-6.4261E-001
 1.5914E-001
-8.9875E-001
-5.5505E-001
-5.0352E-001
-3.9891E-001
-5.2123E-001
-7.0636E-001
-2.9009E-001
-2.6464E-001
-6.4438E-001
-1.0465E-001
-3.6577E-001
-6.7589E-001
-1.1411E-001
-6.8182E-002
-8.6251E-001
 7.2484E-002
 1.3263E-001
-9.0339E-001
 8.5773E-002
 1.6555E-001
-7.3419E-001
 4.5571E-002
 8.2433E-002
-4.8730E-001
-8.9471E-002
 1.3087E-001
-1.1196E+000
 8.4334E-002
 1.8593E-001
-1.3476E+000
-2.2135E-001
 1.4001E-001
-8.0031E-001
 1.9599E-001
-2.2562E-002
-6.8581E-001
 2.9256E-001
-5.5041E-002
-6.7730E-001
 2.2063E-001
-1.0494E-001
-7.3050E-001
 1.7136E-001
-5.6494E-002
-6.8574E-001
 2.2430E-001
-7.3758E-003
-6.9345E-001
 2.2966E-001
 2.2943E-002
-5.7830E-001
 2.0361E-001
-2.9509E-002
-4.8640E-001
 2.6187E-001
-9.3673E-003
-7.5060E-001
 3.2112E-001
-4.5809E-002
-7.4064E-001
 3.8435E-001
 1.9621E-002
-5.5847E-001
 5.7596E-002
 7.2241E-002
-4.8576E-001
 5.9660E-002
 9.6062E-002
-4.5479E-001
-3.6663E-002
 9.5499E-002
-5.2529E-001
-9.3087E-002
 1.1373E-001
-3.8314E-001
-6.9787E-002
 3.6140E-002
-3.3068E-001
-1.8267E-001
 5.0399E-002
-4.2662E-001
-2.5396E-001
 5.3799E-002
-4.6677E-001
-2.5817E-001
-9.6405E-002
-1.3713E-001
-2.1303E-001
-1.3588E-001
-1.6377E-001
-1.6916E-001
 9.5473E-002
-4.5899E-001
-2.5636E-001
 8.5421E-002
-4.8524E-001
-3.0981E-001
 1.3755E-001
-4.1472E-001
-4.0023E-001
 1.6096E-001
-4.4380E-001
-4.2853E-001
 1.6175E-001
-3.7126E-001
-4.2436E-001
 2.3559E-001
-2.6577E-001
-5.1493E-001
 2.3876E-001
-3.4318E-001
-5.7946E-001
 1.8280E-001
-4.5006E-001
-5.0745E-001
 1.8041E-001
-1.1848E-001
-4.7364E-001
 6.2365E-003
-2.0742E-001
-5.3073E-001
 3.5350E-001
-2.8504E-001
-7.0856E-001
 3.5669E-001
-3.6940E-001
-7.7521E-001
 3.2125E-001
-2.8864E-001
-6.1388E-001
 3.6711E-001
-2.1421E-001
-5.3077E-001
 4.2174E-001
-3.0768E-001
-9.2886E-001
 9.7276E-001
-2.3944E-001
-1.4441E+000
 2.7502E-001
-3.8614E-001
-5.9994E-001
 2.4369E-001
-2.9200E-001
-4.7128E-001
 2.9481E-001
-2.2540E-001
-4.7671E-001
 3.2947E-001
-1.8981E-001
-3.9236E-001
 2.0879E-001
-3.1706E-001
-4.0430E-001
 9.4720E-001
-3.8695E+000
-2.2408E+000
 1.8255E-001
-1.1736E-001
-6.7941E-001
 1.7674E-001
-2.1043E-001
-6.5594E-001
 3.5741E-001
-1.1182E-001
-6.4182E-001
 4.1798E-001
 3.0779E-002
-6.3290E-001
-6.3571E-002
-1.9969E-001
-7.9519E-001
 2.4555E+000
-2.6437E-001
 6.8330E-001
 3.9009E-001
-1.1767E-001
-6.1546E-001
 4.5606E-001
-7.2406E-002
-6.2084E-001
 4.3917E-001
-5.3499E-002
-5.9356E-001
 3.8615E-001
-3.7154E-002
-4.9371E-001
 4.5956E-001
-1.0905E-001
-6.7776E-001
 5.5104E-001
-1.4250E-001
-1.5738E-001
 4.5461E-001
-5.9995E-002
-6.7988E-001
 3.8591E-001
-3.0235E-002
-7.0162E-001
 3.4046E-001
 1.9744E-002
-6.5695E-001
 3.3716E-001
 5.8268E-002
-4.7005E-001
 4.2495E-001
 1.4047E-001
-8.8765E-001
 5.5946E-001
 1.7912E-001
-9.8443E-001
 3.9381E-001
 2.1363E-001
-8.5251E-001
 3.1319E-001
 5.2100E-001
-7.5647E-001
 2.8885E-001
 4.7547E-001
-6.2065E-001
 2.8147E-001
 5.6699E-001
-4.7275E-001
 4.1490E-001
 7.3601E-001
-1.0657E+000
 1.8227E+000
 6.0731E-002
 8.9817E-002
 3.2247E-001
 3.3214E-001
-6.7088E-001
 2.9790E-001
 2.8332E-001
-5.0023E-001
 3.0739E-001
 1.8431E-001
-3.1585E-001
 3.0443E-001
 2.2301E-001
-2.0719E-001
 3.5772E-001
 1.9804E-001
-5.5242E-001
 3.2561E-001
 3.3030E-001
-2.5843E-001
 3.0080E-001
 1.2110E-001
-3.0942E-001
 3.4895E-001
 9.9265E-002
-2.3822E-001
 3.1105E-001
 2.1926E-001
-1.5292E-001
 3.5057E-001
 2.5555E-001
 1.1561E-002
 3.6836E-001
-2.2326E-002
-2.6973E-001
 3.4046E-001
-5.2838E-001
 5.2441E-001
 2.4957E-001
 2.3374E-001
-2.7078E-001
 2.6049E-001
 2.9563E-001
-2.2738E-001
 2.2656E-001
 3.8768E-001
-1.4820E-001
 1.5065E-001
 4.0157E-001
-1.1203E-001
 2.7284E-001
 3.5077E-001
-3.2471E-001
 2.7707E-001
 3.4764E-001
-1.5037E-001
 2.4147E-001
 3.3857E-001
-1.1763E-001
 2.4076E-001
 2.9076E-001
-1.2505E-002
 3.2954E-001
 3.5368E-001
 5.7882E-002
 2.7972E-001
 3.3300E-001
-1.8509E-001
 2.1344E-001
 2.5491E-001
-4.5844E-002
 2.6343E-001
 2.6434E-001
 4.7475E-002
 2.7795E-001
 2.4824E-001
 1.5623E-001
 2.9742E-001
 2.8510E-001
 2.2024E-001
 2.5490E-001
 9.9491E-002
-5.2023E-002
 5.1670E-001
-1.7879E-001
-3.1021E-001
 2.7207E-001
 2.1396E-001
 1.6379E-001
 2.6150E-001
 1.9024E-001
 2.3084E-001
 2.1696E-001
 2.7971E-001
 2.6112E-001
 9.5141E-002
 2.8485E-001
 3.4387E-001
 3.1487E-001
 1.6238E-001
 1.7605E-001
 4.0054E-001
-3.6817E-002
 1.2542E-001
 2.7422E-001
 3.3630E-001
 2.1865E-001
 2.5308E-001
 4.7190E-001
 2.7284E-001
 2.6197E-001
 5.8730E-001
 3.6449E-001
 2.7155E-001
 6.6997E-001
 6.2878E-001
 2.2709E-001
 5.9951E-001
 9.7712E-002
 6.7922E-001
 6.6273E-001
 7.3297E-002
 3.0213E-001
 5.4521E-001
 2.8239E-001
 2.7540E-001
 5.5460E-001
 3.5846E-001
 2.0901E-001
 4.7029E-001
 4.3135E-001
 2.3141E-001
 5.0803E-001
 4.5102E-001
 2.9973E-001
 4.9440E-001
 2.1035E-001
 1.7581E-001
 3.8287E-001
 4.2959E-001
 1.0080E-001
 3.1955E-001
 4.5135E-001
 1.2176E-001
 3.7127E-001
 5.9759E-001
 1.0622E-001
 3.7199E-001
 6.2190E-001
-6.2799E-002
 2.2782E-001
 4.4444E-001
-2.5501E-001
 1.5619E-001
 4.0735E-001
 1.2889E-001
 4.3341E-001
 5.5582E-001
 8.2432E-002
 5.5624E-001
 7.9764E-001
 1.8946E-001
 6.8952E-001
 8.2004E-001
 1.9559E-001
 7.1478E-001
 9.1335E-001
 1.5316E-001
 7.2318E-001
 9.4574E-001
 6.5834E-002
 7.5786E-001
 1.0283E+000
 2.4299E-001
 7.4220E-001
 7.5808E-001
 2.6946E-001
 7.9260E-001
 7.7533E-001
 2.8266E-001
 8.2187E-001
 7.5631E-001
 3.4838E-001
 9.1737E-001
 8.7096E-001
 2.8444E-001
 8.2183E-001
 7.3790E-001
-1.7241E+000
 1.8301E+000
-6.5487E-001
 2.4908E-001
 7.0063E-001
 6.3681E-001
 2.3100E-001
 6.7586E-001
 6.5799E-001
 1.9856E-001
 5.8522E-001
 7.6884E-001
 1.9865E-001
 5.8093E-001
 8.0080E-001
 2.1999E-001
 6.8148E-001
 5.7546E-001
 1.4932E-001
-5.9427E-002
-2.3220E+000
 1.4779E-001
 4.9854E-001
 7.9703E-001
 8.5921E-002
 4.3699E-001
 8.9349E-001
 1.0922E-001
 4.9880E-001
 9.9618E-001
 4.4826E-002
 5.1355E-001
 1.0944E+000
 6.0628E-003
 3.6410E-001
 9.6103E-001
 1.7802E+000
-2.3000E+000
 7.4219E-001
 2.0067E-001
 6.3914E-001
 1.0057E+000
 1.1886E-001
 8.7563E-001
 1.1575E+000
 1.5066E-001
 8.0823E-001
 1.1009E+000
 1.0257E-001
 8.4181E-001
 1.1991E+000
 4.2246E-001
 1.2429E+000
 1.1865E+000
 2.8910E-001
 8.7321E-001
 1.8989E+000
 2.2575E-001
 8.0490E-001
 9.9986E-001
 2.0520E-001
 8.1214E-001
 9.9978E-001
 1.1427E-001
 6.8451E-001
 1.0257E+000
 4.9737E-002
 6.3375E-001
 1.0466E+000
 2.4021E-001
 9.0474E-001
 8.8330E-001
 4.2439E-001
 8.1454E-001
 9.9821E-001
 9.4805E-002
 5.8756E-001
 1.0362E+000
 9.6462E-002
 5.7703E-001
 1.0738E+000
 9.9237E-002
 5.7085E-001
 1.0012E+000
 1.2163E-001
 5.1426E-001
 1.1185E+000
 6.5715E-002
 6.0805E-001
 8.0247E-001
 7.4137E-002
 5.7459E-001
 6.9353E-001
 6.4504E-002
 5.2471E-001
 6.9138E-001
 6.7361E-002
 5.4364E-001
 6.7689E-001
 1.0525E-001
 6.1218E-001
 5.7675E-001
 1.1025E-001
 6.3972E-001
 5.4231E-001
 3.1656E-002
 5.1012E-001
 7.2451E-001
 4.7922E-002
 4.3104E-001
 7.1734E-001
 1.5823E-002
 3.8752E-001
 7.6716E-001
 2.5145E-002
 2.6064E-001
 7.7162E-001
 4.0262E-002
 3.9210E-001
 7.1421E-001
-5.5301E-002
 2.5943E-001
 6.7892E-001
-3.8370E-002
 4.3928E-001
 8.2225E-001
-1.1506E-001
 4.2116E-001
 8.0450E-001
-1.3818E-001
 4.3364E-001
 8.5056E-001
-1.2597E-001
 3.7882E-001
 9.1446E-001
-1.8489E-001
 4.8245E-001
 7.9475E-001
-2.9637E-001
 7.3093E-001
 9.0673E-001
-1.5921E-001
 5.2882E-001
 8.0748E-001
-1.5326E-001
 4.8860E-001
 7.6232E-001
-9.4579E-002
 3.5099E-001
 6.9168E-001
-9.0711E-002
 3.3215E-001
 8.0892E-001
 9.7769E-002
 7.8321E-001
 6.4422E-001
-1.8438E+000
-2.0603E+000
 5.6470E+000
-8.3342E-001
-6.6626E-001
 1.2713E+000
-3.9450E-001
 7.3545E-001
 1.8730E+000
-1.1401E+000
 9.5104E-003
 8.2681E-001
 2.4087E+000
-1.5787E+000
-1.1145E+000
-6.1726E-001
-2.3233E-001
-1.8834E+000
-1.2672E+000
 4.5956E+000
 3.3275E+000
-3.8415E-001
 6.3326E-001
 1.9423E+000
-1.2180E+000
 1.1415E+000
 5.2999E-001
-1.1214E+000
-4.4488E-002
 1.3749E+000
 3.0503E+000
-5.6638E-001
 5.4757E-001
-2.5083E+000
 1.5141E+000
-1.0172E+000
-1.1240E+000
 1.1989E+000
 4.0476E-001
-1.6467E+000
-4.3044E-001
 6.3367E-001
-1.0509E+000
 8.3521E-001
 1.2272E+000
 2.4278E+000
 4.7808E-001
-9.2013E-001
-1.2697E+000
 2.3924E+000
-1.2366E+000
-2.7920E-001
 5.5559E-002
 7.3395E-001
-3.0424E-001
 9.6636E-002
 7.4375E-001
-2.7841E-001
 9.7520E-002
 7.2827E-001
-2.8833E-001
 1.1005E-001
 7.9377E-001
-4.7175E-001
 8.6844E-002
 7.5173E-001
-1.4306E+000
 7.0866E-001
 5.0483E-001
-1.8911E-001
-5.5656E-002
 6.5947E-001
-1.4995E-001
-3.3565E-001
 6.4690E-001
-8.0852E-002
-4.6743E-001
 7.2958E-001
-6.1708E-002
-5.5605E-001
 7.7711E-001
-1.5229E-001
-4.4989E-001
 3.6743E-001
-5.0776E-001
-9.4397E-002
-3.0433E-002
-9.1622E-002
-4.1402E-001
 8.8641E-001
-7.5370E-002
-6.0851E-001
 1.0411E+000
-8.3090E-002
-5.8175E-001
 1.1096E+000
 4.7856E-002
-4.5015E-001
 1.1756E+000
-1.5749E-001
-7.8577E-001
 9.9923E-001
-5.3925E-001
-6.2593E-001
 1.2438E+000
-4.5692E-001
-7.3704E-001
 1.1916E+000
-5.1672E-001
-6.1519E-001
 1.4983E+000
-4.4475E-001
-7.5258E-001
 1.5597E+000
-3.9038E-001
-7.3491E-001
 1.7680E+000
-4.8568E-001
-6.6718E-001
 1.7615E+000
-3.6804E-001
-1.4434E+000
 1.8915E+000
-5.0310E-001
-8.0959E-001
 1.5938E+000
-4.0715E-001
-8.1197E-001
 1.4351E+000
-2.9676E-001
-5.9516E-001
 1.1744E+000
-8.6845E-002
-5.3845E-001
 9.7578E-001
-1.6730E-001
-9.2047E-001
 1.4793E+000
-1.0556E+000
 3.3146E+000
 1.8059E+000
-2.8509E-001
-4.4264E-001
 1.1242E+000
-1.4462E-001
-3.0607E-001
 1.0676E+000
-4.9328E-002
-3.8591E-001
 1.0024E+000
-1.1305E-001
-4.4020E-001
 1.0405E+000
-1.4781E-001
-2.6979E-001
 1.1925E+000
-3.3745E-001
-3.1129E-001
 1.8904E-001
-1.5274E-001
-3.4160E-001
 9.5204E-001
-2.4322E-002
-4.5118E-001
 8.2774E-001
-1.6652E-002
-4.0611E-001
 8.6668E-001
-6.1672E-002
-5.7279E-001
 7.4628E-001
 1.8810E-001
-5.8923E-001
 8.0638E-001
 3.7113E-001
-5.5086E-001
 7.3562E-001
 4.1412E-003
-2.4563E-001
 9.1809E-001
 7.5650E-002
-1.1482E-001
 9.4978E-001
-1.0511E-002
-2.2704E-001
 1.0425E+000
-1.4712E-001
-3.8981E-001
 9.9960E-001
 2.2458E-001
 8.3582E-002
 1.0927E+000
 5.1273E-001
 5.4821E-001
 1.2989E+000
 8.8695E-002
-2.1566E-001
 1.1062E+000
-1.7772E-001
-3.7082E-001
 1.3702E+000
 6.2918E-002
-1.9319E-001
 1.9431E+000
 5.6623E-001
-1.6052E-002
 2.0295E+000
-3.2480E-001
-3.4940E-001
 2.4903E+000
-2.9683E-002
 9.2461E-002
 3.6247E+000
-2.1489E-001
-5.5830E-001
 1.9229E+000
-3.1886E-001
-2.1969E+000
 1.4994E+000
-9.8790E-002
-1.2160E+000
 5.9383E+000
 1.7797E+000
-1.2716E-001
 8.2490E+000
