-5.8252E-002
-5.1518E-001
 2.6190E-001
-2.9912E-001
 9.7240E-001
-6.9288E-001
-1.6425E-001
 4.6670E-001
-2.1932E-001
-1.5560E-001
 3.5545E-001
-2.3238E-001
-1.3578E+000
 1.2558E+000
-2.4979E+000
-2.8223E-001
 5.2173E-001
-2.5112E-002
-2.9006E-001
 3.6512E-001
 1.3043E-001
-2.0275E-001
 1.8746E-001
 3.8241E-001
-3.2903E-001
-8.0713E-002
 5.8500E-001
-5.8480E-001
 3.0339E-001
 1.7082E-001
-8.8865E-001
 5.8717E-001
 4.2398E-002
-9.9828E-002
 4.1817E-001
 5.0556E-001
-1.1996E-001
 3.8190E-001
 7.9753E-001
-1.1352E-001
-4.5256E-002
 6.8453E-001
-1.1186E-001
-1.6593E-001
 3.8241E-001
-1.6624E-001
 9.0888E-001
 6.6391E-001
 2.1534E-001
 5.2373E-001
 6.2020E-001
-7.0702E-002
-1.8599E-001
 8.5801E-001
 2.2759E-003
-4.3277E-001
 7.3756E-001
 8.7876E-003
-3.2276E-001
 4.4652E-001
 1.9027E-001
-3.9104E-001
 2.8972E-001
 4.7024E-002
-5.4287E-001
 9.6174E-001
-1.6437E-001
-1.5316E-001
 4.1299E-001
-1.7527E-001
 3.1886E-002
 1.2072E-001
-2.9631E-001
 6.7920E-002
 1.5835E-001
-4.6484E-001
 4.8970E-002
 2.0621E-001
-3.1762E-001
 2.3430E-001
-9.3479E-002
-2.6250E-001
 3.6384E-001
-2.1706E-001
-2.0814E-001
 7.6093E-002
 1.8621E-001
-2.8926E-001
 1.0046E-001
 2.2828E-001
-3.4340E-001
 7.6448E-002
 2.1317E-001
-3.5835E-001
 2.8422E-002
 1.6123E-001
-2.2350E-001
 1.0948E-001
 3.1455E-001
-2.4201E-001
 1.1894E-001
 3.5063E-001
-3.7908E-001
 8.4940E-002
 2.2796E-001
-4.1339E-001
 1.3484E-001
 1.6213E-001
-2.5469E-001
 9.1067E-002
 1.4514E-001
-2.5501E-001
 3.2381E-002
 1.3072E-001
-6.0676E-001
 1.4338E-001
 1.1347E-001
 1.5942E+000
-7.8934E-001
 3.8009E-001
-1.9616E-001
 1.1777E-001
 1.7634E-001
-7.0356E-002
 5.7945E-002
 2.0690E-001
-8.3998E-002
 2.8123E-002
 2.0648E-001
-7.0797E-002
 4.3483E-002
 1.7161E-001
 1.0783E-001
 7.2560E-002
 2.4486E-001
 1.8699E-001
 2.9280E-002
 3.5326E-001
-1.0560E-001
 1.9745E-002
 2.1087E-001
-1.5280E-001
-7.2189E-002
 1.6155E-001
-3.9045E-002
-6.7946E-002
 1.3919E-001
-4.6744E-002
-4.8041E-002
 1.2480E-001
-6.6305E-002
-1.0970E-001
 5.3873E-002
 2.5447E-002
-6.9862E-002
 2.2429E-002
 2.2788E-002
-1.3839E-001
-8.3207E-004
 2.1929E-003
-9.4952E-002
-5.8236E-002
 9.7095E-002
-5.4313E-002
 5.9941E-002
 6.5230E-002
-8.6055E-002
 2.6945E-002
 9.0075E-002
-2.0291E-001
 7.0159E-002
-1.4637E-002
-2.0377E-001
-1.0079E-001
 7.9583E-003
-2.7531E-001
-2.5618E-001
 7.1122E-003
-2.7252E-001
-2.8637E-001
-2.7532E-001
-1.7241E-001
-3.8852E-002
-5.9017E-001
-9.1326E-001
-2.0515E-001
 5.4035E-002
-2.1316E-001
-3.9632E-001
 1.4365E-001
-1.7448E-001
-4.8205E-001
 4.5319E-002
-2.2615E-001
-5.0713E-001
 7.6436E-002
-7.0524E-002
-4.6560E-001
 1.7785E-001
-3.9100E-002
-5.7582E-001
 6.6483E-002
-7.6627E-002
-5.5063E-001
 1.0065E-002
-3.0214E-001
-5.0115E-001
-2.0406E-001
-3.5811E-001
-7.7449E-001
-1.1591E-001
-4.0575E-001
-8.0533E-001
-3.2203E-001
-2.4668E-001
-8.9802E-001
-4.2119E-001
-2.7947E-001
-8.8444E-001
-4.3638E-001
-2.8386E-001
-8.2614E-001
-2.3025E-003
-3.2855E-001
-6.8580E-001
-2.3605E-001
-1.7358E-001
-7.3856E-001
-1.3403E-001
-2.4874E-001
-7.9697E-001
-8.4069E-002
-2.4125E-001
-7.3527E-001
-2.2150E-001
 2.0098E-001
-4.4440E-001
-1.6657E+000
-2.8317E+000
-2.2500E-001
-1.2212E-001
-2.3469E-001
-8.2154E-001
-1.1811E-001
-2.6783E-001
-8.7742E-001
 1.0881E-001
-3.7122E-001
-9.9231E-001
 4.0765E-002
-9.6712E-001
-9.6879E-001
-8.8771E-002
-1.1602E-001
-8.2255E-001
 3.1046E-001
-3.0516E-001
-7.4399E-001
 1.0687E-001
-1.1620E-001
-7.5689E-001
 2.2596E-001
-8.2715E-002
-4.7574E-001
 1.2724E-001
 4.9301E-002
-4.9614E-001
 1.0471E-001
-7.5653E-002
-6.4455E-001
 2.1017E-001
-1.3451E-001
-6.9941E-001
 1.5438E-001
-1.0116E-001
-4.3841E-001
 1.0334E-001
-2.1769E-001
-3.8607E-001
 7.3535E-002
-2.1573E-001
-4.4796E-001
-7.4073E-002
-1.6766E-001
-5.3566E-001
-7.9403E-003
-3.0698E-001
-3.5405E-001
 4.8758E-001
-6.4749E-001
-3.0276E-001
 1.0523E-001
-3.1216E-001
-4.6317E-001
 1.1488E-001
-3.0163E-001
-5.4900E-001
 9.7105E-002
-2.7886E-001
-6.0130E-001
 5.3698E-002
-2.1423E-001
-6.2051E-001
 8.6208E-002
-3.5718E-001
-6.2099E-001
 3.1520E-002
-3.2183E-001
-6.2030E-001
 1.4941E-001
-3.2764E-001
-6.2929E-001
 9.7644E-002
-1.2526E-001
-6.3979E-001
 1.3793E-001
-2.6790E-001
-5.8559E-001
 1.8622E-001
-2.0573E-001
-6.0644E-001
 2.6525E-001
-2.1069E-002
-8.9083E-001
-9.8665E-001
-9.5905E-001
 7.6335E-001
 8.3980E-002
-1.5871E-001
-3.9544E-001
-7.1755E-002
-2.7009E-001
-2.6751E-001
-6.3282E-002
-1.0255E-001
-7.0905E-002
 7.3807E-002
-2.0347E-002
-2.8250E-002
 5.1174E-003
-2.4366E-001
-1.1461E-001
-5.5060E-002
-1.2274E-001
 9.4804E-001
-1.2307E-001
-1.4951E-001
-7.1087E-002
-2.1220E-001
-1.0921E-001
 1.4795E-003
-2.8575E-001
-1.3842E-001
 6.5276E-002
-2.4581E-001
-1.8941E-001
 8.9282E-003
-3.5058E-001
-4.3731E-002
-1.8828E-002
-4.1038E-001
-1.3496E-001
 9.6924E-002
-4.3471E-001
-9.5483E-002
 1.0529E-001
-4.7832E-001
-2.1058E-001
 2.6061E-001
-4.3204E-001
-2.1903E-001
 1.1050E-001
-3.0171E-001
-3.5436E-001
 3.3930E-001
-5.7385E-001
-1.9498E-001
 4.9564E-001
-3.8212E-001
-9.8845E-002
 6.6540E-002
-4.9341E-001
-1.7371E-001
 6.1404E-002
-3.7205E-001
-2.2317E-001
 2.7882E-003
-4.6577E-001
-3.2542E-001
 1.0805E-001
-7.8246E-001
-1.2402E-001
-3.6042E-002
-2.5646E+000
-5.6123E-001
-5.1120E-001
-2.9374E-001
-3.1906E-001
 1.0300E-001
-1.1778E-001
-4.4812E-001
-2.1995E-001
-7.0513E-002
-2.3791E-001
-3.2735E-001
 7.9332E-002
-9.8614E-002
-2.4802E-001
-2.1285E-001
-1.9818E-001
-4.0266E-001
-1.9143E-001
-7.7401E-002
-4.0482E-001
-7.9324E-002
-6.3509E-002
-3.8935E-001
-1.3583E-001
-1.9911E-001
-2.5027E-001
-2.7642E-001
-7.5432E-002
-4.0480E-001
-1.2946E+000
 1.6119E+000
-1.0393E+000
-2.8896E-002
-2.9369E-002
-4.4463E-001
 5.6988E-002
 1.9241E-002
-4.5785E-001
 1.9288E-002
 1.4333E-002
-5.1829E-001
 8.3027E-002
 1.8384E-002
-5.1737E-001
 1.6287E-002
-5.1717E-003
-4.3086E-001
-3.5633E-001
 1.6213E-001
-2.7261E-001
 7.7100E-002
 4.5936E-002
-5.6202E-001
-3.9632E-003
 4.0605E-002
-5.8922E-001
 9.9369E-002
 3.4544E-004
-6.0498E-001
 1.0897E-001
-9.1564E-002
-6.0852E-001
-4.9442E-002
-6.2213E-002
-5.2188E-001
-4.4457E-002
-1.1509E-001
-4.0554E-001
 1.3932E-001
 2.0350E-002
-5.7125E-001
 8.0320E-002
-4.1099E-002
-4.5240E-001
 1.0188E-001
 1.5611E-002
-3.3407E-001
 1.1748E-001
 1.5236E-003
-3.3957E-001
 1.3686E-001
 3.5968E-003
-3.6392E-001
 1.4344E-001
 1.8021E-001
-2.3883E-001
 1.2080E-001
 1.6216E-001
-1.2688E-001
 9.4830E-002
 2.1825E-001
-1.4999E-001
-3.9975E-002
 2.1304E-001
-1.9199E-001
 9.5148E-002
 1.3975E-001
 2.9634E-001
 3.2190E-001
 2.0048E-001
-1.0589E-001
 2.8939E-001
 1.9223E-001
-1.0341E-001
 2.1115E-001
 2.2786E-001
-1.3023E-001
 2.2102E-001
 1.9164E-001
-6.7320E-002
 2.8638E-001
 2.6178E-001
-6.7344E-002
 8.7442E-002
 5.2631E-001
-1.2151E-001
 2.2228E-001
 1.9214E-001
-1.7648E-001
 1.6074E-001
 1.6497E-001
-1.3367E-001
 1.4345E-001
 2.1295E-001
-1.1315E-001
 4.7505E-002
 1.6563E-001
-1.5644E-001
 2.2823E-001
 1.4718E-001
-5.3451E-002
 3.3428E-001
 2.6971E-002
-3.0468E-001
 3.1871E-001
 2.2664E-001
-1.2503E-001
 1.9858E-001
 2.5264E-001
-1.7532E-001
 1.8409E-001
 2.5465E-001
-9.2908E-002
 1.4606E-001
 1.1353E-001
-5.4354E-002
 6.2145E-002
 2.1423E-001
-1.6254E-001
 5.4937E-002
 1.4614E-002
-2.1637E-001
 2.2544E-001
 4.0153E-001
-1.6374E-001
 2.2963E-001
 3.9880E-001
 5.4330E-002
 1.7299E-001
 3.7169E-001
 3.6766E-002
 1.6624E-001
 3.1950E-001
 4.1871E-002
 7.5629E-003
 3.8344E-001
 1.3794E-001
 1.3173E+000
-1.0990E+000
 2.0287E-001
 8.2674E-002
 3.8873E-001
-5.3441E-002
 2.8462E-002
 3.6135E-001
 7.4003E-002
 2.1108E-002
 3.3172E-001
 1.0629E-001
 1.0516E-001
 3.5438E-001
 2.2057E-001
 1.2000E-001
 3.1824E-001
-5.9563E-002
 6.4409E-002
 2.3938E-001
-2.5529E-002
 1.1460E-001
 1.8012E-001
 1.7277E-002
 6.9424E-002
 1.2283E-001
 2.7483E-002
 3.8341E-002
 2.5726E-001
-6.5334E-003
 4.8097E-002
 4.0922E-001
 1.4800E-001
 1.4489E-001
 1.8581E-001
-3.6933E-002
 1.6641E-001
 2.0353E-001
-6.3493E-003
 1.6561E-001
 1.7978E-001
 8.1419E-002
 1.4242E-001
 2.4818E-002
 1.1241E-001
 1.1502E-001
 2.1499E-001
-4.0701E-002
-1.8666E+000
 1.7928E-001
 4.7803E-001
 1.6525E-001
 2.2173E-001
 8.0097E-002
 1.5312E-001
 2.1656E-001
 1.3513E-001
 8.5063E-002
 2.4421E-001
 1.1541E-001
 2.1917E-002
 2.5541E-001
 3.8473E-002
 8.3808E-002
 2.6439E-001
 1.4341E-001
 6.1920E-001
-2.0989E-002
 6.4261E-002
 1.1090E-001
 2.2405E-001
 5.7168E-002
 1.0482E-001
 1.9147E-001
 6.0294E-002
 8.8879E-002
 2.4508E-001
 7.4517E-002
 2.1320E-002
 2.2291E-001
 2.3643E-002
 1.0810E-001
 1.7676E-001
 1.2190E-001
 7.8243E-002
 1.1489E-001
 8.3522E-002
 2.1409E-001
 2.9995E-001
 5.9725E-002
 2.0571E-001
 2.9743E-001
 5.7095E-002
 2.3767E-001
 1.6630E-001
 7.8950E-002
 2.1331E-001
 1.0503E-001
 1.0354E-001
 2.6031E-001
 3.4589E-001
 3.9865E-002
-2.6429E+000
-4.1742E-001
 2.3535E+000
 2.8329E-001
 1.4707E-001
 5.5612E-002
 2.8420E-001
 1.6190E-001
 3.8607E-002
 2.2106E-001
 8.9462E-002
 4.8019E-002
 2.0435E-001
-6.5575E-002
 5.8381E-002
 3.1240E-001
 1.6192E-001
 6.2398E-002
 2.0446E+000
-1.7225E+000
-1.8209E+000
 1.7392E-001
 1.6596E-001
 1.0666E-001
 4.9469E-002
 1.2602E-001
 1.9349E-001
-4.3089E-003
 1.7965E-001
 1.6612E-001
 3.7369E-002
 2.1552E-001
 8.6526E-002
-6.2509E-002
 2.0921E-001
 2.0585E-001
-4.9744E-001
 5.0690E-001
 2.4497E-001
-3.3911E-002
 1.3346E-001
 1.7194E-001
-1.1916E-001
 1.7530E-001
 1.6083E-001
-2.0261E-001
 1.6090E-001
 1.3337E-001
-1.7320E-001
 1.4523E-001
 1.7128E-001
-1.4190E-001
 1.4323E-001
 1.1600E-001
-3.3042E-001
 1.4388E-001
-3.1732E-001
-3.1488E-001
 8.1796E-002
 6.2890E-002
-4.0455E-001
 6.9392E-002
-4.2018E-002
-3.9898E-001
 1.4850E-001
 7.3750E-002
-3.3418E-001
 1.8858E-001
 1.2046E-001
-2.5095E-001
-1.4949E-001
-1.5524E-001
-2.1681E-001
-2.2690E-001
-1.3766E-001
-4.0129E-001
 1.5261E-001
 1.8448E-001
-3.9237E-001
 1.3927E-001
 2.6116E-001
-2.1758E-001
 1.1148E-001
 2.5778E-001
-2.9064E-001
-4.5578E-002
 1.9335E-001
-4.7460E-001
 1.7765E-001
 2.2869E-001
-2.2120E-002
 3.4290E-001
 2.6691E-001
-5.6642E-002
 3.4994E-001
 2.7604E-001
-8.9329E-002
 3.8302E-001
 2.2543E-001
-6.2419E-002
 2.0003E-001
 1.1259E-001
 4.0984E-002
 3.2584E-001
 2.8842E-001
 2.7300E-002
 3.9234E-001
 9.4505E-002
-1.4044E-001
 5.1574E-001
 2.8322E-001
-1.8703E-001
 5.3431E-001
 9.8360E-002
-1.1441E-001
 3.7646E-001
 1.6732E-001
-1.6087E-001
 2.1276E-001
 1.7464E-001
-3.4585E-001
 5.4733E-001
-2.4417E-001
-3.4882E-001
 6.7690E-001
-4.5002E-001
-1.0645E-001
 4.2648E-001
 1.3700E-001
-1.9197E-001
 2.6791E-001
 1.8183E-001
-2.7786E-001
 2.0828E-001
 4.0169E-002
-2.9788E-001
 2.1027E-001
 2.0847E-002
-1.0856E-001
 3.1069E-001
 2.8840E-001
 1.1046E-002
 2.4301E-001
 6.4576E-001
-1.5560E-001
 1.1697E-001
-6.4282E-003
-1.3049E-001
 3.6895E-002
-8.3916E-002
-1.4780E-001
 2.2444E-002
-6.8483E-002
-1.9870E-001
 6.8181E-003
 2.0244E-002
-1.5822E-001
 4.4918E-003
-1.9187E-001
-1.3863E-001
 3.6217E-002
-2.7725E-001
-1.9534E-001
 4.8411E-002
-3.1109E-001
-2.7759E-001
-5.9628E-002
-2.6478E-001
-2.7669E-001
-9.5090E-002
-2.8668E-001
-3.5610E-001
-9.1802E-002
-2.5708E-001
-2.8747E-001
-7.5680E-002
-2.9991E-001
-1.3712E-001
-3.9015E-002
-3.9426E-001
-1.1894E-001
-1.1009E-001
-4.5058E-001
-4.8323E-002
-1.2302E-001
-4.2984E-001
 5.0667E-002
-1.2730E-001
-3.4245E-001
-1.5531E-001
-2.7954E-001
-4.5887E-001
-4.5270E-001
-6.7491E-001
-5.0776E-001
 4.3865E-002
-3.0581E-001
-4.9261E-001
-1.6704E-002
-3.8591E-001
-4.6400E-001
 2.2785E-002
-5.6551E-001
-3.5753E-001
 2.7719E-002
-5.8704E-001
-2.5552E-001
-3.0238E-001
-3.8585E-001
-5.7355E-001
-3.1205E-001
-2.6765E-001
-9.9862E-001
-1.6864E-002
-6.0933E-001
-2.5142E-001
-6.7752E-003
-6.9997E-001
-1.5275E-001
-2.2342E-001
-6.8935E-001
-4.7307E-003
-1.6102E-001
-5.1100E-001
 1.9839E-001
 7.5369E-002
-6.4126E-001
-2.6895E-001
 1.3621E-001
-9.3154E-001
 3.3190E-001
-4.3029E-001
-8.0770E-001
-1.9983E-001
-6.5320E-001
-9.7488E-001
-1.3368E-001
-2.7752E-001
-8.3754E-001
-1.7060E-001
-1.5381E-001
-6.1777E-001
-1.3426E-001
-1.0520E+000
-1.3465E+000
-5.2541E-001
-4.3039E-002
 1.1135E+000
 5.7501E-001
-1.7747E-001
-7.4172E-001
-2.8182E-001
-1.0758E-001
-6.7802E-001
-3.6642E-001
-3.5070E-003
-4.5834E-001
-1.7981E-001
-1.1360E-002
-3.9774E-001
-2.6477E-001
-5.8591E-002
-6.9242E-001
-5.1181E-001
-8.4003E-002
-4.4857E-001
-1.2566E-001
-2.1238E-002
-2.9318E-001
-3.1391E-002
-5.9184E-003
-2.0126E-001
 1.3369E-001
-1.4735E-002
-1.7293E-001
 1.1518E-001
-5.2163E-002
-2.7296E-001
 4.7550E-002
-5.0031E-002
-3.2198E-001
 3.7496E-002
-4.2617E-002
-2.3742E-001
 1.8055E-001
-2.2239E-002
-2.0377E-001
 2.0741E-001
-1.4381E-003
-2.3169E-001
 1.3505E-001
-5.6202E-003
-2.8778E-001
 1.3690E-001
-1.1642E-002
-3.4531E-001
 2.7084E-001
-9.7054E-002
-3.4911E-001
 4.3329E-001
-5.7093E-002
-1.9656E-001
 8.8432E-002
-6.7254E-002
-2.1493E-001
 1.2663E-001
-2.1395E-002
-2.3127E-001
 1.2127E-001
-3.3545E-002
-2.4265E-001
 7.3367E-002
-1.5251E-001
-1.8313E-001
 1.8367E-002
-2.1337E-001
-1.4278E-001
 1.9534E-002
 5.9034E-002
-2.1016E-001
 4.3216E-002
-3.3241E-002
-1.5839E-001
 4.7993E-002
 3.6852E-003
-7.3515E-002
 9.0317E-002
-3.1557E-002
 1.0556E-002
 2.6954E-003
-1.0005E-001
-1.2344E-001
 1.7140E-001
 1.2516E+000
 1.6811E+000
-7.8847E-001
 8.5294E-002
-1.3196E-001
 1.7297E-001
 6.8639E-002
-7.3682E-002
 1.3729E-001
 2.8648E-002
-1.2420E-001
 9.7145E-002
-7.1266E-002
-1.2951E-001
 4.3251E-002
 3.2204E-002
-1.1515E-001
 1.8669E-001
 1.8037E-002
-1.1100E-001
 1.8250E-001
 4.5539E-002
-1.4444E-001
 7.7244E-002
 3.6186E-002
-1.8599E-001
 8.8975E-002
 6.7307E-002
-1.8868E-001
 5.4975E-002
 3.9414E-002
-2.1886E-001
 3.0564E-003
 2.7704E-002
-2.9487E-001
 9.5749E-002
 2.9715E-001
 2.9583E-001
 2.6454E-001
 5.7200E-002
-1.8778E-001
 1.4007E-002
-5.9202E-002
-1.9442E-001
 1.0628E-001
-1.9533E-002
-2.7068E-001
 1.3505E-001
 9.1952E-002
-3.2147E-001
 1.7535E-001
-8.5932E-002
-7.7520E-002
 5.0513E-002
-1.1547E-001
-2.1794E-001
 1.4906E-001
-9.7018E-002
-1.1256E-001
 1.3113E-001
-8.3485E-002
-1.3781E-001
 9.9153E-002
-9.8537E-002
-9.1755E-002
 7.3861E-002
-7.3692E-002
-4.0434E-002
 1.2135E-001
 1.7735E-001
-5.7798E-001
 8.1524E-001
-6.1182E-002
-1.8150E-001
 1.5495E-001
-7.8861E-002
-8.0517E-002
 2.0251E-001
 1.7825E-002
-8.3976E-002
 1.6913E-001
 1.9757E-001
-1.5550E-001
 1.5123E-002
-2.4037E-002
-1.4718E-002
 2.6280E-001
-8.7653E-002
-3.0588E-001
 2.2082E-001
-8.2482E-002
-2.9556E-002
 2.2374E-001
-9.5055E-002
-7.9623E-002
 1.7009E-001
-8.7733E-002
-5.1989E-002
 9.9806E-002
-6.8861E-002
-5.5183E-002
 6.9771E-002
-1.8228E-001
-1.5739E-001
 1.1977E-001
-1.1162E-001
-9.4163E-002
 1.0240E-001
-9.1095E-002
-3.0501E-002
 9.6983E-002
-1.0531E-001
 5.3360E-002
 3.7941E-002
-1.1405E-001
 6.8671E-002
 7.8842E-002
-1.2555E-001
 1.3373E-001
-8.1915E-003
-1.6885E-001
 1.0286E-001
 2.1683E-002
 2.1632E-001
 7.7032E-002
-8.6162E-002
-1.0529E-001
 6.3733E-002
 1.7854E-001
-1.0463E-001
 6.8117E-002
 1.5671E-001
-1.1684E-001
-2.3980E-002
 1.9199E-001
-9.5188E-002
-5.2288E-002
 1.7128E-001
-1.0965E-001
 7.5829E-002
 1.6796E-001
-1.0973E-001
-2.8386E-002
 1.9952E-001
-6.4335E-002
-2.7316E-002
 2.4927E-001
-6.0121E-002
-3.1465E-002
 1.8374E-001
-6.7163E-002
-1.7048E-002
 1.7345E-001
-2.2583E-002
-1.1340E-001
 2.0674E-001
-4.5079E-002
-1.8007E-001
 1.6742E-001
-1.4324E-002
-1.5984E-002
 1.2913E-001
 2.5218E-002
-1.6766E-002
 7.9859E-002
 1.2553E-002
 2.0608E-002
 6.2888E-002
 1.4844E-002
 1.2335E-001
-2.1820E-002
 1.1516E-001
-9.3391E-002
 9.8180E-002
 1.2197E-001
-1.3801E-001
 1.3144E-001
 1.1567E-003
-9.2829E-002
 1.2111E-001
 2.5106E-002
-4.2782E-002
 1.1085E-001
 9.2960E-002
 2.9311E-002
 1.7312E-002
 1.0573E-001
-7.0202E-002
 1.6886E-002
-5.3778E-002
 8.7431E-002
 2.3044E-001
 4.7034E-002
 4.4128E-001
 4.0587E-001
 1.0014E-001
 3.6287E-002
-3.8660E-002
 2.0672E-001
 1.3969E-002
-5.8549E-002
 1.3823E-001
 9.9163E-002
 2.3258E-002
 1.2217E-001
 7.3634E-003
 6.8445E-002
 3.0837E-001
 1.4507E-001
-1.2677E-001
 4.9235E-001
 2.6508E-001
-1.7260E-001
 1.4798E-001
 1.1393E-001
 8.0538E-002
 1.2406E-002
 1.3226E-001
 2.0234E-001
 6.5157E-002
 1.2827E-001
 1.7145E-001
 5.1924E-002
 2.4971E-001
 1.5896E-001
-7.7732E-002
 7.0079E-002
 3.7037E-001
-5.2638E-004
 2.6203E-001
 5.7674E-001
 2.6428E-001
 3.1588E-002
 1.8953E-001
 3.6038E-001
-4.8160E-003
-2.3989E-001
 3.5032E-001
 8.4749E-002
-8.5282E-003
 3.7255E-001
 7.7056E-002
 2.1955E-002
 5.6221E-001
 5.3081E-001
-6.2486E-001
 1.4610E+000
-8.5808E-001
 9.5277E-001
 2.6942E-001
 1.6596E-001
-2.2455E-002
 2.6786E-001
 1.9649E-001
 8.5747E-002
 2.9804E-001
 1.6022E-001
 9.9944E-002
 4.5140E-001
 1.1762E-001
 1.4452E-001
 3.0608E-001
 1.0937E-001
 1.1527E-001
 4.3225E-001
-3.6350E-002
 1.4905E-001
 1.3286E-002
 1.1852E-001
-8.7028E-003
 8.6218E-002
 4.8281E-002
-4.2454E-002
 9.7816E-002
 6.0574E-002
-8.9222E-003
 2.2379E-002
 4.9106E-002
-9.4353E-003
 1.1640E-001
 1.0301E-001
-1.7910E-002
 5.8679E-002
 1.8889E-001
-9.0582E-003
 1.3434E-001
-4.9523E-003
 2.2906E-003
 1.5800E-001
-3.9385E-002
-7.5143E-002
 2.3042E-001
-6.9398E-002
-4.2836E-002
 1.8475E-001
-9.7621E-002
-3.3431E-002
 3.2697E-001
-1.2391E-001
-9.9575E-002
-3.0460E-001
 2.1841E+000
-1.4105E+000
 2.3733E-001
 8.5724E-003
-1.3960E-002
 1.8084E-001
 6.3117E-002
 1.3583E-001
 6.9990E-002
 9.8182E-002
 1.2915E-001
-1.4446E-001
 5.4088E-002
 2.5525E-001
 2.4715E-001
 1.9009E-001
 2.4706E-001
 1.0188E+000
 2.4586E+000
 1.3111E+000
 2.7336E-001
 1.1591E-001
-1.0783E-002
 1.9285E-001
-9.9247E-003
 9.1836E-002
 2.0040E-001
 7.1987E-002
 7.9194E-002
 1.5264E-001
 8.1779E-002
 5.1201E-002
 8.3059E-002
-1.7146E-001
 1.0482E-001
-3.9145E-002
-2.8297E-001
-5.6044E-002
 1.9643E-001
 8.3941E-002
 6.7563E-002
 2.3109E-001
 1.4868E-001
 8.4002E-002
 1.4687E-001
 7.7107E-002
 8.7244E-002
 8.2379E-003
-5.7991E-002
 4.3772E-002
 1.9623E-001
 2.1401E-001
 1.8826E-001
 4.0340E-001
 8.7930E-001
 1.2714E+000
 2.4547E-001
 2.1922E-001
 1.4691E-001
 6.6159E-003
 1.5633E-001
 2.4805E-001
 1.2696E-002
 1.3897E-001
 2.1272E-001
-1.8394E-003
 1.2604E-001
 1.1659E-001
-1.8475E-001
 2.6365E-001
 2.1091E-001
-1.0136E-001
-2.8596E+000
 9.5665E-001
-1.9475E-002
 1.2307E-001
 2.3886E-001
-8.7353E-002
 1.3574E-001
 1.9496E-001
-3.7057E-002
 3.0231E-002
 1.7189E-001
-2.6626E-004
 6.2761E-003
 1.8151E-001
-1.3855E-001
 2.4847E-001
 2.0225E-001
 4.8863E-002
-4.8935E-002
 5.7987E-001
 7.3372E-002
 1.6217E-002
 7.0421E-002
 8.2520E-003
 8.0386E-002
 6.8471E-002
 9.2893E-003
 7.6312E-002
 6.2469E-002
-3.7876E-002
 1.5487E-001
 5.4839E-002
 5.0380E-002
 7.6499E-002
 1.9595E-001
 1.2098E-001
 1.1262E-001
 3.1421E-001
 4.7107E-003
 1.2464E-002
 5.6205E-002
-3.7968E-002
 2.1001E-002
 1.0499E-002
-3.7691E-002
 6.7942E-002
 8.8352E-002
-5.3697E-002
 1.2102E-001
 2.2405E-001
-4.1983E-002
 1.9044E-002
 6.6724E-003
-8.8402E-002
 6.0824E-002
 3.6050E-002
-5.8491E-002
 8.9216E-002
 4.6173E-002
 6.7077E-003
 1.5125E-001
 8.5752E-002
 3.4309E-002
 7.9689E-002
 3.0784E-002
-1.3955E-001
-7.1056E-003
 1.5795E-001
 1.4432E-001
-4.4021E-001
 1.7620E-001
-3.8056E-002
 2.6803E-001
 1.6439E-001
 4.3279E-003
 1.7009E-001
 1.0462E-001
 7.2640E-002
 1.5958E-001
 4.4184E-002
 1.5226E-001
 1.9658E-001
 4.9047E-002
 5.1664E-002
 5.3299E-002
 6.3261E-002
 4.3348E-002
 8.6869E-002
-5.9930E-002
 2.6370E-002
 1.2682E-001
-2.4611E-002
 8.0681E-002
 1.2060E-001
-3.7044E-002
 9.4873E-002
 1.6305E-001
 9.0406E-002
 9.6515E-002
 1.5897E-001
 8.1718E-002
 7.3430E-002
 9.9643E-002
-5.4077E-002
 7.7412E-002
 7.5636E-002
-4.0468E-002
 8.4965E-002
 8.8911E-002
 2.3985E-001
 1.4777E-001
 1.9713E-001
 2.7479E-001
 1.8379E-001
 1.8565E-001
 2.2312E-001
 2.1854E-001
 6.4646E-002
 1.5685E-001
 1.9753E-001
 1.9501E-001
 2.2618E-001
-2.5288E-001
 1.2261E-001
 7.3252E-001
 1.3350E-001
 3.0840E-001
 2.2366E-001
 1.5603E-001
 2.6682E-001
 1.5645E-001
 2.0286E-001
 3.1507E-001
 9.5026E-002
 2.2582E-001
 2.3448E-001
 2.5102E-002
 1.5222E-001
 2.7185E-001
 1.6401E-001
 1.6232E-001
 2.9244E-001
 2.0605E-001
 2.6622E-001
 3.3920E-001
 9.5468E-002
 2.7172E-001
 2.8239E-001
 2.5195E-001
 2.6069E-001
 2.6933E-001
 2.4435E-001
 3.2354E-001
 2.0418E-001
 1.3111E-001
 2.9773E-001
 2.7467E-001
 2.7985E-001
 3.4449E-001
 3.7928E-001
 7.4206E-001
 1.4002E-001
 2.3744E-001
 2.7746E-001
 1.6509E-001
 2.4798E-001
 2.7698E-001
 2.8817E-001
 2.3459E-001
 4.5807E-001
 3.2258E-001
 3.5753E-001
 4.5115E-001
 1.9301E-001
 2.4332E-001
 2.7426E-001
 3.9287E-001
 1.6245E-001
 4.3504E-001
 4.8671E-001
-1.4492E-001
 4.5490E-001
 2.3044E-001
-7.9558E-002
 4.7961E-001
-4.8462E-001
-4.0654E-001
 5.8301E-001
 8.7902E-001
-1.7479E-001
 4.9582E-001
 6.2065E-001
 1.3217E-001
 4.2583E-001
 2.6453E-001
-5.8227E-002
 4.3220E-001
 1.0913E-001
 1.6595E-001
 2.9288E-001
 2.4696E-001
 4.1019E-001
 8.1926E-002
 4.9325E-001
-1.3691E-001
 6.7424E-001
 6.0169E-001
-3.8756E-001
 1.1906E+000
-1.9458E-001
 3.4251E-002
 2.3373E-001
-3.3160E-001
 1.0437E-001
 3.1263E-002
-2.3556E-001
 1.1145E-001
 1.1263E-001
-1.7169E-001
 1.3997E-001
-9.5541E-002
-6.0852E-001
-1.1422E-001
-1.2880E-001
-3.8166E-001
-2.8958E-003
-2.4746E-001
-1.9151E-001
 7.8431E-002
 3.7941E-001
-1.8584E-001
 8.0699E-002
 3.8543E-001
-1.8465E-001
 2.5051E-002
 3.2381E-001
-1.0336E-001
-3.5624E-002
 3.4343E-001
-1.4055E-001
 1.3405E-001
 4.5191E-001
-8.9938E-001
 1.0891E-002
 5.1297E-001
-2.8502E-001
 9.2306E-003
 3.1073E-001
-3.4291E-001
-3.8117E-002
 2.0334E-001
-3.3376E-001
-9.8850E-002
 8.9749E-002
-3.6969E-001
-1.0751E-001
 5.5165E-002
-3.9910E-001
-9.4177E-002
 2.3465E-001
 4.6980E-001
-6.8935E-002
 5.3026E-002
-2.7355E-001
-2.1876E-001
-2.5943E-002
-2.2832E-001
-2.6383E-001
-2.0599E-001
-3.2220E-001
-2.6927E-001
-2.7874E-001
-4.1219E-001
-2.7840E-001
-2.7711E-001
 1.1483E-001
-3.3366E-001
-2.9350E-001
 2.6484E-001
-4.3894E-001
-1.8830E-001
-2.2002E-001
-1.8475E-001
-2.5922E-001
-2.8228E-001
-2.2424E-001
-3.0273E-001
-3.3191E-001
-2.4985E-001
-3.4436E-001
-3.4180E-001
-1.7270E-001
-3.5324E-001
-3.3616E-001
-3.1123E-001
-2.5640E-001
-3.6166E-001
-3.6306E-001
-3.3621E-001
-4.2096E-001
-4.1938E-001
-2.8101E-001
-4.4090E-001
-3.6736E-001
-2.1080E-001
-4.8895E-001
-3.2971E-001
-1.4827E-001
-4.1207E-001
-5.8773E-001
-3.0893E-001
-3.7921E-001
-3.2045E-001
-2.5231E-001
-5.1516E-001
-2.5995E-001
-9.2238E-002
-6.6306E-001
-4.2615E-001
-1.5161E-002
-6.3422E-001
-5.9359E-001
-1.5556E-002
-4.7018E-001
-2.4794E-001
-1.6319E-001
-1.4200E+000
 2.2108E+000
 1.4896E+000
-5.9777E-001
-4.2065E-001
-4.7794E-003
-5.3730E-001
-4.4739E-001
 7.0410E-002
-4.8155E-001
-4.7509E-001
 5.4839E-002
-6.9519E-001
-6.0896E-001
 1.2925E-001
-1.8532E-001
-3.6159E-001
-7.1110E-002
-2.2300E-001
-3.9671E-001
-5.7444E-002
-2.3255E-001
-3.5093E-001
-4.2212E-002
-2.7890E-001
-3.4181E-001
-9.2662E-002
-2.7105E-001
-4.1560E-001
-6.1846E-002
-1.6252E-001
-4.1205E-001
-1.1659E-001
-1.7410E-001
-3.8628E-001
-3.5425E-002
-1.9330E-001
-2.1493E-001
-1.2300E-001
-1.1814E-001
-1.8533E-001
-4.2849E-002
-1.8405E-001
-1.3891E-001
 1.2206E-001
-1.5479E-001
-1.0997E-001
-7.6556E-002
-1.2218E-001
-2.7689E-001
 1.4477E-001
-8.5317E-003
-1.9005E-001
-1.4629E-001
-4.4087E-002
-2.3700E-001
 8.3238E-003
 3.8001E-002
-2.2224E-001
 1.5396E-001
 9.2077E-002
-1.9788E-001
 1.5334E-001
 1.4716E-001
-2.5660E-001
-7.5137E-002
-7.7438E-003
-1.8338E-001
-2.3962E-001
 3.2347E-002
-3.4526E-001
 1.4402E-001
 7.6243E-002
-3.2148E-001
 1.8698E-001
 1.9976E-001
-2.6797E-001
 1.7476E-001
 1.7490E-001
-2.8236E-001
 1.5686E-001
-2.7236E-003
-2.2228E-001
 1.5272E-001
 2.3066E-001
 1.9477E-001
 2.4298E+000
 2.3909E-001
-2.3171E-001
 1.8827E-001
 4.1840E-001
-1.5866E-001
 1.5477E-001
 4.1261E-001
-1.9476E-001
 1.7521E-001
 3.6085E-001
-4.0323E-001
 8.9041E-002
 5.4318E-001
 4.0605E-002
 2.6626E-001
 3.8380E-001
 1.5286E-002
 3.5210E-001
 4.4101E-001
-1.1472E-001
 2.0392E-001
 4.1203E-001
-2.3547E-002
 2.3825E-001
 4.3489E-001
-1.1359E-001
 1.7901E-001
 4.3433E-001
-1.6849E-001
 1.5866E-001
 2.7478E-001
 4.9897E-003
 1.7438E-001
 1.8025E-001
-3.1539E-002
 1.2914E-001
 4.2153E-001
-1.7968E-002
 2.2889E-001
 4.1284E-001
-4.3701E-002
 2.0434E-001
 3.8663E-001
-5.7704E-002
 2.3838E-001
 4.6985E-001
-1.1329E-001
 4.0173E-001
 3.8389E-001
-1.1911E-001
 1.9936E-001
 1.4798E-001
-1.4367E-001
 2.2535E-001
 3.0987E-001
 1.9449E-002
 1.2197E-001
 3.2378E-001
 4.7245E-002
 1.1640E-001
 2.9100E-001
-9.2262E-002
 1.3594E-001
 2.7854E-001
-2.8377E-001
 1.2223E-001
 2.9773E-001
 7.5328E-002
-2.6456E-002
-2.1126E-001
 1.6907E+000
 1.7026E+000
 3.5204E-001
-5.9848E-002
 1.2426E-001
 3.0995E-001
-1.3677E-001
 1.7477E-001
 3.7095E-001
-1.8173E-001
 1.4881E-001
 3.8008E-001
-2.2994E-001
 2.7054E-001
 5.6166E-002
-5.8264E-002
 1.2754E-001
-1.1294E-001
-4.6998E-001
 1.7716E-001
 3.5339E-001
-2.0413E-001
 1.0118E-001
 2.8696E-001
-2.0809E-001
 1.5625E-001
 1.4205E-001
-1.0360E-001
 2.0991E-001
 1.2302E-002
-3.6500E-002
 2.9042E-001
 2.7338E-001
-3.8069E-001
 2.8312E-001
 4.0692E-001
-4.2383E-001
 2.5875E-001
-1.3889E-002
-2.8789E-002
 2.4844E-001
-2.6858E-001
 8.7776E-002
 2.7257E-001
-2.5947E-001
 4.1178E-001
 2.7559E-001
-2.5281E-002
 5.1783E-001
 5.0927E-001
-2.0455E-001
-8.2415E-002
 2.8506E-001
-5.0152E-001
 5.5879E-001
 3.6813E-002
-5.2971E-001
 7.5171E-001
 8.9146E-002
-3.9521E-001
 3.2634E-001
 3.2933E-002
-2.7021E-001
-6.1888E-002
-5.2429E-002
-2.6117E-001
 3.2881E-001
 9.7434E-002
-9.2736E-002
 1.0986E-001
 3.0200E-002
-3.1554E-002
 1.3090E-002
 2.3447E-001
-2.0937E-001
 2.5046E-002
 5.3353E-001
-3.4166E-002
 3.3112E-002
-5.0868E-002
-2.0942E-001
 1.3567E-001
-4.4056E-001
 9.9714E-002
-2.6038E-002
 1.2922E-001
 7.4128E-002
-8.4223E-002
 1.7540E-001
 1.8256E-002
-8.5961E-002
 1.3713E-001
-3.0830E-003
-1.1922E-001
 1.0673E-001
 5.5240E-002
-1.5410E-001
 4.3792E-001
 5.8162E-001
-7.6550E-001
 7.2602E-001
 5.4230E-002
-5.8154E-002
 1.8984E-001
 2.6303E-002
-2.2258E-002
 1.8317E-001
-5.9290E-002
-3.8362E-002
 2.1137E-001
-1.8942E-001
-6.0824E-002
 2.4836E-001
 2.0182E-002
 3.5561E-002
 1.2736E-001
 6.4447E-003
 5.6095E-002
 1.0555E-001
-1.4284E-002
-9.3885E-002
 1.9873E-001
-9.5767E-002
-1.7428E-001
 3.0134E-001
-1.2493E-001
-1.0300E-001
 2.8539E-001
-8.7439E-002
-1.3474E-001
 2.2374E-001
-2.4696E-001
-1.4622E-001
 3.3821E-001
-2.0391E-001
-1.1454E-001
 4.1192E-001
-3.1016E-001
-1.0312E-001
 3.4602E-001
-4.3232E-001
-5.9150E-002
 2.6842E-001
-3.4205E-001
-9.0973E-002
 5.2049E-001
-4.4873E-001
-1.9199E-001
 5.3537E-001
-2.6185E-001
-1.1383E-001
 3.5489E-001
-3.1407E-001
-1.8112E-001
 4.4096E-001
-3.0782E-001
-2.1543E-001
 4.3482E-001
-3.3872E-001
-1.7818E-001
 5.4990E-001
-4.0871E-001
-3.3664E-001
 4.0421E-001
-6.8924E-001
-5.3184E-001
 5.8294E-001
-3.1361E-001
-2.4284E-001
 3.8744E-001
-3.9639E-001
-4.5016E-002
 7.7767E-001
-1.3828E-001
-1.0340E-001
 1.1559E+000
-1.4292E-001
 1.5909E-001
 1.1549E+000
-2.3141E-001
-1.5337E-001
 8.3437E-001
 4.8678E-001
-2.3100E-001
 1.0967E+000
-1.7775E-001
-1.5003E-001
 1.2531E+000
-6.8696E-002
-1.7395E-001
 1.4367E+000
-1.9552E-001
-3.1799E-001
 9.8429E-001
-1.7427E-001
-5.0120E-001
 1.0396E+000
-1.6965E-001
-2.8686E-001
 6.3834E-001
-1.3342E-001
-4.9344E-001
 3.0055E-001
-1.6888E-001
-2.2407E-001
 2.1760E-001
-1.2504E-001
-8.6681E-002
 2.5202E-001
-8.0983E-002
-5.9875E-001
-9.6112E-002
-1.0149E-001
-1.5728E-001
-3.4385E-001
-2.1871E-001
-2.2654E-001
 9.6996E-002
-2.2173E-001
-2.1908E-001
 1.3632E-001
-1.5262E-001
-6.9917E-002
-7.0086E-003
-1.2146E-001
 5.0586E-002
-5.1586E-002
-2.7306E-003
-3.9556E-001
 1.5671E-001
 8.6036E-002
-4.4917E-001
 1.4067E-001
-1.2149E-001
-6.3596E-002
-9.8889E-002
-6.6168E-002
 1.3491E-002
-9.6700E-002
 6.0083E-002
 1.4954E-001
 2.5808E-002
 1.6841E-001
 2.8495E-001
-3.9556E-002
-1.2078E-001
-6.2159E-002
-4.7919E-002
-3.0725E-001
-4.7327E-001
-1.1612E-001
 7.7186E-002
 1.1048E-001
 2.5816E-001
 9.7144E-002
 2.4748E-001
 4.1213E-001
 2.1054E-001
 2.4264E-001
 2.0565E-001
 3.6650E-001
 1.4934E-001
 2.2728E-001
-2.1818E-001
 2.8493E-001
 5.6666E-001
 7.2686E-001
 1.0245E+000
 1.6996E+000
 1.9499E-001
 1.6912E-001
 1.9947E-001
 2.8237E-001
 1.9175E-001
 3.0917E-002
 3.4004E-001
 2.9428E-001
-1.1294E-001
 4.3977E-001
 3.1374E-001
-1.1595E-001
 1.3428E-001
 4.5970E-002
-1.1035E-001
 1.9762E-001
 2.8182E-001
-6.7666E-002
 2.5455E-001
 3.5595E-001
-1.4018E-001
 2.9241E-001
 2.9818E-001
-7.8332E-002
 3.0268E-001
 2.9423E-001
-7.2789E-002
 2.0283E-001
 3.3273E-001
-1.8513E-001
 2.0702E-001
 4.5487E-001
-3.9681E-001
 2.9315E-001
 1.6067E-001
-6.2682E-002
 2.8639E-001
 1.3402E-001
-5.2221E-002
 3.8776E-001
 1.6655E-001
-3.0772E-002
 3.3227E-001
 1.3757E-001
-1.3104E-002
 2.8915E-001
 8.1830E-002
-3.6100E-002
 4.9584E-001
 1.8299E-001
 7.0294E-002
 5.3161E-001
 1.2104E-001
 2.7674E-002
 5.8414E-001
 2.0615E-001
-2.1885E-002
 5.8190E-001
 2.4212E-001
-1.3978E-002
 4.8826E-001
 1.4878E-001
-8.3702E-002
 2.1678E+000
-4.4942E-001
 1.7142E+000
 6.0147E-001
 2.3259E-001
-1.8776E-002
 6.5738E-001
 2.8416E-001
-6.2571E-002
 6.9811E-001
 3.5371E-001
-1.6538E-001
 8.5118E-001
 4.4106E-001
-1.8664E-001
 6.2421E-001
 1.8065E-001
-1.0714E-001
 6.1592E-001
 3.8012E-002
 2.1180E-001
 6.6505E-001
 3.3414E-001
-1.8294E-001
 6.1389E-001
 3.4761E-001
-1.9215E-001
 5.5793E-001
 1.3003E-001
-1.2336E-001
 5.2943E-001
 2.7744E-002
 5.2826E-003
 4.4825E-001
 3.5959E-001
-2.2027E-001
 4.0118E-001
 7.1670E-001
-2.1761E-001
 5.4121E-001
 4.7238E-002
-2.0009E-002
 5.2953E-001
-3.3625E-002
 6.4487E-002
 5.5644E-001
-7.8624E-002
 3.8413E-002
 6.4379E-001
-2.0131E-001
 1.0149E-001
 4.9702E-001
-8.5382E-003
 1.5431E-001
 2.3823E-001
 3.2732E-001
 5.2222E-001
 4.3773E-001
-2.9126E-002
-2.5691E-002
 4.8366E-001
-6.0248E-002
 1.2464E-002
 6.4777E-001
-2.4968E-001
-1.0193E-001
 7.3427E-001
-3.4035E-001
-1.0826E-002
 2.4758E-001
 2.8293E-002
-8.0983E-002
-4.5294E-002
 1.3521E+000
-2.7046E+000
 6.7713E-001
-3.1514E-001
-2.4872E-001
 7.7799E-001
-3.5864E-001
-3.0434E-001
 8.8717E-001
-3.6447E-001
-2.2278E-001
 1.0017E+000
-3.9075E-001
-2.1180E-001
 7.5975E-001
-4.2630E-001
-4.1412E-001
 7.2660E-001
-3.8960E-001
-4.3553E-001
 7.9823E-001
-3.6015E-001
-1.6881E-001
 8.3194E-001
-3.8501E-001
-1.1248E-001
 8.2203E-001
-5.0724E-001
-2.7599E-003
 8.2464E-001
-5.5029E-001
 1.0531E-001
 7.5140E-001
-2.9827E-001
-1.0451E-001
 7.8407E-001
-9.2209E-002
 1.0128E-001
 8.0501E-001
-5.5856E-001
 3.9034E-002
 7.9699E-001
-6.1406E-001
 1.5112E-001
 6.8547E-001
-5.2201E-001
 2.7676E-001
 6.4183E-001
-6.5140E-001
 3.3436E-001
 6.1286E-001
-3.1556E-001
 2.6989E-001
 5.5061E-001
-2.7703E-001
 3.4200E-001
 5.2013E-001
-3.0418E-001
 3.0692E-001
 5.2981E-001
-3.0889E-001
 2.2095E-001
 4.7216E-001
-8.5755E-002
 3.9614E-001
 3.8397E-001
-6.5810E-002
 4.4147E-001
 5.0693E-001
-2.9020E-001
 3.3322E-001
 4.5307E-001
-2.9747E-001
 3.9375E-001
 3.2198E-001
-1.4616E-001
 3.8649E-001
 4.0952E-001
 8.7073E-002
 4.7393E-001
 5.1324E-001
-3.5949E-001
 6.0196E-001
 5.5314E-001
-4.0805E-001
 7.0259E-001
 1.7831E-001
-2.9019E-001
 2.5330E-001
 1.0471E-001
-1.2509E-001
 2.2104E-001
 5.6051E-002
-1.0579E-001
 2.1286E-001
-1.5850E-003
-9.1770E-002
 2.8020E-001
 6.3302E-002
-9.5041E-003
 9.9538E-002
 3.0137E-003
 8.1859E-002
 2.0377E-001
 1.4712E-002
-8.7507E-002
 2.2185E-001
-4.2611E-002
-1.4436E-001
 3.3330E-001
-1.9745E-001
-6.7016E-002
 2.5071E-001
-2.5480E-001
-9.4879E-002
 2.0683E-001
-8.5232E-002
-2.8090E-001
 6.2660E-001
 1.5144E-003
-4.0568E-001
 6.5465E-001
-2.1890E-001
-8.3772E-002
 3.4987E-001
-2.3810E-001
 1.1960E-002
 3.1950E-001
-2.3087E-001
-1.5125E-001
 4.0755E-001
-1.1987E-001
-2.3482E-001
 4.8893E-001
-4.9013E-002
 2.5073E-001
 2.6005E-001
-2.8325E-001
-1.0762E-001
 4.1249E-001
-3.1000E-001
-2.0202E-001
 4.8070E-001
-2.4850E-001
-2.4670E-001
 5.4378E-001
-2.8696E-001
-1.8809E-001
 4.5880E-001
-3.7870E-001
-2.5899E-001
 5.0335E-001
 1.6875E-002
-3.0493E-002
 7.1201E-001
-1.7706E-001
-4.0668E-001
 7.0424E-001
-8.0776E-002
-4.9264E-001
 7.9951E-001
-6.4587E-001
-5.1804E-001
 7.9652E-001
-8.1563E-001
-2.3534E-001
 5.6879E-001
 2.8787E-001
-8.1199E-001
 1.2874E+000
-7.0812E-001
-5.7270E-001
 8.7649E-001
-1.2047E+000
-8.2229E-001
 7.6961E-001
-1.0813E+000
-7.5895E-001
 6.1844E-001
-1.0737E+000
-5.1682E-001
 5.1975E-001
-1.5632E+000
-1.0288E+000
 1.2679E+000
 7.5170E-002
-5.8565E-001
-7.1530E-001
-9.0452E-001
-8.7562E-001
 5.9267E-001
-8.7139E-001
-8.4706E-001
 4.5646E-001
-8.4918E-001
-8.8851E-001
 2.6851E-001
-6.8876E-001
-7.3408E-001
 1.1375E-001
-7.9970E-001
-8.8849E-001
 4.7644E-001
-1.1567E+000
-8.5530E-001
 4.6561E-001
-9.9677E-001
-9.4605E-001
 4.2986E-001
-1.0323E+000
-9.9584E-001
 3.4144E-001
-9.2438E-001
-6.9633E-001
 4.4285E-001
-8.1635E-001
-5.4266E-001
 2.5621E-001
-1.0375E+000
-1.2631E+000
 5.3588E-001
-1.0445E+000
-1.6226E+000
 4.7349E-001
-9.3095E-001
-5.7802E-001
 5.9488E-001
-9.1986E-001
-3.6521E-001
 6.2392E-001
-6.9534E-001
-3.4734E-001
 5.0851E-001
-5.0497E-001
-3.8217E-001
 7.1227E-001
-1.1467E+000
-4.3021E-001
 6.1069E-001
-1.5241E+000
-2.6197E-001
 5.2091E-001
-6.9175E-001
-3.5796E-001
 3.4244E-001
-5.2130E-001
-3.1064E-001
 2.3638E-001
-5.2403E-001
-3.4953E-001
 8.2856E-002
-4.6875E-001
-2.5056E-001
 5.4583E-002
-5.0206E-001
-4.6642E-001
 1.4777E-001
-5.0056E-001
-5.1629E-001
 9.9154E-003
-5.9713E-001
-4.1920E-001
 6.2878E-002
-4.6807E-001
-4.1347E-001
-1.2118E-001
-4.5555E-001
-2.7722E-001
-3.5761E-002
-3.4274E-001
-1.3581E-001
-8.9087E-002
-4.5295E-001
-6.4097E-001
-1.4079E-001
-3.6072E-001
-7.1701E-001
-4.0497E-002
-5.6870E-001
-2.8084E-001
 1.4499E-001
-6.1504E-001
-1.2181E-001
 1.3317E-001
-5.1524E-001
-1.0980E-001
 1.5716E-001
-4.6896E-001
-4.7889E-002
 2.1848E-001
-7.7255E-001
-5.4668E-002
 3.8690E-002
-4.8555E-001
-9.6223E-001
 2.0784E+000
-4.6920E-001
-1.0666E-001
 1.2623E-001
-3.2666E-001
-7.1720E-002
 1.7722E-001
-3.0157E-001
-1.0553E-002
 1.0890E-001
-2.1031E-001
 7.6174E-002
 1.4726E-001
-2.1127E-001
-1.4495E-002
 1.6582E-001
 1.2572E-001
-1.3770E-001
-1.6871E-001
-3.2928E-001
-5.0576E-003
 6.0328E-002
-1.9584E-001
 3.1906E-002
-4.3934E-002
-2.2268E-001
-5.2538E-003
-8.4248E-002
-1.9694E-001
 8.6623E-002
-1.2551E-001
-1.6750E-001
-1.4493E-001
-9.6721E-002
-1.8622E-001
-1.0889E-001
-1.8158E-001
-1.6282E-001
-1.2468E-001
-1.1227E-001
-1.9835E-001
-2.8705E-001
-3.2561E-001
-2.1171E-001
-5.0999E-002
-2.0545E-001
-1.0633E-001
 7.7947E-002
-2.0333E-001
-2.8546E-001
-7.1789E-001
-2.1777E-001
-9.5374E-001
 9.3627E-002
-3.2720E-001
-2.9464E-001
 7.0249E-003
-5.2393E-002
-3.1767E-001
 7.5340E-002
-6.9413E-003
-2.6297E-001
 4.0043E-002
 2.6177E-002
-2.2674E-001
-1.6522E-002
 7.9044E-002
-4.6198E-001
 8.5255E-002
-9.6011E-002
-1.9856E-001
 3.2669E-002
-4.4340E-002
-1.1329E-001
 5.1235E-002
-3.0056E-002
-1.4725E-001
 7.3930E-002
 2.8081E-002
-3.6402E-002
 8.0424E-002
 5.4135E-002
-2.8152E-001
 3.4488E-002
-2.0261E-002
-2.6216E-001
-6.1143E-002
-1.3503E-001
-2.5443E-001
-1.2216E-001
 2.6380E-002
-3.3137E-001
-1.4542E-001
 7.1671E-002
-2.2871E-001
 3.7382E-003
-3.3378E-001
-2.7897E-002
-5.4143E-001
-7.6829E-002
-1.8655E-001
-1.3804E-001
 6.0990E-002
-1.6030E-001
-2.0743E-001
 9.2568E-002
-5.6859E-002
-2.1270E-001
 1.3379E-001
 6.1125E-002
-1.3140E-001
 4.4046E-002
-2.0216E-001
-3.4442E-001
 1.2494E-001
-5.3337E-001
-4.9748E-001
 2.5611E-001
-3.7528E-002
-2.9590E-001
 1.7704E-001
 1.1929E-002
-2.7992E-001
 1.4490E-001
-5.0073E-002
-2.2840E-001
 7.0096E-002
-5.5239E-002
-2.1631E-001
 1.0281E-001
 2.5563E-002
-3.0918E-001
 1.7963E-001
-4.3977E-002
-8.1488E-002
 2.2055E-001
-5.8309E-002
-1.5790E-001
-6.0497E-002
-1.4405E-001
-8.8784E-002
-1.5698E-001
-9.4984E-002
-1.5802E-001
-4.9135E-003
-1.4073E-002
-1.6089E-001
 1.0832E-001
-2.2487E-001
 1.7733E-001
-3.0174E-001
-1.7681E-001
-1.2242E-001
-4.5913E-002
-1.2137E-001
-1.2595E-001
 2.4461E-002
-8.3157E-002
-7.5811E-002
 1.6418E-001
-1.1178E-001
-1.0021E-001
 8.0595E-002
-2.5875E-002
-2.0740E-001
-3.2137E-002
-4.7876E-002
-9.0461E-003
 4.0489E-001
-5.0030E-002
 5.7031E-002
 3.9965E-001
-1.4469E-001
 3.0991E-001
 2.6254E-001
 2.3981E-002
 2.9144E-001
 1.3696E-001
-1.0850E-002
-6.5278E-002
 3.1100E-001
 1.7661E-002
-1.6513E-001
 1.5689E-001
-4.0629E-001
 5.5028E-001
 3.4763E-001
-5.6169E-001
 7.6192E-001
 2.5079E-001
-2.9499E-001
 5.5731E-001
 3.8456E-001
-8.6434E-002
 4.7138E-001
 3.3126E-001
-5.9816E-001
 1.2370E+000
 3.3058E-001
-1.5081E+000
-1.1197E+000
-5.9421E-001
-4.0389E-001
 3.3687E-001
 4.5722E-001
-2.9407E-001
 1.6640E-001
 3.9673E-001
-2.6679E-002
 2.9712E-001
 3.0456E-001
-3.4603E-002
 4.7361E-001
 3.4881E-001
-4.1215E-001
 3.5361E-002
 4.4775E-001
-4.3022E-001
 2.2938E+000
-8.2565E-001
 6.9725E-002
 2.6018E-001
 1.0216E-001
 1.7207E-001
 3.0611E-001
 9.8699E-002
 3.7994E-001
 3.1920E-001
 1.7724E-002
 4.8173E-001
 5.4380E-001
-1.1878E-001
 1.5502E-001
 3.3828E-001
 2.3724E-001
 2.2459E-001
 2.8432E-001
 7.5246E-002
 3.9292E-001
 1.3618E-001
 8.8315E-002
 5.8193E-001
 1.8883E-001
 3.2534E-002
 4.7528E-001
 3.1422E-001
 9.6725E-002
 4.8554E-001
 3.4113E-001
 9.7382E-002
 6.1795E-001
-1.4947E-002
 2.0553E-001
 7.1708E-001
-1.5892E-001
 1.7229E-001
 3.7739E-001
 3.8613E-001
 2.1639E-001
 3.4480E-001
 4.3592E-001
 2.9741E-001
 2.6950E-001
 4.9029E-001
 6.5473E-002
 1.9777E-001
 4.2534E-001
 2.1128E-001
 2.6875E-001
 5.4041E-001
 4.8314E-001
 2.8875E-001
 5.0067E-001
 4.1471E-002
 1.6626E-001
 5.0709E-001
-2.2738E-001
 3.6693E-001
 5.7330E-001
-1.9191E-001
 3.8474E-001
 6.4117E-001
-1.9071E-001
-2.0840E-001
 3.3234E-001
-1.2997E-001
 4.3253E-001
 4.7128E-001
-2.4556E-001
 4.7410E-001
 4.3186E-001
-3.4994E-001
 4.3015E-001
 3.9706E-001
-2.9657E-001
 4.6668E-001
 5.0507E-001
-3.2780E-001
 4.8928E-001
 3.6095E-001
-4.6849E-001
 1.6792E+000
-1.6794E+000
-8.6173E-001
 4.1729E-001
 2.2568E-001
-1.4438E-001
 3.0554E-001
 2.2278E-001
-9.7823E-002
 1.9847E-001
 3.6323E-001
 1.3302E-001
 2.9298E-001
 5.3965E-001
 5.2925E-002
 1.3342E-001
-1.4038E-002
-1.3740E-001
 1.2840E-001
-2.7380E-001
-5.1289E-001
-2.9264E-002
 5.5076E-001
 3.4817E-001
-1.3540E-001
 6.0562E-001
 2.3750E-001
-1.8548E-001
 5.0257E-001
 2.4280E-001
 7.4282E-002
 2.2979E-001
 4.2926E-001
-6.8954E-002
 6.4594E-001
-2.9272E-003
-9.6209E-002
 4.2805E-001
-2.6047E-002
 5.0368E-002
 4.4605E-001
-1.3289E-001
 6.4494E-002
 4.2506E-001
-1.5520E-001
-8.0032E-002
 3.3701E-001
-1.0364E-001
-2.6772E-001
-9.9108E-002
-3.6341E-001
 1.0139E-001
 4.5258E-001
-2.5549E-001
 3.9466E-002
 4.7169E-001
-3.3416E-001
 2.1449E-001
 4.7433E-001
-4.3704E-001
 5.4967E-001
 8.3470E-001
-5.7529E-001
-5.7419E-002
 4.7855E-001
-1.5970E-001
-2.0633E-001
 5.1975E-001
-7.6091E-002
 1.1184E-001
 1.5570E-001
-4.2274E-001
 2.4355E-001
 6.2760E-002
-5.2778E-001
 1.0010E-001
 1.4750E-001
-3.8107E-001
-1.6079E-001
 3.7469E-001
-1.3826E-001
 2.2202E-001
-3.0191E-001
-5.4133E-001
 1.1502E-001
-9.5822E-001
-1.3113E+000
 2.5052E-001
-3.6096E-002
-5.5549E-001
 1.7029E-001
 4.1477E-002
-5.5067E-001
 1.8854E-001
 2.7108E-001
-6.2964E-001
 1.6982E-001
 4.2653E-001
-6.8061E-001
 2.7275E-002
 2.9984E-002
-4.7421E-001
-2.4024E-002
-3.2466E-001
-4.1816E-001
 1.7801E-001
 1.6974E-001
-6.4083E-001
 2.0766E-001
 4.8299E-001
-7.0385E-001
 9.8278E-002
 4.1705E-001
-7.0875E-001
 1.2802E-002
 3.7892E-001
-7.0530E-001
 4.8667E-002
 6.8868E-001
-7.2312E-001
 1.5337E-001
 2.3748E-002
-6.5303E-001
 3.8758E-002
 3.9577E-001
-6.9570E-001
-6.9186E-002
 3.2585E-001
-7.0149E-001
-1.1125E-001
 3.3262E-001
-6.4462E-001
-1.5397E-001
 2.6603E-001
-6.4586E-001
-8.7112E-002
 3.1092E-001
-7.2133E-001
-9.7589E-002
 3.5644E-001
-6.3013E-001
-9.8816E-002
 3.3387E-001
-5.9636E-001
-1.8229E-001
 3.1807E-001
-4.6486E-001
-3.1365E-001
 2.6562E-001
-2.8723E-001
-1.0420E-001
 3.9198E-001
-5.8016E-001
-7.1970E-002
 3.8795E-001
-4.0793E-001
-2.5452E-001
 2.0025E-001
-3.3692E-001
-2.2280E-001
 1.8831E-001
-2.8446E-001
 4.7447E-002
 5.6947E-001
-5.3152E-001
-2.2857E-001
 5.8455E-002
-4.2410E-001
-3.0547E-001
-4.6346E-002
-3.8661E-001
-2.8609E-001
-2.5397E-002
-4.0476E-001
-2.7092E-001
-1.1872E-001
-3.9567E-001
-2.6647E-001
-1.5807E-001
-4.3074E-001
-2.1217E-001
 1.2265E-001
-3.5419E-001
-2.3193E-001
 2.4535E-002
-3.8425E-001
-1.5406E-001
 7.0677E-002
-2.4299E-001
-8.9472E-002
 1.8484E-001
-1.9490E-001
-2.9904E-001
 4.6299E-002
-5.1541E-001
-3.1086E-001
-2.8875E-001
-1.0013E+000
-1.3838E-001
-6.0813E-002
-2.4971E-001
-1.2050E-001
 1.3261E-002
-4.8732E-002
-1.4814E-001
-1.8126E-002
 4.9476E-003
-1.9652E-001
 1.1550E-001
 1.6736E-001
-2.7418E-001
-1.1681E-002
 4.0412E-003
-1.2368E-001
-1.8279E-002
-1.8646E-002
-9.1771E-002
-1.7059E-002
-6.3175E-002
-1.3054E-001
-2.4448E-002
-5.7379E-002
-2.7030E-002
 2.9718E-002
-1.2700E-001
-1.1699E-001
-1.6714E-002
-1.2881E-001
-3.2462E-001
 6.9417E-002
-1.9076E-001
-3.6833E-001
-5.2177E-002
 3.0382E-002
-3.8150E-001
 3.5035E-002
 1.7893E-002
-3.7437E-001
 2.8824E-002
 1.0335E-001
-3.7239E-001
 1.6266E-002
 1.1025E-001
-4.6606E-001
 1.6650E-001
 9.0609E-002
-3.4436E-001
 2.8701E-002
 2.2878E-001
-3.7080E-001
 1.8771E-002
 3.7020E-001
-2.4855E-001
 9.0223E-002
 4.4697E-001
-1.2740E-001
 3.3675E-001
 3.1004E-001
-2.1559E-001
-8.4596E-002
 6.6268E-001
-1.4297E-001
 1.0377E-001
 6.9037E-001
-1.7238E-001
 1.2626E-001
 4.3503E-001
-1.4917E-001
 1.3240E-002
 3.5050E-001
-8.0224E-002
-8.4860E-002
 9.2377E-001
-2.4165E-001
-1.7322E-001
 8.4256E-001
-2.6325E-001
 2.4872E-001
 3.5624E-001
-3.5537E-001
 2.6999E-001
 1.3063E-001
-1.9174E-002
 2.2308E-001
-1.8240E-001
 1.8320E-002
 1.5600E-001
-1.2481E-001
-8.6685E-001
 3.6375E-001
-1.5963E-001
 9.3731E-001
 4.5181E-001
 7.2885E-001
 1.5561E-001
 1.7505E-001
-3.9380E-001
 4.2730E-001
 1.6696E-001
-6.9672E-001
 2.2443E-001
 1.8747E-001
-1.0458E+000
-6.2320E-002
 2.3827E-001
-1.0679E+000
 6.1895E-001
 2.0162E-001
-4.7426E-001
 9.0668E-001
 1.8520E-001
-4.1967E-001
 3.0399E-001
 1.6410E-001
-1.4463E+000
 1.5284E-001
 2.4611E-001
-1.7843E+000
 3.3439E-001
 2.9767E-001
-1.9071E+000
 3.9432E-001
 3.6358E-001
-1.9411E+000
-4.7232E-002
 3.0144E-001
-2.0133E+000
 3.0665E+000
 1.0448E-001
-1.3151E+000
 3.3392E-001
 2.4879E-001
-1.8080E+000
 3.6391E-001
 2.6897E-001
-1.8013E+000
 3.4656E-001
 1.9403E-001
-1.7780E+000
 2.3824E-001
 1.3042E-001
-1.3911E+000
 3.5525E-001
 4.1693E-001
-1.6670E+000
 3.0723E-001
 1.9972E-001
-1.7685E+000
 1.9180E-001
-1.7075E-001
-2.2648E+000
-3.1403E-002
-6.0238E-001
-1.9871E+000
-7.6534E-002
-3.4034E-001
-1.3117E+000
-2.1903E-001
-6.2797E-001
-9.0563E-001
-6.1521E-002
-8.0866E-001
-2.4495E+000
-1.8244E-001
 1.4655E-001
-1.2505E+000
-1.9425E-001
 3.5012E-001
-8.2089E-001
-3.4129E-001
 5.6451E-001
-4.0484E-001
-5.0296E-001
 5.1669E-001
 1.1777E-001
 1.5811E-001
 8.3636E-001
-9.1119E-001
-3.6881E-001
 5.4286E-001
-7.0750E-001
-2.7635E-001
 3.3607E-001
-5.8237E-001
-5.0414E-001
 5.0223E-001
-4.3966E-001
-5.9171E-001
 5.0277E-001
-3.7471E-001
-9.7131E-002
-1.9361E-002
-3.0615E-001
 9.4082E-001
 4.8235E-001
-4.0081E-001
-3.7500E-001
 4.6224E-001
-5.1111E-001
-3.0808E-001
 4.7103E-001
-5.8027E-001
-2.1394E-001
 5.8985E-001
-5.3937E-001
-2.7602E-001
 6.4096E-001
-4.9708E-001
-3.7340E-001
 4.2508E-001
-6.6419E-001
-5.9564E-001
 4.9632E-001
-9.4385E-001
-2.4072E-001
 3.8024E-001
-4.1558E-001
-2.1551E-001
 1.8934E-001
-3.1969E-001
 4.5671E-002
 2.5340E-001
-1.3038E-001
-3.6937E-002
 2.1358E-001
-8.5997E-002
 2.0657E-001
 4.3622E-002
 2.2806E-002
 3.6612E-001
-1.9024E-002
-8.0195E-003
 4.6832E-001
 1.1213E-001
-8.1232E-002
 3.3381E-001
 3.2869E-001
-2.3519E-001
 3.7431E-001
-1.6135E-001
 1.6601E-002
 3.5733E-001
-4.3856E-001
-3.9625E-001
 4.4632E-001
 6.8391E-002
 3.1085E-002
 3.0704E-001
 1.6685E-001
 1.1165E-001
 2.2341E-001
 1.8586E-001
 8.9885E-002
 1.6050E-001
 1.5612E-001
 6.8729E-002
 2.0540E-001
 1.6342E-001
 1.0656E-001
 1.9421E-001
 1.6800E-001
 1.5906E-001
 1.9438E-001
 1.7197E-001
 1.6712E-001
 1.6301E-001
 2.0151E-001
 1.7232E-001
 1.9618E-001
 1.6990E-001
 2.3144E-001
 1.9288E-001
 2.0323E-001
 2.6157E-001
 1.3274E-001
 1.8384E-001
 6.2273E-002
 1.2717E-001
 1.4130E-001
 8.5443E-002
 8.8709E-002
 1.7943E-001
 7.1259E-002
 6.9659E-002
 1.7084E-001
 3.2847E-002
 5.1215E-002
 1.4343E-001
 7.4228E-002
-8.7642E-002
 1.8934E-001
 5.9495E-002
-1.0023E-001
 1.1842E-001
 3.7355E-002
-9.6924E-002
 3.0852E-002
 2.5191E-002
-2.6260E-001
 2.7420E-001
 4.2206E-002
-3.2186E-001
 2.2981E-001
 1.1007E-001
-8.4136E-002
 1.4720E-001
 7.9020E-002
-1.3097E-001
 1.6584E-001
 1.0172E-001
-1.5219E-001
 1.5563E-001
 9.9474E-002
-1.4615E-001
 1.0039E-001
 1.0619E-001
-1.4429E-001
 1.7163E-001
 1.1346E-001
-1.3798E-001
 1.8961E-001
 8.8061E-002
-1.6967E-001
 1.3529E-001
 8.1680E-002
-2.1221E-001
 7.8181E-002
 1.3366E-001
-1.8371E-001
 2.1395E-001
 7.3327E-002
-3.4116E-001
 4.8167E-002
-3.6914E-002
-1.2528E-001
 1.5549E-001
 3.0740E-002
-1.6394E-001
 7.6283E-002
 2.4241E-002
-1.7690E-001
 9.0874E-002
 1.3958E-001
-1.2154E-001
 8.2715E-002
 1.8666E-001
-1.7109E-001
 1.0169E-001
-3.8238E-002
 2.8120E-001
 1.3284E-001
-4.2738E-001
-2.1310E-001
 2.8516E-002
 1.5256E-001
-2.2188E-001
 6.1439E-002
 2.3525E-001
-2.1196E-001
 2.5976E-002
 2.4093E-001
-1.6407E-001
-1.4370E-002
 2.4923E-001
-2.5137E-001
 7.9349E-002
 3.1131E-001
 3.7776E-001
-3.4584E+000
-1.4013E+000
-3.8960E-001
 1.1268E-001
 1.3737E-001
-4.4955E-001
-9.3579E-002
 2.0496E-001
-2.7826E-001
-8.2727E-002
 1.9402E-001
-2.8210E-001
-6.2397E-002
 1.9502E-001
-7.5897E-001
-5.5871E-002
 1.8189E-001
 1.7400E+000
-3.6787E-002
 1.7114E+000
-2.2355E-001
-7.0990E-002
 1.6723E-001
-1.8390E-001
-1.0848E-001
 1.4979E-001
-1.6742E-001
-1.4389E-001
 6.6937E-002
-1.8164E-001
-1.2542E-001
 9.4635E-002
-1.8049E-001
-9.9057E-002
 1.2980E-001
-1.4185E-001
-8.3674E-002
 7.9534E-001
-1.5996E-001
-2.5072E-001
-7.7324E-002
-1.8418E-001
-2.8308E-001
-2.1618E-001
-2.6104E-001
-3.2755E-001
-1.9257E-001
-2.0880E-001
-2.9314E-001
-5.3811E-002
-1.4483E-001
-1.7145E-001
-4.4711E-001
-2.9430E-002
-1.2637E-001
-5.0679E-001
-2.9740E-001
-2.0408E-001
-3.1301E-001
-3.7925E-001
 4.9842E-002
-2.4001E-001
-3.6750E-001
 8.2589E-002
-1.0635E-001
-3.0407E-001
 1.5782E-001
-2.5686E-003
-3.6585E-001
 2.0871E-001
-4.8910E-001
 9.1829E-001
-6.0787E-001
 7.2555E-001
-3.2638E-001
 8.0656E-003
-9.9569E-002
-2.9578E-001
 7.6598E-002
 6.0941E-002
-2.1312E-001
 1.2778E-002
 1.7015E-001
-1.6923E-001
 5.8676E-002
 2.4168E-001
-2.9790E-001
 1.1410E-001
 7.1822E-002
-3.0315E-001
 4.0692E-001
 3.8371E-001
-1.8602E-001
-6.3401E-003
 1.4859E-001
-4.5602E-002
-3.8959E-003
 1.2663E-001
-7.2623E-002
 2.9816E-002
 1.3084E-001
 2.8460E-002
 8.3526E-002
 2.0817E-001
 1.9750E-002
-9.5235E-002
 6.3164E-002
 1.7688E-001
-5.2658E-001
 6.9207E-001
-1.6949E-001
-7.5436E-002
 3.9093E-002
-1.2953E-001
-1.0581E-001
 2.4423E-002
-1.4892E-001
-2.7072E-002
 8.3508E-002
-1.7127E-001
-4.4148E-002
 3.6545E-002
-1.6514E-001
-1.4428E-001
-3.9758E-002
-1.5928E-001
-5.6297E-002
 1.6641E-001
-1.6623E-001
-7.7702E-002
 1.6707E-001
-1.3928E-001
-7.2763E-002
 2.3202E-001
-3.6274E-003
-8.6366E-002
 1.9228E-001
-1.5535E-001
-8.1233E-002
 1.3574E-001
-1.6248E-001
 1.0847E-002
 2.1268E-001
-4.1775E-002
 1.2117E-001
 2.3283E-001
 3.8046E-002
 8.8014E-002
 2.2745E-001
 1.0421E-001
 1.1712E-001
 1.9331E-001
-5.4907E-002
 1.0277E-001
 1.8135E-001
 8.9025E-002
-7.1512E-002
 1.1827E-001
 3.6095E-002
 2.7352E-002
 2.2806E-001
 7.0911E-002
-3.4235E-003
 1.6499E-001
 4.3521E-002
-1.2727E-002
 1.4019E-001
-3.7834E-002
-2.7800E-003
 1.0379E-001
 1.2957E-001
-1.2569E-002
 1.0529E-001
 2.4056E-001
-3.4897E-002
 9.9679E-002
 7.1764E-002
-7.6798E-002
 1.6783E-001
 7.9995E-002
-6.5011E-002
 1.6596E-001
 1.0821E-001
 3.5684E-002
 1.8949E-001
 1.6737E-001
 9.8278E-002
 3.3564E-001
 3.3443E-002
-4.2772E-002
 8.9999E-002
 5.0685E-001
-2.8018E-001
 9.3625E-002
 1.1230E-001
 4.2185E-002
 1.7644E-001
 9.9977E-002
 3.7915E-002
 1.9938E-001
 8.7972E-002
 3.6123E-002
 1.8510E-001
 1.4020E-001
 2.0155E-002
 9.2635E-002
 9.7634E-002
 5.3997E-003
 1.4236E-001
 4.2645E-002
 9.8080E-002
 1.8234E-001
 4.1132E-002
 1.2335E-001
 1.1794E-001
 8.0565E-002
 1.2007E-001
 8.4067E-002
 9.2675E-002
 1.0803E-001
-2.7779E-002
-4.1184E-002
 1.7806E-001
 1.3508E-001
-3.1837E-002
 3.1164E-001
 5.5818E-002
 8.7815E-002
 1.1287E-001
 5.5368E-002
 6.1005E-002
 1.8570E-001
 1.4109E-001
 1.8746E-001
 1.9523E-001
 1.0440E-001
 2.2408E-001
 2.0725E-001
 3.1558E-002
 1.2632E-001
 3.2845E-001
 3.0231E-001
 5.5529E-002
 4.0703E-001
 3.2585E-001
 2.1917E-001
 1.3949E-001
 1.4355E-001
 2.6924E-001
 4.1167E-002
 1.1273E-001
 2.9654E-001
 8.9747E-002
-2.4370E-003
 3.6999E-001
 1.0699E-001
-3.1918E-002
 2.6982E-001
-2.8864E-002
 2.2045E-001
-1.7274E+000
 7.3123E-001
-1.0710E+000
 2.4450E-001
 8.3306E-002
-5.2920E-002
 2.3756E-001
 7.2923E-002
-1.2289E-001
 2.3943E-001
 7.5473E-002
-1.4519E-001
 2.5038E-001
 4.7153E-002
-2.2438E-001
 2.0376E-001
 1.5122E-001
-1.1434E-001
 1.1976E-001
-7.0135E-001
-2.8647E+000
 1.9038E-001
 8.4064E-002
-1.3299E-001
 1.7884E-001
 1.0877E-001
-1.9968E-001
 2.0590E-001
 5.0308E-002
-2.3908E-001
 1.6210E-001
 5.2452E-002
-2.8701E-001
 1.2911E-001
 1.8407E-001
-1.3309E-001
 1.9308E+000
-2.1882E+000
-2.0207E-001
 2.8899E-001
 8.4877E-002
-1.8350E-001
 2.1329E-001
 1.9131E-001
-1.7276E-001
 2.4035E-001
-7.1678E-003
-2.8344E-001
 2.1380E-001
-2.0402E-002
-3.6338E-001
 4.8815E-001
 4.6376E-001
-9.0542E-002
 3.4645E-001
 1.2309E-001
 6.7903E-001
 2.9243E-001
-7.9658E-002
-2.8741E-001
 2.6127E-001
-2.0543E-001
-3.3858E-001
 1.8434E-001
-2.6760E-001
-3.8183E-001
 1.2441E-001
-4.3244E-001
-4.0004E-001
 2.6284E-001
-2.2731E-001
-3.0592E-001
 4.3459E-001
-2.0515E-001
-1.1920E-002
 1.8356E-001
-1.9382E-001
-3.8831E-001
 1.9827E-001
-1.4084E-001
-4.2690E-001
 1.7310E-001
-9.0612E-002
-3.7447E-001
 1.9577E-001
-9.8510E-002
-3.0423E-001
 1.2726E-001
-9.1393E-002
-4.1401E-001
 1.0873E-001
-7.3341E-002
-3.9790E-001
 1.2603E-001
 3.9376E-002
-3.9108E-001
 1.3683E-001
 1.1180E-001
-3.8462E-001
 7.9692E-002
-9.4468E-002
-3.6549E-001
 5.3266E-002
-1.1754E-001
-3.4090E-001
 1.0815E-001
 1.2908E-001
-3.7090E-001
 1.8337E-001
 2.3065E-001
-3.5809E-001
 1.5471E-001
 2.2606E-001
-4.4946E-001
 1.8215E-001
 1.6193E-001
-3.9703E-001
 2.1266E-001
 3.1540E-001
-4.1917E-001
 2.5306E-001
 7.2735E-001
-4.3648E-001
 1.0505E-001
 2.1530E-001
-5.4950E-001
 3.8833E-002
 2.3428E-001
-6.9243E-001
-7.2797E-003
 1.8501E-001
-6.0743E-001
 1.6351E-002
 2.0303E-001
-5.7063E-001
-3.6531E-002
 2.3957E-001
-8.7429E-001
-1.1616E-001
 6.2218E-001
-8.4826E-001
-4.9584E-002
 1.4793E-001
-5.9745E-001
-7.3511E-002
 1.2036E-002
-5.7665E-001
-2.6761E-002
 2.3571E-003
-5.0823E-001
-1.3303E-002
-1.9488E-003
-3.4808E-001
 1.2548E-001
 9.7515E-002
-6.2666E-001
-1.7514E+000
-2.3526E+000
 4.5490E+000
-7.6820E-001
-8.4020E-001
 3.0357E-001
-2.5419E-001
 6.9050E-001
 8.7235E-001
-9.8355E-001
 9.1895E-003
-9.3950E-002
 2.4003E+000
-1.7835E+000
-1.9813E+000
-7.5229E-001
-6.1434E-001
-2.6628E+000
-1.0838E+000
 4.6057E+000
 2.2353E+000
-1.2650E-001
 7.5618E-001
 8.2854E-001
-9.4611E-001
 1.2732E+000
-6.6389E-001
-7.8387E-001
 1.7990E-001
 2.6085E-001
 3.3536E+000
-4.2301E-001
-6.7455E-001
-2.2821E+000
 1.5276E+000
-2.3091E+000
-8.7946E-001
 1.2032E+000
-9.8341E-001
-1.4096E+000
-3.8034E-001
-5.7368E-001
-7.7314E-001
 9.4149E-001
-9.1572E-003
 2.5946E+000
 2.6023E-001
-2.4096E+000
-1.1485E+000
 1.9298E+000
-3.0000E+000
-9.4835E-002
 7.8488E-002
-3.0426E-001
-1.2420E-001
 1.5085E-001
-1.2545E-001
 2.6454E-003
 3.3614E-001
-9.9948E-002
 4.7398E-003
 4.5017E-001
 2.3503E-002
-3.5694E-001
 7.3089E-002
 7.0703E-002
-1.3963E+000
 6.3033E-001
 3.0010E-001
 1.3896E-001
 2.7012E-001
-1.9571E-001
 2.2420E-001
 1.9967E-001
-1.3828E-001
 3.7177E-001
 1.3045E-001
-1.6373E-001
 4.8046E-001
 1.4398E-001
-7.7276E-002
 1.6143E-001
 1.1422E-001
-2.5957E-001
-4.3345E-001
 2.8676E-001
-2.6412E-001
 4.1620E-001
 4.9301E-002
-2.0093E-001
 5.4224E-001
-4.5328E-002
-1.7936E-001
 5.4088E-001
-1.1023E-001
-3.0201E-001
 5.9182E-001
-1.1732E-001
-2.8496E-001
 4.6482E-001
-2.1187E-001
-2.1807E-001
 6.0549E-002
 1.2080E-001
 3.7084E-001
 2.8666E-001
-9.1488E-002
-3.7511E-001
 2.9024E-001
-3.2282E-002
-3.0658E-001
 5.3448E-001
-1.4006E-001
-5.7718E-001
 6.9332E-001
-9.2105E-002
-6.0504E-001
 4.8913E-001
 7.6174E-002
 4.8506E-002
 9.7886E-001
-4.1950E-001
 2.1738E-001
 4.3721E-001
-1.3798E-001
-4.1691E-001
 5.6663E-001
-1.1978E-001
-6.5464E-001
 5.6741E-001
-1.1570E-001
-7.8218E-001
 6.8366E-001
-2.1254E-001
-7.2066E-001
 8.1446E-001
 5.6522E-002
-6.1048E-001
 1.3653E+000
 9.1355E-002
-1.4961E-001
 6.2192E-001
-3.2535E-002
-1.0043E+000
 6.6970E-001
-8.4794E-002
-7.9872E-001
 6.6142E-001
 6.8458E-002
-5.9076E-001
 5.2660E-001
 2.2294E-001
-5.3765E-001
 7.3962E-001
-2.1384E-001
-8.2086E-001
 4.3921E-001
-5.3818E-001
-1.4721E+000
 4.4841E-001
 9.9911E-002
-3.2904E-001
 5.1428E-001
 1.6924E-001
-1.8820E-001
 4.6581E-001
 2.0504E-001
 5.9876E-002
 3.9958E-001
 1.4679E-001
 3.9567E-002
 7.0688E-001
-7.6256E-002
 7.4989E-003
 8.6600E-001
-6.7868E-002
 1.2184E-001
 5.1346E-001
 1.7257E-001
 8.9308E-002
 5.8683E-001
 3.2198E-001
 1.8614E-001
 4.8096E-001
 3.3789E-001
 2.4487E-001
 3.0025E-001
 2.5017E-001
 3.5506E-001
 7.4651E-001
 4.0915E-001
 3.0309E-001
 1.0377E+000
 9.0131E-001
 6.5059E-001
 5.9160E-001
 4.2893E-001
 7.6405E-002
 2.1826E-001
 4.8191E-001
 2.8334E-001
 4.8262E-001
 5.9894E-001
 8.6422E-001
 1.1186E+000
 5.5973E-001
 9.2155E-001
-6.9671E-003
 6.0231E-001
 1.5305E+000
 2.2038E-001
 1.0375E+000
 2.9769E+000
 1.5161E-001
 4.0023E-001
 1.3542E+000
 1.6843E-002
-1.2121E+000
 1.0157E+000
-1.5931E-001
-3.7760E-001
 5.3145E+000
 1.6138E+000
 6.2584E-001
 8.0122E+000
