 5.6411E-002
-7.6513E-001
 7.4192E-001
-1.0462E-001
 7.2662E-001
-3.5992E-001
-2.3598E-002
 4.0004E-001
 6.1754E-002
-4.3986E-002
 3.4873E-001
 7.0656E-002
-1.1485E+000
 9.2985E-001
-2.0981E+000
-1.2042E-001
 4.3425E-001
 1.2209E-001
-1.6112E-001
 3.8379E-001
 1.8973E-001
-8.1998E-002
 2.1238E-001
 4.9066E-001
-1.9744E-001
-8.1686E-002
 7.1420E-001
-4.0863E-001
 2.8417E-001
 7.4276E-002
-6.9618E-001
 5.9068E-001
-1.9106E-001
 1.4923E-002
 4.4619E-001
 6.0784E-001
 1.0631E-002
 3.8616E-001
 9.0579E-001
 2.4121E-002
-5.0725E-002
 7.9087E-001
 1.8977E-002
-1.7637E-001
 4.7886E-001
-4.3598E-002
 9.0116E-001
 7.7220E-001
 3.2125E-001
 5.4775E-001
 7.2157E-001
 8.1740E-002
-2.1025E-001
 9.7729E-001
 1.4574E-001
-4.7976E-001
 8.5891E-001
 1.3644E-001
-3.8660E-001
 5.6602E-001
 2.9707E-001
-4.5973E-001
 4.0833E-001
 2.1023E-001
-6.0269E-001
 1.0970E+000
-2.5719E-002
-2.2302E-001
 5.3748E-001
-5.6453E-002
-5.7860E-002
 2.4732E-001
-1.7637E-001
-7.0635E-003
 2.8296E-001
-3.2804E-001
-2.2169E-002
 3.3072E-001
-1.8496E-001
 1.1378E-001
 4.3091E-002
-1.3783E-001
 2.2548E-001
-7.8448E-002
-1.1194E-001
 5.0792E-003
 3.0495E-001
-1.9492E-001
 4.6248E-002
 3.4305E-001
-2.5000E-001
-1.3590E-002
 3.3802E-001
-2.8084E-001
-7.8398E-002
 2.9018E-001
-1.6693E-001
 7.7146E-002
 4.1342E-001
-1.8940E-001
 1.1143E-001
 4.4249E-001
-2.6975E-001
-9.1882E-003
 3.5275E-001
-3.0001E-001
 1.6856E-002
 2.9997E-001
-1.5106E-001
-1.8052E-002
 2.7708E-001
-1.4235E-001
-6.0992E-002
 2.5462E-001
-4.5961E-001
 1.8364E-002
 2.5719E-001
 1.8110E+000
-9.0503E-001
 5.2566E-001
-1.1234E-001
-5.1925E-003
 3.0143E-001
 7.7199E-003
-5.4134E-002
 3.2109E-001
-3.8719E-003
-9.4831E-002
 3.2673E-001
 6.3170E-003
-1.0021E-001
 2.9792E-001
 1.6611E-001
-4.4440E-002
 3.4718E-001
 2.3338E-001
-8.2795E-002
 4.4362E-001
-4.4237E-003
-9.6397E-002
 3.2710E-001
-5.1566E-002
-1.9424E-001
 2.7783E-001
 4.5480E-002
-1.9100E-001
 2.5063E-001
 3.1933E-002
-1.6228E-001
 2.3327E-001
 1.3290E-002
-2.5254E-001
 1.6740E-001
 9.3309E-002
-2.1168E-001
 1.3110E-001
 9.6660E-002
-2.9806E-001
 1.0988E-001
 8.0881E-002
-2.5947E-001
 5.5412E-002
 1.5207E-001
-2.0396E-001
 1.6472E-001
 1.1630E-001
-2.4256E-001
 1.3180E-001
 1.7116E-001
-3.6664E-001
 1.8697E-001
 6.3504E-002
-3.8537E-001
 1.4082E-002
 7.8286E-002
-4.5970E-001
-1.4016E-001
 7.4669E-002
-4.5498E-001
-1.6624E-001
-2.0406E-001
-3.6124E-001
 7.8027E-002
-5.2072E-001
-1.1250E+000
-9.1139E-002
 1.2426E-001
-3.9429E-001
-2.8130E-001
 2.0102E-001
-3.6036E-001
-3.6089E-001
 1.1888E-001
-4.1895E-001
-3.5685E-001
 1.4602E-001
-2.5807E-001
-2.9525E-001
 2.2001E-001
-2.3174E-001
-4.4072E-001
 1.0649E-001
-2.7028E-001
-4.1161E-001
 1.0275E-001
-5.0413E-001
-3.5484E-001
-1.2217E-001
-5.5603E-001
-6.5406E-001
-2.8776E-002
-6.1186E-001
-6.6882E-001
-2.0076E-001
-4.4488E-001
-7.5646E-001
-3.6941E-001
-4.7442E-001
-7.8107E-001
-3.9374E-001
-4.7886E-001
-7.1886E-001
 1.0590E-001
-5.1672E-001
-5.0926E-001
-1.7261E-001
-3.4592E-001
-5.6094E-001
-8.1457E-002
-4.1397E-001
-6.1325E-001
-3.8472E-002
-4.0359E-001
-5.6257E-001
-1.6214E-001
 7.3350E-002
-2.5189E-001
-1.5829E+000
-2.9479E+000
-2.5424E-002
-7.6456E-002
-3.9366E-001
-5.9872E-001
-9.4321E-002
-4.3167E-001
-6.5750E-001
 1.3385E-001
-5.2923E-001
-8.0130E-001
 6.9912E-002
-1.1143E+000
-7.7375E-001
-6.7934E-002
-2.8257E-001
-5.7954E-001
 3.1561E-001
-4.6420E-001
-5.8093E-001
 6.8913E-002
-2.7309E-001
-5.8785E-001
 2.0581E-001
-2.1977E-001
-2.9283E-001
 7.2042E-002
-6.3688E-002
-3.1824E-001
 3.2003E-002
-2.3051E-001
-4.7036E-001
 1.7959E-001
-2.8069E-001
-5.5423E-001
 1.5613E-001
-2.3443E-001
-2.6460E-001
 9.7932E-002
-3.5113E-001
-2.3439E-001
 6.8853E-002
-3.4905E-001
-2.9540E-001
-1.0788E-001
-2.9796E-001
-3.9217E-001
 6.6713E-003
-4.4673E-001
-2.1843E-001
 5.1771E-001
-7.9251E-001
-1.8493E-001
 1.1346E-001
-4.6036E-001
-3.0763E-001
 1.3385E-001
-4.4771E-001
-4.0658E-001
 1.2205E-001
-4.3673E-001
-4.3783E-001
 1.0670E-001
-3.7517E-001
-4.5003E-001
 1.2601E-001
-4.9951E-001
-5.0470E-001
 8.2053E-002
-4.6304E-001
-5.1713E-001
 1.5828E-001
-4.7724E-001
-4.5179E-001
 1.1547E-001
-2.5664E-001
-4.2127E-001
 1.1157E-001
-3.8604E-001
-3.5012E-001
 1.2276E-001
-3.1590E-001
-4.0003E-001
 3.0633E-001
-1.4434E-001
-6.5016E-001
-9.3046E-001
-1.0662E+000
 1.0431E+000
 6.5580E-002
-2.4262E-001
-1.0094E-001
-1.7433E-001
-2.9977E-001
 6.0960E-002
-9.9709E-002
-4.0967E-002
 3.6270E-001
 9.6559E-002
 1.2258E-002
 4.6345E-001
-1.2568E-001
-2.6029E-001
 2.1975E-001
-2.6039E-001
-2.0660E-001
 1.1861E+000
-2.2356E-001
 1.8258E-002
 3.7653E-001
-2.6957E-001
 1.7481E-001
 5.7022E-001
-3.9426E-001
 2.4483E-001
 6.8799E-001
-4.1451E-001
 1.6980E-001
 5.6453E-001
-4.6294E-001
 3.0338E-001
 5.6694E-001
-7.1904E-001
 2.8728E-001
 6.1955E-001
-5.4316E-001
 4.4604E-001
 8.9310E-001
-6.1389E-001
 3.9217E-001
 1.0844E+000
-7.3090E-001
 4.7680E-001
 7.9617E-001
-6.2869E-001
 3.4859E-001
 1.0049E+000
-6.7929E-001
 5.2004E-001
 1.5206E+000
-7.3606E-001
 5.9893E-001
 7.0615E-001
-9.7162E-001
 5.9712E-001
 5.6888E-001
-8.9040E-001
 4.2641E-001
 3.8513E-001
-1.1264E+000
 3.5416E-001
 3.6327E-001
-1.3057E+000
 7.8085E-001
 4.7941E-001
-3.0876E+000
 6.8977E-001
 1.8940E-001
-7.3196E-001
 1.4527E-001
 4.8036E-001
-6.1012E-001
-9.0035E-002
 4.2289E-002
-5.6887E-001
 5.6979E-002
-9.6174E-002
-4.3816E-001
 1.1108E-001
-1.1796E-001
-6.8009E-001
 1.4376E-001
-1.2541E-001
-6.5266E-001
 1.7835E-001
-1.5661E-001
-4.2037E-001
 4.0978E-002
-1.4909E-001
-4.1569E-001
-9.5605E-002
 2.7090E-002
-7.0256E-001
 2.6645E-001
-1.0151E-001
-1.7851E+000
 2.1609E+000
-7.0318E-001
-3.8199E-001
 1.1876E-002
-2.5146E-001
-1.8195E-001
-5.5783E-002
-3.2266E-001
-2.0141E-001
-3.7691E-002
-3.2297E-001
-1.5069E-001
-1.8565E-002
-3.2204E-001
-2.7380E-001
-1.4744E-001
-4.6681E-001
-6.5385E-001
-5.8288E-002
-4.4582E-001
-5.7370E-002
-1.5164E-002
-3.6060E-001
-1.2520E-001
-1.7498E-002
-3.7667E-001
 1.6319E-002
-9.0015E-002
-4.0640E-001
 5.0916E-002
-2.1304E-001
-4.1997E-001
-1.6053E-001
-9.4052E-002
-2.6720E-001
-1.3850E-001
-1.3275E-001
-1.1979E-001
 3.5437E-002
-6.3104E-002
-3.9060E-001
-5.3652E-003
-1.3778E-001
-2.7370E-001
 1.2214E-002
-6.9287E-002
-1.6840E-001
 6.6596E-003
-8.6376E-002
-1.8399E-001
 6.3399E-002
-8.5497E-002
-2.1019E-001
 6.1033E-002
 1.0591E-001
-9.3117E-002
 3.0175E-002
 7.7660E-002
 7.6702E-003
-1.0856E-002
 1.4468E-001
-3.2486E-002
-1.2513E-001
 1.3356E-001
-4.0186E-002
-4.8129E-003
 8.9900E-002
 4.3316E-001
 2.6415E-001
 1.0490E-001
 1.6583E-002
 2.2843E-001
 9.2483E-002
 2.9039E-003
 1.1996E-001
 1.3927E-001
-2.6997E-002
 1.2671E-001
 9.8915E-002
 3.3811E-002
 2.4332E-001
 1.5896E-001
 4.0902E-002
 7.0578E-002
 4.1717E-001
-2.1238E-002
 1.2705E-001
 9.6826E-002
-6.4204E-002
 3.3302E-002
 7.5825E-002
-1.5474E-002
 1.0699E-003
 1.4083E-001
 6.0881E-003
-1.0303E-001
 9.5462E-002
-4.5299E-002
 9.8746E-002
 7.0352E-002
 9.9798E-002
 2.0964E-001
-5.0874E-002
-1.5052E-001
 1.9057E-001
 1.5456E-001
-6.5938E-004
 2.8514E-002
 2.1058E-001
-5.0904E-002
 1.5997E-002
 2.0431E-001
 4.4313E-003
-4.2126E-002
 5.7202E-002
 3.3934E-002
-1.1264E-001
 1.6923E-001
 1.0040E-002
-1.3180E-001
-3.5013E-002
 4.5325E-002
 7.8434E-002
 3.4995E-001
-7.9408E-002
 8.6601E-002
 3.5795E-001
 1.2458E-001
 1.7679E-002
 3.2579E-001
 1.0986E-001
 8.5596E-004
 2.7651E-001
 9.9904E-002
-1.2333E-001
 3.5535E-001
 2.0121E-001
 1.1918E+000
-1.1102E+000
 2.4529E-001
-5.2798E-002
 3.2388E-001
 1.5579E-002
-9.9281E-002
 2.9546E-001
 1.5187E-001
-1.2677E-001
 2.7001E-001
 1.8413E-001
-3.7862E-002
 3.0558E-001
 2.9231E-001
-3.4834E-002
 2.5980E-001
 2.7358E-002
-1.0855E-001
 1.5813E-001
 7.1370E-002
-7.9273E-002
 1.1278E-001
 9.9204E-002
-1.2760E-001
 4.8508E-002
 1.1433E-001
-1.4756E-001
 1.4631E-001
 1.1246E-001
-1.0101E-001
 2.8545E-001
 3.0593E-001
-5.6735E-002
 1.2438E-001
 4.1100E-002
-7.1130E-002
 1.7001E-001
 5.1711E-002
-6.1051E-002
 1.5800E-001
 1.2335E-001
-9.2336E-002
 1.2014E-002
 1.4629E-001
-1.4923E-001
 1.8042E-001
 2.4501E-002
-2.1928E+000
 1.1684E-001
 5.8229E-001
-3.6409E-002
 1.9873E-001
 1.1198E-001
-3.1659E-002
 2.2131E-001
 1.6789E-001
-9.1009E-002
 2.4604E-001
 1.4804E-001
-1.5525E-001
 2.7513E-001
 6.1025E-002
-9.4946E-002
 2.8194E-001
 1.7614E-001
 4.2674E-001
 2.5292E-002
 9.1089E-002
-4.5315E-002
 2.0106E-001
 1.0576E-001
-3.2667E-002
 1.6056E-001
 1.1776E-001
-7.0648E-002
 2.0930E-001
 1.2899E-001
-1.2239E-001
 1.9806E-001
 7.8007E-002
-1.0497E-002
 1.2207E-001
 2.0035E-001
-8.3577E-003
 6.9041E-002
 1.6594E-001
 1.9733E-002
 2.5335E-001
 1.1933E-001
-1.5649E-002
 2.4995E-001
 1.1573E-001
 9.3500E-003
 1.4859E-001
 1.1755E-001
-1.2164E-002
 9.0331E-002
 1.3807E-001
 9.1677E-003
 2.8061E-001
 1.0866E-001
-2.9148E+000
-5.4445E-001
 2.4645E+000
 5.0160E-002
 1.4916E-001
 7.5266E-002
 4.1094E-002
 2.1275E-001
 5.2223E-002
 6.7424E-003
 1.5412E-001
 4.4478E-002
-1.8021E-002
 2.7962E-002
 3.0780E-002
 3.7549E-002
 2.1860E-001
 8.8108E-002
 1.6944E+000
-1.6046E+000
-1.7757E+000
-5.5230E-003
 2.1859E-001
 1.0904E-001
-9.4185E-002
 1.9747E-001
 1.9672E-001
-1.3121E-001
 2.3825E-001
 1.7725E-001
-6.7719E-002
 2.9000E-001
 9.7531E-002
-1.8121E-001
 2.7660E-001
 2.1604E-001
-6.0702E-001
 5.8103E-001
 2.5417E-001
-1.7581E-001
 1.5934E-001
 2.0014E-001
-2.5428E-001
 1.7736E-001
 2.0795E-001
-2.7995E-001
 1.5397E-001
 2.0037E-001
-2.2076E-001
 1.3931E-001
 2.4417E-001
-2.9709E-001
 1.7021E-001
 1.4106E-001
-5.6148E-001
 1.9971E-001
-3.2922E-001
-3.7716E-001
 6.3860E-002
 1.4093E-001
-4.1203E-001
 3.2483E-002
 5.5920E-002
-4.1044E-001
 7.0864E-002
 1.7676E-001
-3.8044E-001
 9.7072E-002
 2.2161E-001
-2.3039E-001
-1.4464E-001
-6.0340E-002
-2.1014E-001
-1.9220E-001
-5.2740E-002
-3.7694E-001
 5.7090E-002
 2.9841E-001
-3.6900E-001
 8.9876E-003
 3.8116E-001
-1.8514E-001
-7.9213E-003
 3.7880E-001
-2.3328E-001
-1.4419E-001
 3.1327E-001
-4.2149E-001
 2.4540E-002
 3.6059E-001
-6.5209E-003
 2.1063E-001
 3.9204E-001
-2.8962E-002
 2.2955E-001
 4.0318E-001
-5.3694E-002
 2.3085E-001
 3.5860E-001
-3.4744E-002
 3.4110E-002
 2.5184E-001
 4.0948E-002
 2.2035E-001
 3.9569E-001
 1.4325E-002
 3.2353E-001
 1.7973E-001
-8.3893E-002
 3.6351E-001
 4.2233E-001
-1.2552E-001
 3.6528E-001
 2.4849E-001
-5.0711E-002
 2.3433E-001
 3.0853E-001
-8.9146E-002
 7.6370E-002
 3.0881E-001
-2.6161E-001
 3.7131E-001
-6.5177E-002
-2.5969E-001
 4.8202E-001
-2.6105E-001
-4.4609E-002
 2.8152E-001
 2.7733E-001
-1.5196E-001
 1.5786E-001
 3.0723E-001
-2.1499E-001
 8.0286E-002
 1.7150E-001
-2.3815E-001
 8.5500E-002
 1.5516E-001
-1.0431E-001
 1.7881E-001
 3.6596E-001
-5.0253E-002
 1.7475E-001
 6.6047E-001
-7.6701E-002
-3.0215E-002
 1.1688E-001
-2.0723E-002
-1.2427E-001
 4.6327E-002
-6.5825E-002
-1.3177E-001
 4.7857E-002
-1.1559E-001
-1.3862E-001
 1.2860E-001
-1.0636E-002
-1.1890E-001
-4.9780E-002
 3.8785E-002
-9.1150E-002
-1.2824E-001
-1.1433E-001
-1.0460E-001
-1.9769E-001
-2.2439E-001
-2.3267E-001
-1.5129E-001
-1.8659E-001
-2.6731E-001
-1.7728E-001
-2.6123E-001
-2.6399E-001
-1.5779E-001
-2.4421E-001
-3.0644E-001
-1.8832E-001
-3.7855E-002
-2.1841E-001
-2.8581E-001
 8.2604E-003
-3.0167E-001
-3.5521E-001
 6.6111E-002
-3.2266E-001
-3.2935E-001
 1.4832E-001
-3.2493E-001
-2.3784E-001
-1.7191E-002
-4.4038E-001
-3.8659E-001
-2.8758E-001
-8.4698E-001
-4.4954E-001
 1.7526E-001
-5.3451E-001
-4.0516E-001
 9.8907E-002
-6.1773E-001
-3.7347E-001
 1.3349E-001
-7.7862E-001
-2.6901E-001
 1.5327E-001
-7.8730E-001
-1.6011E-001
-1.7686E-001
-6.3173E-001
-4.8707E-001
-1.8357E-001
-5.4419E-001
-9.1809E-001
 5.6094E-002
-8.2253E-001
-1.5179E-001
 6.5290E-002
-8.9943E-001
-5.8116E-002
-1.5148E-001
-8.6907E-001
 1.0578E-001
-8.9130E-002
-6.6290E-001
 3.0683E-001
 1.3772E-001
-8.3176E-001
-1.9918E-001
 1.9081E-001
-1.0955E+000
 3.8269E-001
-3.5741E-001
-1.0175E+000
-1.1036E-001
-5.9643E-001
-1.1829E+000
-3.0328E-002
-1.3903E-001
-9.9755E-001
-6.6402E-002
 5.8382E-004
-7.3200E-001
-2.4166E-002
-1.0302E+000
-1.6215E+000
-4.9705E-001
-1.4945E-001
 7.8170E-001
 6.0532E-001
-2.6101E-002
-9.1350E-001
-1.8063E-001
 7.9525E-002
-8.3580E-001
-2.6637E-001
 1.8559E-001
-5.9019E-001
-6.4788E-002
 2.0953E-001
-5.1566E-001
-1.4087E-001
 1.5238E-001
-8.7292E-001
-4.2977E-001
 6.6310E-002
-5.7546E-001
-2.0520E-002
 1.3207E-001
-4.0111E-001
 7.9730E-002
 1.5631E-001
-2.6447E-001
 2.4971E-001
 1.6931E-001
-2.2815E-001
 2.3710E-001
 6.5402E-002
-3.8484E-001
 1.4982E-001
 5.9645E-002
-4.7549E-001
 1.2191E-001
 1.1273E-001
-2.8686E-001
 2.9658E-001
 1.4603E-001
-2.0948E-001
 3.2333E-001
 2.0755E-001
-2.3443E-001
 2.5681E-001
 2.1923E-001
-2.7363E-001
 2.6257E-001
 1.3583E-001
-3.2525E-001
 3.8381E-001
 1.7620E-002
-3.0821E-001
 5.3933E-001
 1.6680E-001
-2.1523E-001
 2.1416E-001
 1.9937E-001
-2.3559E-001
 2.6322E-001
 2.6705E-001
-2.6576E-001
 2.6081E-001
 2.8971E-001
-2.5424E-001
 2.1578E-001
 1.2010E-001
-2.3366E-001
 1.5398E-001
 5.5922E-003
-1.8739E-001
 1.4231E-001
 3.3254E-001
-2.6940E-001
 1.8484E-001
 2.5111E-001
-2.3145E-001
 1.9057E-001
 2.8102E-001
-1.1971E-001
 2.2886E-001
 2.6557E-001
-3.1609E-002
 1.4214E-001
 1.6639E-001
-2.3021E-001
 3.1210E-001
 1.4820E+000
 1.5805E+000
-6.5377E-001
 3.3184E-001
-1.5529E-001
 2.9960E-001
 3.0420E-001
-7.3167E-002
 2.5488E-001
 2.9803E-001
-8.9932E-002
 2.1759E-001
 2.0696E-001
-8.5273E-002
 1.6061E-001
 2.3104E-001
-9.7757E-002
 2.8741E-001
 1.8799E-001
-7.0750E-002
 2.6724E-001
 3.2495E-001
-9.1330E-002
 1.9967E-001
 3.4345E-001
-1.0312E-001
 2.0827E-001
 4.1329E-001
-1.1871E-001
 1.8614E-001
 4.0624E-001
-1.2503E-001
 1.2810E-001
 3.4407E-001
-2.0117E-001
 2.1406E-001
 5.7986E-001
 4.2718E-001
 3.6395E-001
 4.1411E-001
-1.5157E-001
 1.5419E-001
 3.3645E-001
-1.7608E-001
 2.5635E-001
 3.6902E-001
-2.6218E-001
 2.8810E-001
 5.1328E-001
-3.2386E-001
 3.3332E-001
 3.2069E-001
-9.9995E-002
 2.1461E-001
 2.3723E-001
-2.0842E-001
 2.9020E-001
 2.3762E-001
-1.1089E-001
 2.7227E-001
 2.5410E-001
-1.7583E-001
 2.4634E-001
 2.2592E-001
-1.3562E-001
 2.2401E-001
 2.8271E-001
-1.5874E-002
 2.5734E-001
 5.5567E-001
-4.6787E-001
 9.2208E-001
 2.7451E-001
-2.4640E-001
 3.1222E-001
 2.5082E-001
-1.8010E-001
 3.6884E-001
 2.9669E-001
-1.8944E-001
 3.3360E-001
 4.5640E-001
-2.7571E-001
 1.9263E-001
 3.0970E-001
-1.3922E-001
 4.3619E-001
 3.0592E-001
-4.6040E-001
 4.0212E-001
 1.6758E-001
-1.1220E-001
 3.7326E-001
 1.1319E-001
-1.6420E-001
 3.1374E-001
 1.1256E-001
-1.0583E-001
 2.2541E-001
 1.5337E-001
-8.3249E-002
 1.8929E-001
 4.2405E-003
-2.5890E-001
 2.6957E-001
 7.5052E-002
-1.9871E-001
 2.5427E-001
 7.3309E-002
-8.1310E-002
 2.1365E-001
 4.9137E-002
 2.0323E-002
 1.3458E-001
 2.6684E-002
 4.4523E-002
 1.6461E-001
 1.0232E-002
 1.2535E-001
 5.6549E-002
-3.3491E-002
 6.5914E-002
 1.1630E-001
 3.7032E-001
 3.6227E-002
 1.7294E-002
 1.4612E-002
 1.6748E-002
 2.6644E-001
-4.4505E-003
 2.9035E-002
 2.3373E-001
-1.8520E-002
-8.3916E-002
 2.8211E-001
 8.0359E-003
-1.2500E-001
 2.7441E-001
-3.9376E-002
 3.4819E-002
 2.3804E-001
-1.2181E-002
-8.4448E-002
 2.8574E-001
 2.4374E-002
-9.3252E-002
 3.3460E-001
 6.8384E-003
-1.0036E-001
 2.6021E-001
-6.0745E-003
-7.8155E-002
 2.3894E-001
 7.1188E-002
-1.6653E-001
 2.9206E-001
 6.1605E-002
-2.3028E-001
 2.5768E-001
 3.7711E-002
-1.0262E-001
 2.1671E-001
 5.4514E-002
-1.0636E-001
 1.5658E-001
 4.5946E-002
-7.8812E-002
 1.5470E-001
 4.8165E-002
 1.4180E-002
 7.5015E-002
 1.1946E-001
-1.9483E-001
 1.7194E-001
 1.1027E-001
-2.3650E-001
 1.9218E-001
 4.1715E-002
-1.9739E-001
 2.1498E-001
 7.2745E-002
-1.5621E-001
 2.1879E-001
 1.4984E-001
-7.9284E-002
 1.1435E-001
 1.7564E-001
-1.8487E-001
 1.1492E-001
 1.5632E-002
-2.8009E-002
 3.4526E-001
 1.2344E-001
 3.1503E-001
 5.3473E-001
 1.4422E-001
-6.7371E-002
 5.4464E-002
 2.6603E-001
-8.4861E-002
 2.0661E-002
 2.0649E-001
 1.2055E-002
 1.0038E-001
 2.0456E-001
-8.8849E-002
 1.5061E-001
 3.7886E-001
 5.8404E-002
-4.5434E-002
 5.5689E-001
 1.7267E-001
-9.1173E-002
 2.1705E-001
 3.1691E-002
 1.5052E-001
 9.4385E-002
 5.5770E-002
 2.7022E-001
 1.4730E-001
 5.8523E-002
 2.2236E-001
 1.2706E-001
 1.9687E-001
 2.0484E-001
 4.9658E-003
-7.4348E-003
 4.4110E-001
 9.6935E-002
 1.9231E-001
 6.4829E-001
 3.6260E-001
-3.6283E-002
 2.3650E-001
 4.5987E-001
-7.3939E-002
-2.0989E-001
 4.5566E-001
 2.0370E-002
 1.3339E-002
 4.8970E-001
 1.2633E-002
 4.9713E-002
 6.7187E-001
 4.6762E-001
-6.0178E-001
 1.5838E+000
-9.1206E-001
 9.7999E-001
 3.6486E-001
 1.1242E-001
-5.5750E-003
 3.7019E-001
 1.5768E-001
 8.6514E-002
 4.0850E-001
 1.2119E-001
 9.8721E-002
 5.5608E-001
 7.9498E-002
 1.4740E-001
 3.9149E-001
 8.7507E-002
 1.1007E-001
 5.0860E-001
-4.7148E-002
 1.3882E-001
 1.4559E-001
 7.6394E-002
-5.0268E-003
 2.2163E-001
 9.9319E-003
-3.8773E-002
 2.7107E-001
 6.8977E-002
-1.4383E-002
 2.1040E-001
 5.9546E-002
-2.2008E-002
 2.7079E-001
 9.7673E-003
-1.1214E-002
 2.2101E-001
 6.5797E-002
 1.6394E-003
 3.1671E-001
 8.2114E-003
-1.1165E-002
 3.7224E-001
 7.5234E-003
-1.0673E-001
 4.7841E-001
-3.1440E-002
-7.2537E-002
 4.4954E-001
-4.6736E-002
-7.5256E-002
 5.3940E-001
-5.5225E-002
-1.4211E-001
-1.4928E-001
 2.2814E+000
-1.4662E+000
 4.9733E-001
 2.4659E-002
-2.5630E-002
 4.9160E-001
 5.7263E-002
 1.3305E-001
 3.6853E-001
 9.0512E-002
 1.3130E-001
 1.8986E-001
 5.0348E-002
 2.5426E-001
 5.8198E-001
 1.4538E-001
 2.8235E-001
 1.4155E+000
 2.3770E+000
 1.3713E+000
 5.4097E-001
 1.0047E-001
 1.4502E-003
 4.5226E-001
-2.4178E-002
 1.0401E-001
 4.5470E-001
 8.3595E-002
 7.5276E-002
 4.0572E-001
 9.3448E-002
 4.4176E-002
 3.2258E-001
-1.9444E-001
 1.3912E-001
 8.7963E-001
-3.0233E+000
 1.7255E+000
 4.3988E-001
 1.0936E-001
 4.3680E-002
 4.6345E-001
 2.0895E-001
 2.9034E-002
 4.1203E-001
 1.4517E-001
 1.9127E-002
 2.7426E-001
 2.6984E-002
-4.2439E-002
 3.9980E-001
 2.9510E-001
 1.2137E-001
 5.3521E-001
 9.7455E-001
 1.2157E+000
 5.4262E-001
 2.8321E-001
 8.2764E-002
 3.4057E-001
 2.2015E-001
 1.6677E-001
 3.4940E-001
 1.9397E-001
 1.3935E-001
 3.4866E-001
 1.8793E-001
 3.6082E-002
 1.8625E-001
 3.1236E-001
 1.3962E-001
 3.1198E-001
-2.7863E+000
 8.2947E-001
 3.0423E-001
 1.5436E-001
 1.9454E-001
 2.3012E-001
 1.6021E-001
 1.6856E-001
 2.5034E-001
 5.8874E-002
 1.4449E-001
 3.0790E-001
 3.8977E-002
 1.4901E-001
 1.8893E-001
 2.6315E-001
 2.0891E-001
 4.2244E-001
-4.4081E-002
 6.2162E-001
 3.3195E-001
 4.3964E-002
 4.2152E-002
 2.3178E-001
 1.2432E-001
 4.6217E-002
 2.0599E-001
 1.3913E-001
 3.1282E-002
 1.6598E-001
 2.2349E-001
 1.1687E-002
 2.6495E-001
 1.0675E-001
 2.1180E-001
 3.3869E-001
 1.2404E-001
 3.6317E-001
 1.8238E-001
 8.2424E-002
 2.6033E-002
 1.1386E-001
 1.0590E-001
-2.6607E-002
 8.7290E-002
 1.2909E-001
 5.8387E-002
 7.4215E-002
 1.6441E-001
 2.2010E-001
 1.1567E-001
 1.1791E-001
-3.4532E-002
 1.5789E-002
 1.2992E-001
 9.1854E-003
 2.0860E-002
 1.3254E-001
 8.4442E-003
 6.9111E-002
 2.0659E-001
 4.3057E-002
 8.8728E-002
 1.4382E-001
-5.1952E-002
-9.1935E-002
 3.4168E-002
 1.1135E-001
 1.5292E-001
-4.0685E-001
 1.0262E-001
 2.3674E-003
 3.0862E-001
 1.3576E-001
 7.8659E-003
 2.1572E-001
 6.2065E-002
 7.3460E-002
 2.0607E-001
-1.2552E-003
 1.7019E-001
 2.3699E-001
 7.6445E-003
 2.7202E-002
 8.7236E-002
 4.9775E-002
 2.3058E-002
 1.0994E-001
-4.7293E-002
-7.6748E-003
 1.8631E-001
-7.5979E-002
 5.9913E-002
 1.8103E-001
-8.9278E-002
 5.7223E-002
 1.8471E-001
 4.6287E-002
 5.7738E-002
 1.7585E-001
 5.0584E-002
 4.4758E-002
 1.5708E-001
-1.1326E-001
 4.2650E-002
 1.2076E-001
-1.1877E-001
 6.4560E-002
 1.1552E-001
 1.8985E-001
 9.8500E-002
 1.7192E-001
 2.3990E-001
 1.1652E-001
 1.6473E-001
 2.0230E-001
 1.2035E-001
 4.1768E-002
 1.2408E-001
 1.0054E-001
 1.6867E-001
 2.2541E-001
 3.4665E-001
 1.4029E-001
 9.4034E-002
 7.3178E-002
 2.7071E-001
 2.3086E-001
 7.2730E-002
 2.2041E-001
 1.8573E-001
 1.0682E-001
 2.6074E-001
 1.3947E-001
 9.5888E-002
 1.8632E-001
 8.2632E-002
 8.3718E-002
 2.1264E-001
 2.1022E-001
 9.7452E-002
 2.3928E-001
 2.4109E-001
 2.2730E-001
 3.0079E-001
 1.4295E-001
 2.7107E-001
 2.5904E-001
 3.0159E-001
 3.2012E-001
 2.3579E-001
 2.8799E-001
 3.7681E-001
 1.6852E-001
 1.7564E-001
 2.9009E-001
 2.7163E-001
 3.7357E-001
 3.3642E-001
 4.2155E-001
 9.2362E-001
 2.8970E-001
 2.0888E-001
 3.5723E-001
 3.3388E-001
 2.7424E-001
 3.4476E-001
 4.5891E-001
 2.2402E-001
 5.2187E-001
 4.7829E-001
 3.6022E-001
 5.3799E-001
 3.0608E-001
 2.8751E-001
 2.8918E-001
 5.3462E-001
 1.2673E-001
 4.9681E-001
 6.0544E-001
-1.8949E-001
 4.7769E-001
 3.5330E-001
-1.5831E-001
 5.1642E-001
-3.8784E-001
-5.0352E-001
 6.0273E-001
 9.7546E-001
-2.1830E-001
 4.6847E-001
 7.3573E-001
 6.0496E-002
 4.4179E-001
 3.7873E-001
-1.7204E-001
 4.5419E-001
 2.1028E-001
 6.2301E-002
 2.9488E-001
 3.5503E-001
 3.0380E-001
 7.9937E-002
 6.3775E-001
-2.7476E-001
 7.4738E-001
 7.5328E-001
-5.7070E-001
 1.2798E+000
-9.7400E-002
-7.6531E-002
 2.3472E-001
-2.4346E-001
-2.6551E-004
 1.5256E-002
-1.3917E-001
 1.4872E-002
 9.5769E-002
-7.2111E-002
 4.1213E-002
-1.1234E-001
-5.3952E-001
-2.2505E-001
-1.5093E-001
-3.1292E-001
-1.1270E-001
-2.7072E-001
-1.0412E-001
-8.9149E-003
 3.3861E-001
-8.8213E-002
 1.3414E-002
 3.2477E-001
-1.0209E-001
-3.5048E-002
 2.3416E-001
-3.3992E-002
-9.2547E-002
 2.5671E-001
-1.7592E-003
 6.2910E-002
 3.7936E-001
-6.7888E-001
-4.0136E-002
 3.9083E-001
-2.1931E-001
-2.7906E-002
 2.0514E-001
-2.9524E-001
-7.0081E-002
 5.6775E-002
-2.6498E-001
-1.0753E-001
-6.9694E-002
-2.7070E-001
-1.1718E-001
-1.0517E-001
-3.8629E-001
-1.5328E-001
 9.1126E-002
 4.3646E-001
-1.6219E-001
-8.9611E-002
-2.1089E-001
-2.1722E-001
-1.9740E-001
-1.4356E-001
-2.2902E-001
-3.9033E-001
-2.6842E-001
-2.1638E-001
-4.8905E-001
-3.8257E-001
-2.2959E-001
-4.9453E-001
 2.0943E-001
-2.7560E-001
-4.8986E-001
 3.4523E-001
-3.7378E-001
-3.9776E-001
-1.5006E-001
-1.1571E-001
-4.8140E-001
-2.2428E-001
-1.2312E-001
-5.3088E-001
-2.5376E-001
-1.2747E-001
-5.8536E-001
-2.3960E-001
-5.2225E-002
-5.9619E-001
-2.7900E-001
-2.1034E-001
-4.8451E-001
-2.9246E-001
-2.0655E-001
-5.8315E-001
-3.2360E-001
-2.2363E-001
-5.3382E-001
-3.0828E-001
-1.7670E-001
-4.6348E-001
-3.5222E-001
-1.6229E-001
-3.9396E-001
-3.2869E-001
-3.5588E-001
-5.6770E-001
-2.1648E-001
-1.1259E-001
-5.0890E-001
-3.1117E-001
-5.2142E-002
-3.6369E-001
-4.4689E-001
-1.9443E-001
-2.8654E-001
-4.3706E-001
-3.3076E-001
-2.8592E-001
-2.4712E-001
-2.6860E-002
-4.4254E-001
-1.1180E+000
 2.4341E+000
 1.1813E+000
-3.4142E-001
-2.1114E-001
-3.0111E-001
-2.4477E-001
-1.9398E-001
-2.2985E-001
-2.4513E-001
-2.3788E-001
-2.3053E-001
-4.5162E-001
-3.2387E-001
-1.5507E-001
 1.0859E-002
-1.6744E-001
-3.4062E-001
-6.8923E-002
-2.2476E-001
-3.1906E-001
-6.5320E-002
-2.1628E-001
-2.8581E-001
-9.4613E-002
-2.2026E-001
-3.2825E-001
-1.5125E-001
-2.5469E-001
-3.2161E-001
-8.4830E-002
-2.7334E-001
-3.6945E-001
-2.3809E-002
-2.5078E-001
-2.7503E-001
-3.2914E-002
-1.0173E-001
-3.5762E-001
 1.1051E-002
-1.2432E-001
-2.5061E-001
-4.4780E-002
-9.5153E-002
-9.1725E-002
-4.3137E-003
 4.4184E-002
-3.2114E-001
-9.0937E-004
-8.8422E-002
-9.3854E-002
 9.5411E-002
-1.2995E-001
-3.5417E-001
 3.4658E-002
-2.0307E-001
-1.9970E-001
 1.3680E-001
-2.1147E-001
-3.9073E-002
 2.1496E-001
-1.8501E-001
-3.7629E-002
 2.0265E-001
-2.0347E-001
-3.0025E-001
 2.0542E-002
-1.1519E-001
-4.8083E-001
 1.2011E-001
-3.5675E-001
-4.5087E-002
 1.7503E-001
-3.5217E-001
 9.8359E-003
 2.7430E-001
-3.1579E-001
 3.4582E-003
 2.2631E-001
-3.3319E-001
-2.6512E-002
 1.0328E-001
-2.6521E-001
-1.6363E-002
 3.6597E-001
 1.5104E-001
 2.2669E+000
 3.1555E-001
-2.9565E-001
 2.0899E-002
 4.5562E-001
-2.5574E-001
-9.7591E-003
 4.5486E-001
-3.2412E-001
 5.6342E-003
 4.0306E-001
-5.4180E-001
-6.7609E-002
 5.8234E-001
-9.4486E-002
 9.6694E-002
 4.8430E-001
-1.0275E-001
 1.7673E-001
 4.7934E-001
-2.2810E-001
 3.2374E-002
 4.4840E-001
-1.6420E-001
 6.8659E-002
 4.4013E-001
-2.4221E-001
 3.3591E-003
 4.3353E-001
-2.6888E-001
-2.3953E-002
 3.4744E-001
-1.4077E-001
 1.1917E-002
 2.7403E-001
-1.6621E-001
-3.2234E-002
 4.1271E-001
-1.6383E-001
 5.7152E-002
 3.7688E-001
-1.7756E-001
 3.5532E-002
 3.4881E-001
-1.7045E-001
 5.8677E-002
 4.1293E-001
-2.0486E-001
 2.1301E-001
 3.2987E-001
-2.6727E-001
 4.6447E-002
 5.5684E-002
-2.8194E-001
 8.0267E-002
 3.0330E-001
-9.5391E-002
-5.9626E-002
 3.3039E-001
-4.4524E-002
-7.0080E-002
 3.0263E-001
-1.5371E-001
-5.5459E-002
 2.7619E-001
-3.2009E-001
-7.7134E-002
 3.3461E-001
-3.0600E-002
-2.1484E-001
-1.5148E-001
 1.5464E+000
 1.5171E+000
 3.7766E-001
-1.2217E-001
-6.8110E-002
 3.3958E-001
-1.6979E-001
-1.8525E-002
 3.7333E-001
-2.0058E-001
-5.5580E-002
 3.7645E-001
-2.2156E-001
 5.7198E-002
 1.0187E-001
-8.6238E-002
-5.9714E-002
-6.2168E-002
-4.6868E-001
-1.1987E-002
 3.3157E-001
-2.4108E-001
-1.0235E-001
 2.3888E-001
-2.2889E-001
-5.5376E-002
 6.3837E-002
-1.1646E-001
-3.8046E-003
-9.0115E-002
-2.9209E-002
 7.1632E-002
 2.1314E-001
-4.2157E-001
 7.6386E-002
 3.7168E-001
-4.6554E-001
 5.6059E-002
-9.7027E-002
-4.6876E-002
 3.7715E-002
-3.8886E-001
 8.4627E-002
 6.1752E-002
-3.7977E-001
 4.4489E-001
 4.8819E-002
-1.2240E-001
 5.6608E-001
 2.7563E-001
-3.3470E-001
-9.9822E-002
 8.2253E-002
-6.4905E-001
 6.0698E-001
-1.9206E-001
-6.8030E-001
 8.3616E-001
-1.5169E-001
-5.3882E-001
 4.2007E-001
-2.1386E-001
-4.2787E-001
 5.7072E-002
-3.0519E-001
-3.8176E-001
 4.0254E-001
-1.4334E-001
-2.0836E-001
 1.8885E-001
-2.1453E-001
-1.7445E-001
 8.2132E-002
-3.3951E-003
-3.7742E-001
 8.1899E-002
 3.0754E-001
-1.2262E-001
 9.3078E-002
-2.9752E-001
-2.4636E-001
 2.3482E-001
-7.0890E-001
-4.3272E-002
 4.9254E-002
-1.1163E-001
-9.6121E-002
-1.4864E-002
-5.8585E-002
-1.2896E-001
-3.5581E-002
-9.7829E-002
-1.3016E-001
-5.8662E-002
-1.3612E-001
-1.3012E-001
-4.9457E-002
 1.9694E-001
 3.6235E-001
-6.2281E-001
 4.8111E-001
-9.7103E-002
-3.2953E-002
-2.7228E-002
-9.5010E-002
-1.3078E-002
-2.2887E-002
-1.9487E-001
-3.5118E-002
 1.1184E-002
-3.4218E-001
-6.0711E-002
 5.5050E-002
-9.6022E-002
 1.5441E-002
-5.5713E-002
-9.1622E-002
 2.9929E-002
-6.9460E-002
-1.3489E-001
-8.6437E-002
-6.4208E-003
-2.0463E-001
-1.7475E-001
 1.0408E-001
-2.1782E-001
-1.3164E-001
 1.0507E-001
-1.5814E-001
-1.6442E-001
 5.9509E-002
-3.4808E-001
-1.8094E-001
 1.7075E-001
-2.9309E-001
-1.7340E-001
 2.6739E-001
-3.9461E-001
-1.7287E-001
 2.1537E-001
-5.2993E-001
-1.2081E-001
 1.3771E-001
-4.4821E-001
-1.4717E-001
 3.9789E-001
-5.7084E-001
-2.3529E-001
 4.1278E-001
-3.1935E-001
-2.0057E-001
 2.4021E-001
-3.8684E-001
-2.7978E-001
 3.4616E-001
-3.8876E-001
-3.1932E-001
 3.5089E-001
-4.1460E-001
-2.8031E-001
 4.4794E-001
-4.8546E-001
-4.6223E-001
 3.0445E-001
-7.8326E-001
-6.7625E-001
 5.0507E-001
-4.0477E-001
-3.4165E-001
 3.0640E-001
-4.9774E-001
-1.3602E-001
 7.1648E-001
-2.2572E-001
-2.0651E-001
 1.1246E+000
-2.2445E-001
 4.7140E-002
 1.1207E+000
-3.3498E-001
-2.4321E-001
 7.7411E-001
 3.5186E-001
-3.0478E-001
 1.0133E+000
-2.6418E-001
-2.5441E-001
 1.2247E+000
-1.4722E-001
-2.8248E-001
 1.4263E+000
-2.4982E-001
-4.3861E-001
 9.7099E-001
-2.1662E-001
-6.3696E-001
 1.0623E+000
-2.3272E-001
-4.1540E-001
 5.7918E-001
-1.8627E-001
-6.2905E-001
 2.3749E-001
-2.1860E-001
-3.4497E-001
 1.3855E-001
-1.8277E-001
-2.1472E-001
 1.7392E-001
-1.2565E-001
-7.3514E-001
-1.7302E-001
-1.6004E-001
-2.9368E-001
-4.2870E-001
-2.3027E-001
-3.6754E-001
 3.1004E-002
-2.3612E-001
-3.5433E-001
 6.8358E-002
-1.7081E-001
-2.0313E-001
-7.7855E-002
-1.4557E-001
-9.7830E-002
-1.1544E-001
-1.7983E-002
-5.3088E-001
 8.6804E-002
 7.1755E-002
-5.8841E-001
 6.9776E-002
-1.3361E-001
-1.8955E-001
-1.7964E-001
-8.8109E-002
-1.0740E-001
-1.8834E-001
 8.0256E-003
 3.2599E-002
-6.8903E-002
 1.2049E-001
 1.6389E-001
-1.2922E-001
-1.2965E-001
-1.7175E-001
-1.6045E-001
-2.7209E-001
-5.8073E-001
-2.2160E-001
 9.8778E-003
-3.3786E-003
 1.5733E-001
 3.7069E-003
 1.4558E-001
 3.1522E-001
 1.1312E-001
 1.1743E-001
 1.1168E-001
 2.4315E-001
-2.9705E-003
 1.3432E-001
-3.3889E-001
 1.9715E-001
 4.7164E-001
 5.5774E-001
 9.3473E-001
 1.6143E+000
 1.0851E-001
 3.2740E-002
 1.2943E-001
 1.9091E-001
 1.5054E-002
-3.5186E-002
 2.5283E-001
 1.1246E-001
-1.6993E-001
 3.1959E-001
 1.0876E-001
-1.6696E-001
 4.0748E-002
-1.4486E-001
-1.7552E-001
 1.2662E-001
 1.0608E-001
-1.2353E-001
 1.9881E-001
 1.7410E-001
-1.8793E-001
 2.1674E-001
 1.2041E-001
-1.3903E-001
 2.1912E-001
 1.0027E-001
-1.2547E-001
 1.8126E-001
 1.5801E-001
-2.3176E-001
 2.2305E-001
 2.6591E-001
-4.2618E-001
 2.1643E-001
 2.1714E-003
-1.3834E-001
 1.8875E-001
-7.3775E-003
-1.5082E-001
 2.5797E-001
 1.5037E-002
-1.3148E-001
 1.8258E-001
-1.7022E-002
-1.1677E-001
 2.0446E-001
-3.6242E-002
-1.6465E-001
 3.5180E-001
 2.2436E-002
-1.8550E-002
 3.3942E-001
-5.2627E-002
-6.7276E-002
 3.8905E-001
 6.1758E-003
-9.9853E-002
 3.6286E-001
 4.1074E-002
-9.4933E-002
 2.7179E-001
-2.3879E-002
-1.8580E-001
 1.8881E+000
-6.3271E-001
 1.5990E+000
 4.2342E-001
 9.4491E-003
-7.8760E-002
 4.7443E-001
 2.9721E-002
-1.0357E-001
 5.2943E-001
 1.0223E-001
-2.0325E-001
 6.6055E-001
 1.7543E-001
-2.1951E-001
 4.5325E-001
-9.8959E-002
-1.2819E-001
 4.1363E-001
-2.5262E-001
 1.8857E-001
 5.2953E-001
 9.7809E-002
-2.2468E-001
 4.9865E-001
 1.1523E-001
-2.3376E-001
 4.2479E-001
-7.6186E-002
-1.9388E-001
 4.0049E-001
-1.8457E-001
-5.9153E-002
 3.8517E-001
 1.2425E-001
-2.5778E-001
 3.4204E-001
 3.9810E-001
-2.5822E-001
 3.9794E-001
-1.3773E-001
-1.0254E-001
 3.7936E-001
-1.8941E-001
-4.5947E-002
 3.7208E-001
-2.2134E-001
-7.8103E-002
 4.3953E-001
-3.3705E-001
-1.8983E-002
 3.7990E-001
-1.5504E-001
 2.1965E-002
 2.4846E-001
 1.3498E-001
 3.3210E-001
 2.3613E-001
-1.6677E-001
-1.4532E-001
 2.4389E-001
-1.7981E-001
-1.1524E-001
 3.7699E-001
-3.9548E-001
-2.2269E-001
 4.3949E-001
-4.7110E-001
-1.4057E-001
-1.5463E-002
-8.3181E-002
-2.1281E-001
-3.4995E-001
 1.2868E+000
-2.8547E+000
 4.0635E-001
-4.9221E-001
-3.5354E-001
 4.7619E-001
-5.5895E-001
-3.9723E-001
 5.9161E-001
-5.5782E-001
-3.1755E-001
 6.7111E-001
-5.9420E-001
-3.0661E-001
 4.5794E-001
-6.6888E-001
-4.8208E-001
 4.4078E-001
-6.4018E-001
-4.9750E-001
 5.3488E-001
-5.4240E-001
-2.6745E-001
 5.7783E-001
-5.5531E-001
-2.1800E-001
 5.6597E-001
-6.4428E-001
-1.2619E-001
 5.8279E-001
-6.7231E-001
-2.8007E-002
 5.3051E-001
-4.8364E-001
-2.1094E-001
 5.4612E-001
-3.3521E-001
 3.3680E-002
 5.3277E-001
-6.7539E-001
-9.7450E-002
 5.1777E-001
-6.9465E-001
-2.2932E-003
 4.3833E-001
-5.7534E-001
 1.1145E-001
 3.9679E-001
-6.7355E-001
 1.5514E-001
 3.9171E-001
-3.7887E-001
 1.0857E-001
 3.5751E-001
-3.1807E-001
 1.6678E-001
 3.0177E-001
-3.3305E-001
 1.2959E-001
 2.9426E-001
-3.5287E-001
 5.3493E-002
 3.1613E-001
-1.5083E-001
 2.2895E-001
 2.5308E-001
-1.2785E-001
 2.6935E-001
 2.8955E-001
-2.8978E-001
 1.4496E-001
 2.1244E-001
-2.8589E-001
 2.0739E-001
 1.0428E-001
-1.3849E-001
 1.9911E-001
 2.1287E-001
 1.0398E-001
 2.7663E-001
 2.6864E-001
-3.1064E-001
 4.0167E-001
 2.7722E-001
-3.4196E-001
 5.0519E-001
-4.3524E-002
-2.9968E-001
 7.8812E-002
-8.8211E-002
-1.4252E-001
 5.2517E-002
-1.5513E-001
-1.1705E-001
 5.2237E-002
-2.3694E-001
-1.0313E-001
 1.2846E-001
-1.2565E-001
-5.2217E-002
-3.8062E-002
-1.6786E-001
 3.0097E-002
 7.4199E-002
-1.8450E-001
-8.5513E-002
 5.3272E-002
-2.5605E-001
-1.3317E-001
 1.6265E-001
-3.8700E-001
-7.2797E-002
 8.7001E-002
-4.1322E-001
-1.0658E-001
 3.5216E-002
-2.9660E-001
-2.4142E-001
 4.3005E-001
-2.2189E-001
-3.4312E-001
 4.6210E-001
-4.0869E-001
-9.3603E-002
 2.1202E-001
-3.8603E-001
-1.8851E-002
 2.0259E-001
-3.7294E-001
-1.9677E-001
 2.9564E-001
-2.7706E-001
-2.7022E-001
 3.7797E-001
-1.9913E-001
 2.2670E-001
 1.9598E-001
-4.0029E-001
-1.5701E-001
 2.9761E-001
-4.2315E-001
-2.6113E-001
 3.6583E-001
-3.5685E-001
-3.3379E-001
 4.5281E-001
-3.8328E-001
-2.8835E-001
 3.8280E-001
-4.7665E-001
-3.2290E-001
 3.5664E-001
-9.3717E-002
-3.6217E-002
 5.1352E-001
-2.7059E-001
-5.0656E-001
 6.1922E-001
-1.5651E-001
-5.8948E-001
 7.2139E-001
-7.4550E-001
-6.3380E-001
 7.0848E-001
-8.7535E-001
-3.7219E-001
 5.0768E-001
 2.4492E-001
-9.2460E-001
 1.2242E+000
-8.2655E-001
-6.9631E-001
 8.1858E-001
-1.3400E+000
-9.2982E-001
 7.2378E-001
-1.1993E+000
-8.6244E-001
 5.7177E-001
-1.1937E+000
-5.8628E-001
 4.5313E-001
-1.7187E+000
-1.1160E+000
 1.2370E+000
-1.0826E-001
-6.5157E-001
-7.3404E-001
-9.8841E-001
-9.8711E-001
 5.6208E-001
-9.3501E-001
-9.5254E-001
 4.0802E-001
-8.9972E-001
-9.8770E-001
 1.7718E-001
-7.1409E-001
-8.0325E-001
-2.7468E-002
-8.2920E-001
-1.0181E+000
 4.4704E-001
-1.1928E+000
-9.7513E-001
 4.2637E-001
-1.0485E+000
-1.0470E+000
 3.3950E-001
-1.0669E+000
-1.0655E+000
 1.9618E-001
-9.8399E-001
-7.2299E-001
 2.8360E-001
-8.4779E-001
-5.4220E-001
 5.5081E-002
-1.0673E+000
-1.3365E+000
 3.9158E-001
-1.0123E+000
-1.7520E+000
 3.4821E-001
-1.0177E+000
-5.8880E-001
 4.6351E-001
-1.0337E+000
-3.3900E-001
 4.8355E-001
-8.0288E-001
-3.1029E-001
 3.4823E-001
-6.3340E-001
-3.0004E-001
 5.2107E-001
-1.2948E+000
-3.9516E-001
 5.0217E-001
-1.6884E+000
-2.1777E-001
 4.2524E-001
-7.7919E-001
-3.5714E-001
 1.9217E-001
-6.0149E-001
-2.9298E-001
 5.8195E-002
-5.7500E-001
-3.2068E-001
-1.3217E-001
-5.1657E-001
-1.8669E-001
-1.8636E-001
-5.7619E-001
-4.7701E-001
-1.8444E-002
-5.8473E-001
-5.3116E-001
-1.3238E-001
-6.1808E-001
-4.0321E-001
-1.6010E-001
-4.4682E-001
-3.9128E-001
-3.8400E-001
-4.4633E-001
-2.1480E-001
-3.2555E-001
-3.1733E-001
-4.8318E-002
-4.1076E-001
-3.9571E-001
-6.5465E-001
-4.0159E-001
-2.5935E-001
-8.3212E-001
-2.5033E-001
-5.8370E-001
-2.0630E-001
-1.3589E-001
-6.4108E-001
-7.0528E-003
-1.7768E-001
-5.7120E-001
 4.1857E-002
-1.5867E-001
-5.1778E-001
 1.4190E-001
-1.3225E-001
-8.1787E-001
 6.3210E-002
-2.5528E-001
-5.7196E-001
-8.4327E-001
 1.8214E+000
-5.5122E-001
 3.7739E-002
-1.6268E-001
-4.3559E-001
 1.0158E-001
-1.1367E-001
-3.8422E-001
 1.6565E-001
-2.0487E-001
-2.9685E-001
 2.8841E-001
-1.8544E-001
-3.5635E-001
 1.4657E-001
-8.7214E-002
-6.2682E-002
 3.3496E-002
-3.9788E-001
-3.7682E-001
 1.4105E-001
-2.4840E-001
-2.1110E-001
 1.7494E-001
-3.6953E-001
-2.1381E-001
 1.6305E-001
-4.5272E-001
-1.7793E-001
 2.8793E-001
-5.0890E-001
-1.5267E-001
-4.9034E-002
-4.0331E-001
-1.3407E-001
-3.3213E-002
-4.9506E-001
-1.4202E-001
 3.0848E-002
-4.8372E-001
-1.4742E-001
-1.0426E-001
-7.4094E-001
-1.9084E-001
 1.8192E-001
-6.3978E-001
-7.7322E-002
 3.3102E-001
-6.6655E-001
-2.1362E-001
-5.5290E-001
-6.3110E-001
-8.5298E-001
 2.4958E-001
-7.5458E-001
-3.1100E-001
 2.5190E-001
-4.6185E-001
-3.6909E-001
 3.6930E-001
-4.2542E-001
-3.2824E-001
 3.5482E-001
-3.9426E-001
-3.2003E-001
 3.4232E-001
-3.4738E-001
-5.5868E-001
 3.8120E-001
-4.8664E-001
-2.5068E-001
 3.2122E-001
-4.5375E-001
-1.7028E-001
 3.5861E-001
-4.4443E-001
-2.5340E-001
 3.8111E-001
-3.5743E-001
-1.6447E-001
 4.0848E-001
-3.3036E-001
-4.1891E-001
 3.1764E-001
-3.7491E-001
-4.4370E-001
 2.1280E-001
-4.5980E-001
-4.3490E-001
 1.0849E-001
-2.7242E-001
-5.4190E-001
 8.0016E-002
-2.1021E-001
-4.3454E-001
 2.6776E-001
-6.3969E-001
-2.8820E-001
-2.2575E-001
-3.8584E-001
-3.2090E-001
 5.5583E-002
-2.3776E-001
-2.8758E-001
-5.9086E-002
-1.8920E-001
-1.4284E-001
-6.4369E-002
-1.5583E-001
 2.4025E-004
 3.0153E-002
-2.6447E-001
-3.2954E-001
-2.3112E-001
-1.4190E-001
-7.1809E-001
-3.9827E-001
 4.0646E-003
-1.2538E-001
-1.7582E-001
-9.6565E-002
-4.8650E-002
-1.6590E-001
-1.2057E-001
-8.0600E-002
-1.2547E-001
-1.7737E-001
-7.3563E-002
-1.1434E-001
-1.5154E-001
-5.1897E-002
-2.1040E-001
-7.5838E-002
-1.5049E-001
 4.0383E-002
-5.6924E-002
-1.1001E-001
-8.7105E-002
-3.0209E-001
-1.6771E-001
-3.9097E-002
-3.8457E-001
-1.3590E-001
-1.2636E-001
-2.1465E-001
-8.3189E-002
-1.3322E-001
-1.1852E-001
-2.4338E-001
 2.0873E-001
-5.1432E-001
-1.9773E-001
-1.0178E-001
-2.4965E-001
-1.4652E-001
-1.2035E-001
-1.6341E-001
-9.2238E-002
-9.1411E-002
 2.9926E-004
-1.0365E-001
-1.1581E-001
-7.8176E-002
-3.6139E-002
-1.9452E-001
-2.3300E-001
-7.5118E-002
-4.5834E-002
 2.5987E-001
-5.6222E-002
 4.0393E-003
 2.9862E-001
-1.2609E-001
 2.4100E-001
 1.6941E-001
 2.0350E-002
 2.2356E-001
 2.8721E-002
-5.7059E-002
-1.2657E-001
 2.4889E-001
-2.1402E-002
-2.4577E-001
 1.5478E-001
-3.6563E-001
 4.8638E-001
 2.6255E-001
-5.1321E-001
 6.9312E-001
 1.6763E-001
-2.1536E-001
 4.7642E-001
 3.3546E-001
-5.8376E-004
 3.8437E-001
 2.8525E-001
-5.3476E-001
 1.1945E+000
 2.2945E-001
-1.4553E+000
-1.1110E+000
-7.2610E-001
-3.2138E-001
 2.5304E-001
 4.1006E-001
-1.9643E-001
 8.7506E-002
 3.6863E-001
 7.1179E-002
 2.1742E-001
 2.6962E-001
 6.0225E-002
 4.0416E-001
 3.2992E-001
-2.8769E-001
-4.0480E-002
 4.2456E-001
-2.8602E-001
 2.2257E+000
-8.2203E-001
 1.8180E-001
 1.7335E-001
 7.6307E-002
 3.0039E-001
 2.2642E-001
 7.0004E-002
 4.9823E-001
 2.4678E-001
-5.9241E-003
 6.0407E-001
 4.8061E-001
-1.4734E-001
 2.9952E-001
 2.4437E-001
 1.9459E-001
 4.0256E-001
 1.8328E-001
 1.7821E-002
 5.1610E-001
 4.8753E-002
 7.2613E-002
 7.0008E-001
 1.0265E-001
 1.7870E-002
 5.9224E-001
 2.2727E-001
 8.7013E-002
 6.0354E-001
 2.4743E-001
 8.1751E-002
 7.3301E-001
-1.0020E-001
 1.8680E-001
 8.2822E-001
-2.4416E-001
 1.5261E-001
 4.7315E-001
 2.9512E-001
 1.9755E-001
 4.1838E-001
 3.7212E-001
 3.0653E-001
 3.4622E-001
 4.5064E-001
 4.9707E-002
 2.6950E-001
 4.0696E-001
 2.1657E-001
 3.1210E-001
 4.9649E-001
 5.3212E-001
 3.8562E-001
 4.5986E-001
 2.4744E-002
 2.4528E-001
 4.7641E-001
-2.9700E-001
 4.6214E-001
 5.5880E-001
-2.4339E-001
 4.8798E-001
 6.6091E-001
-2.6112E-001
-2.0024E-001
 2.8543E-001
-1.9256E-001
 5.5588E-001
 4.3667E-001
-2.7599E-001
 6.3665E-001
 3.9939E-001
-3.9323E-001
 5.9459E-001
 3.7987E-001
-3.4585E-001
 6.3918E-001
 5.0910E-001
-4.0800E-001
 6.7497E-001
 2.8929E-001
-5.0675E-001
 1.8511E+000
-1.7779E+000
-8.8685E-001
 5.7457E-001
 1.8747E-001
-1.7675E-001
 4.2271E-001
 2.0182E-001
-1.1119E-001
 3.1844E-001
 3.3446E-001
 9.8584E-002
 4.4094E-001
 5.2814E-001
-1.4454E-002
 2.1748E-001
-1.1094E-002
-1.8985E-001
 2.0086E-001
-2.5187E-001
-5.3513E-001
 6.5551E-002
 5.4286E-001
 3.3462E-001
-5.5793E-002
 6.1388E-001
 2.1089E-001
-1.3677E-001
 5.5994E-001
 1.7326E-001
 9.9846E-002
 3.0435E-001
 3.6168E-001
 1.9979E-002
 7.0822E-001
-8.9369E-002
-3.2210E-002
 5.3245E-001
-1.3743E-001
 1.4865E-001
 5.6050E-001
-2.8211E-001
 1.7883E-001
 5.5974E-001
-3.4134E-001
-6.3099E-002
 4.5820E-001
-1.9210E-001
-3.0167E-001
 1.0523E-001
-4.9878E-001
 2.2684E-001
 5.3081E-001
-3.9367E-001
 1.9219E-001
 5.6793E-001
-5.0719E-001
 4.0131E-001
 5.7980E-001
-6.1597E-001
 7.7162E-001
 9.6734E-001
-7.8810E-001
 1.0146E-001
 5.6151E-001
-3.2972E-001
-8.2419E-002
 6.3443E-001
-2.3515E-001
 3.0358E-001
 2.3620E-001
-5.9071E-001
 4.7236E-001
 1.6347E-001
-6.9866E-001
 3.4275E-001
 2.5049E-001
-5.9697E-001
 1.2687E-001
 4.9287E-001
-3.8210E-001
 4.8182E-001
-1.8431E-001
-6.8123E-001
 4.1507E-001
-8.1597E-001
-1.3742E+000
 4.5201E-001
 8.3930E-002
-7.6246E-001
 3.6561E-001
 1.9176E-001
-7.8467E-001
 3.8598E-001
 4.6452E-001
-8.9554E-001
 3.6239E-001
 6.3383E-001
-9.5049E-001
 1.7433E-001
 1.8021E-001
-6.9637E-001
 1.5391E-001
-2.1844E-001
-6.1239E-001
 3.8039E-001
 4.1446E-001
-9.3970E-001
 4.1109E-001
 7.8088E-001
-1.0317E+000
 2.5369E-001
 7.2579E-001
-1.0306E+000
 1.7241E-001
 7.0362E-001
-1.0371E+000
 2.4791E-001
 1.0228E+000
-1.0710E+000
 3.6962E-001
 2.9880E-001
-9.6889E-001
 1.4395E-001
 6.9142E-001
-1.0077E+000
-8.0489E-003
 6.1934E-001
-1.0135E+000
-5.3934E-002
 6.0084E-001
-9.3064E-001
-1.2462E-001
 5.5519E-001
-9.3388E-001
-5.9245E-002
 5.9333E-001
-1.0255E+000
-8.1521E-003
 5.9152E-001
-8.9813E-001
-1.0224E-002
 5.4168E-001
-8.4533E-001
-5.0408E-002
 5.3889E-001
-7.2467E-001
-1.7062E-001
 4.7423E-001
-5.4501E-001
 5.8756E-002
 6.4606E-001
-8.5787E-001
 1.3426E-001
 6.5208E-001
-6.8749E-001
-4.8125E-002
 4.7523E-001
-6.1442E-001
 3.3808E-002
 4.4418E-001
-5.7087E-001
 2.7470E-001
 8.7392E-001
-8.2099E-001
-5.5278E-002
 3.3842E-001
-7.0566E-001
-1.3003E-001
 2.4348E-001
-6.6513E-001
-1.3971E-001
 2.0511E-001
-6.7137E-001
-1.2649E-001
 1.2668E-001
-6.5729E-001
-1.2812E-001
 1.9492E-001
-7.1926E-001
-5.6880E-002
 3.4003E-001
-6.0789E-001
-9.7696E-002
 2.0362E-001
-6.3304E-001
 8.3055E-003
 2.2161E-001
-4.7476E-001
 1.0297E-001
 3.3890E-001
-4.3059E-001
-2.0110E-001
 2.2437E-001
-7.7537E-001
-2.7418E-001
-4.9346E-002
-1.3013E+000
 2.4008E-002
 4.9840E-002
-4.9053E-001
 6.6014E-002
 9.7731E-002
-2.7652E-001
 1.7281E-002
 3.7056E-002
-2.1296E-001
-5.8231E-002
 1.7462E-001
-4.9631E-002
-6.0382E-002
 7.5749E-002
-2.2260E-001
 5.4802E-002
 1.3728E-002
-2.2556E-001
 6.9663E-002
-1.4346E-002
-2.5118E-001
 2.6065E-002
-4.8875E-003
-2.5133E-001
 1.4979E-001
 5.8331E-002
-3.2883E-001
 6.8502E-002
-5.6141E-002
-3.0982E-001
-1.5151E-001
-5.8635E-003
-3.5194E-001
-2.3684E-001
-3.6804E-002
-1.5767E-001
-2.5387E-001
 5.5250E-002
-1.7212E-001
-2.4570E-001
 2.8738E-002
-7.2713E-002
-2.5989E-001
 5.0207E-003
-5.6944E-002
-3.6058E-001
 2.0275E-001
-1.0148E-001
-2.0246E-001
 2.6528E-002
 5.3821E-002
-2.3283E-001
 6.3123E-003
 2.2221E-001
-9.9686E-002
 6.9740E-002
 3.0692E-001
 2.8359E-002
 3.1048E-001
 1.6698E-001
-6.8671E-002
-1.0732E-001
 5.4060E-001
 1.7866E-002
 6.4996E-002
 5.7624E-001
-2.6828E-002
 7.2428E-002
 3.4274E-001
-3.1731E-002
-4.1616E-002
 2.5013E-001
 8.1802E-002
-1.3088E-001
 8.1768E-001
-8.5595E-002
-2.1930E-001
 7.3447E-001
-1.0280E-001
 1.7687E-001
 2.7188E-001
-2.1918E-001
 1.7407E-001
 7.9119E-002
 1.0798E-001
 1.2689E-001
-2.2099E-001
 1.4765E-001
 6.2620E-002
-1.6536E-001
-7.3072E-001
 2.2078E-001
-2.1219E-001
 1.0875E+000
 2.8306E-001
 6.5539E-001
 2.6154E-001
 7.4841E-002
-4.1552E-001
 5.1216E-001
 5.6497E-002
-6.9453E-001
 3.2118E-001
 5.7833E-002
-1.0267E+000
 3.6238E-002
 1.1071E-001
-1.0519E+000
 6.7360E-001
 1.0223E-001
-4.7517E-001
 9.4334E-001
 9.0792E-002
-4.1958E-001
 4.0587E-001
 2.9223E-002
-1.4161E+000
 2.6662E-001
 1.0804E-001
-1.7393E+000
 4.2606E-001
 1.6037E-001
-1.8372E+000
 4.7711E-001
 2.1814E-001
-1.8672E+000
 7.5762E-002
 1.6125E-001
-1.9622E+000
 3.2166E+000
-4.1285E-002
-1.2339E+000
 4.1535E-001
 1.0146E-001
-1.7292E+000
 4.2721E-001
 1.1340E-001
-1.7127E+000
 4.1266E-001
 4.0430E-002
-1.6895E+000
 3.0013E-001
-1.9025E-002
-1.3237E+000
 3.9842E-001
 2.6442E-001
-1.5925E+000
 3.2531E-001
 3.5877E-002
-1.6821E+000
 2.6794E-001
-3.2357E-001
-2.1613E+000
 3.9560E-002
-7.4226E-001
-1.9097E+000
-6.8462E-003
-4.7824E-001
-1.2305E+000
-1.5852E-001
-7.5175E-001
-8.4747E-001
 3.5401E-003
-9.3781E-001
-2.3822E+000
-1.3978E-001
-1.1501E-002
-1.1673E+000
-1.6383E-001
 1.8602E-001
-7.4784E-001
-3.1704E-001
 4.0968E-001
-3.5683E-001
-4.6994E-001
 3.5789E-001
 1.4867E-001
 1.7356E-001
 6.5909E-001
-8.3017E-001
-3.4844E-001
 3.7725E-001
-6.6837E-001
-2.5214E-001
 1.7170E-001
-5.7027E-001
-4.6597E-001
 3.5210E-001
-4.3353E-001
-5.5075E-001
 3.5478E-001
-3.7566E-001
-8.8807E-002
-2.0061E-001
-3.0596E-001
 9.1304E-001
 2.6473E-001
-3.9276E-001
-3.2063E-001
 3.2514E-001
-4.7886E-001
-2.4073E-001
 3.4420E-001
-5.5097E-001
-1.3566E-001
 4.9098E-001
-5.0613E-001
-1.8781E-001
 5.5731E-001
-4.6981E-001
-3.2078E-001
 2.9036E-001
-6.2472E-001
-5.6691E-001
 3.1074E-001
-9.2629E-001
-1.6446E-001
 2.8511E-001
-3.7840E-001
-1.3035E-001
 1.1416E-001
-2.8557E-001
 1.3400E-001
 1.8629E-001
-8.2158E-002
 5.3623E-002
 1.4349E-001
-2.1645E-002
 2.9479E-001
 4.5663E-003
 5.5984E-002
 4.3549E-001
-5.2038E-002
 2.1248E-002
 5.6560E-001
 5.0373E-002
-6.2951E-002
 4.0797E-001
 2.7591E-001
-2.2898E-001
 4.4868E-001
-1.4262E-001
 6.9809E-002
 4.0098E-001
-4.0789E-001
-3.4691E-001
 5.4267E-001
 9.8874E-003
 5.1456E-002
 4.0029E-001
 1.1360E-001
 1.3504E-001
 3.0138E-001
 1.3570E-001
 1.1614E-001
 2.4737E-001
 1.0082E-001
 8.8891E-002
 2.6327E-001
 1.2249E-001
 1.4182E-001
 2.4283E-001
 1.2719E-001
 2.0720E-001
 2.2483E-001
 1.3614E-001
 2.0017E-001
 1.7456E-001
 1.7565E-001
 2.0042E-001
 2.3978E-001
 1.3441E-001
 3.0966E-001
 2.3861E-001
 1.6785E-001
 3.4688E-001
 1.6493E-001
 1.4901E-001
 9.2190E-002
 1.5220E-001
 1.1646E-001
 1.0327E-001
 1.1748E-001
 1.5074E-001
 1.0098E-001
 1.1038E-001
 1.2924E-001
 7.0566E-002
 7.1820E-002
 1.1877E-001
 9.6871E-002
-5.8305E-002
 1.5779E-001
 9.2021E-002
-4.0030E-002
 1.0165E-001
 6.0757E-002
-3.3703E-002
 3.3833E-002
 3.2545E-002
-2.5541E-001
 2.4373E-001
 7.1674E-002
-3.2172E-001
 1.9250E-001
 1.4955E-001
-2.0570E-003
 1.2249E-001
 1.1537E-001
-2.3038E-002
 1.5592E-001
 1.3995E-001
-3.2529E-002
 1.4974E-001
 1.3256E-001
-3.9611E-002
 8.4732E-002
 1.6227E-001
-1.6732E-002
 1.8050E-001
 1.3744E-001
 3.3374E-003
 2.1347E-001
 9.7909E-002
 1.5100E-003
 1.7092E-001
 7.9402E-002
-3.1904E-002
 1.1561E-001
 1.2740E-001
-6.6356E-002
 2.6375E-001
 7.7182E-002
-2.5967E-001
 9.5210E-002
-1.8933E-002
 6.9646E-002
 1.9414E-001
 2.4330E-002
 6.9847E-002
 1.3770E-001
 7.7021E-003
 4.8951E-002
 1.7603E-001
 9.7021E-002
 7.6352E-002
 1.8190E-001
 1.3512E-001
 8.2409E-002
 1.5520E-001
-4.2908E-002
 5.3831E-001
 1.3192E-001
-3.8312E-001
 3.3789E-002
 1.2542E-001
 9.7963E-002
 1.5078E-002
 1.9509E-001
 1.6062E-001
 3.0834E-002
 1.9257E-001
 1.5021E-001
 5.0815E-002
 1.8812E-001
 1.5054E-001
 1.6574E-002
 2.2075E-001
 2.2461E-001
 7.3299E-001
-3.2994E+000
-1.5189E+000
-1.2706E-001
 2.6936E-001
 4.9532E-002
-1.7717E-001
 8.9062E-002
 1.0003E-001
-3.6874E-002
 9.9140E-002
 9.4140E-002
-2.9836E-002
 1.4844E-001
 8.6071E-002
-4.4086E-001
 1.1576E-001
 7.2810E-002
 2.1040E+000
 1.4616E-001
 1.5863E+000
-5.0283E-003
 8.7104E-002
 8.7475E-002
 1.1620E-002
 5.1836E-002
 7.7087E-002
-4.6768E-003
 3.3364E-002
-6.6640E-003
-4.3735E-002
 3.9995E-002
 3.8157E-002
 1.2035E-002
 3.2547E-002
 7.8168E-002
 8.8347E-002
 2.8127E-002
 7.4058E-001
 7.7718E-003
-2.6708E-002
-1.5898E-001
-4.9230E-002
-4.2171E-002
-3.0075E-001
-1.4809E-001
-9.6455E-002
-2.7709E-001
-1.3065E-001
-6.2002E-002
-1.4622E-001
-5.9180E-003
 1.0715E-001
-5.4177E-001
 1.2837E-001
 1.6212E-001
-6.0654E-001
-1.6867E-001
 1.8142E-002
-3.9463E-001
-2.7554E-001
 2.6625E-001
-3.1959E-001
-2.8866E-001
 2.5626E-001
-1.7179E-001
-2.7508E-001
 3.2059E-001
-8.0916E-002
-2.3241E-001
 4.2719E-001
-5.7180E-001
 1.0994E+000
-3.4415E-001
 6.2975E-001
-2.2958E-001
 1.6685E-001
-1.5202E-001
-2.2486E-001
 1.9163E-001
 2.1615E-002
-1.6791E-001
 1.3673E-001
 1.1796E-001
-1.5688E-001
 1.6480E-001
 1.8960E-001
-1.8611E-001
 1.9925E-001
 5.4454E-002
-2.0435E-001
 4.2346E-001
 3.9143E-001
-1.3073E-001
 1.3337E-001
 8.7386E-002
-1.0034E-002
 1.4573E-001
 5.4553E-002
-7.7927E-002
 1.9042E-001
 4.1832E-002
 3.3611E-003
 2.4022E-001
 1.1629E-001
 8.0373E-002
 8.0100E-002
-2.6947E-002
 2.3899E-001
-3.1262E-001
 5.6714E-001
-1.6691E-001
 1.1803E-001
-6.4010E-002
-1.6585E-001
 9.8632E-002
-9.9632E-002
-2.1821E-001
 1.4965E-001
-2.4466E-002
-2.8036E-001
 1.3060E-001
-8.2318E-002
-1.9463E-001
 8.1993E-002
-1.8294E-001
-2.1175E-001
 9.5638E-002
 7.5389E-002
-2.4969E-001
 4.9514E-002
 9.7123E-002
-2.3252E-001
 4.1602E-002
 1.7122E-001
-1.3273E-001
 3.2138E-002
 1.4358E-001
-2.2706E-001
 3.1157E-002
 9.3691E-002
-2.3570E-001
 1.0719E-001
 1.6188E-001
-1.3078E-001
 2.0064E-001
 1.9618E-001
-8.2705E-002
 1.8833E-001
 1.8090E-001
-4.4359E-002
 2.1257E-001
 1.6388E-001
-1.1292E-001
 1.6920E-001
 1.5469E-001
 6.8692E-002
-5.2629E-002
 1.2553E-001
-7.1627E-002
 1.5138E-001
 1.5446E-001
-5.4567E-002
 1.3346E-001
 8.0481E-002
-1.2488E-001
 1.3622E-001
 5.1744E-002
-2.3401E-001
 1.4421E-001
 2.9464E-002
 2.4073E-002
 1.4300E-001
-1.2303E-002
 1.8409E-001
 1.0754E-001
-1.5929E-002
-1.0382E-001
 8.2187E-002
 6.6290E-002
-1.3754E-001
 1.1105E-001
 6.0464E-002
-1.3425E-001
 1.9405E-001
 1.1610E-001
-1.0890E-001
 2.6369E-001
 2.7037E-001
-1.8634E-001
 1.5127E-001
-3.7633E-002
 2.2192E-001
-4.1952E-002
-6.1045E-002
-1.1130E-001
 1.7076E-001
 1.2502E-001
-1.3955E-001
 1.5877E-001
 1.7707E-001
-1.6929E-001
 1.4599E-001
 1.7393E-001
-1.4992E-001
 1.3217E-001
 1.0158E-001
-1.2909E-001
 1.1344E-001
 1.2799E-001
-1.8555E-001
 1.9278E-001
 1.7117E-001
-1.9881E-001
 2.0505E-001
 1.2391E-001
-1.8817E-001
 2.3065E-001
 9.5116E-002
-1.9687E-001
 2.1774E-001
 1.0401E-002
-2.5812E-001
 2.4757E-001
 1.3800E-001
-3.2051E-001
 3.1716E-001
 7.3887E-002
-1.8194E-001
 2.4822E-001
 3.2351E-002
-2.2657E-001
 3.4094E-001
 1.1814E-001
-1.4008E-001
 3.5370E-001
 9.2529E-002
-1.1925E-001
 3.7276E-001
 4.0809E-002
-1.5734E-001
 5.0144E-001
 2.5025E-001
-2.2605E-001
 5.8185E-001
 2.6880E-001
-1.1658E-001
 3.0709E-001
 1.1959E-001
-1.1350E-001
 2.1998E-001
 1.0083E-001
-1.0107E-001
 2.5181E-001
 2.9792E-002
-5.0451E-002
 2.8215E-001
 1.2418E-002
-1.1919E-001
 1.5806E-001
 1.9643E-001
-2.1678E+000
 9.3696E-001
-1.0923E+000
-1.3316E-001
 2.2049E-001
-2.6927E-003
-1.4798E-001
 2.0635E-001
-3.0537E-002
-1.3483E-001
 2.0681E-001
-4.1715E-002
-1.3672E-001
 1.8066E-001
-9.8776E-002
-1.6294E-001
 2.7480E-001
 9.5592E-004
-2.6997E-001
-5.7181E-001
-2.7405E+000
-1.5680E-001
 2.1213E-001
-4.7531E-002
-1.6207E-001
 2.3474E-001
-9.7102E-002
-1.6286E-001
 1.9925E-001
-1.4143E-001
-2.0146E-001
 2.1150E-001
-1.7223E-001
-1.7977E-001
 2.9777E-001
-5.0562E-002
 1.6952E+000
-2.1007E+000
-1.7242E-001
-9.1888E-002
 2.5469E-001
-1.2495E-001
-1.9149E-001
 3.9007E-001
-1.1817E-001
-2.0036E-001
 1.9284E-001
-2.1375E-001
-2.2971E-001
 1.9160E-001
-2.8358E-001
 8.8160E-002
 6.8937E-001
-6.4089E-002
-2.8639E-002
 3.7627E-001
 6.6233E-001
-1.5946E-001
 1.1657E-001
-2.0876E-001
-2.1957E-001
-2.9533E-003
-2.4685E-001
-2.9334E-001
-7.0929E-002
-2.5197E-001
-3.8624E-001
-2.2153E-001
-2.4411E-001
-2.3226E-001
-2.0691E-002
-2.1530E-001
-3.9721E-002
-7.3354E-003
 9.5638E-002
-2.5903E-001
-1.6210E-002
-2.4141E-001
-2.2916E-001
 4.5965E-002
-2.3788E-001
-2.4349E-001
 7.3410E-002
-1.5948E-001
-1.9269E-001
 9.4677E-002
-5.1134E-002
-3.0957E-001
 6.9639E-002
-2.1115E-001
-3.2826E-001
 8.2896E-002
-1.7707E-001
-2.6989E-001
 1.8255E-001
-1.5523E-001
-2.5407E-001
 2.7218E-001
-1.2171E-001
-3.6758E-001
 6.6761E-002
-1.6982E-001
-4.0711E-001
 5.1825E-002
-1.3925E-001
-2.5673E-001
 2.5799E-001
-1.5909E-001
-1.5345E-001
 3.3250E-001
-1.3427E-001
-1.4287E-001
 3.5004E-001
-1.8248E-001
-1.0443E-001
 2.8504E-001
-1.0701E-001
-1.0612E-001
 3.5892E-001
-2.1840E-001
 3.4028E-003
 7.0167E-001
-2.1768E-001
-1.9333E-001
 3.4925E-001
-2.7041E-001
-2.2531E-001
 3.8234E-001
-3.5620E-001
-2.8445E-001
 3.5838E-001
-2.5514E-001
-2.3371E-001
 3.9552E-001
-1.8525E-001
-2.8046E-001
 3.8551E-001
-5.1497E-001
-3.2603E-001
 6.9371E-001
-5.0900E-001
-3.9391E-001
 3.2944E-001
-2.4520E-001
-4.3688E-001
 2.5485E-001
-2.1336E-001
-3.7026E-001
 2.2726E-001
-1.3298E-001
-3.4373E-001
 2.6116E-001
 5.4249E-002
-2.7608E-001
 3.9045E-001
-2.9145E-001
-2.1058E+000
-2.1477E+000
 4.8973E+000
-1.0989E+000
-6.7044E-001
 6.4568E-001
-5.4900E-001
 8.6735E-001
 1.2254E+000
-1.2842E+000
 2.0398E-001
 2.5818E-001
 2.0937E+000
-1.6065E+000
-1.6821E+000
-1.0823E+000
-3.9865E-001
-2.3659E+000
-1.3582E+000
 4.7693E+000
 2.5770E+000
-3.3100E-001
 9.0173E-001
 1.1987E+000
-1.1374E+000
 1.4427E+000
-2.4866E-001
-9.6600E-001
 3.2457E-001
 6.9123E-001
 3.1875E+000
-3.1625E-001
-3.4912E-001
-2.5043E+000
 1.7318E+000
-1.8729E+000
-1.0865E+000
 1.4440E+000
-4.7395E-001
-1.6234E+000
-1.3537E-001
-5.8064E-002
-9.4706E-001
 1.1997E+000
 5.5547E-001
 2.3728E+000
 5.7262E-001
-1.8779E+000
-1.3613E+000
 2.3658E+000
-2.3334E+000
-3.3101E-001
 3.3482E-001
 1.6425E-001
-3.7047E-001
 4.1543E-001
 3.3206E-001
-2.2058E-001
 5.4569E-001
 3.7459E-001
-2.0548E-001
 6.3293E-001
 5.6609E-001
-6.2450E-001
 3.6272E-001
 4.6308E-001
-1.7024E+000
 9.8425E-001
 5.7725E-001
-5.5233E-002
 4.3442E-001
 2.4479E-001
 8.6048E-002
 2.4293E-001
 3.0522E-001
 2.8187E-001
 1.5955E-001
 2.7387E-001
 4.1667E-001
 1.4313E-001
 3.9240E-001
 6.8070E-002
 1.3031E-001
 5.5783E-002
-5.3940E-001
 4.1512E-001
-1.0601E-001
 3.0742E-001
 1.5621E-001
 2.9669E-001
 4.8267E-001
-7.6246E-003
 3.4532E-001
 4.5452E-001
-3.2528E-002
 2.7079E-001
 4.7342E-001
 2.8430E-002
 2.7583E-001
 4.1617E-001
-2.1746E-001
 2.0951E-001
 3.9408E-002
 3.4160E-002
 6.5915E-001
 1.9254E-001
-7.2852E-002
 2.8880E-001
 1.0233E-001
 5.6346E-002
 4.7744E-001
 3.3071E-001
-3.6730E-002
 2.8285E-001
 4.4678E-001
 2.1170E-002
 4.1210E-001
 2.2940E-001
 4.1020E-002
 9.0867E-001
 7.0133E-001
-6.2373E-001
 1.0836E+000
 2.9930E-001
-7.3858E-002
 3.2999E-001
 4.5483E-001
-6.0950E-002
 3.2257E-002
 4.6639E-001
 4.9693E-003
-2.2144E-001
 5.7043E-001
-6.2748E-002
-2.3500E-001
 8.0072E-001
 1.7258E-002
 8.3423E-002
 1.4881E+000
-4.1798E-002
 4.1209E-001
 5.2093E-001
 1.1186E-001
-4.6359E-001
 5.5652E-001
 6.6457E-002
-4.3217E-001
 6.5806E-001
 1.4862E-001
-2.7431E-001
 6.3329E-001
 2.5189E-001
-2.4922E-001
 6.0556E-001
-4.7826E-002
-5.6229E-001
 2.5798E-001
-3.4051E-001
-1.4507E+000
 4.3883E-001
 1.7823E-001
-2.8679E-002
 5.3652E-001
 1.9550E-001
 6.6049E-002
 5.1792E-001
 2.1903E-001
 2.2000E-001
 5.1462E-001
 1.5064E-001
 1.8662E-001
 7.0492E-001
-2.0727E-002
 2.4071E-001
 8.5787E-001
-1.3330E-002
 3.0897E-001
 4.9757E-001
 1.8547E-001
 1.7741E-001
 5.6181E-001
 2.7865E-001
 1.7112E-001
 5.7509E-001
 2.5829E-001
 1.7987E-001
 4.2127E-001
 1.4737E-001
 2.5095E-001
 6.4048E-001
 3.3680E-001
 2.2507E-001
 8.9341E-001
 7.0245E-001
 3.3428E-001
 7.6398E-001
 3.6034E-001
 2.3536E-002
 5.9481E-001
 3.5507E-001
 1.8451E-001
 8.3317E-001
 4.2597E-001
 5.8436E-001
 1.3052E+000
 4.0991E-001
 5.8273E-001
 5.2759E-001
 3.7207E-001
 1.1206E+000
 9.0387E-001
 7.6613E-001
 2.2470E+000
 6.4807E-001
 8.1570E-002
 3.9116E-001
 6.2646E-001
-1.6129E+000
-1.8336E-002
 8.6938E-001
-6.5895E-001
 4.5466E+000
 2.7984E+000
 2.8470E-001
 6.8442E+000
