    1  19.22   0.000
    2   4.93   0.000
    3   3.68   0.000
    4   4.17   0.000
    5   3.12   0.000
    6   4.95   0.000
    7   6.67   0.000
    8   8.62   0.000
    9   5.83   0.000
   10   5.04   0.000
   11   6.55   0.000
   12   6.88   0.000
   13   8.59   0.000
   14  10.98   0.210
   15  10.97   0.490
   16  10.65   1.900
   17  14.66  20.140
   18  16.30  98.590
   19  19.39  92.920
   20  22.45  29.510
   21  17.40  91.930
   22  10.85  67.480
   23   8.83  31.760
   24   6.39   3.090
   25   5.40   0.470
   26   4.01   0.390
   27   3.98   0.000
   28   3.92   0.000
   29   3.80   0.000
   30   6.38   0.000
   31  11.08   0.000
   32  21.92   0.000
   33  40.04   0.000
   34  30.17   0.000
   35  29.88   0.000
   36  17.38   0.000
   37   8.47   0.000
   38   5.60   0.000
   39   3.48   0.000
   40   2.23   0.000
   41   2.43   0.630
   42   2.88   0.860
   43   4.08   0.850
   44   4.56   1.810
   45   5.67  12.200
   46  11.23 127.740
   47  12.22 118.670
   48  15.50 192.290
   49   9.03  38.200
   50   9.84   1.260
   51  11.17   0.180
   52  10.15   0.310
   53   6.65   0.690
   54   4.91   0.970
   55   5.44   0.420
   56   4.71   0.350
   57   3.03   0.600
   58   2.96   0.460
   59   2.99   0.000
   60   2.22   0.640
   61   2.09   0.000
   62   2.56   0.000
   63   2.29   0.000
   64   1.97   0.000
   65   2.10   0.000
   66   2.45   0.000
   67   2.37   0.000
   68   2.20   0.000
   69   1.82   0.000
   70   2.16   0.000
   71   1.33   0.000
   72   1.46   0.000
   73   1.88   0.000
   74   1.84   0.000
   75   2.56   0.000
   76   2.03   0.000
   77   1.97   0.000
   78   1.99   0.000
   79   2.80   0.000
   80   6.01   0.010
   81   7.68   0.210
   82  12.64   0.600
   83   6.05   0.770
   84   3.43   1.800
   85   2.71   1.700
   86   2.06   0.920
   87   1.55   0.800
   88   2.51   0.000
   89   2.76   0.000
   90   2.72   0.000
   91   2.70   0.000
   92   4.19   0.000
   93   3.08   0.000
   94   2.92   0.000
   95   2.50   0.000
   96   2.01   0.000
   97   2.17   0.000
   98   3.00   0.000
   99   2.68   0.000
  100   2.32   0.000
  101   2.97   0.000
  102   4.04   0.000
  103   4.06   0.000
  104   3.06   0.000
  105   7.05   0.000
  106   6.63   0.000
  107   4.11   0.000
  108   2.95   0.000
  109   2.39   0.000
  110   2.11   0.000
  111   1.91   0.000
  112   1.62   0.000
  113   1.62   0.000
  114   1.65   0.000
  115   1.50   0.000
  116   1.12   0.000
  117   1.07   0.000
  118   1.25   0.000
  119   1.20   0.000
  120   1.08   0.000
  121   1.27   0.000
  122   1.25   0.000
  123   1.16   0.000
  124   1.35   0.000
  125   1.30   0.000
  126   1.42   0.000
  127   1.57   0.950
  128   2.00   0.540
  129   1.98   0.990
  130   1.91   2.990
  131   1.53   0.640
  132   1.36   0.420
  133   1.30   0.000
  134   1.23   0.000
  135   1.51   0.000
  136   1.55   0.000
  137   1.87   0.000
  138   1.90   0.000
  139   2.33   0.000
  140   1.67   0.000
  141   1.57   0.000
  142   1.89   0.000
  143   2.13   0.000
  144   2.51   0.000
  145   3.39   0.000
  146   3.85   0.000
  147   2.41   0.000
  148   2.07   0.000
  149   1.65   0.000
  150   1.54   0.000
  151   1.48   0.000
  152   2.13   0.000
  153   1.97   0.590
  154   1.75   0.000
  155   2.26   0.460
  156   2.40   0.000
  157   2.08   0.000
  158   2.16   0.230
  159   2.77   0.340
  160   2.91   3.680
  161   7.76  17.140
  162  11.66  34.190
  163  13.99  73.230
  164   7.79 179.180
  165   8.98  39.990
  166   3.63   4.100
  167   2.86   0.290
  168   5.95   0.740
  169   9.26   0.110
  170  17.68   0.000
  171  19.50   0.000
  172  33.20   0.000
  173  20.33   0.000
  174   5.87   0.000
  175   4.46   0.000
  176   2.93   0.000
  177   3.32   0.000
  178   1.83   0.000
  179   1.87   0.000
  180   1.60   0.000
  181   2.17   0.000
  182   2.64   0.000
  183   2.21   0.000
  184   2.99   0.000
  185   4.05   0.000
  186   4.70   0.000
  187   4.06   0.000
  188   2.63   0.200
  189   1.89   0.140
  190   1.42   0.340
  191   1.05   0.650
  192   1.00   0.000
  193   0.97   0.000
  194   0.87   0.000
  195   0.84   0.000
  196   0.88   0.000
  197   0.91   0.000
  198   0.92   0.000
  199   1.00   0.000
  200   1.14   0.000
  201   1.29   0.000
  202   1.11   0.000
  203   1.25   0.000
  204   1.19   0.000
  205   1.25   0.000
  206   1.83   0.000
  207   1.81   0.000
  208   2.23   0.000
  209   2.23   0.000
  210   3.29   0.000
  211   5.53   0.000
  212   4.11   0.000
  213   4.35   0.000
  214  13.16   0.000
  215  14.61   0.000
  216   7.09   0.000
  217   7.77   0.000
  218   6.52   0.000
  219   7.65   0.000
  220   6.04   0.000
  221   4.14   0.000
  222   4.46   0.000
  223   5.38   0.000
  224   5.33   0.000
  225   4.10   0.000
  226   5.54   0.000
  227   7.65   0.000
  228   6.84   0.000
  229   6.49   0.000
  230   5.34   0.000
  231   3.75   0.000
  232   4.58   0.000
  233   3.68   0.000
  234   2.99   0.000
  235   4.23   0.000
  236   3.35   0.000
  237   2.82   0.000
  238   2.63   0.000
  239   3.70   0.000
  240   4.38   0.000
  241   2.67   0.000
  242   2.20   0.000
  243   2.60   0.000
  244   1.94   0.000
  245   1.50   0.000
  246   1.83   0.000
  247   1.74   0.000
  248   1.27   0.000
  249   1.57   0.000
  250   1.91   0.000
  251   2.76   0.000
  252   2.79   0.000
  253   1.76   0.000
  254   3.16   0.000
  255   3.07   0.000
  256   1.45   0.000
  257   1.84   0.000
  258   1.28   0.000
  259   1.36   0.000
  260   1.91   0.000
  261   1.75   0.000
  262   1.55   0.000
  263   1.54   0.000
  264   2.28   0.000
  265   2.16   0.000
  266   1.76   0.000
  267   2.32   0.000
  268   2.91   0.000
  269   2.50   0.000
  270   2.27   0.000
  271   3.49   0.000
  272   3.52   0.000
  273   2.32   0.000
  274   4.06   0.000
  275   4.19   0.000
  276   2.70   0.000
  277   2.68   0.000
