-7.4348E-001
 1.1698E+000
-1.3773E+000
-2.0391E-002
 1.2611E+000
-1.3274E+000
 7.5206E-001
 2.7374E-001
-1.6038E+000
 6.2189E-001
 1.5240E-001
-1.5933E+000
-1.1176E-001
 1.6954E+000
-1.2926E+000
 9.5983E-001
 2.0060E-001
-1.5151E+000
 9.6141E-001
 1.0901E-001
-1.3751E+000
 1.2671E+000
 5.5046E-002
-1.3301E+000
 1.3385E+000
 2.4661E-002
-1.2100E+000
 8.4789E-001
 5.2480E-002
-9.8927E-001
 1.3264E+000
 1.0449E-001
-1.4372E+000
 1.4714E+000
 9.3579E-002
-1.4440E+000
 1.6510E+000
 1.1867E-001
-1.4181E+000
 1.7632E+000
 1.4309E-001
-1.5795E+000
 1.5002E+000
-4.6960E-002
-1.2119E+000
 1.7258E+000
 1.2731E-001
-1.2569E+000
 1.9026E+000
 1.7226E-001
-1.1892E+000
 2.0531E+000
 2.2371E-001
-1.2475E+000
 2.1315E+000
 2.4124E-001
-1.4166E+000
 2.0015E+000
 1.5630E-001
-1.1364E+000
 2.0822E+000
 2.4651E-001
-1.1238E+000
 2.2238E+000
 2.8989E-001
-1.1602E+000
 2.1577E+000
 2.6029E-001
-1.2442E+000
 2.2763E+000
 2.9770E-001
-1.3125E+000
 1.9619E+000
 1.9718E-001
-1.2632E+000
 1.8739E+000
 1.6150E-001
-1.3383E+000
 1.6692E+000
 1.0007E-001
-1.2369E+000
 1.6273E+000
 1.0154E-001
-1.1079E+000
 1.8609E+000
 2.6109E-001
-1.6232E+000
 1.9855E+000
 1.0798E+000
-1.8217E+000
 1.5672E+000
 4.9307E-002
-1.2862E+000
 1.3746E+000
-1.4066E-002
-1.2046E+000
 1.2584E+000
-6.4672E-002
-1.3597E+000
 1.2904E+000
-8.8133E-002
-1.5076E+000
 1.4711E+000
-6.9279E-002
-1.1039E+000
 2.2537E+000
-3.1888E-001
-2.5388E+000
 1.1231E+000
-1.0694E-001
-1.3501E+000
 9.9310E-001
-1.8364E-001
-1.4823E+000
 8.1141E-001
-2.2209E-001
-1.3629E+000
 7.7752E-001
-1.9965E-001
-1.2159E+000
 5.6572E-001
 3.4491E-002
-1.7081E+000
 1.3906E+000
-3.7816E-001
-1.3184E+000
 7.3632E-001
-2.5980E-001
-1.4181E+000
 5.6365E-001
-3.1614E-001
-1.3185E+000
 4.3463E-001
-3.8085E-001
-1.4397E+000
 4.6846E-001
-4.1629E-001
-1.5966E+000
 5.0295E-001
-2.7613E-001
-1.2644E+000
 4.7282E-001
-2.1642E-001
-1.2370E+000
 2.8161E-001
-4.0926E-001
-1.3653E+000
 1.4772E-001
-4.8911E-001
-1.4457E+000
 1.2976E-002
-5.2534E-001
-1.3519E+000
-2.6735E-002
-5.0588E-001
-1.1909E+000
 1.4078E-001
-4.7939E-001
-1.4583E+000
-1.0146E-003
-4.2006E-001
-1.1870E+000
-5.7303E-002
-5.7693E-001
-1.4510E+000
-1.8806E-001
-6.2305E-001
-1.3809E+000
-2.9520E-001
-6.9166E-001
-1.5190E+000
-2.2869E-001
-7.0717E-001
-1.6801E+000
-1.2427E-001
-5.8292E-001
-1.4017E+000
-9.1666E-002
-5.6185E-001
-1.4265E+000
-4.4494E-001
-7.4586E-001
-1.4801E+000
-5.5201E-001
-8.2250E-001
-1.6002E+000
-5.3602E-001
-8.6292E-001
-1.7011E+000
-5.0320E-001
-8.2190E-001
-1.6291E+000
-6.8663E-001
-8.6389E-001
-1.5347E+000
-5.0245E-001
-1.3565E+000
-1.5807E+000
-5.6181E-001
-9.1545E-001
-1.8431E+000
-5.4874E-001
-9.5185E-001
-1.9679E+000
-6.4972E-001
-9.8381E-001
-1.9186E+000
-6.1487E-001
-1.0074E+000
-1.9928E+000
-7.8274E-001
-9.9526E-001
-1.8103E+000
-8.6266E-001
-1.0413E+000
-1.7161E+000
-8.6491E-001
-9.5362E-001
-1.5888E+000
-1.0241E+000
-9.9682E-001
-1.3940E+000
-1.0454E+000
-1.1886E+000
-1.6795E+000
-1.0284E+000
-8.9447E-001
-1.3561E+000
-7.2111E-001
-9.0370E-001
-1.5412E+000
-6.6255E-001
-8.5798E-001
-1.4379E+000
-5.5257E-001
-8.0552E-001
-1.4822E+000
-4.6200E-001
-8.5703E-001
-1.6663E+000
-6.5812E-001
-8.5355E-001
-1.4881E+000
-1.4310E+000
 5.8433E-001
-7.2403E-001
-4.7285E-001
-7.8269E-001
-1.3896E+000
-3.3472E-001
-7.7629E-001
-1.4470E+000
-1.6214E-001
-7.0526E-001
-1.4632E+000
-9.1841E-002
-6.5947E-001
-1.3908E+000
-1.4649E-001
-7.2602E-001
-1.5908E+000
 3.1156E-002
-6.4495E-001
-1.6420E+000
 1.9222E-001
-6.3545E-001
-1.7372E+000
 3.6001E-001
-5.6240E-001
-1.7524E+000
 1.1011E-001
-6.7782E-001
-1.6868E+000
 1.5781E-001
-8.9348E-001
-1.6220E+000
 1.4671E-001
-6.8007E-001
-1.8034E+000
 2.9289E-001
-6.6157E-001
-1.8946E+000
 3.3355E-001
-5.8988E-001
-1.7592E+000
 5.0547E-001
-5.3070E-001
-1.7631E+000
 1.9363E-001
-7.7004E-001
-2.1444E+000
 1.3982E-001
-9.0060E-001
-2.5465E+000
 1.9345E-001
-6.0830E-001
-1.5959E+000
 2.5925E-001
-5.5763E-001
-1.4216E+000
 3.5134E-001
-4.8007E-001
-1.3366E+000
 4.4853E-001
-4.3119E-001
-1.2730E+000
 2.8453E-001
-4.9935E-001
-1.3271E+000
 3.6170E-001
-4.3677E-001
-1.2561E+000
 5.7232E-001
-3.7839E-001
-1.3717E+000
 6.8340E-001
-3.2264E-001
-1.2784E+000
 3.6026E-001
-3.8611E-001
-1.2277E+000
 4.4370E-001
-1.9384E-001
-1.1322E+000
 6.0016E-001
-4.2884E-001
-1.5416E+000
 7.7791E-001
-3.7143E-001
-1.6661E+000
 9.0228E-001
-3.4426E-001
-1.6469E+000
 1.1051E+000
-2.5109E-001
-1.6978E+000
 7.5111E-001
-4.6987E-001
-1.9780E+000
 8.0397E-001
-3.5629E-001
-1.5608E+000
 9.3253E-001
-3.2115E-001
-1.5256E+000
 9.8903E-001
-2.3368E-001
-1.3488E+000
 1.1502E+000
-1.8958E-001
-1.3128E+000
 8.8964E-001
-2.9898E-001
-1.5791E+000
 1.1050E+000
 5.6132E-002
-2.2000E+000
 8.7053E-001
-2.2424E-001
-1.1878E+000
 9.2509E-001
-1.7979E-001
-1.0079E+000
 1.1148E+000
-1.0577E-001
-1.0522E+000
 1.2569E+000
-3.2949E-002
-9.4074E-001
 7.8910E-001
-2.1038E-001
-9.1987E-001
 7.4747E-001
-1.7565E-001
-8.0633E-001
 1.0967E+000
-1.3854E-001
-1.1808E+000
 1.2436E+000
-8.4460E-002
-1.2719E+000
 1.4634E+000
-3.1987E-002
-1.3742E+000
 1.6153E+000
 4.3934E-002
-1.3566E+000
 1.4576E+000
-6.2502E-002
-1.4612E+000
 1.6836E+000
-1.9983E-003
-1.5884E+000
 1.7941E+000
 6.2743E-002
-1.4340E+000
 2.0189E+000
 1.6187E-001
-1.4401E+000
 1.5733E+000
-1.9344E-001
-1.8442E+000
 3.8405E+000
-4.4043E-001
-6.2709E+000
 1.6529E+000
 7.2367E-002
-1.2646E+000
 1.7555E+000
 1.1805E-001
-1.0813E+000
 1.8586E+000
 1.9761E-001
-9.6335E-001
 2.0676E+000
 2.7955E-001
-8.5768E-001
 1.5897E+000
 6.4729E-002
-9.7866E-001
 4.7301E+000
-8.1797E-001
-3.5586E+000
 1.7420E+000
 1.6929E-001
-9.3290E-001
 1.8192E+000
 2.2485E-001
-8.1993E-001
 2.0479E+000
 2.6322E-001
-9.4550E-001
 2.2279E+000
 3.3303E-001
-8.2008E-001
 1.7719E+000
 1.9948E-001
-8.4048E-001
 1.9676E+000
 3.4859E-001
-4.3852E-001
 2.0508E+000
 2.1771E-001
-1.1345E+000
 2.2417E+000
 2.6710E-001
-1.3020E+000
 2.4498E+000
 3.3939E-001
-1.3007E+000
 2.6436E+000
 3.9560E-001
-1.3655E+000
 2.2101E+000
 1.2661E-001
-1.6120E+000
 2.1023E+000
 3.0545E-001
-1.9555E+000
 2.4013E+000
 3.3939E-001
-1.2185E+000
 2.6146E+000
 4.0466E-001
-1.2122E+000
 2.7507E+000
 4.8224E-001
-1.0062E+000
 2.9816E+000
 5.5846E-001
-1.0390E+000
 2.5595E+000
 4.0081E-001
-1.2367E+000
 8.2158E-001
-1.1046E+000
-2.3045E-001
 2.6403E+000
 4.8566E-001
-8.0219E-001
 2.7565E+000
 5.4322E-001
-6.0521E-001
 2.8029E+000
 5.7089E-001
-5.5999E-001
 2.8764E+000
 6.3145E-001
-3.6696E-001
 2.6714E+000
 5.4275E-001
-4.7392E-001
 1.0688E+000
 2.0953E+000
-1.0516E+000
 2.7489E+000
 5.3409E-001
-7.1160E-001
 2.7654E+000
 5.4676E-001
-6.8035E-001
 2.8696E+000
 5.4618E-001
-8.6570E-001
 3.0136E+000
 5.9905E-001
-8.2019E-001
 2.5985E+000
 6.0135E-001
-5.3990E-001
 3.3844E+000
-1.4969E-001
-9.1082E-001
 2.8190E+000
 5.0269E-001
-1.0676E+000
 2.9033E+000
 4.9414E-001
-1.2829E+000
 2.7219E+000
 4.3400E-001
-1.3450E+000
 2.7416E+000
 4.2334E-001
-1.5194E+000
 2.5588E+000
 4.0248E-001
-1.1899E+000
 2.3415E+000
 3.2425E-001
-1.2282E+000
 2.1986E+000
 2.5360E-001
-1.3542E+000
 2.1195E+000
 2.3355E-001
-1.2941E+000
 2.2670E+000
 2.4156E-001
-9.8441E-001
 2.2631E+000
 1.6532E-001
-8.5607E-001
 2.1646E+000
 2.2492E-001
-1.5276E+000
 2.0266E+000
 1.4827E-001
-1.6717E+000
 1.7948E+000
 8.2825E-002
-1.5843E+000
 1.7696E+000
 8.4443E-002
-1.5131E+000
 2.1081E+000
 8.6780E-002
-1.8018E+000
 4.6439E+000
-1.8801E+000
-4.5554E+000
 1.6539E+000
 1.9892E-002
-1.5819E+000
 1.4422E+000
-5.7471E-002
-1.5214E+000
 1.3598E+000
-1.2801E-001
-1.6984E+000
 1.4216E+000
-1.2947E-001
-1.8344E+000
 1.4321E+000
-1.0775E-001
-1.3697E+000
 1.3904E+000
-7.3128E-002
-1.2614E+000
 1.2234E+000
-1.6320E-001
-1.7096E+000
 1.1400E+000
-2.2482E-001
-1.8557E+000
 9.3340E-001
-3.1112E-001
-1.7990E+000
 8.7465E-001
-2.9163E-001
-1.6860E+000
 1.1772E+000
-2.7072E-001
-1.9047E+000
 1.3229E+000
-2.7137E-001
-2.1241E+000
 8.5425E-001
-3.6679E-001
-1.8512E+000
 6.6466E-001
-4.3704E-001
-1.8104E+000
 5.9912E-001
-5.0367E-001
-1.9615E+000
 6.4780E-001
-5.3112E-001
-2.0985E+000
 6.8943E-001
-4.5900E-001
-1.6821E+000
 6.4191E-001
-4.4929E-001
-1.5596E+000
 4.6383E-001
-5.2302E-001
-1.9151E+000
 3.9138E-001
-5.8375E-001
-2.0274E+000
 2.1178E-001
-6.3711E-001
-1.9618E+000
 1.7008E-001
-6.0562E-001
-1.8038E+000
 3.9954E-001
-5.5378E-001
-2.0157E+000
 3.1371E+000
-1.8998E+000
-2.2200E+000
 1.1754E-001
-7.0181E-001
-2.0741E+000
-6.7074E-002
-7.5709E-001
-2.0323E+000
-1.3072E-001
-8.1294E-001
-2.1460E+000
-2.2095E-001
-8.7858E-001
-2.2621E+000
-1.2918E-001
-7.6386E-001
-2.0447E+000
 1.0750E-001
-7.2063E-001
-2.6373E+000
-8.7274E-002
-7.8822E-001
-2.1066E+000
-1.3506E-001
-8.2911E-001
-2.1973E+000
-3.1865E-001
-8.8436E-001
-2.1715E+000
-3.9495E-001
-8.7878E-001
-2.0522E+000
-1.1502E-001
-8.0344E-001
-2.2102E+000
 4.1536E-001
-6.3855E-001
-1.5506E+000
-3.7828E-001
-9.3210E-001
-2.2839E+000
-5.5298E-001
-9.5525E-001
-2.2950E+000
-5.9783E-001
-8.9689E-001
-2.1382E+000
-5.0875E-001
-8.7601E-001
-2.1036E+000
-5.7883E-001
-1.0688E+000
-2.4760E+000
-1.6781E+000
-2.4790E-001
-3.2689E+000
-7.3069E-001
-9.2224E-001
-2.0516E+000
-7.9535E-001
-8.9187E-001
-1.9198E+000
-6.6950E-001
-8.4320E-001
-1.8107E+000
-6.4688E-001
-8.2348E-001
-1.7553E+000
-7.8600E-001
-9.3987E-001
-1.9907E+000
-9.3052E-002
 3.4771E-001
-1.9041E+000
-5.7204E-001
-8.1015E-001
-1.7677E+000
-4.3420E-001
-7.6041E-001
-1.6654E+000
-4.9194E-001
-7.1910E-001
-1.4847E+000
-3.9887E-001
-6.7138E-001
-1.4185E+000
-4.8467E-001
-8.1524E-001
-1.7302E+000
-3.9039E-001
 1.2887E+000
 4.3249E-002
-6.1470E-001
-7.6037E-001
-1.4260E+000
-6.8134E-001
-7.3604E-001
-1.2522E+000
-7.1232E-001
-7.6024E-001
-1.2886E+000
-7.2833E-001
-7.1578E-001
-1.1607E+000
-7.7802E-001
-8.0428E-001
-1.1884E+000
-8.1365E-001
-1.2155E+000
-1.0716E+000
-7.3534E-001
-7.8081E-001
-1.4448E+000
-7.7140E-001
-7.9491E-001
-1.4740E+000
-6.1284E-001
-7.6477E-001
-1.4990E+000
-5.9227E-001
-7.4610E-001
-1.4578E+000
-8.8659E-001
-9.4952E-001
-1.6820E+000
 8.6560E-001
-6.9130E-001
-1.6571E+000
-5.0854E-001
-7.4329E-001
-1.5772E+000
-3.6892E-001
-7.1209E-001
-1.6151E+000
-2.7675E-001
-6.3953E-001
-1.4782E+000
-2.0475E-001
-6.1258E-001
-1.4885E+000
-2.7239E-001
-7.8545E-001
-1.7690E+000
-3.5123E-002
-1.2181E+000
-1.5173E+000
-2.8638E-001
-6.2680E-001
-1.3716E+000
-2.0611E-001
-5.7122E-001
-1.2476E+000
-2.1339E-001
-5.5771E-001
-1.1766E+000
-1.2252E-001
-5.1779E-001
-1.1650E+000
-2.1536E-001
-5.5653E-001
-1.3411E+000
-2.0264E-001
-5.6941E-001
-1.3871E+000
-3.3637E-001
-5.9407E-001
-1.1301E+000
-3.5951E-001
-5.9358E-001
-1.0621E+000
-2.9942E-001
-5.7938E-001
-1.1639E+000
-2.5517E-001
-5.5174E-001
-1.1128E+000
-3.0912E-001
-4.9782E-001
-1.1053E+000
-6.5958E-001
-7.3437E-001
-1.0883E+000
-2.9549E-001
-6.0784E-001
-1.2969E+000
-2.4331E-001
-6.0358E-001
-1.3986E+000
-9.3760E-002
-5.4244E-001
-1.4026E+000
-5.2550E-002
-5.2064E-001
-1.4002E+000
-2.7889E-001
-7.5000E-001
-1.5874E+000
-1.0024E+000
 1.9859E+000
 2.0831E-001
-2.4081E-002
-5.2407E-001
-1.4340E+000
 1.0156E-001
-4.4790E-001
-1.4449E+000
 1.6005E-001
-4.0942E-001
-1.3040E+000
 2.5786E-001
-3.5543E-001
-1.3103E+000
 3.8369E-002
-5.6535E-001
-1.4889E+000
-5.9044E-002
-6.0716E-001
-1.5624E+000
 9.9819E-002
-4.1982E-001
-1.1847E+000
 1.5439E-001
-3.8132E-001
-1.0407E+000
 1.3908E-001
-3.8379E-001
-9.9972E-001
 2.1617E-001
-3.6006E-001
-9.3244E-001
 1.6643E-001
-3.8462E-001
-1.0641E+000
 3.6857E-002
-4.2988E-001
-1.0367E+000
 1.9684E-002
-4.3930E-001
-1.0276E+000
 1.0531E-001
-3.9413E-001
-1.0895E+000
 1.2478E-001
-3.7950E-001
-1.0414E+000
-2.0268E-002
-4.8931E-001
-1.0454E+000
 1.7370E-001
-3.8755E-001
-1.1895E+000
 2.6541E-001
-3.3532E-001
-1.2644E+000
 3.7536E-001
-2.7921E-001
-1.2354E+000
 4.4728E-001
-2.2489E-001
-1.3130E+000
 3.2636E-001
-5.4273E-001
-1.3632E+000
 1.4002E-001
-5.6456E-001
-1.6248E+000
 3.8465E-001
-2.6646E-001
-1.1148E+000
 4.8086E-001
-2.4040E-001
-1.0839E+000
 5.5058E-001
-2.0975E-001
-1.2007E+000
 5.9752E-001
-1.6855E-001
-1.2035E+000
 4.9351E-001
-2.5642E-001
-1.2458E+000
 5.3142E-001
-2.3780E-001
-1.3346E+000
 4.9154E-001
-2.6282E-001
-1.2834E+000
 4.3616E-001
-2.7932E-001
-1.1593E+000
 4.9752E-001
-3.0036E-001
-1.5747E+000
 1.8277E+000
-1.7055E+000
-1.9963E+000
 5.1070E-001
-2.3627E-001
-1.3553E+000
 4.3772E-001
-2.6120E-001
-1.3299E+000
 5.5524E-001
-2.6209E-001
-1.3228E+000
 7.1403E-001
-1.7994E-001
-1.3468E+000
 5.0117E-001
-2.7514E-001
-1.2927E+000
 5.7691E-001
-2.7805E-001
-1.2926E+000
 6.1562E-001
-2.3663E-001
-1.1128E+000
 5.3002E-001
-2.4913E-001
-1.0127E+000
 4.5817E-001
-3.2689E-001
-1.2680E+000
 5.8893E-001
-2.8721E-001
-1.3115E+000
 7.3299E-001
-1.9758E-001
-1.0648E+000
 7.8167E-001
-1.5007E-001
-8.9688E-001
 6.4092E-001
-1.7545E-001
-7.8635E-001
 6.0714E-001
-1.6401E-001
-6.4239E-001
 9.1668E-001
-5.3831E-002
-8.9962E-001
 9.8497E-001
 1.6479E-002
-9.3739E-001
 5.7972E-001
-2.1407E-001
-8.5942E-001
 4.2997E-001
-2.4334E-001
-7.6470E-001
 3.0009E-001
-3.1207E-001
-8.6591E-001
 3.1799E-001
-3.2953E-001
-1.0259E+000
 7.8088E-001
-2.5829E-001
-7.2260E-001
-1.7649E-001
 1.3346E-001
 1.9382E-001
 1.5019E-001
-3.5547E-001
-7.7746E-001
 1.4108E-003
-4.2931E-001
-8.5489E-001
-1.1449E-001
-4.6053E-001
-7.3607E-001
-1.2834E-001
-4.4203E-001
-5.7503E-001
-2.8237E-002
-5.1159E-001
-8.7636E-001
-4.7629E-001
-4.6372E-001
-1.1434E+000
-1.8468E-001
-5.0713E-001
-8.1813E-001
-2.9855E-001
-5.4830E-001
-7.1520E-001
-4.1933E-001
-6.1435E-001
-7.4705E-001
-4.5428E-001
-6.2194E-001
-9.0224E-001
-4.0561E-001
-5.9281E-001
-6.5327E-001
-1.3582E-001
 1.8625E-001
-3.0862E-001
-5.2348E-001
-6.5384E-001
-6.1681E-001
-6.2923E-001
-6.8692E-001
-6.3671E-001
-7.0034E-001
-7.3443E-001
-4.6252E-001
-6.6872E-001
-6.6681E-001
-3.5734E-001
-8.0548E-001
-7.1105E-001
-6.4101E-001
-1.7900E+000
-9.9061E-001
-1.5276E+000
-7.9008E-001
-7.6447E-001
-4.7431E-001
-9.1413E-001
-7.6000E-001
-3.2913E-001
-8.7158E-001
-6.9257E-001
-2.5635E-001
-8.1808E-001
-6.9255E-001
-2.6542E-001
-1.0328E+000
-1.0009E+000
-3.3273E-001
-8.9635E-001
-6.4906E-001
-1.2925E-001
-8.6574E-001
-5.8963E-001
-2.9459E-002
-9.0027E-001
-6.0092E-001
-2.6923E-002
-8.5092E-001
-5.6126E-001
 2.2760E-003
-8.4526E-001
-5.8510E-001
 2.8728E-002
-7.8861E-001
-8.4242E-001
 1.0068E-001
-9.5013E-001
-6.5181E-001
-4.2460E-002
-9.9152E-001
-6.5911E-001
-3.4912E-002
-9.4640E-001
-6.5797E-001
-7.4838E-002
-9.2346E-001
-6.1735E-001
-3.1591E-002
-7.9521E-001
-5.1292E-001
-1.4250E-002
-3.3343E+000
 1.5365E-001
-1.3649E+000
-8.7611E-001
-6.5844E-001
-1.7794E-001
-8.7895E-001
-6.3126E-001
-2.8278E-001
-7.5120E-001
-6.0353E-001
-1.9057E-001
-7.5474E-001
-6.0055E-001
-2.5173E-001
-7.9632E-001
-5.6456E-001
-5.3350E-001
-1.1018E+000
-4.8891E+000
-2.3839E+000
-7.1954E-001
-5.8274E-001
-1.3906E-001
-6.1872E-001
-5.0399E-001
-8.6803E-002
-6.4165E-001
-4.9960E-001
-1.8983E-002
-6.0167E-001
-4.6777E-001
-1.8540E-002
-6.4795E-001
-5.6306E-001
-1.7300E-001
-4.4184E-001
-9.5292E-001
-6.1696E-001
-7.3147E-001
-5.3291E-001
 1.7662E-002
-7.6126E-001
-5.1551E-001
 8.9550E-002
-7.3886E-001
-5.1945E-001
 6.0537E-002
-7.0751E-001
-4.9283E-001
 9.4649E-002
-7.5463E-001
-5.4300E-001
-5.5463E-003
-7.4104E-001
-5.6086E-001
-1.1636E-001
-6.7952E-001
-4.9966E-001
-1.5328E-001
-6.8117E-001
-4.9282E-001
-1.8874E-001
-6.1697E-001
-5.3429E-001
-2.1767E-001
-5.1838E-001
-4.7606E-001
-2.5051E-001
-4.5915E-001
-4.3158E-001
-1.4370E-001
-3.7818E-001
-3.9359E-001
-1.7794E-001
-4.3264E-001
-4.3558E-001
-2.9564E-001
-5.1076E-001
-6.2274E-002
-7.3889E-001
-4.8169E-001
-4.2099E-001
-5.2391E-002
-4.3818E-001
-3.8851E-001
 6.0479E-002
-4.8020E-001
-3.9597E-001
 1.0558E-001
-4.0910E-001
-3.7025E-001
 1.6683E-001
-4.1937E-001
-4.0682E-001
 1.0805E-001
-5.6618E-001
-4.2501E-001
 8.5707E-002
-6.4698E-001
-4.5144E-001
 1.2693E-001
-5.6316E-001
-4.3324E-001
 6.3059E-002
-5.4367E-001
-4.2266E-001
 1.4212E-001
-8.0068E-001
-5.8542E-001
 6.2249E-002
-9.3213E-001
-4.0083E-001
 3.2767E-002
-5.3354E-001
-4.3366E-001
-4.6892E-002
-4.6363E-001
-4.1341E-001
-1.1965E-001
-3.3497E-001
-3.7532E-001
-1.0475E-001
-2.6489E-001
-3.6000E-001
-1.8834E-001
-4.7046E-001
-4.7880E-001
-2.7941E-001
 1.9451E-001
-1.6474E+000
 1.6235E+000
-2.8702E-001
-3.5853E-001
-1.7170E-002
-1.5516E-001
-3.0751E-001
 2.6624E-002
-6.1822E-002
-2.9187E-001
-8.9274E-002
 7.3981E-002
-2.4174E-001
-1.0129E-001
-1.1504E-001
-3.1647E-001
-1.6833E-001
-3.0523E-002
-3.2283E-001
-3.0919E-001
 3.4222E-002
-2.9273E-001
-2.6505E-001
 1.2755E-001
-2.8924E-001
-3.5823E-001
-9.6557E-002
-4.8143E-001
-3.7520E-001
 7.0559E-002
-5.4116E-001
-4.2364E-001
-1.2934E-003
-2.8216E-001
-1.4478E-001
 6.7583E-002
-2.5912E-001
-9.8726E-002
 1.4378E-001
-1.9856E-001
 1.9233E-002
 1.1000E-001
-1.8511E-001
 1.1221E-001
-7.5065E-002
-3.1123E-001
-1.6528E-003
-1.9391E-001
-3.4464E-001
-2.1625E-001
 2.4898E-001
-1.7832E-001
 7.5443E-003
 3.3622E-001
-1.3468E-001
 1.2067E-001
 2.1615E-001
-8.2093E-002
 1.7606E-001
 1.1712E-001
-1.0694E-001
 1.2558E-001
 4.9413E-001
-2.0827E-001
 6.2231E-002
 2.1793E-001
-2.7657E-002
 1.7491E-001
 1.1659E-001
 2.8883E-002
 2.9316E-001
 1.9506E-001
 7.1147E-002
 3.1256E-001
 3.5591E-001
 1.0243E-001
 2.6087E-001
 1.8027E-001
 3.0726E-001
 3.2387E-001
 8.5953E-001
 2.6364E+000
-4.0974E-001
 9.4968E-002
 6.8082E-002
 3.2563E-001
 1.6758E-001
 1.1533E-001
 3.5503E-001
 1.7259E-001
 1.6781E-001
 5.4202E-001
 1.0433E-001
 1.4332E-001
 6.2422E-001
-4.5524E-002
-7.2399E-003
 1.5206E-001
-1.4132E-001
 9.2836E-002
-2.9526E-002
 4.0072E-001
 2.7300E-001
 5.8221E-001
 4.3259E-001
 3.4655E-001
 8.2929E-001
 5.4542E-001
 4.1981E-001
 9.0376E-001
 7.2937E-001
 5.1282E-001
 9.6656E-001
 5.9342E-001
 3.3423E-001
 9.2042E-001
 6.6395E-001
 4.0928E-001
 1.0374E+000
 4.3147E-001
 3.6399E-001
 8.7833E-001
 4.8146E-001
 4.0219E-001
 9.3574E-001
 4.8741E-001
 4.6762E-001
 1.1846E+000
 3.6901E-001
 4.4412E-001
 1.2968E+000
 4.0773E-001
 3.3244E-001
 9.2548E-001
 1.8420E-001
 1.7004E-001
 8.5382E-001
 6.2879E-001
 5.4167E-001
 1.2686E+000
 6.3977E-001
 5.9512E-001
 1.5325E+000
 4.5806E-001
 5.4798E-001
 1.6015E+000
 3.4482E-001
 4.9535E-001
 1.4274E+000
 9.6457E-001
 5.1521E-001
 1.6024E+000
 1.5796E+000
 8.0481E-001
 1.4736E+000
 4.0928E-001
 5.9744E-001
 1.8245E+000
 2.2947E-001
 5.8018E-001
 1.9182E+000
 2.0791E-001
 5.4263E-001
 1.7852E+000
 3.8061E-002
 4.9570E-001
 1.7316E+000
 2.5826E-001
 6.6462E-001
 2.2071E+000
 1.5096E-001
-4.8618E-001
 3.9639E+000
 3.9594E-001
 6.0193E-001
 1.7506E+000
 4.2901E-001
 5.8538E-001
 1.6615E+000
 3.5353E-001
 5.0394E-001
 1.4207E+000
 2.4629E-001
 4.5616E-001
 1.3583E+000
 7.0968E-001
 6.5460E-001
 1.6506E+000
 4.0705E-001
 4.8414E-001
 1.2950E+000
 3.3848E-001
 4.1166E-001
 1.0611E+000
 7.8920E-002
 3.3643E-001
 1.0760E+000
-1.3293E-002
 2.6677E-001
 9.8678E-001
 2.9758E-001
 4.9892E-001
 9.1740E-001
-1.4690E+000
 2.8758E-001
 4.6711E+000
 1.5177E-002
 3.6389E-001
 1.2059E+000
-1.9855E-001
 2.9762E-001
 1.2347E+000
-3.4541E-001
 2.9355E-001
 1.2328E+000
-5.3327E-001
 2.0458E-001
 1.1741E+000
-2.8058E-001
 2.3399E-001
 1.4225E+000
-5.9149E-001
 1.6840E-001
 1.7841E+000
-2.9976E-001
 3.7141E-001
 1.3565E+000
-4.1880E-001
 3.5932E-001
 1.4185E+000
-4.4048E-001
 2.9292E-001
 1.2757E+000
-5.8152E-001
 2.7089E-001
 1.2839E+000
-1.7231E-001
 3.5598E-001
 1.7607E+000
-2.9237E-001
 5.6115E-001
 2.4191E+000
-3.3117E-001
 2.5043E-001
 1.1336E+000
-3.3098E-001
 2.1705E-001
 1.0118E+000
-5.1579E-001
 8.1214E-002
 8.9041E-001
-5.4839E-001
 3.6661E-002
 8.3837E-001
-2.7022E-001
 3.8852E-001
 8.7948E-001
 3.3585E-001
 1.1159E+000
 1.1116E+000
-5.9035E-001
 4.7908E-002
 8.9591E-001
-7.1729E-001
-3.1976E-002
 8.1636E-001
-8.5213E-001
-4.7511E-002
 9.2757E-001
-8.5326E-001
 5.7963E-002
 1.0565E+000
-7.6878E-001
-1.0848E-002
 6.9351E-001
-4.3317E-001
-6.1186E-002
 5.1550E-001
-9.7498E-001
-1.4935E-001
 8.7812E-001
-1.0657E+000
-1.8280E-001
 9.4053E-001
-1.0519E+000
-1.5725E-001
 9.8560E-001
-1.0043E+000
-1.8004E-001
 8.6592E-001
-1.1976E+000
-3.1547E-001
 8.8641E-001
-1.2158E+000
-3.7166E-001
 6.7617E-001
-1.0946E+000
-8.3834E-002
 1.1035E+000
-1.0288E+000
-2.5308E-002
 1.0726E+000
-1.0080E+000
-2.5425E-001
 8.9884E-001
-9.5858E-001
-2.3832E-001
 7.8258E-001
-1.1022E+000
 6.0094E-002
 1.1565E+000
-1.2404E+000
 1.8548E-002
 1.2474E+000
-1.0978E+000
-2.5812E-001
 8.5036E-001
-9.4095E-001
-5.4997E-001
 7.5484E-001
-1.0798E+000
-4.1057E-001
 6.6543E-001
-1.0535E+000
-4.7560E-001
 5.8144E-001
-6.2190E-001
-7.1166E-001
 1.2367E+000
-2.1481E+000
 7.7767E-001
-1.5173E+000
-1.0757E+000
-3.6415E-001
 6.6807E-001
-1.0034E+000
-3.9666E-001
 5.5787E-001
-9.0743E-001
-3.3588E-001
 5.2621E-001
-8.8769E-001
-3.6063E-001
 4.3965E-001
-1.1691E+000
-4.4112E-001
 6.7577E-001
-1.2820E+000
-4.4010E-001
 7.0783E-001
-8.8090E-001
-2.6334E-001
 6.0121E-001
-8.3286E-001
-2.1362E-001
 5.5746E-001
-8.3518E-001
-2.8794E-001
 5.0598E-001
-7.8687E-001
-2.7598E-001
 4.7675E-001
-8.8246E-001
-1.3406E-001
 5.3747E-001
-1.0732E+000
-1.0125E-001
 5.9748E-001
-8.8892E-001
-3.3415E-001
 5.3685E-001
-9.0014E-001
-4.0545E-001
 4.9744E-001
-9.0608E-001
-4.5204E-001
 3.9625E-001
-8.5089E-001
-4.5724E-001
 3.5989E-001
-8.4774E-001
-4.9970E-001
 5.7324E-001
-8.4564E-001
-5.1639E-001
 5.5991E-001
-9.0223E-001
-4.8245E-001
 3.5837E-001
-9.5520E-001
-4.5902E-001
 2.6721E-001
-8.6548E-001
-4.7584E-001
 2.7628E-001
-8.7446E-001
-5.0657E-001
 2.0081E-001
-9.7983E-001
-4.8144E-001
 8.0428E-002
-7.7058E-001
-3.9793E-001
 3.1788E-001
-6.8389E-001
-3.9575E-001
 3.0194E-001
-6.3953E-001
-3.4229E-001
 3.7374E-001
-5.4672E-001
-2.9023E-001
 3.5560E-001
-6.4183E-001
-3.1234E-001
 3.0153E-001
-7.2066E-001
-4.0021E-001
 3.0683E-001
-6.6970E-001
-3.5779E-001
 4.0494E-001
-6.5202E-001
-3.2237E-001
 4.2675E-001
-6.5866E-001
-3.6242E-001
 3.7773E-001
-7.0857E-001
-4.1734E-001
 3.6512E-001
-6.9627E-001
-3.4890E-001
 5.2987E-001
-1.2239E+000
 1.0001E+000
 8.9682E-001
-6.1961E-001
-3.5153E-001
 3.8131E-001
-6.1942E-001
-3.7160E-001
 3.5320E-001
-6.1377E-001
-3.5323E-001
 3.4390E-001
-5.7594E-001
-3.3827E-001
 3.4657E-001
-5.7428E-001
-4.4907E-001
 4.8405E-001
-4.2285E-001
-1.5712E-001
 8.6905E-001
-6.2174E-001
-3.5366E-001
 3.4729E-001
-6.1973E-001
-3.5830E-001
 3.2604E-001
-6.0452E-001
-3.7656E-001
 3.3236E-001
-5.6748E-001
-4.0078E-001
 3.9472E-001
-6.1125E-001
-3.4037E-001
 4.3678E-001
-2.2114E-003
-8.3104E-002
 7.5653E-001
-5.9014E-001
-3.7847E-001
 3.1362E-001
-5.0881E-001
-3.5364E-001
 3.8114E-001
-4.9103E-001
-2.6421E-001
 3.7071E-001
-5.1334E-001
-2.0525E-001
 4.3256E-001
-4.9981E-001
-2.8283E-001
 4.4929E-001
-4.3300E-001
-2.0338E-001
 4.0092E-001
-4.3574E-001
-2.0778E-001
 4.6414E-001
-4.8490E-001
-2.4755E-001
 4.2476E-001
-4.5582E-001
-1.8522E-001
 3.1405E-001
 5.5950E-001
 1.3452E+000
-3.6949E-001
-3.4845E-001
-9.4541E-002
 5.1545E-001
-3.6632E-001
-1.2497E-001
 5.0559E-001
-3.1509E-001
-1.2346E-001
 3.7743E-001
-2.0131E-001
-9.3401E-002
 3.7527E-001
-3.3785E-001
-9.4973E-002
 5.5647E-001
-6.0589E-001
 2.9555E-002
 2.8976E-001
-3.5144E-001
-2.0406E-001
 3.0735E-001
-2.8606E-001
-2.5054E-001
 2.2222E-001
-2.6202E-001
-2.3090E-001
 1.4449E-001
-2.2040E-001
-2.7244E-001
 5.9295E-002
-1.3450E-001
-3.9159E-001
 1.6325E-001
-2.8043E-001
-6.5745E-002
-4.4820E-002
-2.8562E-001
-2.2784E-001
 1.6968E-001
-2.8262E-001
-2.4423E-001
 1.2889E-001
-2.9826E-001
-2.3226E-001
 1.8490E-001
-3.4276E-001
-1.9275E-001
 2.5205E-001
-3.2567E-001
-2.9891E-001
 9.8705E-002
-2.5857E-001
-2.0173E-001
 1.4387E-001
-2.6724E-001
-1.7969E-001
 2.4601E-001
-4.2795E-001
-2.8544E-001
 1.7680E-001
-4.2498E-001
-3.1997E-001
 7.9706E-002
-2.9937E-001
-1.0529E-001
 2.5655E-001
-3.7006E-001
 1.5512E-001
 5.6817E-002
-5.4103E-001
-2.6775E-001
 2.4539E-001
-6.5975E-001
-3.4655E-001
 2.2006E-001
-6.3501E-001
-3.5497E-001
 1.7212E-001
-5.4084E-001
-2.9494E-001
 2.1400E-001
-7.4490E-001
-3.9209E-001
 3.5818E-001
-6.4725E-001
 2.5504E-002
 1.7409E-001
-6.8047E-001
-4.2751E-001
 7.5135E-002
-6.5369E-001
-4.3494E-001
 1.8211E-002
-7.9841E-001
-4.9984E-001
 3.2673E-002
-8.1230E-001
-4.8185E-001
 7.2682E-002
-5.9220E-001
-4.7139E-001
-2.1682E-001
 1.1973E-001
-1.5606E-001
-6.3943E-001
-8.9247E-001
-5.5277E-001
-1.8988E-002
-1.0252E+000
-6.1866E-001
-2.4488E-002
-1.1541E+000
-6.5413E-001
 3.7847E-002
-1.0903E+000
-6.1241E-001
 4.7240E-002
-1.0320E+000
-8.1202E-001
-2.5820E-001
-1.2579E+000
-6.6821E-001
 4.8941E-002
-1.3537E+000
-6.7763E-001
 9.0373E-002
-1.3926E+000
-7.2626E-001
 6.8340E-002
-1.3935E+000
-7.3483E-001
 4.7212E-002
-1.3723E+000
-6.6215E-001
 7.3446E-002
-1.3432E+000
-5.5154E-001
-9.2949E-003
-1.4399E+000
-7.2940E-001
 6.6220E-002
-1.3989E+000
-7.2703E-001
 1.0715E-001
-1.3767E+000
-6.3446E-001
 8.9573E-002
-1.3888E+000
-6.4893E-001
 9.4633E-002
-1.3114E+000
-7.7854E-001
 3.0799E-001
-1.8181E+000
-5.7561E-001
 1.2774E+000
-1.3216E+000
-6.2031E-001
 1.0710E-001
-1.2763E+000
-5.5768E-001
 8.0661E-002
-1.2124E+000
-5.1024E-001
 1.2873E-001
-1.2387E+000
-5.2279E-001
 1.5153E-001
-1.2710E+000
-5.8425E-001
 8.7610E-002
-1.1483E+000
-4.4636E-001
 1.3471E-001
-1.0493E+000
-3.5997E-001
 1.8169E-001
-1.0246E+000
-3.6510E-001
 1.1458E-001
-1.0186E+000
-4.0258E-001
 6.4664E-002
-8.2738E-001
-3.0111E-001
 2.0363E-001
-1.0258E+000
-7.9810E-002
 5.2311E-001
-9.5805E-001
-2.9664E-001
 1.7460E-001
-8.9731E-001
-3.0070E-001
 1.3265E-001
-7.5211E-001
-1.9738E-001
 1.9954E-001
-7.6613E-001
-1.5509E-001
 2.5511E-001
-1.1372E+000
-3.2042E-001
 2.0702E-001
 1.1025E+000
-1.4778E-001
-5.7481E-001
-6.7322E-001
-1.9751E-001
 1.5348E-001
-5.2305E-001
-9.3198E-002
 2.0734E-001
-5.6443E-001
-7.2586E-002
 2.9845E-001
-6.3087E-001
-9.7627E-002
 2.6128E-001
-4.0084E-001
-1.0261E-001
 7.8036E-003
-2.9307E-001
-1.8746E-001
 1.1148E-001
-5.5638E-001
 6.9065E-003
 4.1543E-001
-5.9378E-001
 8.0532E-002
 5.5756E-001
-4.0349E-001
 1.8077E-001
 5.8931E-001
-2.9978E-001
 2.1273E-001
 6.1238E-001
-7.5876E-001
 1.6794E-001
 6.8614E-001
-9.5400E-001
 1.0608E-001
 6.8116E-001
-3.5526E-001
 2.1002E-001
 6.2985E-001
-1.6898E-001
 2.8622E-001
 6.6652E-001
-1.6918E-001
 3.7483E-001
 7.8967E-001
-2.7418E-001
 3.6701E-001
 8.0679E-001
-5.0021E-003
 1.5274E-001
 5.4979E-001
-9.1821E-002
 1.1756E-001
 4.7625E-001
-3.8245E-002
 4.5714E-001
 8.6447E-001
-2.0227E-002
 5.3676E-001
 9.9468E-001
 8.0484E-002
 5.1865E-001
 9.2763E-001
 1.9264E-001
 5.2142E-001
 8.8943E-001
 1.2943E-001
 5.5713E-001
 1.1396E+000
 1.2141E-001
 5.8396E-001
 1.3002E+000
 7.2658E-004
 5.0479E-001
 9.2973E-001
 3.8225E-002
 4.8666E-001
 8.6759E-001
 1.7125E-001
 5.4904E-001
 9.4756E-001
 2.4706E-001
 5.3683E-001
 8.7731E-001
-1.0899E-002
 4.9878E-001
 8.9359E-001
-5.7837E-001
 8.0125E-001
 9.1501E-001
 1.7321E-001
 6.2754E-001
 1.0825E+000
 3.0218E-001
 7.0795E-001
 1.1635E+000
 4.4348E-001
 7.1770E-001
 1.1353E+000
 5.7551E-001
 7.5286E-001
 1.1659E+000
 2.2664E-001
 8.7459E-001
 1.2437E+000
 5.1223E-002
 8.7901E-001
 1.3272E+000
 4.4458E-001
 6.8433E-001
 1.0696E+000
 5.8281E-001
 6.9309E-001
 1.0384E+000
 6.4038E-001
 6.2244E-001
 8.8828E-001
 7.8857E-001
 6.5025E-001
 8.3917E-001
 5.9260E-001
 6.6611E-001
 9.9941E-001
 6.1942E-001
 7.7185E-001
 1.2518E+000
 5.2447E-001
 5.5214E-001
 8.0448E-001
 5.4780E-001
 4.9049E-001
 6.4828E-001
 4.5415E-001
 4.4937E-001
 5.8692E-001
 3.0695E-001
 4.1642E-001
 5.9776E-001
 3.3137E-001
 3.5110E-001
 6.2244E-001
-1.2710E-001
-1.5478E-001
 1.2378E+000
 5.5097E-001
 4.3321E-001
 5.2979E-001
 4.9155E-001
 4.1208E-001
 4.8644E-001
 3.7283E-001
 3.4054E-001
 3.2323E-001
 2.3673E-001
 3.1557E-001
 3.1305E-001
 6.8283E-001
 4.0293E-001
 4.6142E-001
 1.5156E+000
 1.8227E-001
 6.6624E-001
 4.6453E-001
 3.0105E-001
 2.0642E-001
 3.6804E-001
 2.1547E-001
 2.5178E-002
 3.7822E-001
 2.0425E-001
-5.2080E-003
 5.1627E-001
 2.6124E-001
 1.1998E-002
 4.4475E-001
 1.4900E-001
-2.0259E-001
 5.1043E-001
-1.2976E-001
-5.2918E-001
 2.3015E-001
 1.5410E-001
-1.2726E-002
 2.2515E-001
 1.4688E-001
-2.6164E-002
 3.0604E-001
 1.1426E-001
-1.4419E-001
 3.1422E-001
 5.3924E-002
-2.7580E-001
 8.9720E-002
 1.4085E-001
-4.4529E-002
-2.8499E-002
 1.2793E-001
-6.4425E-002
 3.5056E-001
 1.5109E-001
-1.2240E-001
 4.2240E-001
 1.6549E-001
-2.2339E-001
 3.0760E-001
 6.8981E-002
-3.4956E-001
 1.7046E-001
 3.5112E-002
-2.7755E-001
 5.1894E-001
 2.0555E-001
-1.6617E-001
 4.0767E-001
 2.0225E-001
-2.4068E-002
 3.5015E-001
 3.7457E-002
-4.7446E-001
 2.6048E-001
-3.5046E-002
-5.9759E-001
 2.6863E-001
-4.2456E-002
-6.1836E-001
 1.6988E-001
-8.6794E-002
-7.0418E-001
 2.8597E-001
-9.0434E-002
-8.0824E-001
-1.4960E+000
-2.9154E+000
-1.9751E+000
 3.9060E-001
 5.0615E-002
-5.7301E-001
 4.6107E-001
 7.3264E-002
-5.9560E-001
 4.8918E-001
 1.4364E-001
-4.6084E-001
 5.2243E-001
 1.9416E-001
-3.4577E-001
 4.4443E-001
 3.7586E-001
-7.5309E-001
 9.3287E-001
-4.3817E-001
-2.8005E-001
 4.6800E-001
 1.3936E-001
-4.4842E-001
 5.2118E-001
 1.9265E-001
-3.3182E-001
 7.1369E-001
 2.8559E-001
-3.5160E-001
 7.9007E-001
 3.0999E-001
-2.3074E-001
 4.5052E-001
 1.5635E-001
-2.0154E-001
-7.2516E-002
-5.1685E-001
 7.9236E-001
 7.8344E-001
 2.6510E-001
-4.8440E-001
 9.6485E-001
 2.9595E-001
-5.1639E-001
 1.0396E+000
 3.5041E-001
-4.4332E-001
 1.1767E+000
 3.8148E-001
-4.0896E-001
 1.0254E+000
 1.5633E-001
-5.4648E-001
 1.1137E+000
-4.3289E-002
-4.1006E-001
 9.7201E-001
 3.2277E-001
-4.1776E-001
 1.0386E+000
 3.7523E-001
-3.4771E-001
 1.0182E+000
 3.9886E-001
-1.7659E-001
 1.0807E+000
 4.6029E-001
-1.1664E-001
 1.0403E+000
 3.2126E-001
-3.9272E-001
 9.1667E-001
 3.9048E-001
-4.0966E-001
 9.2041E-001
 4.0394E-001
-1.1860E-001
 9.0100E-001
 4.3354E-001
 3.3477E-002
 1.0471E+000
 5.0279E-001
 1.1920E-001
 1.0592E+000
 5.4633E-001
 2.2329E-001
 7.2186E-001
 5.3754E-001
-2.1676E-001
 7.5379E-001
 7.1804E-002
-2.0548E-001
 1.1278E+000
 5.1241E-001
 7.1632E-002
 1.2449E+000
 5.6760E-001
 1.2823E-001
 1.3568E+000
 6.1691E-001
 1.6304E-001
 1.3941E+000
 6.7840E-001
 2.6905E-001
 1.3377E+000
 4.7800E-001
 1.2250E-003
 1.1052E+000
 4.6466E-001
-1.1574E-001
 1.4043E+000
 5.8066E-001
 6.7638E-002
 1.5061E+000
 6.1387E-001
 7.3231E-002
 1.4474E+000
 6.4547E-001
 1.7127E-001
 1.5280E+000
 7.1991E-001
 2.4825E-001
 1.5844E+000
 5.0439E-001
 3.5374E-002
 1.2772E+000
 5.8951E-001
 1.7508E-001
 1.2194E+000
 6.1706E-001
 2.4297E-001
 1.2222E+000
 6.7859E-001
 3.9297E-001
 1.2352E+000
 7.3312E-001
 4.6700E-001
 1.1480E+000
 4.9493E-001
 2.4243E-001
-3.4133E-001
-1.6447E-002
-3.9339E-001
 1.1831E+000
 6.8542E-001
 4.2061E-001
 1.1799E+000
 7.4688E-001
 5.5247E-001
 1.3392E+000
 8.5115E-001
 6.0328E-001
 1.3330E+000
 9.1470E-001
 7.1832E-001
 1.0836E+000
 7.2659E-001
 5.4184E-001
 9.7822E-001
 8.8418E-001
 6.1491E-001
 1.4513E+000
 8.5577E-001
 5.1278E-001
 1.6046E+000
 9.4199E-001
 5.4849E-001
 1.6337E+000
 9.6942E-001
 5.7434E-001
 1.6901E+000
 1.0649E+000
 6.7039E-001
 1.6597E+000
 7.7345E-001
 4.9568E-001
-4.1198E-001
 5.1154E+000
-1.1082E+000
 1.5762E+000
 8.9829E-001
 4.9400E-001
 1.6143E+000
 9.3270E-001
 5.2279E-001
 1.5333E+000
 9.6131E-001
 6.4778E-001
 1.5917E+000
 1.0328E+000
 6.9480E-001
 1.4829E+000
 9.0838E-001
 4.1110E-001
 1.3996E+000
 9.4555E-001
 8.7623E-002
 1.3782E+000
 9.1329E-001
 6.9950E-001
 1.3002E+000
 9.3985E-001
 7.9938E-001
 1.3376E+000
 1.0432E+000
 9.2523E-001
 1.3102E+000
 1.1108E+000
 1.0262E+000
 1.2189E+000
 9.9770E-001
 7.1580E-001
 7.8470E-001
 9.3952E-001
 5.8220E-001
 1.3932E+000
 1.0800E+000
 9.1682E-001
 1.4297E+000
 1.1832E+000
 1.0105E+000
 1.5757E+000
 1.2896E+000
 1.0455E+000
 1.5908E+000
 1.3921E+000
 1.1584E+000
 1.4303E+000
 1.1437E+000
 9.5762E-001
 2.1644E+000
 3.9259E-001
-2.3344E+000
 1.6564E+000
 1.2664E+000
 9.5123E-001
 1.7934E+000
 1.3508E+000
 9.5108E-001
 1.7447E+000
 1.3884E+000
 1.0502E+000
 1.8704E+000
 1.5078E+000
 1.0671E+000
 1.8940E+000
 1.2814E+000
 8.0352E-001
 1.6074E+000
 1.3215E+000
 1.0801E+000
 1.5387E+000
 1.3451E+000
 1.1771E+000
 1.4267E+000
 1.3694E+000
 1.3005E+000
 1.3398E+000
 1.3769E+000
 1.3892E+000
 1.3759E+000
 1.1850E+000
 1.0658E+000
 3.3070E+000
-2.3085E-001
-1.4825E+000
 1.4068E+000
 1.3821E+000
 1.3140E+000
 1.3099E+000
 1.4084E+000
 1.4263E+000
 1.1396E+000
 1.2922E+000
 1.4186E+000
 1.0457E+000
 1.3015E+000
 1.5229E+000
 1.1275E+000
 1.1877E+000
 1.3056E+000
 9.6323E-001
 1.0465E+000
 1.2939E+000
 9.8448E-001
 1.0068E+000
 1.1787E+000
 1.1066E+000
 1.0415E+000
 1.0933E+000
 9.8881E-001
 9.6648E-001
 1.2198E+000
 8.3426E-001
 1.4288E+000
 1.5382E+000
 8.5345E-001
 9.4458E-001
 1.1610E+000
 8.5457E-001
 8.8394E-001
 1.0498E+000
 7.7185E-001
 7.6661E-001
 9.4197E-001
 6.8201E-001
 7.4289E-001
 9.7033E-001
 8.3600E-001
 9.1092E-001
 1.1156E+000
 7.1764E-001
 8.7015E-001
 1.1778E+000
 8.0019E-001
 7.1901E-001
 8.0787E-001
 7.3063E-001
 6.1662E-001
 6.8999E-001
 5.6822E-001
 5.5758E-001
 7.1060E-001
 4.7033E-001
 5.0572E-001
 7.0768E-001
 7.7346E-001
 6.1898E-001
 6.0292E-001
 5.4701E-001
 5.5340E-001
 7.1022E-001
 3.9872E-001
 5.0330E-001
 7.1474E-001
 3.6740E-001
 5.3748E-001
 7.9202E-001
 4.6929E-001
 5.8240E-001
 8.0405E-001
 4.5261E-001
 5.1063E-001
 8.2541E-001
 5.8298E-001
 3.3033E-001
 1.0785E+000
 2.3817E-001
 5.1572E-001
 8.6323E-001
 2.0368E-001
 5.3389E-001
 9.2644E-001
 5.7280E-002
 4.5974E-001
 9.1385E-001
-3.9537E-002
 4.3797E-001
 9.3413E-001
 2.2769E-001
 5.0956E-001
 1.0728E+000
 4.9888E-001
-8.4735E-002
 1.2244E+000
 3.5053E-002
 4.3438E-001
 8.5510E-001
-1.0426E-001
 3.6124E-001
 8.5053E-001
-1.0446E-001
 3.7516E-001
 8.9035E-001
 1.4489E-003
 4.3414E-001
 9.1349E-001
-1.8638E-001
 2.6866E-001
 6.1738E-001
 3.1837E-001
 3.3557E-001
-1.4369E-002
-2.2268E-001
 3.2115E-001
 9.1905E-001
-2.4008E-001
 3.2808E-001
 9.6084E-001
-1.8843E-001
 2.9645E-001
 8.7075E-001
-2.2775E-001
 2.2800E-001
 7.7278E-001
-3.1657E-001
 3.2318E-001
 9.6371E-001
-4.6921E-001
 3.4518E-001
 9.7957E-001
-7.2556E-002
 3.6545E-001
 9.1194E-001
-1.9875E-002
 3.4090E-001
 8.3800E-001
-4.9577E-002
 3.3576E-001
 8.8758E-001
-2.1212E-002
 3.1724E-001
 8.1865E-001
 7.2549E-002
 4.5094E-001
 8.3639E-001
 2.7089E-001
 4.7186E-001
 7.5753E-001
-1.2248E-001
 3.4116E-001
 9.8117E-001
-1.3918E-001
 3.3914E-001
 1.0560E+000
-2.1123E-001
 2.4575E-001
 1.0380E+000
-1.6843E-001
 2.7847E-001
 1.0634E+000
-1.7884E-001
 3.1878E-001
 1.2061E+000
 5.8992E-002
 1.1020E+000
 1.3069E+000
-3.6690E-001
 1.7871E-001
 9.7076E-001
-3.9299E-001
 1.1038E-001
 9.8189E-001
-3.5957E-001
 5.1852E-002
 8.1094E-001
-3.6104E-001
 4.6873E-002
 7.3910E-001
-5.0120E-001
-1.2319E-001
 1.0795E+000
 1.7507E+000
 8.9016E-001
-2.7311E-001
-3.7379E-001
 2.5311E-002
 7.3984E-001
-3.5543E-001
-1.9253E-002
 5.8481E-001
-4.6512E-001
-6.6265E-002
 5.3464E-001
-4.6063E-001
-6.3650E-002
 4.2699E-001
-3.4382E-001
 2.2265E-002
 6.2979E-001
-4.0965E-001
 1.5921E-002
 1.1809E+000
-5.6823E-001
-1.0189E-001
 6.0712E-001
-6.9192E-001
-1.6986E-001
 5.5304E-001
-6.3596E-001
-1.4873E-001
 5.2050E-001
-6.8285E-001
-1.6401E-001
 4.1698E-001
-8.4816E-001
-2.1237E-001
 6.9874E-001
-1.0948E+000
-2.4721E-001
 6.2869E-001
-5.6722E-001
-6.0329E-002
 5.8645E-001
-4.9521E-001
-1.9166E-002
 5.3198E-001
-3.8995E-001
-2.6245E-003
 4.4336E-001
-3.7536E-001
-7.7330E-003
 3.5028E-001
-5.0885E-001
 2.3439E-002
 4.9924E-001
-4.3187E-001
-1.8450E-001
 4.9487E-001
-3.1746E-001
 3.7047E-002
 4.2982E-001
-2.2624E-001
 6.2608E-002
 3.4523E-001
-2.4442E-001
 2.6985E-002
 2.5498E-001
-1.6149E-001
 1.7640E-002
 1.7150E-001
-2.9448E-001
 1.6454E-001
 4.4726E-001
-4.1872E-001
 2.3774E-001
 4.1660E-001
-3.4858E-001
-3.6169E-002
 2.5042E-001
-3.7983E-001
-8.3773E-002
 1.3519E-001
-3.7239E-001
-1.0698E-001
 2.6874E-002
-3.3184E-001
-1.2653E-001
-7.5079E-002
-4.6429E-001
-2.6679E-001
 2.2884E-001
-6.0737E-001
-8.1128E-001
 5.1292E-001
-4.2860E-001
-1.3860E-001
 4.7578E-002
-4.5318E-001
-1.4983E-001
-5.6773E-002
-3.0879E-001
-1.1516E-001
-1.4613E-001
-3.0655E-001
-1.3763E-001
-2.3999E-001
-4.4436E-001
-2.1925E-001
-1.1568E-001
-5.2237E-001
-2.1487E-001
 2.6585E-001
-2.0089E-001
-4.0938E-002
-7.5496E-002
-5.7493E-002
 1.7789E-002
-1.5073E-001
-7.2333E-003
 3.5219E-002
-2.1679E-001
 4.0476E-002
 4.4754E-002
-3.3754E-001
 4.3068E-003
 8.9256E-002
-6.2643E-002
 1.9420E-001
 1.3213E-001
-7.8477E-002
-4.5813E-002
 4.3272E-002
-1.3681E-001
 9.3215E-003
 7.7779E-002
-1.7474E-001
-4.3145E-002
 6.2281E-003
-2.9092E-001
 1.5517E-002
 3.7713E-002
-3.9178E-001
-9.1436E-002
 7.9994E-002
 1.0152E-001
-1.1032E-001
 2.4924E-001
 2.9202E-001
-1.8825E-001
-7.0698E-002
-2.9601E-001
-2.4984E-001
-1.3717E-001
-3.9705E-001
-2.2421E-001
-1.5643E-001
-5.4544E-001
-2.4530E-001
-1.8396E-001
-6.6150E-001
-4.8928E-001
-2.0692E-001
-3.4589E-001
-2.0063E-001
-1.3910E-001
-5.4566E-001
-1.5902E-001
-1.5927E-001
-6.6386E-001
-9.9355E-002
-1.5693E-001
-8.2101E-001
-1.7168E-001
-2.2226E-001
-9.4872E-001
-1.1101E-001
-4.5871E-002
-6.4787E-001
 9.6109E-003
-8.3137E-002
-8.2620E-001
 7.3350E-002
-5.9757E-002
-9.6326E-001
 5.9798E-002
-6.9221E-002
-9.8628E-001
 1.4053E-001
-3.4699E-002
-1.0741E+000
 1.4875E-001
 1.1923E-001
-9.8798E-001
 1.7489E-001
 2.9747E-001
-1.2712E+000
-7.4457E-002
-1.3315E-001
-9.2842E-001
-7.0046E-002
-1.2459E-001
-9.4441E-001
-1.3996E-001
-1.2940E-001
-8.1123E-001
-1.6157E-001
-1.4378E-001
-8.3110E-001
-1.4318E-001
-9.8853E-002
-6.6321E-001
-1.9410E-001
-1.0765E-001
-5.2001E-001
-3.6451E-001
-1.8756E-001
-5.0714E-001
-4.0079E-001
-2.4842E-001
-5.6393E-001
-3.9640E-001
-2.1360E-001
-4.1141E-001
-5.2184E-001
-2.8549E-001
-3.8151E-001
-5.2050E-001
-2.7337E-001
-2.3141E-001
-3.8879E-001
-2.1256E-001
-2.3362E-001
-6.2825E-001
-3.9004E-001
-5.7766E-001
-3.5456E-001
 9.2678E-002
-6.7103E-001
-5.5467E-001
-2.9804E-001
-1.9202E-001
-5.0834E-001
-3.0787E-001
-8.3828E-002
-5.1383E-001
-3.0844E-001
-9.3058E-002
-4.4426E-001
-2.7271E-001
-1.0346E-001
-6.1044E-001
-4.8232E-001
 1.0100E-001
-5.8072E-001
-3.6763E-001
-1.3761E-001
-5.7238E-001
-3.5414E-001
-1.2777E-001
-6.1552E-001
-3.6051E-001
-1.8951E-001
-6.9202E-001
-3.9626E-001
-1.8513E-001
-5.7673E-001
-4.2392E-001
-2.5615E-002
-5.4463E-001
-4.6429E-001
-8.6371E-002
-6.1117E-001
-3.0110E-001
-2.1659E-001
-5.5439E-001
-3.0744E-001
-1.4030E-001
-6.1983E-001
-3.2139E-001
-1.4551E-001
-6.2268E-001
-3.2346E-001
-1.3283E-001
-5.8980E-001
-3.4712E-001
-1.2450E-001
-2.4183E+000
 5.2465E-001
 2.0220E-001
-6.5920E-001
-2.6624E-001
-6.9306E-002
-6.8456E-001
-2.5016E-001
-7.1442E-002
-7.0163E-001
-2.2164E-001
-4.3399E-002
-7.4474E-001
-2.2475E-001
-2.6417E-002
-6.7601E-001
-2.9951E-001
-7.1276E-002
 3.1686E-002
-3.5472E+000
-3.7013E+000
-6.7365E-001
-2.2192E-001
-1.7161E-002
-7.0075E-001
-1.7840E-001
 8.8381E-004
-6.6708E-001
-1.7552E-001
 1.6348E-002
-6.9712E-001
-1.0205E-001
-3.7694E-002
-7.4389E-001
-8.4005E-002
 7.8883E-002
-1.1944E+000
 3.1872E+000
 1.3444E-001
-6.4614E-001
-2.3309E-001
 4.7970E-002
-6.1747E-001
-2.2521E-001
 5.8444E-002
-6.3059E-001
-2.4571E-001
 1.0318E-001
-5.6261E-001
-2.4483E-001
 1.5173E-001
-6.5463E-001
-3.0081E-001
 2.0924E-001
-9.7051E-001
-1.8679E-001
 3.1031E-001
-6.2646E-001
-2.3414E-001
 1.2833E-001
-6.3849E-001
-2.6263E-001
 1.7610E-001
-6.1434E-001
-2.7259E-001
 1.6120E-001
-6.2016E-001
-3.0721E-001
 2.4776E-001
-5.6631E-001
-2.5598E-001
 1.3267E-001
-5.2591E-001
-2.9606E-001
 8.5595E-002
-6.0044E-001
-2.7215E-001
 6.6732E-002
-5.9951E-001
-2.4245E-001
-6.5172E-004
-4.7240E-001
-2.0760E-001
 1.8426E-002
-1.4490E+000
-8.2703E-001
 3.3260E+000
-6.8716E-001
-2.5390E-001
-1.3717E-002
-7.4685E-001
-3.2789E-001
-2.1415E-002
-6.9144E-001
-3.2834E-001
-7.7205E-002
-6.8826E-001
-3.3233E-001
-6.0365E-002
-7.4273E-001
-5.0825E-001
-6.7133E-002
-9.0698E-001
-4.3025E-001
 3.2477E-001
-6.2125E-001
-3.2568E-001
-1.1960E-001
-5.6769E-001
-3.0111E-001
-1.4933E-001
-5.3495E-001
-3.3075E-001
-1.2847E-001
-5.2384E-001
-3.0366E-001
-1.5204E-001
-5.7081E-001
-2.9467E-001
-1.9323E-001
-6.9011E-001
-2.3927E-001
-7.2242E-002
-5.5656E-001
-3.2358E-001
-1.0527E-001
-5.1601E-001
-3.0520E-001
-5.0407E-002
-4.3383E-001
-2.6349E-001
-6.9710E-002
-4.0531E-001
-2.3619E-001
-2.9010E-002
-6.6904E-001
-2.1091E-001
-1.8007E-001
-8.5400E-001
-2.7903E-001
 1.0502E-002
-4.2036E-001
-2.4907E-001
-1.2873E-001
-3.3321E-001
-1.9140E-001
-1.5713E-001
-3.2211E-001
-1.8155E-001
-1.9819E-001
-2.5709E-001
-1.1888E-001
-2.3862E-001
-3.5553E-001
-1.7697E-001
-5.8321E-002
-4.7181E-001
 3.2057E-001
 8.7045E-001
-3.7538E-001
-2.0530E-001
-1.9776E-001
-3.6843E-001
-2.0036E-001
-2.3167E-001
-3.6621E-001
-1.9170E-001
-2.3234E-001
-4.5695E-001
-2.5936E-001
-2.0284E-001
-3.2197E-001
-1.9364E-001
-1.4534E-001
-1.4741E+000
 1.9095E+000
 5.1600E-001
-3.0427E-001
-1.3955E-001
-1.9985E-001
-2.9982E-001
-1.2696E-001
-2.0358E-001
-2.5147E-001
-8.3030E-002
-2.6544E-001
-1.7562E-001
-3.2490E-002
-3.4115E-001
-2.6881E-001
-1.4970E-001
-2.2408E-001
-2.6623E-001
-1.6235E-001
-2.0949E-001
-2.8124E-001
-1.1760E-001
-2.8355E-001
-1.8997E-001
-6.1626E-002
-3.5832E-001
-1.5016E-001
-1.5143E-002
-3.1620E-001
-1.3058E-001
-5.9270E-003
-3.5065E-001
-6.2114E-002
 1.1075E-002
-2.0077E-001
 1.6061E-003
 8.5558E-002
-1.2267E-001
 1.5399E-001
 1.6332E-001
-1.6483E-001
 2.1080E-001
 2.1966E-001
-1.3099E-001
-1.3113E-001
 1.9900E-001
-1.1697E-001
-2.9386E-001
 1.1898E-001
 1.1884E-001
 1.8425E-001
 1.8774E-001
-2.3892E-001
 3.1553E-001
 2.6448E-001
-2.7715E-001
 3.5336E-001
 2.7203E-001
-4.3983E-001
 4.5343E-001
 3.3873E-001
-4.9020E-001
 2.7738E-001
 2.3216E-001
-2.9081E-001
-9.8850E-001
 6.2648E-001
 2.3847E+000
 2.7292E-001
 2.1197E-001
-5.1306E-001
 3.2279E-001
 2.1752E-001
-6.8674E-001
 3.9896E-001
 2.7479E-001
-6.9896E-001
 4.2314E-001
 2.9931E-001
-5.9191E-001
 3.9801E-001
-5.5663E-002
-7.1127E-001
 6.1838E-001
-3.3301E-001
-1.0131E+000
 4.4982E-001
 2.9440E-001
-8.4153E-001
 5.2403E-001
 3.4554E-001
-8.7501E-001
 4.6267E-001
 3.0007E-001
-8.3705E-001
 5.1033E-001
 3.3748E-001
-7.8410E-001
 5.8881E-001
 3.2597E-001
-1.0489E+000
 3.4560E-001
 2.1905E-001
-8.6131E-001
 2.6405E-001
 1.5251E-001
-8.3453E-001
 2.7085E-001
 1.6715E-001
-6.7633E-001
 2.9745E-001
 1.9053E-001
-6.5746E-001
 2.3002E-001
 1.5524E-001
-5.7633E-001
 2.2571E-001
 1.8282E-001
-4.2927E-001
 3.6195E-001
 2.7198E-001
-3.8069E-001
 3.7817E-001
 2.8050E-001
-3.0062E-001
 1.6968E-001
 1.5479E-001
-3.3155E-001
 4.4977E-001
 3.2850E-001
-4.5645E-001
 5.6901E-001
 3.9856E-001
-4.3207E-001
 6.1088E-001
 4.2380E-001
-4.7040E-001
 6.6645E-001
 4.6123E-001
-3.8644E-001
 6.2171E-001
 4.9694E-001
-4.9612E-001
 9.6729E-001
-1.0386E+000
-2.4307E+000
 5.7199E-001
 3.8553E-001
-5.9990E-001
 6.1278E-001
 4.0376E-001
-6.2629E-001
 5.6531E-001
 3.5944E-001
-5.1707E-001
 6.3409E-001
 4.1579E-001
-4.6721E-001
 5.6674E-001
 4.0839E-001
-6.5902E-001
 4.4704E-001
 3.0362E-001
-4.7298E-001
 3.8840E-001
 2.7325E-001
-3.6790E-001
 4.3654E-001
 3.2074E-001
-2.2191E-001
 4.5083E-001
 3.3623E-001
-1.6188E-001
 4.5030E-001
 3.4061E-001
-1.6920E-001
 4.9141E-001
 3.8202E-001
-5.1385E-002
 6.3183E-001
 4.6009E-001
-4.6946E-002
 6.6212E-001
 4.8557E-001
 4.0054E-002
 4.8088E-001
 3.5178E-001
-5.3965E-002
 4.0547E-001
 3.9329E-001
-7.2069E-002
 6.9169E-001
 4.9759E-001
-1.6474E-001
 8.2111E-001
 5.5259E-001
-1.7043E-001
 8.2045E-001
 5.5403E-001
-1.5749E-001
 8.8710E-001
 5.8541E-001
-7.6611E-002
 8.4292E-001
 5.8194E-001
-2.0252E-001
 8.5050E-001
 6.8275E-001
-1.8876E-001
 7.4301E-001
 4.9796E-001
-2.2772E-001
 7.3425E-001
 5.0139E-001
-1.8384E-001
 7.1677E-001
 4.9605E-001
-6.2647E-002
 7.6841E-001
 5.2846E-001
 6.3022E-003
 6.6959E-001
 5.2924E-001
-1.8926E-001
 7.9994E-001
 7.2204E-001
 2.5638E-001
 6.2160E-001
 4.5616E-001
 9.3172E-003
 5.9102E-001
 4.6178E-001
 1.3340E-001
 6.9482E-001
 5.3903E-001
 2.2706E-001
 7.1203E-001
 5.6356E-001
 3.1114E-001
 5.2363E-001
 5.0380E-001
 7.9140E-002
 5.3541E-001
 3.0656E-001
 2.9336E-001
 7.5524E-001
 5.6864E-001
 1.9940E-001
 8.4302E-001
 6.1679E-001
 2.5786E-001
 9.5230E-001
 6.6095E-001
 2.5944E-001
 9.9562E-001
 6.9741E-001
 3.6341E-001
 8.1131E-001
 5.0326E-001
 1.2288E-001
 7.7316E-001
 4.9028E-001
 1.3488E-001
 9.7492E-001
 6.5559E-001
 1.4588E-001
 1.0861E+000
 6.8269E-001
 1.4732E-001
 1.0569E+000
 6.8531E-001
 2.2651E-001
 1.1449E+000
 7.1857E-001
 2.7322E-001
 1.0856E+000
 6.5917E-001
 1.6743E-001
 1.1373E+000
 7.4541E-001
 1.6209E-001
 9.3877E-001
 6.2954E-001
 2.5969E-001
 9.0847E-001
 6.3912E-001
 3.2676E-001
 9.4054E-001
 6.8863E-001
 4.6579E-001
 9.8707E-001
 7.2305E-001
 5.2872E-001
 7.2811E-001
 6.1221E-001
 3.2664E-001
 3.2577E-001
 6.2986E-001
 1.3188E-001
 9.0497E-001
 6.8858E-001
 5.0855E-001
 9.1991E-001
 7.2903E-001
 6.2642E-001
 1.0562E+000
 7.9204E-001
 6.4674E-001
 1.0875E+000
 8.4054E-001
 7.3877E-001
 7.8593E-001
 7.0193E-001
 5.6402E-001
 7.3272E-001
 7.2008E-001
 5.0605E-001
 1.1210E+000
 7.9551E-001
 5.5484E-001
 1.2453E+000
 8.4347E-001
 5.6505E-001
 1.3213E+000
 8.7164E-001
 5.5761E-001
 1.4072E+000
 9.2388E-001
 6.0927E-001
 1.1388E+000
 6.4782E-001
 5.1490E-001
 2.2451E+000
 3.4189E+000
 4.3402E-001
 1.2831E+000
 8.3855E-001
 4.9440E-001
 1.3480E+000
 8.5772E-001
 4.8891E-001
 1.3085E+000
 8.7438E-001
 5.8410E-001
 1.3559E+000
 8.8858E-001
 5.7160E-001
 1.3260E+000
 8.3328E-001
 4.9606E-001
 1.2719E+000
 7.9746E-001
 5.0467E-001
 1.2366E+000
 8.7969E-001
 6.6950E-001
 1.1900E+000
 8.9632E-001
 7.7261E-001
 1.1183E+000
 8.6953E-001
 7.7088E-001
 1.1081E+000
 9.1409E-001
 8.4793E-001
 1.2850E+000
 8.0972E-001
 9.2761E-001
 2.4370E+000
-9.3100E-001
-1.8924E+000
 1.0689E+000
 8.1812E-001
 6.7398E-001
 1.0352E+000
 7.7427E-001
 6.5012E-001
 8.8476E-001
 7.4551E-001
 7.2529E-001
 8.2103E-001
 7.3676E-001
 7.4662E-001
 1.0374E+000
 6.5971E-001
 3.9807E-001
 1.4498E+000
 5.2538E-001
 3.1696E-001
 8.4145E-001
 7.4843E-001
 7.5607E-001
 7.4212E-001
 7.2162E-001
 8.1915E-001
 7.7321E-001
 7.5375E-001
 8.8841E-001
 8.5909E-001
 7.7845E-001
 8.5702E-001
 8.0230E-001
 7.9113E-001
 8.6601E-001
-5.5762E-001
-7.8638E-001
 4.7810E-002
 7.1035E-001
 7.5719E-001
 9.9409E-001
 7.2117E-001
 7.9140E-001
 1.0885E+000
 6.2812E-001
 7.4509E-001
 1.0606E+000
 5.1406E-001
 6.9111E-001
 1.0494E+000
 7.0781E-001
 6.8009E-001
 1.1987E+000
 7.2818E-001
 3.7449E-001
 1.5198E+000
 6.7845E-001
 7.6586E-001
 1.0593E+000
 5.8852E-001
 7.0854E-001
 1.0484E+000
 4.8127E-001
 7.0295E-001
 1.1450E+000
 4.0730E-001
 6.4973E-001
 1.1443E+000
 7.5016E-001
 8.0721E-001
 1.0219E+000
 4.8121E-001
 7.4755E-001
 1.2501E+000
 3.5100E-001
 7.6895E-001
 1.3476E+000
 2.5412E-001
 7.2925E-001
 1.3610E+000
 1.6120E-001
 7.4665E-001
 1.4536E+000
 5.0333E-001
 7.3346E-001
 1.5577E+000
 3.7527E-001
 5.8099E-001
 1.6099E+000
 2.5636E-001
 6.9902E-001
 1.2696E+000
 1.6651E-001
 6.5727E-001
 1.2739E+000
 1.7160E-002
 5.9510E-001
 1.2513E+000
-4.9743E-003
 5.3356E-001
 1.1552E+000
 1.8814E-001
 6.9504E-001
 1.2166E+000
 1.9433E-001
 7.0026E-001
 1.3301E+000
-7.4834E-002
 6.0255E-001
 1.3420E+000
-2.1320E-001
 5.5948E-001
 1.3295E+000
-2.9493E-001
 5.3770E-001
 1.3348E+000
-2.6232E-001
 5.4380E-001
 1.3201E+000
-1.2983E-001
 5.3582E-001
 1.4341E+000
-1.6497E-001
 3.7369E-001
 1.8267E+000
-4.3122E-001
 4.9376E-001
 1.3567E+000
-5.5708E-001
 4.6994E-001
 1.3648E+000
-5.2599E-001
 5.5859E-001
 1.4561E+000
-5.4283E-001
 5.4667E-001
 1.4273E+000
-6.6749E-001
 5.0790E-001
 1.3124E+000
-2.8660E-001
 7.1234E-001
 1.3698E+000
-5.3914E-001
 6.1900E-001
 1.5679E+000
-5.2812E-001
 6.8064E-001
 1.6891E+000
-3.9582E-001
 7.2775E-001
 1.6836E+000
-3.8584E-001
 7.5313E-001
 1.7194E+000
-5.5244E-001
 7.3200E-001
 1.7908E+000
 8.6860E-001
-5.1437E-001
 8.3000E-001
-2.7475E-001
 7.2147E-001
 1.6403E+000
-1.3543E-001
 7.6653E-001
 1.6347E+000
-1.2613E-001
 7.3530E-001
 1.5453E+000
-7.6625E-002
 7.6763E-001
 1.5631E+000
-8.8404E-002
 7.7820E-001
 1.6473E+000
-9.7791E-002
 8.8027E-001
 1.7686E+000
-1.5430E-001
 6.4075E-001
 1.4152E+000
-1.5298E-001
 6.0849E-001
 1.3078E+000
-2.5182E-001
 6.0686E-001
 1.3553E+000
-2.2839E-001
 6.0692E-001
 1.3485E+000
-1.7715E-001
 5.7583E-001
 1.2375E+000
-3.7503E-001
 6.0608E-001
 1.4025E+000
-4.9599E-001
 5.9142E-001
 1.4519E+000
-4.3965E-001
 6.8505E-001
 1.5592E+000
-4.6974E-001
 6.5922E-001
 1.5306E+000
-8.2236E-001
 6.1650E-001
 1.4618E+000
-1.8836E+000
-1.2435E+000
 1.2456E+000
-3.8129E-001
 7.3936E-001
 1.6619E+000
-3.2595E-001
 8.2397E-001
 1.7922E+000
-1.9868E-001
 8.4189E-001
 1.7443E+000
-1.8560E-001
 8.7129E-001
 1.7981E+000
-3.2581E-001
 9.0825E-001
 1.8748E+000
-1.1281E-001
 8.0741E-001
 1.6596E+000
 1.8468E-002
 8.2025E-001
 1.6045E+000
-1.3676E-002
 7.8914E-001
 1.5413E+000
 6.4977E-002
 8.1739E-001
 1.5799E+000
-2.0701E-002
 7.9270E-001
 1.6246E+000
-1.1450E-001
 7.0378E-001
 1.4574E+000
-1.5974E-001
 6.7066E-001
 1.3951E+000
-2.1743E-001
 7.1326E-001
 1.4861E+000
-1.8511E-001
 7.1639E-001
 1.4805E+000
-2.6757E-001
 6.2416E-001
 1.2260E+000
-3.3405E-001
 7.8385E-001
 1.4232E+000
-3.0937E-001
 7.3560E-001
 1.5606E+000
-3.8316E-001
 7.7216E-001
 1.6545E+000
-2.8944E-001
 8.4069E-001
 1.7757E+000
-3.2286E-001
 8.6813E-001
 1.8375E+000
-3.4136E-001
 8.6536E-001
 1.5277E+000
-3.1266E-001
 9.5686E-001
 1.4734E+000
-1.7136E-001
 8.7166E-001
 1.7909E+000
-6.5513E-002
 9.4811E-001
 1.8840E+000
 4.0613E-002
 9.4091E-001
 1.8288E+000
 1.4750E-001
 9.9621E-001
 1.8886E+000
-5.8996E-002
 1.0092E+000
 1.9523E+000
 2.1500E-001
 1.6717E+000
 2.6070E+000
 2.8594E-002
 8.7740E-001
 1.7098E+000
 1.2762E-001
 8.6514E-001
 1.6275E+000
 2.7395E-001
 8.8993E-001
 1.6024E+000
 3.8396E-001
 9.0684E-001
 1.5434E+000
 2.8899E-001
 8.9982E-001
 1.6142E+000
 4.2221E-001
 9.4861E-001
 1.5950E+000
 4.6470E-001
 8.8693E-001
 1.4588E+000
 5.8988E-001
 9.1970E-001
 1.4036E+000
 4.2601E-001
 1.0248E+000
 1.7503E+000
 4.5360E-001
 8.9756E-001
 1.5978E+000
 3.5285E-001
 8.0256E-001
 1.3729E+000
 3.8826E-001
 7.4590E-001
 1.2267E+000
 3.2979E-001
 6.7870E-001
 1.1382E+000
 2.0972E-001
 6.7497E-001
 1.1835E+000
 2.3072E-001
 6.1556E-001
 1.2619E+000
 2.1422E-001
 5.8329E-001
 1.3013E+000
 4.0251E-001
 6.4323E-001
 1.0075E+000
 3.5415E-001
 5.8604E-001
 9.2401E-001
 2.1604E-001
 4.9667E-001
 8.4705E-001
 1.4136E-001
 4.6970E-001
 8.2496E-001
 4.5234E-001
 6.2865E-001
 7.5351E-001
 2.0291E-001
 4.7634E-001
 8.1138E-001
 7.0921E-002
 3.7994E-001
 7.2939E-001
-8.7364E-003
 3.8798E-001
 7.6931E-001
 7.3782E-002
 4.5214E-001
 8.5174E-001
 1.1456E-001
 2.7029E-001
 6.6524E-001
 4.0522E-001
 1.6669E-001
 5.5943E-001
-1.4583E-001
 3.0176E-001
 7.3465E-001
-2.4466E-001
 2.8969E-001
 7.5334E-001
-3.6336E-001
 1.5116E-001
 6.0315E-001
-3.8930E-001
 1.1191E-001
 4.9566E-001
-3.9264E-001
 2.5129E-001
 1.0603E+000
-5.9347E-001
 3.1326E-002
 1.2522E+000
-4.1188E-001
 1.3396E-001
 5.8564E-001
-5.5062E-001
-8.5525E-003
 4.4648E-001
-7.2591E-001
 3.0718E-002
 4.9773E-001
-6.5697E-001
 5.3956E-002
 6.1818E-001
-4.0889E-001
-5.8136E-002
 2.6550E-001
-1.5397E-001
-3.0611E-002
-5.5230E-002
-8.5391E-001
-4.7221E-002
 4.7663E-001
-9.4716E-001
-7.9084E-003
 4.9197E-001
-1.0612E+000
-1.2011E-001
 4.2035E-001
-1.0469E+000
-1.4847E-001
 3.4171E-001
-9.5222E-001
-6.5219E-002
 6.3931E-001
-9.0528E-001
-1.2281E-001
 1.0409E+000
-1.1454E+000
-7.4891E-002
 4.0653E-001
-1.2545E+000
-2.1906E-001
 3.5795E-001
-1.2692E+000
-1.6851E-001
 3.9087E-001
-1.2349E+000
-1.2801E-001
 4.7692E-001
-1.3683E+000
-2.4262E-001
 3.5342E-001
-1.3200E+000
-3.5012E-001
 2.7225E-001
-1.5606E+000
-4.1654E-002
 2.9703E-001
-1.5739E+000
 2.2859E-002
 3.7896E-001
-1.3299E+000
-5.4342E-001
 2.6846E-001
-1.2085E+000
 1.5794E-001
 5.3630E-001
-1.6349E+000
-3.7155E-003
 4.0585E-001
-1.7184E+000
 1.1080E-001
 4.7275E-001
-1.5676E+000
 1.7631E-001
 6.5792E-001
-1.6010E+000
 2.6484E-001
 6.5786E-001
-1.6755E+000
 3.1590E-002
 2.9231E-001
-7.4247E-001
 1.8293E+000
 5.2931E+000
-1.4334E+000
 1.1416E-001
 6.8589E-001
-1.2835E+000
 2.5958E-001
 7.7691E-001
-1.2374E+000
 3.1197E-001
 8.4968E-001
-1.1559E+000
 3.9144E-001
 9.7570E-001
-1.0391E+000
 2.8323E-001
 6.9352E-001
-1.2587E+000
 1.5079E-001
 7.0726E-001
-1.2749E+000
 2.4608E-001
 8.9679E-001
-1.3605E+000
 4.3975E-001
 1.0810E+000
-1.2538E+000
 4.7010E-001
 1.2168E+000
-1.3827E+000
 4.3775E-001
 9.2497E-001
-1.2291E+000
-2.3464E-001
 6.6338E-001
-1.4836E+000
 5.1196E-001
 1.0491E+000
-1.5653E+000
 6.0061E-001
 1.2453E+000
-1.4444E+000
 6.6503E-001
 1.3693E+000
-1.4515E+000
 7.4257E-001
 1.5363E+000
-1.7646E+000
 7.5770E-001
 1.0842E+000
-1.3193E+000
 6.5157E-001
 6.4895E-001
-1.3645E+000
 6.2879E-001
 1.3350E+000
-1.2157E+000
 6.8212E-001
 1.4538E+000
-1.0775E+000
 6.8319E-001
 1.4902E+000
-9.9709E-001
 7.7266E-001
 1.6342E+000
-1.2202E+000
 6.5881E-001
 1.4103E+000
-1.2925E+000
 6.6688E-001
 1.4862E+000
-1.0141E+000
 6.0375E-001
 1.4154E+000
-9.3598E-001
 6.0271E-001
 1.4146E+000
-9.5038E-001
 6.7216E-001
 1.5074E+000
-8.5865E-001
 7.1050E-001
 1.5932E+000
-8.9153E-001
 5.6406E-001
 1.4284E+000
-7.8374E-001
 3.1555E-001
 1.2906E+000
-1.0436E+000
 6.5319E-001
 1.4982E+000
-1.1382E+000
 7.0257E-001
 1.5958E+000
-1.1201E+000
 8.1823E-001
 1.7251E+000
-1.0595E+000
 8.4754E-001
 1.7928E+000
-1.3746E+000
 7.2149E-001
 1.5433E+000
-1.3877E+000
 2.1071E-001
 1.3578E+000
-1.1776E+000
 8.4542E-001
 1.7614E+000
-1.1716E+000
 9.2701E-001
 1.8995E+000
-1.0162E+000
 9.4617E-001
 1.9541E+000
-9.7900E-001
 1.0137E+000
 2.0672E+000
-1.1711E+000
 8.8103E-001
 1.8755E+000
-1.1948E+000
 8.9530E-001
 1.9208E+000
-9.2127E-001
 8.8171E-001
 1.8704E+000
-7.4890E-001
 8.9575E-001
 1.8998E+000
-6.8831E-001
 9.0993E-001
 1.9373E+000
-5.8840E-001
 9.4823E-001
 2.0091E+000
-7.0612E-001
 7.6414E-001
 1.8018E+000
 1.4748E-001
 3.0330E+000
 1.3765E+000
-7.2676E-001
 8.7175E-001
 1.8838E+000
-7.1428E-001
 8.7586E-001
 1.9092E+000
-5.9702E-001
 8.4942E-001
 1.8296E+000
-5.1730E-001
 8.6155E-001
 1.8630E+000
-6.8506E-001
 9.5951E-001
 1.9395E+000
 1.3744E+000
 1.3019E+000
 5.8182E-001
-5.6373E-001
 7.9390E-001
 1.7046E+000
-4.4558E-001
 7.6042E-001
 1.6059E+000
-5.1497E-001
 7.1107E-001
 1.4962E+000
-6.6011E-001
 6.8999E-001
 1.4618E+000
-4.0122E-001
 7.1002E-001
 1.5272E+000
-2.1648E-001
 6.8294E-001
 1.5182E+000
-4.1203E-001
 7.0389E-001
 1.4240E+000
-4.5320E-001
 6.5354E-001
 1.3123E+000
-4.1276E-001
 5.7986E-001
 1.1621E+000
-2.7861E-001
 5.7059E-001
 1.1048E+000
-3.3542E-001
 6.7373E-001
 1.2368E+000
 2.5140E+000
 1.4766E+000
 1.1823E+000
-5.2779E-001
 5.4665E-001
 1.1174E+000
-5.3659E-001
 4.4700E-001
 1.0052E+000
-6.0399E-001
 3.5053E-001
 8.5420E-001
-6.9185E-001
 3.3169E-001
 8.5933E-001
-8.0830E-001
 4.5198E-001
 1.0530E+000
-4.2951E-001
 4.7442E-002
 1.2262E+000
-5.7050E-001
 2.4395E-001
 7.5217E-001
-6.2175E-001
 9.5405E-002
 5.6506E-001
-6.9590E-001
 1.0927E-002
 4.7909E-001
-6.2540E-001
 9.3988E-002
 5.5632E-001
-8.1262E-001
-1.2346E-001
 3.7518E-001
-8.6997E-001
-1.8194E-001
 2.9516E-001
-8.3252E-001
-2.3854E-001
 1.4909E-001
-8.8383E-001
-2.8360E-001
 8.7919E-002
-1.0744E+000
-2.3583E-001
 3.5906E-001
-1.2028E+000
-2.1878E-001
 3.3708E-001
-7.5479E-001
-2.3599E-001
 8.3370E-002
-7.2632E-001
-2.7058E-001
-4.6671E-002
-7.4325E-001
-3.1314E-001
-8.5751E-002
-7.6956E-001
-2.9206E-001
-1.6677E-002
-7.2595E-001
-1.5860E-001
-1.3542E-001
-7.4528E-001
-8.2888E-002
-1.1084E-001
-7.1281E-001
-3.5167E-001
-2.0370E-001
-6.9665E-001
-3.6723E-001
-2.5476E-001
-6.0259E-001
-3.1423E-001
-2.2252E-001
-4.8959E-001
-2.4802E-001
-2.0790E-001
-6.9830E-001
-4.4680E-001
-4.6580E-001
-7.7070E-001
-3.2109E-002
 4.5151E-001
-6.1882E-001
-3.1044E-001
-1.9799E-001
-4.9287E-001
-2.4247E-001
-1.6084E-001
-3.6461E-001
-2.1991E-001
-3.0644E-001
-3.8664E-001
-2.6434E-001
-4.2628E-001
-4.1844E-001
-2.5367E-001
-1.8636E-001
-4.0270E-001
-3.0512E-001
 8.6440E-002
-2.2153E-001
-1.3084E-001
-2.6906E-001
-8.1269E-002
-1.0023E-001
-3.9954E-001
-6.8224E-002
-1.1988E-001
-5.0480E-001
-1.2595E-001
-1.3396E-001
-4.6112E-001
 2.6713E-002
 5.9089E-002
-2.9771E-001
-4.7712E-002
-1.7329E-001
-2.7815E-002
 1.8624E-002
-1.3531E-001
-6.4446E-001
 5.9829E-002
-1.2894E-001
-7.8364E-001
 2.0085E-001
-3.7031E-002
-7.5161E-001
 2.8655E-001
-1.6520E-003
-6.5671E-001
 1.2727E-001
-1.8139E-001
-9.7844E-001
 1.7939E-001
-2.1230E-001
-9.8723E-001
 2.0885E-001
-4.5516E-002
-7.8955E-001
 3.4583E-001
 2.9329E-002
-7.7564E-001
 3.8727E-001
 3.0627E-002
-9.5492E-001
 2.9646E-001
-2.2714E-002
-1.0258E+000
 2.2724E-001
 1.7456E-001
-4.7532E-001
 9.5307E-001
 2.7633E-001
-5.0637E-001
 5.5055E-001
 8.0445E-002
-1.0310E+000
 5.9111E-001
 1.0979E-001
-1.1861E+000
 4.7853E-001
 4.5170E-003
-1.3248E+000
 4.5941E-001
-3.5017E-002
-1.4429E+000
 6.2888E-001
 1.4846E-001
-1.1209E+000
 2.7200E+000
-2.6010E-001
-1.7485E+000
 4.1319E-001
-2.2084E-002
-1.2891E+000
 3.2558E-001
-1.0819E-001
-1.3754E+000
 1.6113E-001
-1.9122E-001
-1.3488E+000
 5.0533E-002
-2.6436E-001
-1.4352E+000
 1.1757E-001
-1.7209E-001
-1.2317E+000
-1.6819E-002
-2.4410E-001
-1.1960E+000
-1.0764E-001
-2.5946E-001
-1.0189E+000
-5.5216E-002
-1.9405E-001
-9.1905E-001
-1.6992E-002
-2.3642E-001
-1.1167E+000
-3.2727E-002
-4.7470E-002
-1.0187E+000
-2.5884E-001
-3.2640E-001
-1.0181E+000
-3.7676E-001
-3.4282E-001
-8.3314E-001
-3.7609E-001
-3.0759E-001
-7.1077E-001
-3.6014E-001
-3.0897E-001
-7.4252E-001
-6.3495E-001
-3.2396E-001
-9.0869E-001
-3.7789E-001
-6.7571E-001
-1.1599E+000
-3.8529E-001
-2.8000E-001
-5.6566E-001
-4.0975E-001
-2.3670E-001
-4.1218E-001
-5.7316E-001
-3.1583E-001
-4.1574E-001
-6.5179E-001
-3.6187E-001
-4.6194E-001
-3.9769E-001
-2.7102E-001
-3.6883E-001
-3.7538E-001
-2.6794E-001
-3.6138E-001
-5.6758E-001
-3.0788E-001
-3.6592E-001
-6.9489E-001
-3.8502E-001
-3.5548E-001
-7.7673E-001
-3.4956E-001
-2.1576E-001
-7.1979E-001
-3.2663E-001
-1.7592E-001
-7.6378E-001
-5.1566E-001
-3.5570E-001
-1.4617E+000
 2.8695E-001
-1.0202E+000
-8.4835E-001
-3.7606E-001
-1.4193E-001
-8.9816E-001
-3.6159E-001
-4.5178E-002
-1.0115E+000
-4.3482E-001
-4.8905E-002
-1.0488E+000
-4.7221E-001
-1.2872E-001
-9.1735E-001
-3.6603E-001
-3.3127E-002
-8.0979E-001
-4.5658E-001
-1.9508E-001
-1.0150E+000
-4.3258E-001
 2.5440E-002
-1.1133E+000
-4.9872E-001
 4.8887E-002
-1.1773E+000
-5.4034E-001
 6.3415E-002
-1.1701E+000
-5.2783E-001
 7.9456E-002
-1.2156E+000
-4.5655E-001
 5.2150E-002
-1.1730E+000
-8.3037E-001
-1.9510E-001
-1.2273E+000
-5.9759E-001
 3.9726E-002
-1.2983E+000
-6.5231E-001
 4.4044E-002
-1.2956E+000
-6.8407E-001
 9.5234E-002
-1.2709E+000
-6.6444E-001
 8.3441E-002
-1.2925E+000
-6.7677E-001
 4.9096E-002
-1.1485E+000
-7.0174E-001
 6.7171E-002
-1.2861E+000
-6.9350E-001
 8.0219E-002
-1.2333E+000
-6.8422E-001
 3.5520E-002
-1.2184E+000
-7.0012E-001
 3.2492E-002
-1.3611E+000
-7.2001E-001
 7.7762E-002
-1.1325E+000
-6.5920E-001
 3.9072E-002
-1.0756E+000
-6.3611E-001
 5.3019E-002
-9.9476E-001
-6.2568E-001
-2.8378E-002
-9.2319E-001
-6.0782E-001
-7.4762E-002
-1.0530E+000
-5.8872E-001
 1.8274E-001
-9.5396E-001
-6.4289E-001
 1.5443E-001
-9.7018E-001
-6.5114E-001
-8.0430E-002
-8.3824E-001
-6.4267E-001
-2.0474E-001
-7.3146E-001
-5.7997E-001
-1.2959E-001
-7.3552E-001
-5.4221E-001
-6.5071E-002
-8.5621E-001
-7.8308E-001
-3.7358E-001
-6.4401E-001
-2.0875E+000
-2.6953E+000
-6.4317E-001
-5.6200E-001
-1.8980E-001
-5.5424E-001
-4.8734E-001
-1.3270E-001
-4.1652E-001
-4.6497E-001
-2.2625E-001
-4.0058E-001
-5.2252E-001
-3.3339E-001
-5.6693E-001
-3.9692E-001
 6.2328E-003
-6.0379E-001
-2.7332E-001
-1.3329E-001
-3.2357E-001
-3.9017E-001
-1.6586E-001
-1.7189E-001
-3.4883E-001
-2.5948E-001
-1.3059E-001
-3.1331E-001
-2.0558E-001
-1.1870E-001
-2.7477E-001
-8.9492E-002
-3.7603E-002
-3.0551E-001
-2.6201E-001
-6.6993E-002
-3.3816E-001
-2.8237E-001
-2.0669E-002
-3.0161E-001
-2.2239E-001
 1.3199E-001
-2.6526E-001
-3.1100E-001
 1.6078E-001
-2.9272E-001
-4.3699E-001
 2.1109E-001
-2.2162E-001
-2.3090E-001
 3.6471E-001
-1.9137E-001
-2.8971E-001
 3.6346E-001
-2.0151E-001
-3.2404E-001
 2.9682E-001
-2.2005E-001
-2.1701E-001
 6.2074E-001
-8.8624E-002
-1.1342E-001
 8.3715E-001
 5.0459E-002
 7.6155E-003
 4.2191E-001
-2.1807E-001
-4.5330E-001
 4.2357E-001
-2.2713E-001
-4.9649E-001
 5.0662E-001
-1.7859E-001
-3.8859E-001
 6.2864E-001
-1.3853E-001
-3.6168E-001
 4.6797E-001
-1.8650E-001
-5.9340E-001
 2.8969E-001
-1.4851E-001
-5.7047E-001
 4.2800E-001
-1.9107E-001
-3.1444E-001
 4.9121E-001
-1.5754E-001
-2.0754E-001
 6.1886E-001
-1.2924E-001
-2.8224E-001
 7.2892E-001
-1.0349E-001
-1.8493E-001
 3.2890E-001
-2.5703E-001
-1.2835E-001
 6.2180E-001
-1.6773E-001
-4.3727E-001
 7.1662E-001
-1.2739E-001
-5.3986E-001
 8.5580E-001
-9.6951E-002
-5.9917E-001
 9.5568E-001
-6.3696E-002
-6.5992E-001
 6.8695E-001
-2.7004E-001
-7.5010E-001
 8.6625E-001
-9.2863E-002
-5.6090E-001
 1.0184E+000
-3.7422E-002
-6.1822E-001
 1.1802E+000
 2.2354E-002
-5.0692E-001
 1.1723E+000
 3.5842E-002
-3.4289E-001
 1.0452E+000
-1.2244E-002
-6.0070E-001
 1.3192E+000
 5.4771E-002
-6.0033E-001
 1.4879E+000
 1.3166E-001
-5.1981E-001
 1.5979E+000
 1.6677E-001
-4.5361E-001
 1.7320E+000
 2.2866E-001
-3.6702E-001
 1.5309E+000
 2.3212E-001
-7.0715E-001
 1.4682E+000
 2.7520E-002
-7.3408E-001
 1.4959E+000
 1.4097E-001
-5.1300E-001
 1.5581E+000
 1.6112E-001
-4.8166E-001
 1.4251E+000
 1.5370E-001
-3.3726E-001
 1.4087E+000
 1.4496E-001
-3.7063E-001
 1.4973E+000
 6.1774E-002
-5.7634E-001
 1.6619E+000
-3.1661E-001
-2.5644E-001
 1.3694E+000
 1.3911E-001
-2.0535E-001
 1.2224E+000
 1.4370E-001
-7.8929E-002
 1.3093E+000
 1.8566E-001
 3.1952E-002
 1.1873E+000
 1.6951E-001
 7.9891E-002
 1.0926E+000
 1.8806E-001
 2.3084E-001
 3.7347E-001
-1.6768E-001
-2.1241E-001
 1.4821E+000
 2.5170E-001
 6.5781E-002
 1.5648E+000
 3.0065E-001
 1.6763E-001
 1.5851E+000
 3.0024E-001
 4.2823E-002
 1.5297E+000
 2.9619E-001
 1.0586E-001
 1.7524E+000
 4.2655E-001
 2.2113E-001
 2.2329E+000
 2.4009E+000
 2.0004E+000
 1.6377E+000
 2.6575E-001
-1.2425E-001
 1.6469E+000
 2.5434E-001
-2.5006E-001
 1.4514E+000
 1.8931E-001
-2.6178E-001
 1.4259E+000
 1.7851E-001
-2.5630E-001
 1.7453E+000
 2.9586E-001
-4.9817E-001
 1.6484E+000
 6.6324E-001
-5.2883E-001
 1.3201E+000
 1.3208E-001
-2.7209E-001
 1.1326E+000
 8.1016E-002
-2.8790E-001
 1.0623E+000
 8.8631E-002
-1.2650E-001
 9.8718E-001
 5.5790E-002
-1.3699E-001
 9.3206E-001
 9.7459E-003
-2.7532E-001
 1.0960E+000
 1.2710E-001
 3.4392E-002
 1.0146E+000
 1.6466E-001
 1.8566E-001
 1.1093E+000
 2.0292E-001
 2.0210E-001
 1.0150E+000
 1.9577E-001
 2.8399E-001
 1.0271E+000
 2.0906E-001
 4.8038E-001
 1.3203E+000
 3.4399E+000
-1.5298E+000
 1.2842E+000
 2.2630E-001
 1.1961E-001
 1.3558E+000
 2.6857E-001
 1.4105E-001
 1.2845E+000
 2.0708E-001
 1.4215E-002
 1.2380E+000
 2.0709E-001
 6.0349E-002
 1.7193E+000
 4.4280E-001
 9.4185E-002
 3.3531E+000
 1.5575E+000
 2.0412E+000
 1.2616E+000
 1.5246E-001
-1.4703E-001
 1.1854E+000
 8.2948E-002
-2.7391E-001
 9.8681E-001
 4.8648E-002
-2.0218E-001
 9.3339E-001
 2.9786E-002
-1.8079E-001
 1.1383E+000
 7.6313E-002
-4.5622E-001
 1.1148E+000
 1.3285E-002
-4.4800E-001
 8.8839E-001
 1.8212E-002
-1.4691E-001
 7.0172E-001
-5.1085E-003
-7.8245E-002
 6.8597E-001
 3.6556E-002
 8.8154E-002
 5.5893E-001
 6.1608E-004
 8.6478E-002
 5.0609E-001
-8.2563E-002
 3.2948E-002
 3.1065E-001
-9.2337E-002
-1.4149E-001
 7.6924E-001
 1.0014E-001
 2.1819E-001
 7.2255E-001
 1.5178E-001
 3.8355E-001
 8.0522E-001
 1.7312E-001
 3.6715E-001
 7.0096E-001
 1.7896E-001
 4.4199E-001
 8.4185E-001
 3.1524E-001
 6.8234E-001
 8.1766E-001
 2.7026E-001
 8.1939E-001
 9.5320E-001
 1.8357E-001
 2.6280E-001
 1.0527E+000
 2.2088E-001
 2.5631E-001
 1.0559E+000
 1.7653E-001
 1.0760E-001
 1.1156E+000
 1.8378E-001
 9.2027E-002
 1.3833E+000
 3.1185E-001
 3.2993E-001
 1.4040E+000
 2.7003E-001
 8.6328E-001
 9.9830E-001
 1.0182E-001
-2.7745E-002
 1.0014E+000
 6.6460E-002
-1.8946E-001
 7.9189E-001
-3.4506E-002
-2.3108E-001
 7.0249E-001
-8.2278E-002
-2.5350E-001
 1.0716E+000
 8.2854E-002
-3.8788E-001
 1.1554E+000
 9.9590E-001
-5.5947E-001
 7.0037E-001
-7.3759E-002
-2.3847E-001
 5.0672E-001
-1.5875E-001
-2.8316E-001
 3.6073E-001
-1.5020E-001
-1.3482E-001
 2.4762E-001
-2.0000E-001
-1.8323E-001
 1.7291E-001
-2.4288E-001
-4.2637E-001
 7.4432E-003
-1.8474E-001
-5.1977E-001
 3.5172E-001
-1.0778E-001
-5.9625E-003
 2.0765E-001
-8.0248E-002
 1.3233E-001
 2.4445E-001
-4.6291E-002
 1.9921E-001
 2.3343E-001
 3.0213E-002
 3.2623E-001
 8.6616E-002
-3.4871E-002
 5.1011E-001
-2.4164E-001
 2.3689E-001
 6.7879E-001
 2.6244E-001
-7.2760E-002
 1.0124E-001
 2.9631E-001
-4.4665E-002
 1.4740E-001
 1.4836E-001
-1.2529E-001
 1.4351E-002
 1.2772E-001
-1.9394E-001
-7.7888E-002
 4.2892E-001
-2.9335E-002
 8.1741E-002
 4.1528E-001
-2.4213E-002
 5.5843E-002
 1.2367E-001
-1.1531E-001
 6.4387E-002
 2.1610E-002
-1.8493E-001
-1.5667E-002
 8.1133E-002
-2.3126E-001
-1.6447E-001
-1.2072E-002
-3.1994E-001
-2.7166E-001
 4.5781E-002
-1.5600E-001
 1.3523E-001
-8.7241E-002
-9.9784E-002
 2.8791E-001
 2.6887E-001
-1.9803E-001
-2.0128E-001
 3.2730E-001
-2.1839E-001
-3.3316E-001
 3.4527E-001
-2.6523E-001
-4.2986E-001
 3.3635E-001
-2.8372E-001
-5.4184E-001
 4.1590E-001
-8.4229E-002
-3.4615E-001
 3.9550E+000
 1.1946E+000
 5.8303E-001
 3.6309E-001
-2.2767E-001
-3.6776E-001
 3.7802E-001
-2.5856E-001
-4.3056E-001
 1.8043E-001
-3.3355E-001
-4.8324E-001
 1.6154E-001
-3.6814E-001
-5.9441E-001
 6.3368E-002
-3.3300E-001
-3.6790E-001
-1.3624E-001
-4.3905E-001
-3.9569E-001
-1.6077E-001
-4.7048E-001
-4.8748E-001
-2.2209E-001
-5.1820E-001
-5.6280E-001
-1.7840E-001
-5.9263E-001
-1.8266E-001
-2.9527E-001
-7.6943E-001
-1.1418E-001
-8.6196E-002
-4.4729E-001
-4.7820E-001
-9.4829E-002
-4.6975E-001
-5.7506E-001
-4.9332E-002
-4.8916E-001
-7.3303E-001
-1.1757E-001
-5.5380E-001
-8.1215E-001
-1.9324E-002
-4.1667E-001
-4.9302E-001
-3.1411E-002
-2.4808E-001
-8.3885E-002
 1.0544E-001
-4.5003E-001
-7.7304E-001
 1.6390E-001
-4.7148E-001
-9.4108E-001
 7.6629E-002
-5.2747E-001
-1.0059E+000
 4.5884E-002
-5.7498E-001
-1.1589E+000
 2.9845E-001
-4.1545E-001
-9.4433E-001
 9.9750E-003
-5.2601E-001
-9.1288E-001
-8.8339E-002
-5.5905E-001
-9.5481E-001
-2.4491E-001
-6.4295E-001
-9.7030E-001
-2.9052E-001
-7.0157E-001
-1.0895E+000
-1.5334E-001
-5.9867E-001
-8.5602E-001
-1.6060E-001
-5.8973E-001
-8.2720E-001
-2.9930E-001
-6.4527E-001
-8.1681E-001
-4.7095E-001
-7.3027E-001
-7.8951E-001
-4.6277E-001
-7.5162E-001
-9.5420E-001
-5.7978E-001
-8.0943E-001
-1.0286E+000
-4.1561E-001
-7.7568E-001
-4.7624E-001
-4.2783E-001
-1.0467E+000
-2.3598E-001
-3.2970E-001
-7.1527E-001
-9.9572E-001
-3.0172E-001
-7.3563E-001
-1.1435E+000
-3.2664E-001
-7.9024E-001
-1.3067E+000
-3.9401E-001
-8.5281E-001
-1.4277E+000
-1.4495E-001
-6.5137E-001
-1.1482E+000
-2.5821E-001
-1.3875E+000
-8.6875E-001
-2.7624E-001
-7.7538E-001
-1.3271E+000
-2.9224E-001
-8.2705E-001
-1.4915E+000
-4.7290E-001
-9.1524E-001
-1.4985E+000
-5.6031E-001
-9.6485E-001
-1.6586E+000
-2.8034E-001
-7.6819E-001
-1.5980E+000
-3.1254E-001
-7.9870E-001
-1.7420E+000
-5.4445E-001
-8.8183E-001
-1.3616E+000
-7.2220E-001
-9.3410E-001
-1.3369E+000
-7.9879E-001
-8.6474E-001
-1.1370E+000
-7.0856E-001
-8.0410E-001
-1.0249E+000
-5.2436E-001
-9.6112E-001
-1.4629E+000
-2.0065E+000
-3.0031E+000
-4.7843E+000
-9.3961E-001
-9.0287E-001
-1.0880E+000
-1.0142E+000
-8.6946E-001
-8.3107E-001
-1.0553E+000
-8.5701E-001
-7.0615E-001
-1.1711E+000
-7.7799E-001
-6.4409E-001
-1.2288E+000
-8.5046E-001
-9.1076E-001
-1.0261E+000
-1.3626E+000
-7.6425E-001
-1.0166E+000
-8.2648E-001
-5.7215E-001
-9.9271E-001
-7.2403E-001
-4.2825E-001
-1.2215E+000
-8.0853E-001
-2.4496E-001
-1.2273E+000
-7.4095E-001
-1.6075E-001
-7.9893E-001
-4.0127E-001
-3.2598E-001
-1.6969E-001
-3.8588E-001
-3.9960E-001
-1.2888E+000
-8.4943E-001
-9.5603E-002
-1.3775E+000
-7.7584E-001
-9.2134E-002
-1.3538E+000
-7.5933E-001
-2.0157E-002
-1.2516E+000
-7.2413E-001
-2.1938E-002
-1.3772E+000
-7.2089E-001
 1.3880E-002
-1.3894E+000
-6.8541E-001
 2.0827E-002
-1.2798E+000
-6.4952E-001
 4.0304E-002
-1.2270E+000
-6.6941E-001
 1.1473E-002
-1.3853E+000
-6.2194E-001
-9.9645E-003
-1.2335E+000
-6.0672E-001
 9.1762E-002
-1.0668E+000
-5.5980E-001
 1.2532E-001
-1.0699E+000
-4.9046E-001
 2.2301E-001
-1.1431E+000
-4.7477E-001
 2.8657E-001
-1.0559E+000
-6.5637E-001
 1.1593E-001
-1.0778E+000
-8.1411E-001
 3.2452E-002
-9.4388E-001
-4.3765E-001
 2.5843E-001
-9.3505E-001
-3.7028E-001
 3.9116E-001
-8.5878E-001
-2.9741E-001
 4.7975E-001
-8.8953E-001
-2.5193E-001
 5.8178E-001
-9.4077E-001
-3.9047E-001
 5.0264E-001
-7.7159E-001
-2.7195E-001
 4.2346E-001
-6.4239E-001
-1.9198E-001
 5.1424E-001
-7.6448E-001
-1.9707E-001
 5.7025E-001
-8.1101E-001
-2.6262E-001
 4.7824E-001
-5.3343E-001
-2.2140E-001
 4.3715E-001
-3.2492E-001
-3.0232E-001
 4.7299E-001
-7.9422E-001
-1.5259E-001
 6.8031E-001
-9.1338E-001
-1.5176E-001
 7.6716E-001
-8.9056E-001
-1.5730E-001
 7.3501E-001
-1.0196E+000
-2.0018E-001
 7.0145E-001
-9.5556E-001
 5.4625E-002
 1.0029E+000
-1.5544E-001
-2.7693E+000
 1.6203E+000
-7.2876E-001
-1.0906E-001
 7.0423E-001
-6.8312E-001
-1.0163E-001
 6.7398E-001
-7.2865E-001
-1.9503E-001
 5.1825E-001
-8.2607E-001
-2.4481E-001
 4.7381E-001
-3.5161E-001
 3.6502E-002
 6.7892E-001
-2.6897E-001
-1.9691E+000
 1.1127E+000
-6.7887E-001
-2.4576E-001
 4.0573E-001
-7.1948E-001
-3.2219E-001
 2.3794E-001
-9.5198E-001
-4.2431E-001
 2.3802E-001
-1.0234E+000
-5.0791E-001
 1.6993E-001
-7.3524E-001
-2.5788E-001
 5.3652E-003
-8.5153E-001
-1.0355E-001
-8.7287E-001
-1.0045E+000
-4.0083E-001
 3.0712E-001
-1.2041E+000
-4.4697E-001
 3.0015E-001
-1.2802E+000
-4.5197E-001
 2.9433E-001
-1.3992E+000
-5.0975E-001
 2.2298E-001
-1.2837E+000
-3.4259E-001
 4.6402E-001
-1.4590E+000
 1.4664E-001
 4.9684E-001
-1.2427E+000
-3.6124E-001
 4.0470E-001
-1.3611E+000
-3.5729E-001
 4.1473E-001
-1.3670E+000
-4.4267E-001
 3.0496E-001
-1.5090E+000
-4.5362E-001
 2.4427E-001
-1.2628E+000
-1.7867E-001
 6.9086E-001
-1.1823E+000
 2.1033E-001
 1.3358E+000
-1.2560E+000
-4.7421E-001
 2.1965E-001
-1.2780E+000
-5.8660E-001
 1.5285E-001
-1.3530E+000
-6.6531E-001
 7.5619E-002
-1.4852E+000
-7.6304E-001
 2.1326E-002
-1.2054E+000
-5.7422E-001
 1.2729E-001
-1.9103E+000
-2.7016E+000
-6.7244E-001
-1.3421E+000
-6.7441E-001
 5.4405E-002
-1.3823E+000
-6.9916E-001
 1.1075E-002
-1.5378E+000
-7.0741E-001
 3.7892E-002
-1.5471E+000
-7.5906E-001
 3.3743E-002
-1.3038E+000
-7.1928E-001
-7.6260E-002
-1.3573E+000
-7.7278E-001
 1.1137E-001
-1.5685E+000
-6.3798E-001
 6.5871E-002
-1.6151E+000
-5.8328E-001
 4.7566E-002
-1.6993E+000
-6.2302E-001
 2.4242E-002
-1.7171E+000
-5.8023E-001
 2.0978E-003
-1.6320E+000
-6.1296E-001
 1.0526E-001
-1.7249E+000
-6.9258E-001
 1.5979E-002
-1.8202E+000
-7.5027E-001
-4.4259E-002
-1.7955E+000
-8.0384E-001
-2.8251E-002
-1.8497E+000
-8.5055E-001
-3.0532E-002
-1.9212E+000
-8.4192E-001
-2.8792E-002
-1.9461E+000
-6.5116E-001
 4.2325E-002
-1.6857E+000
-8.1173E-001
 1.3896E-002
-1.6141E+000
-8.1637E-001
 8.0742E-002
-1.5741E+000
-7.1088E-001
 5.7961E-002
-1.5705E+000
-7.0230E-001
 5.2045E-002
-1.5421E+000
-8.7601E-001
 2.3022E-001
-1.3574E+000
-9.3648E-001
 3.9341E-001
-1.5199E+000
-6.7986E-001
 4.6271E-002
-1.4608E+000
-6.0733E-001
 1.5637E-003
-1.3658E+000
-5.7233E-001
 7.1566E-002
-1.3263E+000
-5.4784E-001
 2.3695E-002
-1.3186E+000
-4.7618E-001
-9.9856E-002
-1.9237E+000
-1.0906E+000
 3.7099E-001
-1.3863E+000
-5.6488E-001
 1.5334E-001
-1.2994E+000
-5.2886E-001
 2.4237E-001
-1.3973E+000
-5.8331E-001
 1.4630E-001
-1.3500E+000
-5.5465E-001
 1.3669E-001
-1.3020E+000
-5.4821E-001
 4.2252E-001
-1.2668E+000
-6.8670E-001
 4.5727E-001
-1.4573E+000
-6.6827E-001
 1.3116E-001
-1.5013E+000
-6.6766E-001
 6.5180E-002
-1.5008E+000
-6.5132E-001
 2.9998E-002
-1.4969E+000
-6.5475E-001
 5.1206E-003
-1.6896E+000
-8.3143E-001
 1.0434E-001
-1.7357E+000
-9.6807E-001
 2.7381E-001
-1.4901E+000
-6.4944E-001
-1.4085E-002
-1.4966E+000
-6.0305E-001
-7.5167E-002
-1.3685E+000
-6.1434E-001
-1.1851E-001
-1.3563E+000
-6.0791E-001
-1.8458E-001
-1.4720E+000
-5.9505E-001
 2.3949E-002
-1.3427E+000
-5.8699E-001
-8.9659E-002
-1.1997E+000
-5.4920E-001
-1.0384E-001
-1.2433E+000
-5.5940E-001
-8.0356E-002
-1.2067E+000
-5.5588E-001
-1.2618E-001
-1.1399E+000
-4.9970E-001
-2.0693E-002
-1.3063E+000
-5.7803E-001
 5.1425E-003
-1.3390E+000
-5.8112E-001
 1.8168E-003
-1.3585E+000
-6.1574E-001
-3.9485E-002
-1.3242E+000
-6.2112E-001
-8.1174E-002
-1.4002E+000
-6.6359E-001
 9.5593E-002
-1.3903E+000
-6.7936E-001
 1.0001E-001
-1.4182E+000
-6.1782E-001
-6.3802E-002
-1.4386E+000
-6.5940E-001
-1.1303E-001
-1.3665E+000
-6.4792E-001
-1.9181E-001
-1.3465E+000
-6.3242E-001
-2.4079E-001
-1.5184E+000
-9.3036E-001
-2.4911E-001
-1.2642E+000
-8.8678E-001
 8.3651E-002
-1.3124E+000
-5.9788E-001
-2.5449E-001
-1.2322E+000
-6.0436E-001
-3.2417E-001
-1.1816E+000
-5.8859E-001
-3.2348E-001
-1.1572E+000
-5.6313E-001
-3.7947E-001
-1.1882E+000
-5.9115E-001
-2.0853E-001
 1.5641E-001
-8.4985E-001
 1.4032E+000
-1.1675E+000
-5.7315E-001
-2.7460E-001
-1.1059E+000
-5.3324E-001
-2.4066E-001
-1.1519E+000
-5.6356E-001
-2.3049E-001
-1.1113E+000
-5.7796E-001
-2.7616E-001
-1.0397E+000
-4.9363E-001
-7.5430E-002
-7.5131E-001
-4.9732E-001
 1.8150E-001
-1.2491E+000
-5.9634E-001
-1.9632E-001
-1.2792E+000
-6.3456E-001
-1.5098E-001
-1.2912E+000
-6.2922E-001
-2.6727E-001
-1.3093E+000
-6.5761E-001
-3.0806E-001
-1.4465E+000
-8.8216E-001
 3.2513E-002
-1.3050E+000
-6.3939E-001
-3.1457E-001
-1.3219E+000
-6.0402E-001
-4.2578E-001
-1.2037E+000
-6.1143E-001
-4.9033E-001
-1.1909E+000
-5.2397E-001
-4.0141E-001
-1.2809E+000
-6.5807E-001
-5.0789E-001
-1.4593E+000
-7.8182E-001
-5.3467E-001
-1.1767E+000
-5.8723E-001
-4.7770E-001
-1.0084E+000
-5.6554E-001
-5.4105E-001
-9.9140E-001
-5.5453E-001
-5.1701E-001
-8.7249E-001
-5.5186E-001
-5.8047E-001
-8.9528E-001
-5.1228E-001
-4.9328E-001
-8.7977E-001
-5.3115E-001
-8.7770E-001
-1.0703E+000
-5.6115E-001
-3.8647E-001
-1.0744E+000
-5.3806E-001
-3.4031E-001
-1.0771E+000
-5.4350E-001
-3.3333E-001
-1.0924E+000
-5.5296E-001
-3.7628E-001
-1.0814E+000
-5.1738E-001
-2.5615E-001
-1.0760E+000
-5.1371E-001
-1.8794E-001
-1.1944E+000
-5.8240E-001
-6.0615E-002
-1.1925E+000
-5.7989E-001
-3.5642E-002
-1.0292E+000
-3.6883E-001
-7.9002E-002
-6.9403E-001
-2.9931E-001
-3.8979E-003
-1.1355E+000
-6.0158E-001
-1.7218E-002
-1.2648E+000
-6.3627E-001
 9.2091E-002
-1.2027E+000
-6.3620E-001
 1.1524E-001
-1.1313E+000
-5.6965E-001
 7.0472E-002
-1.4569E+000
-7.4364E-001
-4.7856E-002
-1.5337E+000
-7.9872E-001
-4.4170E-002
-1.2201E+000
-5.9770E-001
 7.9158E-002
-1.1380E+000
-6.1260E-001
 8.8368E-002
-1.1280E+000
-6.2693E-001
 1.3050E-001
-1.1802E+000
-6.0378E-001
 1.2954E-001
-1.1062E+000
-6.9992E-001
-1.1348E-002
-1.1387E+000
-4.2918E-001
-3.1678E-001
-1.0076E+000
-5.5832E-001
 7.5844E-002
-9.8545E-001
-5.4665E-001
 8.6011E-002
-1.0035E+000
-5.5723E-001
 1.3160E-001
-1.0033E+000
-5.8777E-001
 1.0953E-001
-8.9654E-001
-4.4603E-001
 8.4458E-002
-9.0519E-001
-4.1583E-001
-1.0854E-002
-1.0088E+000
-5.7235E-001
 1.3709E-001
-9.7687E-001
-5.8095E-001
 1.1863E-001
-9.8526E-001
-5.7216E-001
 1.6614E-001
-9.6225E-001
-5.7986E-001
 1.5951E-001
-1.0031E+000
-5.2787E-001
 1.2552E-001
-9.9174E-001
-3.5261E-001
 1.0294E-001
-9.7546E-001
-5.5462E-001
 1.5741E-001
-8.9669E-001
-4.9386E-001
 2.2889E-001
-9.2018E-001
-4.6652E-001
 2.2367E-001
-9.1239E-001
-5.1219E-001
 2.8449E-001
-9.0507E-001
-3.4954E-001
 2.3369E-001
-9.7905E-001
-1.4994E-001
 1.9613E-001
-9.7573E-001
-4.7362E-001
 2.3935E-001
-9.1755E-001
-4.1129E-001
 3.7404E-001
-7.7116E-001
-3.7440E-001
 3.6813E-001
-6.8678E-001
-3.6496E-001
 5.0907E-001
-1.0634E+000
-4.4753E-001
 2.6837E-001
-6.9012E-001
-4.7287E-001
 6.6956E-001
-7.5344E-001
-3.7693E-001
 3.3525E-001
-6.2909E-001
-2.7008E-001
 3.0424E-001
-6.0620E-001
-2.6371E-001
 3.3417E-001
-5.1802E-001
-2.5375E-001
 3.3633E-001
-5.9854E-001
-1.7576E-001
 1.3103E-001
 3.6187E-001
 9.6091E-001
-1.9837E+000
-6.5167E-001
-3.2035E-001
 3.2276E-001
-6.8994E-001
-3.5198E-001
 3.2564E-001
-6.1772E-001
-3.0146E-001
 5.0370E-001
-5.4578E-001
-2.7921E-001
 5.4739E-001
-7.9770E-001
-4.4676E-001
 3.1490E-001
-6.9475E-001
-4.5966E-001
 1.8053E-001
-5.9951E-001
-3.1729E-001
 5.7886E-001
-5.2531E-001
-2.8580E-001
 7.4288E-001
-4.4903E-001
-1.9803E-001
 7.3270E-001
-3.7531E-001
-1.6166E-001
 8.0957E-001
-5.5748E-001
-3.2862E-001
 9.0897E-001
-1.3226E+000
 5.4390E-001
-8.3900E-001
-4.1773E-001
-1.8661E-001
 6.3863E-001
-3.0654E-001
-9.6880E-002
 6.1336E-001
-2.7737E-001
-8.0848E-002
 5.8467E-001
-2.0736E-001
-7.7358E-003
 6.0511E-001
-2.7458E-001
-2.7533E-002
 5.1307E-001
-3.1450E-001
-1.4498E-001
 4.7739E-001
-3.2848E-001
-1.3698E-001
 4.3960E-001
-3.0418E-001
-9.6342E-002
 5.2692E-001
-2.2102E-001
-2.9280E-002
 5.1629E-001
-2.9696E-001
-1.2119E-001
 4.7810E-001
-4.7312E-001
-7.9172E-002
 1.8753E-001
-3.5713E-001
-1.2486E-001
 5.9165E-001
-3.4287E-001
-1.2625E-001
 7.0491E-001
-2.5900E-001
-4.3106E-002
 7.7137E-001
-2.0695E-001
 1.7059E-002
 7.4992E-001
-4.9515E-001
 8.8219E-002
 7.6254E-001
 3.2322E+000
 2.9196E+000
-1.9096E+000
-2.2345E-001
-3.4152E-002
 8.1618E-001
-1.2572E-001
 4.2001E-002
 8.9764E-001
-5.7415E-002
 1.0958E-001
 8.3310E-001
 1.5537E-002
 1.8183E-001
 8.6079E-001
-3.3452E-001
 1.2964E-002
 9.8940E-001
 3.1970E+000
 3.8224E-001
 3.5627E-001
-5.4286E-002
 9.6989E-002
 7.2097E-001
 1.3932E-002
 1.7156E-001
 6.4940E-001
 5.8986E-002
 1.9767E-001
 5.9784E-001
 1.4413E-001
 2.5868E-001
 5.9911E-001
-6.2967E-003
 9.3909E-002
 6.5008E-001
-1.0352E-002
 1.3766E-001
 5.2776E-001
-9.4595E-003
 1.4575E-001
 4.7812E-001
 1.1834E-002
 1.8140E-001
 5.6544E-001
 7.5959E-002
 2.2550E-001
 5.5089E-001
 7.9939E-002
 5.2648E-002
 4.4179E-001
 7.5282E-002
 7.8407E-002
 4.1539E-001
-4.0082E-002
 1.6583E-001
 6.6110E-001
-1.3853E-002
 1.8846E-001
 7.8638E-001
 1.0130E-001
 2.6646E-001
 8.1763E-001
 1.6429E-001
 3.2868E-001
 8.0927E-001
-1.4909E-001
 2.8289E-001
 8.5394E-001
 9.4036E-001
 7.2447E-001
-8.4109E-001
 1.4920E-001
 2.9416E-001
 8.1902E-001
 2.6320E-001
 3.7609E-001
 8.4909E-001
 3.3146E-001
 4.1571E-001
 7.5163E-001
 4.0948E-001
 4.8191E-001
 7.7225E-001
 1.9173E-001
 3.0279E-001
 8.7841E-001
 1.5869E-001
 3.6394E-001
 9.3469E-001
 3.1449E-001
 3.9220E-001
 6.3964E-001
 3.7868E-001
 4.2782E-001
 5.4515E-001
 4.1549E-001
 4.5417E-001
 5.3002E-001
 5.1670E-001
 5.0309E-001
 5.0611E-001
 3.9036E-001
 3.7228E-001
 5.0204E-001
 3.2983E-001
 3.8555E-001
 5.5462E-001
 3.4354E-001
 3.9588E-001
 5.4041E-001
 4.0209E-001
 4.6638E-001
 6.4851E-001
 4.8522E-001
 5.0145E-001
 6.3889E-001
 4.2365E-001
 4.4915E-001
 5.4775E-001
 4.4780E-001
 4.8410E-001
 5.5068E-001
 3.7333E-001
 4.5774E-001
 7.6104E-001
 4.3779E-001
 5.1325E-001
 8.8414E-001
 5.6495E-001
 5.7699E-001
 8.6588E-001
 6.3384E-001
 6.3327E-001
 9.0362E-001
 3.0268E-001
 5.3564E-001
 9.8366E-001
 6.1589E-001
 1.0651E+000
-7.3481E-002
 5.7794E-001
 5.8146E-001
 8.1785E-001
 6.8893E-001
 6.4615E-001
 7.9646E-001
 7.5718E-001
 6.7990E-001
 7.0023E-001
 8.5019E-001
 7.4600E-001
 7.2765E-001
 6.1142E-001
 5.6465E-001
 8.6636E-001
 4.6112E-001
 5.2494E-001
 1.2297E+000
 7.0908E-001
 6.4458E-001
 5.8958E-001
 7.7221E-001
 6.6232E-001
 5.0333E-001
 7.9785E-001
 6.8382E-001
 5.3144E-001
 8.8604E-001
 7.2573E-001
 4.9553E-001
 7.6781E-001
 6.3992E-001
 4.7146E-001
 7.2906E-001
 6.5132E-001
 6.0925E-001
 7.3442E-001
 6.5785E-001
 6.5235E-001
 8.1613E-001
 7.2723E-001
 7.5125E-001
 8.7198E-001
 7.6049E-001
 7.6195E-001
 5.8120E-001
 5.9726E-001
 7.0790E-001
 8.2473E-001
 7.4227E-001
 8.2625E-001
 8.9727E-001
 8.0261E-001
 9.2703E-001
 1.0044E+000
 8.5421E-001
 8.8149E-001
 1.0688E+000
 9.0844E-001
 9.6404E-001
 8.2720E-001
 7.9189E-001
 1.0094E+000
 7.8972E-001
 7.5444E-001
 9.9036E-001
 1.0228E+000
 8.5864E-001
 7.6848E-001
 1.1149E+000
 9.2122E-001
 7.2188E-001
 1.1295E+000
 9.3496E-001
 7.5529E-001
 1.2012E+000
 9.7254E-001
 7.0262E-001
 1.0663E+000
 8.9922E-001
 8.3554E-001
 1.0698E+000
 9.0403E-001
 8.7606E-001
 1.0708E+000
 9.0335E-001
 7.7772E-001
 1.1098E+000
 9.3508E-001
 7.9921E-001
 9.0439E-001
 8.1339E-001
 1.0585E+000
-3.9559E-001
 4.7528E-001
 2.5028E+000
 1.0288E+000
 8.7305E-001
 6.6915E-001
 1.0278E+000
 8.6538E-001
 5.7284E-001
 1.0294E+000
 8.5615E-001
 4.5853E-001
 1.0025E+000
 8.2954E-001
 4.5728E-001
 9.3943E-001
 8.3425E-001
 5.8029E-001
 2.1333E+000
 1.2601E+000
-1.3651E+000
 1.0579E+000
 8.7757E-001
 3.5950E-001
 1.0595E+000
 8.6831E-001
 2.4612E-001
 9.5838E-001
 7.7818E-001
 1.9861E-001
 8.9027E-001
 7.4021E-001
 2.4544E-001
 1.1475E+000
 1.0047E+000
 1.6020E-001
 1.2868E+000
 1.0876E+000
 1.2593E-001
 9.4969E-001
 7.5503E-001
 1.0939E-001
 8.5073E-001
 6.7090E-001
 5.1926E-002
 8.2821E-001
 6.4933E-001
-2.9833E-004
 7.3802E-001
 5.8832E-001
 2.1427E-002
 6.4534E-001
 6.5781E-001
-1.2511E-001
 5.6404E-001
 5.4299E-001
-1.8582E-001
 9.0112E-001
 7.0387E-001
-7.2006E-002
 8.9484E-001
 6.9628E-001
-1.3321E-001
 8.6594E-001
 6.8437E-001
-3.2238E-002
 8.0206E-001
 6.3406E-001
-5.9031E-002
 9.8011E-001
 8.3384E-001
-2.1380E-001
 4.7609E-001
 9.3254E-001
-2.4116E-001
 9.0817E-001
 7.2975E-001
 7.0558E-002
 8.9047E-001
 7.3289E-001
 1.6668E-001
 7.8712E-001
 6.7327E-001
 2.3814E-001
 7.1512E-001
 6.2013E-001
 2.7264E-001
 8.8826E-001
 7.6522E-001
 1.8550E-001
 6.4726E-001
 9.5815E-001
 2.5480E-001
 7.6514E-001
 6.5278E-001
 2.6613E-001
 6.5893E-001
 5.9121E-001
 3.4772E-001
 5.5791E-001
 5.0391E-001
 2.7590E-001
 4.8376E-001
 4.6205E-001
 3.3392E-001
 6.4124E-001
 5.9272E-001
 3.6479E-001
 5.6332E-001
 4.8751E-001
 1.7222E-001
 4.7540E-001
 4.1421E-001
 1.0043E-001
 4.7103E-001
 4.0869E-001
 7.9331E-002
 3.7689E-001
 3.4360E-001
 7.7914E-002
 3.6899E-001
 3.9498E-001
-1.9790E-001
 2.4298E-001
 2.4849E-001
-2.5189E-001
 5.6697E-001
 4.7336E-001
 4.6897E-002
 5.6568E-001
 4.6885E-001
 1.7822E-002
 5.0756E-001
 4.4510E-001
 1.3408E-001
 4.4460E-001
 3.9984E-001
 1.1136E-001
 6.8290E-001
 5.4853E-001
-3.7521E-002
-1.0411E+000
-4.2157E-001
-8.1848E-001
 5.2961E-001
 4.7561E-001
 2.3908E-001
 4.8465E-001
 4.6291E-001
 3.4347E-001
 3.7129E-001
 3.7911E-001
 3.6356E-001
 3.1130E-001
 3.4302E-001
 3.9818E-001
 5.2809E-001
 4.5447E-001
 4.2365E-001
 5.7051E-001
 3.1425E-001
 3.6454E-001
 3.3128E-001
 3.4641E-001
 3.4415E-001
 2.2207E-001
 2.6864E-001
 3.6033E-001
 1.6241E-001
 2.1511E-001
 2.7115E-001
 8.8234E-002
 1.6316E-001
 3.0699E-001
 1.5535E-001
 2.3199E-001
 3.7008E-001
 1.9615E-001
 2.2163E-001
 1.7537E-001
 1.5766E-001
 1.8708E-001
 9.4187E-002
 1.4597E-001
 1.8386E-001
 1.2661E-001
 6.4900E-002
 1.1769E-001
 1.1906E-001
 2.8078E-001
 1.6858E-001
-7.1534E-002
 4.9353E-001
 1.6511E-001
 2.6281E-002
 2.3061E-001
 2.4385E-001
 1.7474E-001
 2.3715E-001
 2.5167E-001
 2.1829E-001
 1.5684E-001
 2.0906E-001
 3.1576E-001
 1.1795E-001
 1.8379E-001
 3.0804E-001
 4.4414E-001
 3.9971E-001
 3.4157E-001
 4.2648E-001
 3.4842E-001
 2.4107E-001
 1.4767E-001
 2.1466E-001
 4.0289E-001
 8.2466E-002
 1.7506E-001
 4.9341E-001
-2.3680E-002
 8.3044E-002
 4.5914E-001
-7.5797E-002
 5.5268E-002
 5.1633E-001
 8.5670E-002
 2.2472E-001
 5.8975E-001
 5.3569E-001
-4.2939E-001
 1.9459E+000
-5.4428E-002
 6.2829E-002
 3.5777E-001
-1.4943E-001
-3.4189E-002
 3.1452E-001
-1.8103E-001
-6.0767E-002
 2.5226E-001
-2.6022E-001
-1.0873E-001
 2.6507E-001
-1.5687E-001
-3.5161E-002
 9.7696E-002
-6.0067E-001
-6.8079E-001
 1.0047E-001
-1.2918E-001
-2.3277E-002
 1.8045E-001
-1.3853E-001
-2.1877E-002
 1.2920E-001
-9.6785E-002
 5.9847E-003
 1.8488E-001
-9.5918E-002
 6.4593E-003
 1.5682E-001
-9.0457E-002
 6.2614E-002
 3.4439E-002
-5.2747E-002
 4.0666E-002
 4.1694E-002
-8.3810E-002
 4.1427E-002
 2.7573E-001
-3.5055E-002
 6.7423E-002
 3.5367E-001
-1.1253E-001
 4.4346E-003
 3.9038E-001
-1.2913E-001
 5.8351E-003
 4.7903E-001
-6.1429E-004
 3.8966E-002
 3.8183E-001
 1.8092E+000
 2.3023E-001
 6.9430E-001
