 1.2647E+000
 1.3312E+000
-5.9289E+000
 1.7669E+000
 1.3015E+000
-5.8721E+000
 2.1395E+000
 3.0767E-001
-5.8112E+000
 1.7929E+000
 1.6785E-001
-5.6792E+000
 1.4691E+000
 1.5365E+000
-6.0864E+000
 2.4796E+000
 3.6844E-001
-5.5120E+000
 2.4195E+000
 3.1073E-001
-5.0377E+000
 2.8813E+000
 3.6241E-001
-4.8701E+000
 3.1099E+000
 4.2690E-001
-4.5544E+000
 2.3808E+000
 3.1828E-001
-4.5126E+000
 2.9208E+000
 3.8820E-001
-5.0931E+000
 3.1878E+000
 4.3963E-001
-5.0077E+000
 3.6782E+000
 6.1925E-001
-4.9995E+000
 3.9243E+000
 6.4462E-001
-5.4403E+000
 3.1203E+000
 3.0053E-001
-4.4560E+000
 3.8786E+000
 6.9699E-001
-4.6067E+000
 4.3513E+000
 8.8784E-001
-4.4864E+000
 4.6940E+000
 1.0184E+000
-4.6491E+000
 4.8448E+000
 1.0475E+000
-5.1084E+000
 4.5685E+000
 9.1663E-001
-4.5866E+000
 4.7935E+000
 1.0953E+000
-4.3261E+000
 5.1094E+000
 1.2324E+000
-4.4087E+000
 4.9140E+000
 1.1246E+000
-4.5788E+000
 5.1881E+000
 1.2373E+000
-4.7582E+000
 4.4407E+000
 9.4058E-001
-4.5639E+000
 4.2190E+000
 8.3555E-001
-4.7068E+000
 3.7417E+000
 6.4827E-001
-4.3768E+000
 3.6605E+000
 6.3911E-001
-4.0623E+000
 4.1079E+000
 9.0688E-001
-5.3451E+000
 3.8581E+000
 1.5654E+000
-6.0478E+000
 3.4797E+000
 5.1669E-001
-4.4644E+000
 3.0263E+000
 3.4085E-001
-4.2024E+000
 2.6892E+000
 1.9489E-001
-4.5680E+000
 2.7519E+000
 1.8623E-001
-4.9223E+000
 3.1645E+000
 3.0517E-001
-3.8729E+000
 3.6904E+000
-5.4126E-002
-4.9761E+000
 2.3350E+000
 5.5667E-002
-4.5140E+000
 1.9660E+000
-1.2579E-001
-4.8105E+000
 1.5555E+000
-2.4242E-001
-4.4418E+000
 1.4961E+000
-2.2984E-001
-4.0596E+000
 1.4727E+000
 5.7677E-002
-5.2170E+000
 2.2835E+000
-3.7094E-001
-5.0101E+000
 1.3737E+000
-3.4174E-001
-4.5425E+000
 9.8761E-001
-5.0364E-001
-4.2231E+000
 6.1130E-001
-6.7105E-001
-4.5116E+000
 6.4894E-001
-7.1950E-001
-4.9264E+000
 1.0330E+000
-4.1331E-001
-4.0120E+000
 1.1549E+000
-2.8107E-001
-3.7525E+000
 2.2881E-001
-8.0135E-001
-4.2660E+000
-1.5824E-001
-1.0065E+000
-4.4463E+000
-4.3796E-001
-1.1242E+000
-4.1196E+000
-4.8076E-001
-1.0997E+000
-3.6652E+000
-3.0215E-001
-1.0643E+000
-4.4703E+000
-4.1523E-001
-9.8635E-001
-4.6247E+000
-6.1357E-001
-1.2408E+000
-4.3352E+000
-8.8631E-001
-1.3888E+000
-4.0467E+000
-1.2022E+000
-1.5737E+000
-4.3754E+000
-1.1120E+000
-1.5647E+000
-4.8485E+000
-6.3540E-001
-1.2122E+000
-3.9363E+000
-6.0078E-001
-1.1859E+000
-3.8091E+000
-1.5580E+000
-1.7685E+000
-4.1990E+000
-1.8335E+000
-1.9926E+000
-4.4519E+000
-1.7729E+000
-2.0196E+000
-4.6500E+000
-1.6119E+000
-1.8317E+000
-4.3960E+000
-2.1646E+000
-2.1534E+000
-4.2201E+000
-2.2003E+000
-2.8367E+000
-4.4337E+000
-1.8885E+000
-2.1467E+000
-5.0253E+000
-1.8449E+000
-2.1422E+000
-5.2621E+000
-1.9469E+000
-2.2254E+000
-4.9891E+000
-1.8774E+000
-2.2655E+000
-5.1468E+000
-2.2409E+000
-2.3073E+000
-4.6640E+000
-2.0649E+000
-2.4384E+000
-4.1301E+000
-2.1340E+000
-2.1622E+000
-3.8663E+000
-2.5047E+000
-2.1801E+000
-3.1343E+000
-1.9468E+000
-3.0580E+000
-4.0776E+000
-1.8800E+000
-3.0670E+000
-4.2209E+000
-1.9534E+000
-2.0268E+000
-3.8344E+000
-1.8005E+000
-1.9611E+000
-3.6328E+000
-1.5394E+000
-1.7002E+000
-3.7426E+000
-1.4009E+000
-1.8199E+000
-4.2718E+000
-1.8292E+000
-2.0243E+000
-3.6749E+000
-2.3157E+000
-2.8214E+000
-3.3769E+000
-1.2682E+000
-1.6504E+000
-3.5134E+000
-9.3135E-001
-1.5555E+000
-3.6605E+000
-5.0590E-001
-1.3285E+000
-3.8251E+000
-3.2630E-001
-1.2124E+000
-3.6640E+000
-5.7942E-001
-1.3715E+000
-4.1960E+000
-1.5929E-001
-1.1260E+000
-4.4676E+000
 2.4618E-001
-1.0723E+000
-4.7567E+000
 5.9949E-001
-8.5517E-001
-4.8877E+000
-1.7727E-001
-1.3199E+000
-4.8183E+000
-3.7371E-001
-1.9039E+000
-5.3710E+000
 1.3805E-001
-1.1689E+000
-4.8367E+000
 5.0154E-001
-1.0321E+000
-5.0929E+000
 6.6160E-001
-8.3961E-001
-4.7423E+000
 1.1142E+000
-6.7792E-001
-4.8145E+000
 2.7603E-001
-1.2130E+000
-5.5157E+000
-1.4055E-002
-1.4788E+000
-6.3101E+000
 3.7673E-001
-9.0396E-001
-4.2186E+000
 6.7001E-001
-8.0108E-001
-3.7692E+000
 8.4585E-001
-6.2075E-001
-3.6752E+000
 1.0894E+000
-4.9517E-001
-3.5372E+000
 6.3863E-001
-6.9350E-001
-3.6395E+000
 7.7939E-001
-5.6993E-001
-3.5485E+000
 1.2715E+000
-3.8560E-001
-3.9640E+000
 1.5428E+000
-2.7266E-001
-3.7723E+000
 5.5852E-001
-7.3149E-001
-3.5520E+000
 6.4897E-001
-5.5041E-001
-3.3385E+000
 1.2933E+000
-5.0377E-001
-4.3966E+000
 1.6906E+000
-3.4427E-001
-4.7792E+000
 2.0160E+000
-2.2996E-001
-4.7266E+000
 2.4897E+000
-6.9562E-003
-4.9300E+000
 1.5370E+000
-5.4781E-001
-5.4197E+000
 1.8407E+000
-2.4239E-001
-4.4231E+000
 2.2092E+000
-1.2380E-001
-4.3516E+000
 2.3792E+000
 7.0612E-002
-3.9558E+000
 2.8132E+000
 1.6277E-001
-3.9184E+000
 2.0745E+000
-1.3793E-001
-4.3936E+000
 2.3414E+000
 2.9787E-001
-5.5941E+000
 2.1222E+000
 8.5652E-002
-3.5095E+000
 2.2792E+000
 1.1719E-001
-3.1197E+000
 2.6730E+000
 3.1346E-001
-3.3430E+000
 3.0258E+000
 4.7581E-001
-3.1226E+000
 2.0053E+000
-7.1014E-002
-2.8451E+000
 1.9951E+000
-7.1623E-002
-2.5885E+000
 2.5817E+000
 2.2878E-001
-3.6581E+000
 2.8791E+000
 3.6585E-001
-3.9915E+000
 3.3807E+000
 4.8238E-001
-4.2982E+000
 3.7138E+000
 6.8481E-001
-4.3369E+000
 3.3770E+000
 4.3928E-001
-4.4581E+000
 3.8816E+000
 6.0329E-001
-4.8320E+000
 4.1814E+000
 7.7499E-001
-4.4833E+000
 4.6977E+000
 1.0215E+000
-4.5738E+000
 3.6462E+000
 3.5636E-001
-5.3339E+000
 5.4027E+000
-1.1077E-001
-1.0407E+001
 3.9000E+000
 8.1561E-001
-4.0108E+000
 4.2099E+000
 9.0537E-001
-3.5972E+000
 4.4485E+000
 1.0939E+000
-3.4011E+000
 4.9484E+000
 1.3040E+000
-3.2160E+000
 3.9259E+000
 7.8824E-001
-3.2783E+000
 6.8587E+000
-1.7008E-001
-5.8344E+000
 4.1825E+000
 1.0360E+000
-3.3035E+000
 4.3341E+000
 1.1516E+000
-3.1155E+000
 4.8289E+000
 1.2541E+000
-3.5099E+000
 5.2509E+000
 1.4285E+000
-3.2801E+000
 4.0666E+000
 9.7699E-001
-3.0971E+000
 4.3907E+000
 1.2135E+000
-2.5551E+000
 4.7942E+000
 1.1448E+000
-3.9472E+000
 5.1878E+000
 1.2666E+000
-4.4246E+000
 5.6541E+000
 1.4576E+000
-4.4556E+000
 6.0805E+000
 1.6030E+000
-4.6810E+000
 4.9830E+000
 9.6099E-001
-5.0560E+000
 4.8725E+000
 1.0340E+000
-6.0336E+000
 5.5820E+000
 1.4722E+000
-4.1983E+000
 6.0877E+000
 1.6475E+000
-4.2286E+000
 6.4344E+000
 1.8553E+000
-3.8037E+000
 6.9362E+000
 2.0514E+000
-3.9436E+000
 5.9595E+000
 1.6129E+000
-4.2027E+000
 4.5495E+000
 2.4224E-001
-3.2500E+000
 6.2220E+000
 1.8680E+000
-3.2960E+000
 6.5188E+000
 2.0108E+000
-2.8802E+000
 6.6010E+000
 2.0618E+000
-2.8509E+000
 6.7784E+000
 2.1920E+000
-2.4590E+000
 6.3739E+000
 1.9832E+000
-2.4649E+000
 6.3288E+000
 1.4822E+000
-1.1167E+000
 6.4337E+000
 1.9541E+000
-3.2191E+000
 6.4740E+000
 1.9872E+000
-3.1659E+000
 6.6547E+000
 1.9918E+000
-3.6731E+000
 6.9703E+000
 2.1292E+000
-3.6485E+000
 6.0207E+000
 1.9293E+000
-2.8760E+000
 6.6499E+000
 1.1137E+000
-3.1797E+000
 6.5024E+000
 1.8748E+000
-4.1211E+000
 6.6364E+000
 1.8468E+000
-4.6746E+000
 6.2090E+000
 1.6666E+000
-4.8062E+000
 6.2102E+000
 1.6182E+000
-5.2567E+000
 5.8684E+000
 1.5721E+000
-4.3907E+000
 5.3816E+000
 1.3633E+000
-4.4485E+000
 5.0214E+000
 1.1770E+000
-4.7009E+000
 4.8586E+000
 1.1279E+000
-4.4913E+000
 5.2439E+000
 1.2222E+000
-3.8785E+000
 4.7488E+000
 6.2363E-001
-3.8579E+000
 4.9014E+000
 1.0699E+000
-5.1374E+000
 4.5325E+000
 8.6453E-001
-5.4395E+000
 4.0148E+000
 6.8231E-001
-5.1788E+000
 3.9551E+000
 6.7223E-001
-5.0390E+000
 4.6115E+000
 7.7898E-001
-5.9081E+000
 6.8278E+000
-1.3887E+000
-9.2725E+000
 3.6942E+000
 5.2468E-001
-5.1192E+000
 3.1968E+000
 3.4204E-001
-4.9109E+000
 2.9282E+000
 1.7131E-001
-5.3444E+000
 3.0512E+000
 1.8533E-001
-5.6717E+000
 3.1287E+000
 2.8737E-001
-4.5112E+000
 3.0512E+000
 3.2112E-001
-4.2108E+000
 2.5985E+000
 5.0606E-002
-5.3662E+000
 2.3247E+000
-1.0457E-001
-5.7375E+000
 1.8223E+000
-3.2784E-001
-5.5207E+000
 1.6918E+000
-3.1944E-001
-5.2513E+000
 2.3624E+000
-1.5384E-001
-5.9647E+000
 2.5323E+000
-1.4774E-001
-6.3748E+000
 1.6544E+000
-4.3195E-001
-5.6254E+000
 1.1940E+000
-6.2981E-001
-5.4628E+000
 9.2039E-001
-7.9113E-001
-5.8636E+000
 1.0121E+000
-8.1280E-001
-6.2535E+000
 1.2123E+000
-6.5554E-001
-5.2128E+000
 1.1309E+000
-6.6223E-001
-4.9101E+000
 5.9038E-001
-8.7892E-001
-5.7365E+000
 3.2077E-001
-1.0477E+000
-6.0482E+000
-1.3465E-001
-1.2013E+000
-5.8133E+000
-1.6711E-001
-1.1767E+000
-5.3651E+000
 3.9459E-001
-1.0049E+000
-6.1493E+000
 3.3761E+000
-2.3040E+000
-6.8014E+000
-4.3673E-001
-1.3710E+000
-6.0957E+000
-8.7521E-001
-1.5810E+000
-5.9180E+000
-1.1687E+000
-1.7697E+000
-6.2540E+000
-1.4335E+000
-1.9283E+000
-6.5301E+000
-9.8152E-001
-1.6162E+000
-5.8832E+000
-7.0989E-001
-1.5679E+000
-6.7796E+000
-1.1130E+000
-1.7374E+000
-6.2321E+000
-1.3386E+000
-1.9094E+000
-6.5450E+000
-1.8255E+000
-2.1182E+000
-6.3981E+000
-1.9673E+000
-2.1376E+000
-5.9894E+000
-1.1797E+000
-1.7970E+000
-6.5528E+000
-3.6378E-001
-1.4267E+000
-5.6589E+000
-2.0719E+000
-2.3023E+000
-6.7588E+000
-2.5666E+000
-2.4634E+000
-6.7268E+000
-2.6606E+000
-2.3549E+000
-6.3249E+000
-2.4284E+000
-2.2662E+000
-6.3462E+000
-2.7090E+000
-2.7203E+000
-7.2248E+000
-4.2286E+000
-2.0868E+000
-7.9740E+000
-3.0080E+000
-2.4583E+000
-5.9992E+000
-3.1605E+000
-2.4056E+000
-5.6206E+000
-2.7630E+000
-2.2102E+000
-5.3633E+000
-2.7161E+000
-2.1796E+000
-5.2925E+000
-3.3253E+000
-2.5511E+000
-5.8163E+000
-3.1733E+000
-1.5601E+000
-6.0733E+000
-2.4351E+000
-2.0882E+000
-5.2473E+000
-2.0263E+000
-1.9335E+000
-5.0123E+000
-2.1250E+000
-1.8236E+000
-4.5009E+000
-1.8856E+000
-1.6853E+000
-4.3824E+000
-1.8996E+000
-1.9390E+000
-5.0679E+000
-1.4013E+000
 2.8812E-001
-3.2332E+000
-2.4234E+000
-1.9910E+000
-4.2705E+000
-2.5538E+000
-1.9040E+000
-3.7562E+000
-2.7419E+000
-2.0162E+000
-3.8772E+000
-2.7759E+000
-1.9716E+000
-3.4838E+000
-2.9218E+000
-2.0458E+000
-3.4183E+000
-3.3690E+000
-2.7842E+000
-3.6615E+000
-2.8773E+000
-2.0938E+000
-4.3521E+000
-3.0533E+000
-2.1795E+000
-4.4943E+000
-2.6347E+000
-2.0488E+000
-4.6642E+000
-2.6305E+000
-2.0339E+000
-4.5853E+000
-3.4315E+000
-2.4765E+000
-4.9439E+000
-2.1926E+000
-2.4765E+000
-4.9855E+000
-2.3575E+000
-1.9699E+000
-4.9243E+000
-1.9864E+000
-1.8299E+000
-5.1144E+000
-1.6788E+000
-1.6211E+000
-4.7565E+000
-1.4945E+000
-1.5262E+000
-4.8529E+000
-1.7658E+000
-1.8578E+000
-5.4900E+000
-1.6502E+000
-2.4042E+000
-5.8476E+000
-1.6444E+000
-1.5754E+000
-4.4074E+000
-1.3785E+000
-1.4174E+000
-4.0736E+000
-1.4127E+000
-1.4052E+000
-3.8924E+000
-1.1613E+000
-1.2729E+000
-3.9052E+000
-1.4126E+000
-1.3964E+000
-3.9178E+000
-1.0435E+000
-1.2126E+000
-3.5245E+000
-1.7724E+000
-1.5391E+000
-3.7079E+000
-1.8392E+000
-1.5399E+000
-3.4988E+000
-1.7422E+000
-1.5009E+000
-3.8392E+000
-1.5980E+000
-1.4368E+000
-3.6766E+000
-2.1144E+000
-1.5826E+000
-3.4347E+000
-1.9545E+000
-1.3513E+000
-3.7433E+000
-1.7764E+000
-1.5890E+000
-4.2458E+000
-1.6920E+000
-1.5675E+000
-4.5915E+000
-1.2372E+000
-1.3714E+000
-4.6602E+000
-1.1210E+000
-1.3131E+000
-4.6604E+000
-1.8759E+000
-1.7829E+000
-5.0745E+000
-2.7490E+000
 8.8540E-001
-3.4733E+000
-1.0165E+000
-1.2931E+000
-4.7708E+000
-6.0145E-001
-1.1038E+000
-4.8476E+000
-3.8127E-001
-9.7829E-001
-4.4309E+000
-6.9789E-002
-8.3455E-001
-4.4788E+000
-5.5771E-001
-1.1902E+000
-5.0526E+000
-7.4531E-001
-1.2714E+000
-5.1718E+000
-5.1971E-001
-9.9763E-001
-4.0374E+000
-3.0238E-001
-8.7686E-001
-3.6198E+000
-3.5168E-001
-8.8357E-001
-3.4715E+000
-6.6747E-002
-7.8555E-001
-3.2707E+000
-3.8383E-001
-9.1234E-001
-3.3920E+000
-6.9601E-001
-1.0445E+000
-3.5508E+000
-7.5535E-001
-1.0606E+000
-3.4606E+000
-4.7225E-001
-9.2858E-001
-3.6993E+000
-3.9452E-001
-8.7822E-001
-3.5475E+000
-1.0874E+000
-1.2458E+000
-3.5423E+000
-2.8309E-001
-8.9462E-001
-4.0492E+000
-5.7095E-004
-7.7822E-001
-4.2902E+000
 4.0262E-001
-5.9943E-001
-4.2409E+000
 6.5602E-001
-4.8331E-001
-4.5135E+000
-1.7584E-002
-1.0378E+000
-4.7086E+000
-3.4643E-001
-1.1208E+000
-5.0442E+000
 4.7005E-001
-5.4758E-001
-3.8938E+000
 8.1075E-001
-4.3001E-001
-3.8047E+000
 9.7125E-001
-3.7843E-001
-4.1684E+000
 1.2799E+000
-2.2767E-001
-4.2406E+000
 7.1988E-001
-5.1816E-001
-4.3486E+000
 8.0447E-001
-5.0454E-001
-4.6873E+000
 6.2633E-001
-5.7820E-001
-4.4992E+000
 4.9478E-001
-6.0308E-001
-4.0860E+000
 6.2456E-001
-6.5773E-001
-5.2421E+000
 2.1363E+000
-2.0205E+000
-6.0396E+000
 6.3772E-001
-5.6871E-001
-4.7758E+000
 4.6835E-001
-6.3975E-001
-4.6657E+000
 7.8900E-001
-5.4567E-001
-4.5841E+000
 1.1964E+000
-3.6317E-001
-4.6827E+000
 6.4141E-001
-5.9564E-001
-4.4067E+000
 8.9015E-001
-5.0141E-001
-4.3082E+000
 1.0424E+000
-3.9795E-001
-3.8445E+000
 8.3998E-001
-4.5037E-001
-3.5651E+000
 6.0789E-001
-6.3927E-001
-4.2500E+000
 4.7213E-001
-7.4731E-001
-4.2973E+000
 1.3800E+000
-2.5714E-001
-3.7263E+000
 1.5697E+000
-1.3131E-001
-3.2799E+000
 1.2503E+000
-2.1581E-001
-2.9177E+000
 1.1947E+000
-2.0533E-001
-2.5168E+000
 1.9849E+000
 8.1382E-002
-3.3178E+000
 2.3056E+000
 2.4297E-001
-3.5935E+000
 1.0852E+000
-3.1665E-001
-3.0764E+000
 7.4404E-001
-4.1461E-001
-2.7455E+000
 3.9279E-001
-6.1908E-001
-2.9633E+000
 3.9306E-001
-6.5646E-001
-3.3960E+000
 1.2102E+000
-3.3058E-001
-2.5581E+000
 4.0159E-001
 1.9150E-001
-1.4353E+000
 2.2291E-002
-7.5145E-001
-2.6642E+000
-3.7792E-001
-9.7662E-001
-2.8149E+000
-6.0818E-001
-1.0616E+000
-2.4153E+000
-5.8681E-001
-1.0191E+000
-1.9629E+000
-5.8452E-001
-1.1640E+000
-2.8581E+000
-1.2650E+000
-1.2521E+000
-3.1287E+000
-7.6578E-001
-1.1712E+000
-2.5729E+000
-9.8816E-001
-1.2836E+000
-2.2244E+000
-1.2965E+000
-1.5276E+000
-2.2864E+000
-1.4557E+000
-1.5424E+000
-2.7043E+000
-1.0450E+000
-1.2656E+000
-2.1405E+000
-3.4957E-001
 1.4605E-002
-1.7075E+000
-1.5254E+000
-1.6490E+000
-1.8913E+000
-1.8617E+000
-1.7433E+000
-1.9211E+000
-2.0111E+000
-1.8321E+000
-1.4195E+000
-1.8606E+000
-1.6966E+000
-1.1232E+000
-2.1110E+000
-1.7874E+000
-1.9491E+000
-3.5697E+000
-2.2123E+000
-3.0599E+000
-2.2551E+000
-1.9324E+000
-1.4300E+000
-2.5453E+000
-1.9302E+000
-9.6701E-001
-2.4516E+000
-1.8059E+000
-7.7289E-001
-2.3292E+000
-1.8095E+000
-8.0843E-001
-2.9782E+000
-2.3720E+000
-9.7969E-001
-2.4456E+000
-1.7464E+000
-4.0986E-001
-2.3581E+000
-1.6243E+000
-1.3407E-001
-2.5287E+000
-1.6416E+000
-7.3346E-002
-2.4350E+000
-1.5751E+000
-1.0557E-002
-2.3670E+000
-1.5716E+000
 1.1545E-001
-2.6839E+000
-1.9063E+000
 2.9613E-001
-2.7458E+000
-1.8180E+000
-1.2403E-001
-2.9181E+000
-1.7872E+000
-3.7468E-002
-2.8090E+000
-1.7846E+000
-1.6484E-001
-2.8298E+000
-1.7245E+000
 3.6962E-002
-2.9439E+000
-1.6521E+000
-1.1341E-001
-2.9272E+000
-1.8666E+000
-7.5856E-002
-2.6938E+000
-1.7241E+000
-3.9418E-001
-2.7178E+000
-1.6612E+000
-7.9566E-001
-2.4235E+000
-1.6296E+000
-5.9434E-001
-2.4280E+000
-1.6276E+000
-7.2874E-001
-2.6003E+000
-1.5129E+000
-1.4136E+000
-3.7179E+000
-4.1707E+000
-3.8390E+000
-2.2356E+000
-1.5951E+000
-4.2396E-001
-1.9673E+000
-1.3464E+000
-3.3770E-001
-2.0404E+000
-1.3518E+000
-9.7765E-002
-1.9993E+000
-1.2682E+000
-1.4924E-001
-1.8815E+000
-1.2674E+000
-2.2885E-001
-1.4860E+000
-1.5204E+000
-8.8588E-001
-2.3311E+000
-1.5142E+000
 6.9190E-002
-2.4232E+000
-1.5012E+000
 2.8499E-001
-2.4445E+000
-1.5037E+000
 2.1784E-001
-2.4154E+000
-1.4507E+000
 2.1054E-001
-2.5132E+000
-1.5660E+000
 1.4549E-002
-2.5543E+000
-1.6295E+000
-3.3500E-001
-2.3700E+000
-1.3411E+000
-5.3303E-001
-2.4232E+000
-1.3395E+000
-6.7523E-001
-2.1891E+000
-1.4680E+000
-7.8169E-001
-1.9450E+000
-1.2335E+000
-9.2112E-001
-1.7541E+000
-1.1401E+000
-6.2980E-001
-1.5598E+000
-1.0169E+000
-7.9433E-001
-1.7012E+000
-1.0446E+000
-9.9298E-001
-1.9432E+000
-6.3650E-001
-1.8544E+000
-1.7382E+000
-1.1488E+000
-2.7234E-001
-1.6287E+000
-1.0741E+000
-2.5360E-002
-1.7701E+000
-1.1073E+000
 1.3984E-001
-1.5503E+000
-1.0082E+000
 2.8920E-001
-1.6510E+000
-1.0869E+000
 1.3447E-001
-2.0165E+000
-1.2177E+000
 9.7993E-002
-2.3295E+000
-1.3298E+000
 3.1895E-001
-2.1061E+000
-1.2351E+000
 2.4135E-003
-2.0487E+000
-1.2182E+000
 2.0703E-001
-2.9512E+000
-1.6161E+000
 2.2181E-001
-3.8645E+000
-1.7759E+000
 3.7954E-001
-2.0561E+000
-1.1996E+000
-3.5413E-001
-1.8903E+000
-1.1227E+000
-6.3291E-001
-1.4845E+000
-9.7117E-001
-6.2186E-001
-1.2979E+000
-9.2267E-001
-9.3218E-001
-1.9956E+000
-1.2281E+000
-1.0886E+000
-1.2337E+000
-2.3469E+000
 7.2542E-001
-1.2992E+000
-9.2639E-001
-3.7074E-001
-8.9286E-001
-7.4918E-001
-2.8585E-001
-6.4509E-001
-6.7202E-001
-6.7609E-001
-2.4569E-001
-5.1758E-001
-7.6366E-001
-7.9479E-001
-7.2359E-001
-8.8466E-001
-5.9283E-001
-7.5015E-001
-1.3231E+000
-4.0283E-001
-6.5998E-001
-1.2137E+000
-1.2014E-001
-6.4560E-001
-1.5727E+000
-9.3805E-001
-1.0392E+000
-1.6041E+000
-9.5388E-001
-1.2100E+000
-1.9338E+000
-4.2523E-001
-6.5476E-001
-8.2506E-001
-2.0428E-001
-6.0559E-001
-7.3162E-001
 4.5537E-002
-4.5389E-001
-4.1877E-001
-4.5397E-002
-4.6099E-001
-1.1947E-001
-5.1048E-001
-6.9209E-001
-5.6404E-001
-8.3553E-001
-7.8382E-001
-1.0110E+000
 3.6880E-001
-4.0389E-001
-4.9381E-001
 5.9211E-001
-2.7284E-001
-2.3328E-001
 3.8121E-001
-2.1505E-001
 6.9311E-003
 1.2954E-001
-2.8529E-001
-8.0631E-002
 9.2562E-001
-2.9825E-001
-3.7814E-001
 3.9406E-001
-1.4296E-001
 5.5112E-002
 1.8275E-001
-6.0142E-003
 4.0075E-001
 4.2226E-001
 9.8992E-002
 4.1415E-001
 7.7461E-001
 2.2638E-001
 2.3534E-001
 3.3001E-001
 3.9994E-001
 6.3069E-001
 9.7006E-001
 2.8112E+000
 9.6005E-002
 2.0951E-001
 7.9908E-002
 5.1469E-001
 4.4099E-001
 2.2100E-001
 5.7508E-001
 5.2443E-001
 3.4191E-001
 1.0561E+000
 3.4561E-001
 2.6074E-001
 1.3127E+000
 1.0738E-001
 1.9459E-002
 2.9401E-001
-1.9050E-001
 3.3789E-003
 1.2595E-001
 1.0513E+000
 5.8564E-001
 1.0753E+000
 1.2039E+000
 7.2277E-001
 1.5983E+000
 1.5416E+000
 9.1643E-001
 1.7204E+000
 2.0054E+000
 1.1300E+000
 1.8104E+000
 1.4979E+000
 8.0950E-001
 1.7111E+000
 1.5625E+000
 8.9172E-001
 1.7061E+000
 1.3189E+000
 7.9656E-001
 1.6977E+000
 1.4899E+000
 8.8689E-001
 1.7918E+000
 1.5798E+000
 1.0115E+000
 2.3532E+000
 1.3159E+000
 9.2824E-001
 2.6492E+000
 1.1905E+000
 7.1282E-001
 1.7263E+000
 8.2019E-001
 5.0713E-001
 1.6964E+000
 1.9605E+000
 1.1884E+000
 2.5043E+000
 2.0716E+000
 1.2951E+000
 3.1105E+000
 1.7169E+000
 1.1871E+000
 3.3280E+000
 1.4267E+000
 1.0724E+000
 2.9677E+000
 2.7381E+000
 1.3388E+000
 3.1822E+000
 3.4571E+000
 1.6560E+000
 2.8745E+000
 1.6824E+000
 1.2774E+000
 3.8604E+000
 1.3243E+000
 1.2254E+000
 4.1423E+000
 1.2816E+000
 1.1602E+000
 3.8881E+000
 8.9172E-001
 1.0449E+000
 3.8191E+000
 1.4751E+000
 1.3960E+000
 4.7368E+000
 1.1866E+000
 2.7915E-001
 7.0102E+000
 1.7257E+000
 1.3226E+000
 3.7564E+000
 1.8248E+000
 1.3229E+000
 3.5614E+000
 1.5810E+000
 1.1525E+000
 3.0215E+000
 1.3608E+000
 1.0492E+000
 2.9377E+000
 2.4265E+000
 1.5264E+000
 3.4742E+000
 1.6384E+000
 1.1062E+000
 2.6836E+000
 1.4083E+000
 9.4256E-001
 2.1489E+000
 8.0719E-001
 7.4489E-001
 2.2678E+000
 5.7551E-001
 5.7484E-001
 2.0884E+000
 1.4394E+000
 1.0351E+000
 1.7582E+000
 2.6981E-001
 1.0262E+000
 5.2007E+000
 6.6870E-001
 7.7003E-001
 2.5893E+000
 1.6927E-001
 5.6806E-001
 2.7205E+000
-1.3820E-001
 5.4217E-001
 2.8009E+000
-6.0493E-001
 2.7081E-001
 2.7423E+000
 5.5379E-002
 5.0133E-001
 3.1234E+000
-2.3355E-001
 4.4978E-001
 3.5321E+000
 3.9729E-002
 7.3291E-001
 3.0932E+000
-1.8742E-001
 6.9952E-001
 3.3015E+000
-2.5139E-001
 5.7733E-001
 2.9895E+000
-5.4349E-001
 5.1863E-001
 3.0781E+000
 2.1814E-001
 8.1581E-001
 3.8504E+000
 1.0539E-001
 1.0837E+000
 4.7756E+000
-4.5779E-002
 5.1822E-001
 2.6003E+000
-5.7290E-002
 4.5009E-001
 2.3236E+000
-5.3495E-001
 9.1063E-002
 2.0950E+000
-6.0118E-001
 8.0772E-003
 1.9743E+000
 1.7477E-001
 7.3800E-001
 1.8929E+000
 1.3344E+000
 1.9295E+000
 1.9205E+000
-7.4565E-001
-1.8527E-002
 2.1154E+000
-1.0960E+000
-2.3783E-001
 1.9453E+000
-1.3943E+000
-3.0582E-001
 2.2505E+000
-1.3611E+000
-9.7576E-002
 2.5595E+000
-1.1523E+000
-2.5343E-001
 1.6328E+000
-6.3373E-001
-2.6237E-001
 1.1331E+000
-1.6949E+000
-5.4813E-001
 2.1676E+000
-1.9093E+000
-6.7514E-001
 2.3536E+000
-1.9177E+000
-6.6036E-001
 2.4208E+000
-1.8841E+000
-7.0864E-001
 2.1128E+000
-2.1639E+000
-9.0826E-001
 2.2363E+000
-2.1349E+000
-9.2411E-001
 2.0734E+000
-1.9850E+000
-5.6598E-001
 2.7245E+000
-1.8962E+000
-5.1805E-001
 2.6175E+000
-1.9867E+000
-1.0105E+000
 2.2779E+000
-1.9562E+000
-9.9481E-001
 2.0566E+000
-2.0341E+000
-3.5788E-001
 2.9937E+000
-2.1258E+000
-3.0672E-001
 3.1763E+000
-2.1930E+000
-1.0578E+000
 2.1969E+000
-2.0607E+000
-1.5846E+000
 2.0207E+000
-2.3414E+000
-1.3208E+000
 1.7209E+000
-2.3865E+000
-1.4625E+000
 1.5469E+000
-1.6329E+000
-1.7754E+000
 2.7595E+000
-3.2168E+000
-7.5073E-001
-1.2306E-001
-2.2485E+000
-1.1899E+000
 1.6682E+000
-2.1461E+000
-1.2111E+000
 1.3916E+000
-1.9866E+000
-1.1032E+000
 1.3098E+000
-2.0048E+000
-1.1401E+000
 1.0907E+000
-2.2240E+000
-1.1845E+000
 1.4572E+000
-2.3086E+000
-1.1540E+000
 1.5482E+000
-1.8840E+000
-9.5714E-001
 1.5216E+000
-1.8031E+000
-8.7262E-001
 1.4338E+000
-1.9090E+000
-1.0696E+000
 1.3431E+000
-1.8573E+000
-1.0521E+000
 1.2937E+000
-1.7674E+000
-7.1796E-001
 1.5452E+000
-1.6906E+000
-4.1185E-001
 1.4864E+000
-2.0701E+000
-1.1871E+000
 1.4325E+000
-2.2035E+000
-1.3830E+000
 1.3776E+000
-2.3047E+000
-1.4504E+000
 1.0990E+000
-2.2990E+000
-1.5024E+000
 1.0165E+000
-2.1981E+000
-1.5789E+000
 1.5795E+000
-2.1391E+000
-1.5940E+000
 1.7685E+000
-2.2859E+000
-1.4662E+000
 1.0128E+000
-2.4147E+000
-1.4567E+000
 7.5803E-001
-2.2467E+000
-1.4618E+000
 7.3344E-001
-2.3066E+000
-1.5102E+000
 5.5403E-001
-2.4547E+000
-1.4818E+000
 4.0802E-001
-1.9692E+000
-1.2432E+000
 8.1789E-001
-1.7997E+000
-1.2065E+000
 7.4113E-001
-1.7066E+000
-1.1155E+000
 9.1114E-001
-1.4768E+000
-9.7067E-001
 8.3600E-001
-1.6455E+000
-1.0771E+000
 6.9700E-001
-1.7081E+000
-1.1577E+000
 7.0979E-001
-1.8138E+000
-1.1953E+000
 1.0347E+000
-1.8076E+000
-1.1800E+000
 1.1276E+000
-1.9285E+000
-1.2717E+000
 1.0130E+000
-2.1097E+000
-1.4364E+000
 9.8141E-001
-1.8570E+000
-1.2429E+000
 1.3782E+000
-2.2330E+000
 1.4346E-001
 2.0204E+000
-1.8536E+000
-1.2251E+000
 9.6480E-001
-1.9286E+000
-1.2622E+000
 9.1236E-001
-1.9331E+000
-1.2593E+000
 9.2623E-001
-1.8300E+000
-1.2244E+000
 9.3820E-001
-1.8981E+000
-1.2938E+000
 9.7781E-001
-1.9170E+000
-1.0339E+000
 1.3001E+000
-1.9779E+000
-1.3262E+000
 9.6639E-001
-1.9891E+000
-1.3509E+000
 9.6596E-001
-1.9025E+000
-1.4455E+000
 9.8683E-001
-1.8218E+000
-1.5342E+000
 1.1542E+000
-2.0104E+000
-1.3312E+000
 1.1250E+000
-4.0375E+000
-1.1980E+000
 2.2760E+000
-1.8198E+000
-1.4481E+000
 9.2901E-001
-1.5380E+000
-1.4079E+000
 1.1035E+000
-1.4327E+000
-1.1504E+000
 1.0293E+000
-1.4938E+000
-9.5047E-001
 1.2175E+000
-1.5011E+000
-1.1630E+000
 1.2109E+000
-1.3141E+000
-9.5310E-001
 1.0517E+000
-1.2521E+000
-8.3846E-001
 1.1798E+000
-1.4229E+000
-9.8144E-001
 1.0572E+000
-1.3633E+000
-9.1830E-001
 7.9339E-001
-3.6064E-001
 6.1706E-001
 4.6053E-002
-9.4205E-001
-5.3050E-001
 1.2448E+000
-9.3474E-001
-5.4529E-001
 1.1679E+000
-8.6664E-001
-5.0539E-001
 8.0937E-001
-5.5397E-001
-3.8739E-001
 7.5125E-001
-7.7427E-001
-4.0118E-001
 1.3318E+000
-1.0967E+000
-2.6315E-001
 1.3496E+000
-9.9721E-001
-6.9957E-001
 6.1954E-001
-8.7259E-001
-7.8745E-001
 3.8074E-001
-7.9928E-001
-6.8649E-001
 1.1702E-001
-7.3532E-001
-7.5850E-001
-1.1190E-001
-8.4331E-001
-9.2988E-001
 3.1099E-001
-1.1786E+000
-5.8900E-001
 1.3135E-001
-7.8444E-001
-6.6954E-001
 2.1828E-001
-7.6256E-001
-6.8110E-001
 9.4448E-002
-7.2415E-001
-6.5693E-001
 2.2767E-001
-8.1375E-001
-6.0175E-001
 4.5684E-001
-9.0486E-001
-7.9214E-001
-1.6084E-002
-5.7966E-001
-5.2729E-001
 6.1243E-002
-5.4230E-001
-4.6583E-001
 3.0641E-001
-9.2761E-001
-7.4377E-001
 2.1977E-001
-9.5116E-001
-8.0731E-001
-4.1503E-002
-3.3707E-001
-2.7315E-001
 2.0266E-001
 7.5596E-002
 2.7780E-001
 1.4872E-001
-1.1359E+000
-7.3521E-001
 4.3796E-001
-1.4191E+000
-9.2949E-001
 4.2133E-001
-1.3156E+000
-9.0388E-001
 2.7247E-001
-1.0468E+000
-7.4241E-001
 3.6208E-001
-1.5756E+000
-9.8848E-001
 8.1508E-001
-1.3111E+000
-4.4746E-001
 6.6435E-001
-1.4496E+000
-1.0750E+000
 4.7363E-002
-1.3404E+000
-1.0372E+000
-1.3143E-001
-1.6492E+000
-1.1976E+000
-2.7327E-002
-1.6137E+000
-1.1575E+000
 8.0306E-002
-1.2731E+000
-1.0965E+000
-6.8123E-001
-4.3232E-001
-7.1634E-001
-1.3136E+000
-1.8927E+000
-1.3612E+000
-1.4132E-001
-2.1771E+000
-1.5203E+000
-9.5058E-002
-2.4650E+000
-1.6493E+000
 7.0625E-002
-2.3722E+000
-1.5855E+000
 8.6431E-002
-2.2276E+000
-1.7877E+000
-5.2616E-001
-2.6736E+000
-1.7106E+000
 1.5036E-001
-2.8901E+000
-1.8182E+000
 2.6774E-001
-3.0006E+000
-1.9241E+000
 1.9736E-001
-2.9912E+000
-1.9318E+000
 1.4560E-001
-2.8821E+000
-1.8117E+000
 4.2937E-001
-2.8696E+000
-1.7239E+000
 4.2021E-001
-3.0913E+000
-1.9489E+000
 1.8223E-001
-3.0163E+000
-1.9727E+000
 2.6505E-001
-3.0195E+000
-1.8389E+000
 2.5763E-001
-3.0616E+000
-1.8675E+000
 3.2634E-001
-2.9021E+000
-2.0568E+000
 5.1550E-001
-2.9477E+000
-2.1476E+000
-5.8236E-001
-2.8764E+000
-1.8263E+000
 3.3997E-001
-2.7862E+000
-1.7249E+000
 2.9120E-001
-2.6679E+000
-1.6557E+000
 4.0440E-001
-2.7184E+000
-1.6992E+000
 4.2688E-001
-2.7790E+000
-1.7524E+000
 2.3221E-001
-2.5217E+000
-1.5288E+000
 4.2569E-001
-2.3236E+000
-1.4157E+000
 5.8903E-001
-2.2566E+000
-1.4211E+000
 3.7734E-001
-2.2713E+000
-1.4394E+000
 2.4466E-001
-1.9106E+000
-1.2874E+000
 6.5776E-001
-2.0497E+000
-1.0609E+000
 1.1714E+000
-2.1888E+000
-1.3517E+000
 4.3956E-001
-2.0109E+000
-1.3555E+000
 3.4570E-001
-1.7149E+000
-1.1410E+000
 5.1145E-001
-1.7176E+000
-1.0695E+000
 6.6097E-001
-2.3499E+000
-1.3965E+000
 4.3263E-001
-1.7132E-001
-1.1405E+000
-1.9504E-001
-1.5431E+000
-1.1177E+000
 3.7804E-001
-1.2477E+000
-8.5746E-001
 4.9668E-001
-1.3652E+000
-9.2532E-001
 6.3391E-001
-1.5261E+000
-1.0254E+000
 4.8712E-001
-9.7998E-001
-7.4974E-001
 7.7969E-002
-6.4995E-001
-5.9609E-001
 2.0564E-001
-1.3547E+000
-7.9781E-001
 8.4562E-001
-1.4807E+000
-8.1854E-001
 1.0820E+000
-1.0758E+000
-5.0752E-001
 1.1385E+000
-8.1344E-001
-3.3243E-001
 1.2771E+000
-1.7851E+000
-8.3177E-001
 1.5349E+000
-2.1659E+000
-1.0894E+000
 1.6648E+000
-1.0162E+000
-4.8652E-001
 1.1476E+000
-6.3542E-001
-2.0874E-001
 1.1932E+000
-6.5600E-001
-1.6406E-001
 1.3223E+000
-9.2928E-001
-3.3869E-001
 1.3250E+000
-3.0835E-001
-2.8285E-001
 7.9753E-001
-5.2859E-001
-6.5275E-001
 2.0992E-001
-4.0513E-001
 8.6749E-002
 1.4743E+000
-3.9814E-001
 1.6694E-001
 1.6615E+000
-2.3418E-001
 1.6084E-001
 1.3567E+000
 4.4858E-002
 3.0299E-001
 1.2303E+000
-1.7058E-001
 3.5410E-001
 2.0064E+000
-1.9939E-001
 3.8638E-001
 2.2672E+000
-4.3816E-001
-1.7778E-002
 1.2608E+000
-3.6220E-001
-5.4441E-002
 9.6314E-001
-1.2167E-001
 1.4659E-001
 1.0343E+000
 7.5909E-002
 1.8350E-001
 7.3815E-001
-5.4846E-001
-2.5174E-001
 9.0855E-001
-1.3887E+000
-3.6347E-001
 7.6924E-001
-1.0225E-001
 2.4890E-001
 1.3921E+000
 1.3974E-001
 4.9209E-001
 1.4974E+000
 4.5980E-001
 7.3787E-001
 1.4668E+000
 7.2934E-001
 9.1966E-001
 1.4233E+000
-1.0397E-002
 6.3798E-001
 1.8281E+000
-3.7428E-001
 3.6772E-001
 1.8861E+000
 5.0953E-001
 7.6781E-001
 1.4416E+000
 8.1363E-001
 9.7946E-001
 1.4120E+000
 9.3650E-001
 9.4963E-001
 1.0294E+000
 1.2381E+000
 1.2321E+000
 8.8618E-001
 8.3625E-001
 1.0103E+000
 1.5988E+000
 8.5279E-001
 1.1629E+000
 2.1796E+000
 7.0526E-001
 7.1270E-001
 8.3818E-001
 7.6986E-001
 6.5339E-001
 4.8885E-001
 5.6740E-001
 4.4842E-001
 2.4008E-001
 2.8437E-001
 2.2523E-001
 3.0672E-001
 5.3326E-001
 5.0814E-001
 5.4313E-001
 1.4851E-001
 4.6217E-002
 9.6859E-001
 7.3936E-001
 4.7947E-001
-3.6280E-002
 6.3309E-001
 3.0094E-001
-2.8126E-001
 4.3862E-001
 1.0036E-001
-5.1775E-001
 1.8394E-001
-1.3405E-001
-5.5267E-001
 9.5753E-001
 4.2413E-001
-4.9871E-001
 1.8668E+000
 4.1855E-001
-5.2270E-002
 6.1280E-001
 1.8131E-001
-6.7862E-001
 4.6901E-001
 9.9990E-003
-9.0704E-001
 5.1063E-001
 1.4406E-001
-7.2706E-001
 7.6022E-001
 3.6751E-001
-6.7211E-001
 6.0460E-001
-7.9715E-003
-1.4257E+000
 6.1701E-001
-4.6640E-001
-2.0240E+000
 2.1205E-001
-8.3775E-002
-6.2153E-001
 2.0388E-001
-1.0163E-002
-4.5952E-001
 4.2325E-001
 1.1426E-001
-7.6979E-001
 4.3993E-001
 4.0232E-003
-1.1314E+000
-1.4112E-001
-2.4720E-001
-3.9220E-001
-2.5484E-001
-4.1630E-001
-6.9330E-001
 5.7982E-001
 2.8931E-001
-6.3452E-001
 7.6676E-001
 4.5879E-001
-8.6460E-001
 5.6148E-001
 2.1818E-001
-1.0982E+000
 2.1143E-001
-2.0433E-002
-8.5023E-001
 9.5983E-001
 6.8620E-001
-5.6650E-001
 1.0708E+000
 5.3204E-002
-5.6579E-001
 6.7961E-001
 2.3004E-001
-1.4801E+000
 5.0747E-001
 1.7725E-002
-1.7338E+000
 5.3870E-001
 8.2501E-002
-1.6697E+000
 3.7431E-001
-2.3694E-002
-1.7842E+000
 5.9883E-001
-6.5282E-002
-2.2488E+000
-1.2110E+000
-3.0850E+000
-3.8814E+000
 8.3972E-001
 3.8953E-001
-1.4917E+000
 1.0431E+000
 5.3854E-001
-1.4630E+000
 1.1159E+000
 7.0877E-001
-1.0325E+000
 1.1686E+000
 7.9519E-001
-8.0279E-001
 1.2488E+000
 1.0010E+000
-1.8075E+000
 1.7830E+000
 2.0427E-001
-1.4565E+000
 1.0913E+000
 7.3563E-001
-9.0153E-001
 1.2300E+000
 8.7266E-001
-5.2388E-001
 1.6554E+000
 1.2138E+000
-5.5751E-001
 1.8122E+000
 1.2963E+000
-2.3595E-001
 1.1473E+000
 8.2258E-001
-2.9361E-001
 2.5553E-001
-2.7791E-001
 1.0362E+000
 1.8285E+000
 1.2652E+000
-9.2458E-001
 2.2073E+000
 1.4635E+000
-1.0031E+000
 2.3595E+000
 1.6002E+000
-9.0616E-001
 2.6295E+000
 1.7682E+000
-8.2755E-001
 2.3469E+000
 1.3247E+000
-1.2860E+000
 2.2243E+000
 8.9979E-001
-1.2614E+000
 2.2094E+000
 1.4354E+000
-9.3054E-001
 2.3486E+000
 1.5759E+000
-8.6857E-001
 2.3005E+000
 1.5531E+000
-4.6294E-001
 2.4450E+000
 1.7314E+000
-3.7857E-001
 2.3089E+000
 1.3825E+000
-1.1351E+000
 1.9568E+000
 1.0871E+000
-1.3234E+000
 2.0514E+000
 1.5145E+000
-2.0634E-001
 2.0000E+000
 1.5346E+000
 1.4343E-001
 2.2861E+000
 1.8417E+000
 3.6808E-001
 2.2999E+000
 1.9070E+000
 5.2680E-001
 1.7359E+000
 1.5280E+000
 9.6250E-002
 1.6727E+000
 8.6903E-001
 1.0174E-001
 2.4567E+000
 2.0296E+000
 3.4922E-001
 2.6748E+000
 2.3454E+000
 5.0201E-001
 2.8448E+000
 2.4703E+000
 4.1382E-001
 2.9029E+000
 2.6700E+000
 6.4719E-001
 2.8439E+000
 2.4168E+000
 3.4334E-001
 2.4826E+000
 2.0947E+000
 1.8645E-001
 3.0120E+000
 2.3812E+000
 8.1663E-002
 3.2412E+000
 2.4985E+000
-3.1435E-002
 3.1601E+000
 2.4585E+000
 7.0117E-002
 3.3351E+000
 2.7061E+000
 1.6066E-001
 3.4062E+000
 2.3028E+000
-2.7707E-001
 2.7879E+000
 2.1368E+000
 8.4516E-002
 2.7334E+000
 2.1083E+000
 1.4540E-001
 2.7249E+000
 2.2298E+000
 5.3258E-001
 2.7949E+000
 2.3868E+000
 5.4722E-001
 2.6212E+000
 1.7648E+000
 1.6204E-001
 1.2169E+000
 1.0549E+000
-6.5899E-001
 2.5402E+000
 2.2649E+000
 7.6550E-001
 2.4633E+000
 2.4587E+000
 1.1690E+000
 2.7569E+000
 2.8921E+000
 1.2090E+000
 2.7131E+000
 3.1221E+000
 1.4275E+000
 2.2593E+000
 2.4301E+000
 1.3853E+000
 2.0314E+000
 2.7143E+000
 1.8241E+000
 3.0241E+000
 3.0702E+000
 9.4984E-001
 3.2888E+000
 3.5131E+000
 9.2588E-001
 3.4463E+000
 3.5724E+000
 7.9164E-001
 3.5243E+000
 4.0082E+000
 9.5199E-001
 3.4427E+000
 3.4682E+000
 7.5619E-001
 1.2842E+000
 7.9740E+000
-6.5338E-001
 3.4007E+000
 3.2822E+000
 4.8171E-001
 3.6568E+000
 3.4085E+000
 3.7163E-001
 3.5405E+000
 3.3805E+000
 5.8720E-001
 3.7192E+000
 3.7423E+000
 4.2882E-001
 3.7236E+000
 3.1127E+000
 9.7688E-002
 3.9998E+000
 2.8167E+000
-5.0955E-001
 3.0942E+000
 3.0319E+000
 8.6256E-001
 2.9464E+000
 3.0515E+000
 1.0655E+000
 2.9201E+000
 3.4429E+000
 1.4630E+000
 2.8668E+000
 3.6565E+000
 1.6104E+000
 2.7556E+000
 2.8101E+000
 1.1268E+000
 2.4426E+000
 2.3593E+000
 8.4301E-001
 2.9151E+000
 3.6728E+000
 1.6004E+000
 2.7803E+000
 4.1864E+000
 1.9964E+000
 3.1059E+000
 4.7410E+000
 1.8348E+000
 2.9585E+000
 5.2417E+000
 2.1611E+000
 2.6505E+000
 4.2396E+000
 2.1462E+000
 2.9296E+000
 4.1140E+000
-3.9019E-001
 3.4089E+000
 4.7351E+000
 1.4264E+000
 3.7702E+000
 5.2041E+000
 1.1817E+000
 3.7911E+000
 5.3298E+000
 1.2235E+000
 3.9625E+000
 6.2648E+000
 9.9109E-001
 4.1907E+000
 5.0493E+000
 7.0430E-001
 3.5271E+000
 4.8807E+000
 1.3126E+000
 3.4950E+000
 4.9287E+000
 1.3886E+000
 3.1151E+000
 4.8755E+000
 1.9020E+000
 3.0088E+000
 4.8635E+000
 2.0195E+000
 3.5790E+000
 4.3899E+000
 1.0263E+000
 6.1116E+000
 3.5029E+000
-2.3036E+000
 2.7918E+000
 4.9287E+000
 2.2780E+000
 2.4407E+000
 4.9095E+000
 2.7675E+000
 2.1310E+000
 4.0974E+000
 2.8851E+000
 1.8893E+000
 3.9814E+000
 3.2899E+000
 2.2506E+000
 3.6693E+000
 2.5888E+000
 1.9380E+000
 2.8351E+000
 2.6163E+000
 1.9532E+000
 2.8161E+000
 2.5140E+000
 2.1796E+000
 3.2096E+000
 2.2782E+000
 2.1205E+000
 2.3915E+000
 1.9355E+000
 1.1886E+000
 4.2724E-001
 1.8312E+000
 1.6361E+000
 2.4776E+000
 2.6215E+000
 1.6355E+000
 2.3734E+000
 2.4601E+000
 1.5485E+000
 1.9456E+000
 2.1529E+000
 1.3549E+000
 1.6800E+000
 2.1299E+000
 1.4755E+000
 2.3888E+000
 2.8132E+000
 1.1805E+000
 2.1072E+000
 2.9896E+000
 1.6264E+000
 1.8688E+000
 1.8777E+000
 1.5339E+000
 1.5269E+000
 1.5627E+000
 1.1665E+000
 1.2869E+000
 1.6532E+000
 9.0987E-001
 1.0352E+000
 1.5756E+000
 1.7130E+000
 1.5140E+000
 1.2982E+000
 1.1127E+000
 1.3233E+000
 1.8190E+000
 8.1614E-001
 1.1074E+000
 1.9126E+000
 7.5909E-001
 1.1957E+000
 2.2591E+000
 9.7066E-001
 1.4486E+000
 2.3586E+000
 8.6817E-001
 1.0582E+000
 1.8488E+000
 8.1760E-001
-1.6632E+000
 8.5971E-001
 5.0029E-001
 1.0148E+000
 2.4667E+000
 4.4949E-001
 1.0447E+000
 2.7582E+000
 1.4988E-001
 7.8208E-001
 2.7715E+000
-4.2581E-002
 5.5023E-001
 2.7206E+000
 4.6920E-001
 1.0398E+000
 3.0871E+000
 7.1415E-001
 1.7925E+000
 4.1904E+000
 1.5566E-001
 7.8443E-001
 2.7474E+000
-1.4322E-001
 5.2198E-001
 2.7818E+000
-1.0967E-001
 6.1327E-001
 3.0917E+000
 1.4214E-001
 8.6761E-001
 3.2141E+000
-2.5754E-001
 3.7790E-001
 2.2622E+000
 5.5109E-001
 8.1016E-001
 1.4402E+000
-3.7288E-001
 3.9887E-001
 3.2060E+000
-3.8496E-001
 4.3171E-001
 3.4889E+000
-2.6078E-001
 5.0772E-001
 3.3333E+000
-3.5100E-001
 3.6514E-001
 3.0449E+000
-5.9741E-001
 1.9238E-001
 3.5957E+000
-7.5569E-001
 2.2939E-001
 3.9451E+000
 3.4666E-002
 7.7833E-001
 3.5167E+000
 2.0369E-001
 8.5504E-001
 3.3590E+000
 1.4374E-001
 8.2680E-001
 3.6081E+000
 2.4811E-001
 8.7900E-001
 3.4504E+000
 4.9223E-001
 1.1695E+000
 3.3792E+000
 8.6648E-001
 1.2809E+000
 3.0789E+000
-3.9681E-002
 7.6960E-001
 3.8865E+000
-8.5345E-002
 7.3091E-001
 4.2474E+000
-3.0377E-001
 4.6145E-001
 4.1459E+000
-2.3107E-001
 5.4129E-001
 4.2907E+000
-2.2297E-001
 5.7838E-001
 4.7130E+000
 3.2707E-001
 1.8933E+000
 5.1241E+000
-6.3773E-001
 2.0990E-001
 3.8792E+000
-8.2481E-001
-3.1350E-002
 3.7994E+000
-7.5171E-001
-6.4047E-002
 3.2673E+000
-7.1738E-001
-5.9644E-002
 3.0016E+000
-1.1590E+000
-5.2099E-001
 3.9628E+000
 1.0312E+000
 4.2410E-001
 3.1421E+000
-7.5465E-001
-8.5135E-002
 3.1110E+000
-7.1808E-001
-7.6118E-002
 2.6291E+000
-1.0023E+000
-3.1073E-001
 2.3682E+000
-9.5327E-001
-2.8547E-001
 2.0107E+000
-6.7132E-001
 1.6576E-004
 2.7004E+000
-8.1060E-001
-1.2613E-001
 3.6667E+000
-1.2787E+000
-5.1212E-001
 2.5460E+000
-1.5371E+000
-7.7533E-001
 2.3110E+000
-1.4166E+000
-6.9048E-001
 2.1169E+000
-1.5389E+000
-7.1583E-001
 1.7773E+000
-1.8560E+000
-1.0151E+000
 2.6289E+000
-3.1919E+000
 3.2712E+000
 1.3532E+000
-1.2280E+000
-5.0542E-001
 2.3649E+000
-1.0462E+000
-3.5599E-001
 2.1679E+000
-7.7696E-001
-1.8106E-001
 1.9128E+000
-7.3282E-001
-1.6028E-001
 1.5745E+000
-1.0240E+000
-2.0049E-001
 2.3260E+000
-1.1998E+000
-7.8195E-001
 2.5316E+000
-5.8023E-001
 2.3910E-002
 1.9873E+000
-3.4588E-001
 1.7180E-001
 1.7592E+000
-3.9126E-001
 1.0558E-001
 1.4481E+000
-2.1667E-001
 1.4204E-001
 1.2315E+000
-2.6347E-001
 4.0708E-001
 1.9822E+000
-3.8746E-001
 4.8331E-001
 2.0858E+000
-6.6707E-001
-9.6665E-002
 1.4234E+000
-7.2751E-001
-1.9987E-001
 1.0893E+000
-7.1761E-001
-2.4624E-001
 7.1996E-001
-6.2341E-001
-2.1545E-001
 4.8550E-001
-1.0022E+000
-5.6493E-001
 1.2225E+000
-1.1068E+000
-1.1203E+000
 1.1106E+000
-8.8625E-001
-3.8145E-001
 7.0121E-001
-9.4549E-001
-3.9508E-001
 3.8396E-001
-6.0205E-001
-2.2514E-001
 1.6949E-001
-5.9533E-001
-2.4191E-001
-1.1151E-001
-1.0495E+000
-5.4005E-001
 4.2103E-001
-1.1755E+000
-5.8773E-001
 1.0705E+000
-3.1963E-001
 1.6599E-002
 4.1215E-001
 3.1386E-002
 2.5005E-001
 2.3573E-001
 1.8831E-001
 3.7216E-001
 1.2667E-001
 3.2722E-001
 4.5273E-001
-1.9934E-001
 2.1468E-001
 4.2472E-001
 5.2473E-001
 6.6360E-001
 6.8684E-001
 4.2042E-001
 1.1878E-001
 3.7322E-001
 3.8026E-001
 2.7242E-001
 5.2255E-001
 3.7326E-001
 1.4647E-001
 3.5507E-001
 4.0591E-003
 3.2973E-001
 5.0873E-001
-2.5522E-001
 1.3284E-001
 4.7215E-001
 9.7772E-001
 1.9583E-001
 7.1767E-001
 1.4584E+000
-2.2779E-001
 9.1518E-002
-6.4010E-002
-3.8560E-001
-6.6841E-002
-3.7731E-001
-3.1500E-001
-8.2004E-002
-7.9963E-001
-3.5066E-001
-9.3426E-002
-1.1348E+000
-8.4095E-001
-3.2671E-001
-2.7208E-001
-2.6322E-001
-4.2600E-002
-8.2858E-001
-1.7947E-001
-6.3280E-002
-1.1681E+000
-5.7946E-004
 3.5371E-002
-1.5784E+000
-1.6944E-001
-1.0288E-001
-1.9414E+000
-2.9042E-003
 1.5077E-001
-1.0590E+000
 3.0504E-001
 2.8897E-001
-1.5417E+000
 5.1163E-001
 4.2816E-001
-1.9120E+000
 4.9363E-001
 4.1417E-001
-1.9708E+000
 7.3930E-001
 5.7645E-001
-2.1850E+000
 8.4365E-001
 8.0348E-001
-1.8835E+000
 1.0613E+000
 1.1345E+000
-2.5063E+000
 1.6167E-001
 1.9603E-001
-1.8318E+000
 1.6976E-001
 2.1509E-001
-1.8906E+000
-3.5755E-003
 1.6812E-001
-1.5301E+000
-7.1497E-002
 1.2215E-001
-1.6144E+000
-3.7459E-002
 1.7601E-001
-1.0975E+000
-1.9275E-001
 1.2307E-001
-7.3705E-001
-6.3886E-001
-1.3988E-001
-7.4661E-001
-7.4446E-001
-3.0554E-001
-9.1997E-001
-7.8081E-001
-2.2027E-001
-5.4787E-001
-1.2246E+000
-4.6710E-001
-5.0717E-001
-1.2136E+000
-4.6756E-001
-1.3149E-001
-9.4432E-001
-2.6737E-001
-7.5592E-002
-1.4384E+000
-6.0751E-001
-1.0725E+000
-7.4960E-001
 1.3092E-001
-1.5056E+000
-1.4959E+000
-6.8433E-001
 9.9843E-002
-1.4747E+000
-6.8851E-001
 2.8037E-001
-1.4689E+000
-6.4828E-001
 2.1246E-001
-1.2129E+000
-4.5066E-001
 2.6363E-001
-1.6594E+000
-8.8855E-001
 5.3695E-001
-1.7223E+000
-8.1687E-001
 1.7738E-002
-1.7439E+000
-8.1385E-001
-4.9419E-002
-1.8868E+000
-8.2344E-001
-2.7681E-001
-2.1077E+000
-9.6801E-001
-3.1805E-001
-1.8341E+000
-9.6059E-001
 1.6079E-001
-1.6746E+000
-9.4855E-001
 4.2606E-001
-1.8285E+000
-6.7203E-001
-4.3875E-001
-1.8165E+000
-6.5360E-001
-3.7509E-001
-2.0750E+000
-7.7857E-001
-3.9249E-001
-2.1037E+000
-8.0487E-001
-3.1988E-001
-1.8191E+000
-7.0440E-001
-4.2207E-001
-3.6670E+000
 1.9461E-001
-1.7965E-001
-2.2557E+000
-6.9383E-001
-2.6766E-001
-2.2988E+000
-7.7212E-001
-2.5840E-001
-2.4114E+000
-6.5028E-001
-2.6832E-001
-2.5766E+000
-6.1243E-001
-3.1253E-001
-2.3547E+000
-1.0016E+000
-2.6510E-001
-2.6354E+000
-9.4931E-001
-2.8180E-001
-2.3102E+000
-6.8854E-001
-1.5202E-001
-2.3929E+000
-5.6661E-001
-1.2691E-001
-2.2568E+000
-6.4267E-001
-4.3104E-002
-2.3353E+000
-4.3641E-001
-1.2227E-001
-2.4744E+000
-2.6070E-001
 3.3376E-002
-2.8270E+000
 3.2758E+000
 3.1564E-001
-2.1791E+000
-8.9260E-001
 5.3736E-002
-1.9481E+000
-9.5233E-001
 1.6152E-001
-1.8732E+000
-1.1497E+000
 3.2355E-001
-1.6982E+000
-1.1945E+000
 4.8899E-001
-1.8888E+000
-8.6264E-001
 5.3468E-001
-2.1001E+000
-7.0054E-001
 7.5752E-001
-1.8525E+000
-1.0841E+000
 3.4622E-001
-1.8639E+000
-1.1674E+000
 4.6540E-001
-1.8892E+000
-1.1488E+000
 4.7488E-001
-1.9600E+000
-1.2198E+000
 7.1540E-001
-1.8014E+000
-1.0489E+000
 4.1443E-001
-1.8410E+000
-1.1227E+000
 3.2677E-001
-2.1276E+000
-8.8104E-001
 2.3955E-001
-2.1087E+000
-7.7361E-001
 3.0859E-002
-1.7185E+000
-9.6725E-001
 3.8290E-001
-2.5019E+000
-8.9415E-001
 5.9929E-001
-2.3736E+000
-8.3838E-001
 5.0186E-002
-2.4212E+000
-9.1868E-001
 4.6649E-002
-2.2606E+000
-8.9633E-001
-8.3604E-002
-2.3215E+000
-9.2415E-001
 6.9802E-003
-2.4027E+000
-1.1842E+000
 2.8620E-002
-2.7180E+000
-1.1383E+000
 5.5630E-001
-2.0821E+000
-8.1301E-001
-2.0890E-001
-1.8623E+000
-6.9526E-001
-2.8337E-001
-1.7322E+000
-7.4387E-001
-1.8276E-001
-1.6558E+000
-6.4746E-001
-2.3607E-001
-1.8658E+000
-5.7650E-001
-4.6642E-001
-1.7839E+000
-3.9518E-001
-3.9639E-001
-1.8196E+000
-7.2420E-001
-5.7388E-002
-1.6717E+000
-6.7907E-001
 1.4938E-001
-1.3528E+000
-5.0145E-001
 1.1787E-001
-1.2477E+000
-4.1099E-001
 2.8377E-001
-1.8448E+000
-6.4144E-001
 1.7262E-001
-2.0535E+000
-7.3323E-001
 3.9534E-001
-1.2845E+000
-4.5096E-001
-1.1856E-001
-9.4532E-001
-2.5968E-001
-1.9008E-001
-8.5501E-001
-2.1625E-001
-3.4771E-001
-5.7902E-001
-1.2546E-002
-4.6845E-001
-9.1900E-001
-1.9979E-001
-2.3297E-001
-9.9864E-001
 2.4712E-001
 1.1687E+000
-1.0585E+000
-2.9560E-001
-3.5120E-001
-9.8696E-001
-2.7202E-001
-4.7799E-001
-9.8369E-001
-2.6200E-001
-3.6271E-001
-1.3064E+000
-4.7155E-001
-2.9760E-001
-1.0219E+000
-3.3873E-001
-5.3132E-001
-4.6037E-001
-5.1535E-001
-3.8950E-001
-7.2729E-001
-8.5550E-002
-1.8996E-001
-6.7978E-001
-2.1810E-003
-8.7432E-002
-4.6953E-001
 1.3067E-001
-2.4098E-001
-2.1651E-001
 2.7624E-001
-4.5142E-001
-6.3870E-001
 4.5418E-002
 6.7616E-002
-6.8351E-001
 3.1797E-002
 1.8459E-001
-5.5456E-001
 3.9746E-002
-2.4793E-001
-2.3434E-001
 2.1995E-001
-4.2357E-001
-6.1459E-002
 3.7958E-001
-1.7383E-001
-2.3397E-002
 4.0018E-001
-2.5168E-001
 1.0926E-001
 4.6395E-001
 1.8600E-001
 2.9496E-001
 6.3443E-001
 4.8986E-001
 7.5968E-001
 9.0265E-001
 4.2681E-001
 9.3505E-001
 1.0573E+000
 5.7360E-001
 7.8171E-002
 7.0811E-001
 8.0965E-001
-1.8319E-001
 5.5876E-001
 1.1007E+000
 8.8618E-001
 9.9735E-001
 1.7715E-001
 1.2887E+000
 1.2542E+000
 1.1229E-001
 1.4012E+000
 1.3277E+000
-3.3140E-001
 1.7410E+000
 1.5548E+000
-4.4915E-001
 1.3565E+000
 1.2874E+000
 1.5944E-001
-2.8941E-002
 1.6247E+000
 2.5503E+000
 1.1584E+000
 1.1633E+000
-5.9020E-001
 1.2858E+000
 1.2249E+000
-1.0139E+000
 1.4889E+000
 1.3734E+000
-1.0118E+000
 1.5337E+000
 1.4198E+000
-6.9273E-001
 1.1947E+000
 8.2919E-001
-1.2272E+000
 1.2336E+000
 4.1947E-001
-1.4703E+000
 1.6358E+000
 1.4674E+000
-1.3854E+000
 1.8639E+000
 1.6383E+000
-1.4732E+000
 1.6511E+000
 1.4746E+000
-1.3810E+000
 1.7829E+000
 1.5842E+000
-1.2064E+000
 2.0394E+000
 1.7063E+000
-1.9663E+000
 1.3348E+000
 1.2166E+000
-1.4950E+000
 1.0810E+000
 1.0181E+000
-1.4455E+000
 1.0698E+000
 1.0307E+000
-9.8602E-001
 1.1367E+000
 1.0847E+000
-9.1973E-001
 9.5971E-001
 9.6633E-001
-6.9752E-001
 9.3011E-001
 9.8246E-001
-2.4567E-001
 1.2838E+000
 1.2645E+000
-7.8211E-002
 1.3172E+000
 1.2899E+000
 1.8964E-001
 7.8076E-001
 8.7898E-001
 1.9271E-002
 1.5681E+000
 1.4591E+000
-2.6934E-001
 1.9157E+000
 1.7486E+000
-1.5368E-001
 1.9821E+000
 1.8018E+000
-2.6189E-001
 2.1237E+000
 1.9346E+000
-1.0788E-002
 2.1396E+000
 2.0271E+000
-3.4031E-001
 2.2291E+000
 4.0588E-001
-1.7644E+000
 1.9164E+000
 1.7086E+000
-6.4173E-001
 1.9848E+000
 1.7556E+000
-7.6588E-001
 1.8162E+000
 1.6031E+000
-4.6021E-001
 1.9897E+000
 1.7847E+000
-3.2648E-001
 1.8571E+000
 1.7114E+000
-1.1134E+000
 1.4994E+000
 1.3993E+000
-3.6280E-001
 1.3136E+000
 1.2492E+000
-8.7894E-002
 1.4093E+000
 1.3680E+000
 3.5211E-001
 1.4338E+000
 1.3901E+000
 5.2655E-001
 1.4754E+000
 1.4319E+000
 5.6489E-001
 1.5556E+000
 1.5722E+000
 9.8925E-001
 1.9255E+000
 1.8537E+000
 1.0223E+000
 1.9970E+000
 1.9533E+000
 1.3165E+000
 1.5066E+000
 1.5347E+000
 1.1085E+000
 1.3914E+000
 1.6287E+000
 1.5095E+000
 2.1299E+000
 1.9727E+000
 7.0342E-001
 2.4419E+000
 2.2467E+000
 6.6156E-001
 2.4044E+000
 2.2169E+000
 6.6229E-001
 2.5579E+000
 2.3847E+000
 8.7948E-001
 2.5760E+000
 2.4176E+000
 3.9710E-001
 2.6914E+000
 2.6491E+000
 4.3369E-001
 2.2308E+000
 2.0137E+000
 3.8938E-001
 2.1994E+000
 1.9878E+000
 4.0219E-001
 2.1056E+000
 1.9568E+000
 7.8668E-001
 2.2247E+000
 2.0833E+000
 8.9216E-001
 1.9928E+000
 1.8606E+000
 1.8254E-001
 2.0548E+000
 1.9820E+000
 5.4834E-001
 1.8497E+000
 1.8013E+000
 9.9894E-001
 1.7580E+000
 1.7220E+000
 1.3655E+000
 2.0002E+000
 2.0088E+000
 1.6907E+000
 2.0377E+000
 2.0883E+000
 1.8825E+000
 1.5543E+000
 1.5596E+000
 1.4730E+000
 1.4091E+000
 1.0666E+000
 2.0255E+000
 2.1842E+000
 2.1564E+000
 1.6812E+000
 2.4411E+000
 2.4267E+000
 1.9847E+000
 2.6300E+000
 2.6257E+000
 1.8679E+000
 2.7009E+000
 2.7864E+000
 2.1134E+000
 2.5357E+000
 2.5031E+000
 1.9337E+000
 2.5333E+000
 2.5235E+000
 2.1627E+000
 2.7385E+000
 2.6294E+000
 1.5032E+000
 2.9306E+000
 2.8279E+000
 1.3225E+000
 2.8431E+000
 2.7665E+000
 1.4656E+000
 3.0299E+000
 2.9538E+000
 1.4973E+000
 2.9410E+000
 2.8462E+000
 1.0282E+000
 3.1050E+000
 3.1608E+000
 1.0193E+000
 2.5563E+000
 2.5260E+000
 1.5265E+000
 2.4497E+000
 2.4532E+000
 1.6518E+000
 2.4952E+000
 2.5969E+000
 2.0609E+000
 2.5907E+000
 2.7082E+000
 2.0973E+000
 2.0693E+000
 2.1893E+000
 1.6129E+000
 1.5859E+000
 2.0464E+000
 1.0699E+000
 2.4527E+000
 2.5893E+000
 2.3006E+000
 2.4971E+000
 2.6696E+000
 2.6869E+000
 2.7955E+000
 2.9929E+000
 2.7627E+000
 2.8630E+000
 3.1415E+000
 3.0119E+000
 2.3187E+000
 2.5619E+000
 2.8379E+000
 2.1616E+000
 2.4046E+000
 2.9228E+000
 2.9754E+000
 3.1355E+000
 2.5506E+000
 3.2707E+000
 3.4424E+000
 2.6095E+000
 3.4217E+000
 3.5598E+000
 2.4495E+000
 3.6347E+000
 3.8164E+000
 2.6039E+000
 3.2547E+000
 3.3762E+000
 2.4881E+000
 4.3923E+000
 6.2115E+000
 2.6328E+000
 3.3293E+000
 3.4150E+000
 2.1623E+000
 3.4687E+000
 3.4950E+000
 1.9893E+000
 3.3494E+000
 3.4254E+000
 2.1848E+000
 3.3596E+000
 3.4206E+000
 2.0520E+000
 3.4367E+000
 3.3997E+000
 1.7018E+000
 3.5161E+000
 3.5213E+000
 1.5572E+000
 3.1773E+000
 3.3468E+000
 2.5036E+000
 3.0370E+000
 3.3121E+000
 2.7777E+000
 2.8337E+000
 3.0870E+000
 2.6373E+000
 2.7925E+000
 3.1915E+000
 2.8272E+000
 3.2727E+000
 3.4457E+000
 3.0435E+000
 4.7039E+000
 2.2099E+000
 6.0510E-001
 2.7235E+000
 2.8963E+000
 2.3135E+000
 2.4391E+000
 2.6704E+000
 2.1574E+000
 2.1781E+000
 2.4562E+000
 2.3832E+000
 1.9177E+000
 2.2922E+000
 2.3743E+000
 2.3689E+000
 2.6647E+000
 1.5957E+000
 2.9118E+000
 2.8578E+000
 1.1947E+000
 2.1964E+000
 2.4981E+000
 2.6119E+000
 1.9147E+000
 2.2988E+000
 2.8791E+000
 2.0576E+000
 2.4199E+000
 3.2163E+000
 2.2756E+000
 2.6056E+000
 3.1881E+000
 1.8517E+000
 2.2511E+000
 2.7284E+000
 2.2429E-001
 4.2056E-001
 1.3537E+000
 1.9083E+000
 2.3191E+000
 3.5496E+000
 1.9805E+000
 2.3930E+000
 3.9198E+000
 1.7942E+000
 2.2206E+000
 3.9818E+000
 1.4686E+000
 2.0019E+000
 3.9049E+000
 1.9130E+000
 2.1813E+000
 4.2126E+000
 2.0225E+000
 2.0048E+000
 4.4742E+000
 1.9976E+000
 2.3551E+000
 4.0653E+000
 1.7924E+000
 2.1587E+000
 4.1453E+000
 1.4751E+000
 2.0426E+000
 4.4519E+000
 1.3237E+000
 1.8947E+000
 4.4783E+000
 2.0098E+000
 2.4179E+000
 4.2289E+000
 1.4576E+000
 2.1009E+000
 4.6987E+000
 1.0961E+000
 2.0638E+000
 4.9854E+000
 8.3539E-001
 1.8298E+000
 4.9312E+000
 5.9156E-001
 1.7703E+000
 5.2065E+000
 1.2718E+000
 2.1999E+000
 5.4613E+000
 1.3040E+000
 2.2043E+000
 5.5456E+000
 8.4974E-001
 1.7441E+000
 4.5682E+000
 5.5017E-001
 1.4728E+000
 4.4660E+000
 2.1626E-001
 1.2421E+000
 4.4385E+000
 1.8667E-001
 1.1428E+000
 4.2276E+000
 5.7785E-001
 1.5438E+000
 4.0686E+000
 5.5597E-001
 1.5229E+000
 4.1263E+000
-1.6828E-003
 1.1007E+000
 4.6893E+000
-3.0038E-001
 8.6351E-001
 4.7265E+000
-5.1657E-001
 6.0735E-001
 4.5731E+000
-4.1553E-001
 6.5158E-001
 4.3823E+000
-2.4868E-001
 8.0709E-001
 5.1445E+000
-3.3345E-001
 5.8756E-001
 5.7387E+000
-7.9694E-001
 4.0011E-001
 4.6499E+000
-1.0105E+000
 1.2171E-001
 4.5137E+000
-9.7087E-001
 2.4832E-001
 4.6759E+000
-1.0133E+000
 1.7724E-001
 4.4283E+000
-1.3126E+000
-1.1233E-001
 4.5911E+000
-1.2433E+000
-5.2577E-001
 4.3377E+000
-9.6920E-001
 3.3706E-001
 5.0622E+000
-9.6016E-001
 4.2167E-001
 5.2457E+000
-7.0228E-001
 6.3360E-001
 5.1210E+000
-6.7449E-001
 6.1529E-001
 5.0433E+000
-1.0197E+000
 5.2501E-001
 5.6087E+000
 4.0025E-001
-6.9440E-001
 4.7102E+000
-4.4598E-001
 8.2954E-001
 5.0635E+000
-1.8355E-001
 1.0343E+000
 4.9701E+000
-1.9364E-001
 9.5952E-001
 4.5598E+000
-1.0222E-001
 1.0421E+000
 4.4350E+000
 3.8531E-002
 1.2643E+000
 5.0242E+000
 1.5260E-001
 1.5178E+000
 5.3168E+000
-2.3904E-001
 8.0178E-001
 4.2526E+000
-2.6538E-001
 7.4296E-001
 3.8425E+000
-4.8504E-001
 5.0064E-001
 3.8000E+000
-4.2960E-001
 4.9500E-001
 3.6244E+000
-2.9383E-001
 7.1274E-001
 3.6629E+000
-6.9431E-001
 4.0884E-001
 3.9428E+000
-9.0652E-001
 1.1938E-001
 3.9167E+000
-8.2020E-001
 2.9354E-001
 4.0479E+000
-8.0880E-001
 2.0767E-001
 3.9003E+000
-1.3782E+000
-1.1061E-001
 4.1660E+000
-2.5501E+000
-2.4312E+000
 3.5673E+000
-6.6271E-001
 4.9675E-001
 4.4701E+000
-5.8667E-001
 6.0177E-001
 4.7045E+000
-3.5620E-001
 7.7029E-001
 4.4440E+000
-3.7635E-001
 7.5603E-001
 4.4712E+000
-5.1730E-001
 7.8469E-001
 5.0844E+000
-1.9717E-001
 9.0134E-001
 4.2867E+000
 5.6939E-002
 1.0296E+000
 4.0794E+000
-5.2941E-002
 8.8749E-001
 3.7651E+000
 8.6800E-002
 9.6160E-001
 3.7302E+000
 1.5883E-001
 1.1406E+000
 4.0256E+000
-2.8323E-001
 6.0242E-001
 3.5279E+000
-3.8937E-001
 4.8612E-001
 3.3088E+000
-5.0112E-001
 3.7585E-001
 3.3953E+000
-4.7062E-001
 3.5535E-001
 3.2516E+000
-5.1869E-001
 3.8156E-001
 3.1303E+000
-5.8631E-001
 4.4366E-001
 3.1923E+000
-6.7001E-001
 3.2243E-001
 3.6440E+000
-8.2420E-001
 1.6980E-001
 3.7808E+000
-6.4914E-001
 3.2217E-001
 4.0321E+000
-7.6457E-001
 2.0324E-001
 4.0656E+000
-8.5273E-001
 1.1126E-001
 3.9111E+000
-9.2486E-001
-1.7352E-002
 3.8227E+000
-3.9208E-001
 6.2169E-001
 4.1202E+000
-2.2134E-001
 7.7493E-001
 4.2657E+000
-4.8471E-002
 8.6624E-001
 3.9983E+000
 1.5139E-001
 1.0447E+000
 4.0659E+000
-1.0211E-001
 9.6564E-001
 4.5266E+000
 2.0197E-001
 1.6289E+000
 5.7013E+000
-7.4936E-002
 7.5977E-001
 3.6856E+000
 7.8798E-002
 8.3956E-001
 3.3664E+000
 4.0411E-001
 1.0935E+000
 3.3406E+000
 6.2100E-001
 1.2747E+000
 3.0364E+000
 4.5924E-001
 1.2099E+000
 3.5632E+000
 7.5389E-001
 1.5887E+000
 3.5868E+000
 8.2999E-001
 1.5726E+000
 3.3217E+000
 1.1066E+000
 1.8438E+000
 3.1685E+000
 7.4774E-001
 1.7470E+000
 4.1243E+000
 7.2744E-001
 1.6838E+000
 4.5619E+000
 5.9245E-001
 1.2505E+000
 3.1226E+000
 6.7031E-001
 1.2754E+000
 2.8055E+000
 5.5898E-001
 1.0354E+000
 2.4877E+000
 2.8024E-001
 8.4039E-001
 2.5714E+000
 5.1066E-001
 1.1412E+000
 3.0088E+000
 8.4593E-001
 1.3331E+000
 1.9357E+000
 7.1859E-001
 1.0478E+000
 2.1184E+000
 5.6504E-001
 8.8192E-001
 1.8087E+000
 3.0880E-001
 5.8450E-001
 1.7031E+000
 8.9549E-002
 4.2540E-001
 1.5704E+000
 7.4887E-001
 1.0725E+000
 1.4110E+000
 2.9751E-001
 6.0406E-001
 1.7710E+000
 3.7057E-002
 3.2673E-001
 1.6144E+000
-1.2105E-001
 3.3053E-001
 1.8423E+000
 9.0299E-002
 5.5232E-001
 2.1517E+000
 1.8387E-001
 2.1110E-001
 1.3268E+000
 7.2861E-001
 1.9735E-001
 8.6428E-001
-4.0118E-001
 3.9975E-002
 1.7854E+000
-5.9172E-001
-1.3307E-002
 1.9534E+000
-8.2119E-001
-3.3998E-001
 1.5695E+000
-9.0838E-001
-4.1221E-001
 1.2128E+000
-9.1233E-001
-1.4691E-001
 2.5163E+000
-1.2497E+000
-4.7246E-001
 2.7379E+000
-8.9364E-001
-3.6533E-001
 1.6114E+000
-1.1768E+000
-7.0083E-001
 1.2098E+000
-1.6262E+000
-6.5770E-001
 1.3431E+000
-1.4490E+000
-6.1647E-001
 1.7698E+000
-8.5153E-001
-8.3879E-001
 8.4082E-001
 2.6440E-001
-8.7974E-001
 4.1210E-001
-1.9467E+000
-9.8015E-001
 1.2047E+000
-2.0458E+000
-9.5694E-001
 1.2446E+000
-2.3207E+000
-1.2060E+000
 1.0337E+000
-2.3202E+000
-1.2303E+000
 8.3327E-001
-2.0593E+000
-1.0629E+000
 1.4562E+000
-1.9747E+000
-1.1490E+000
 1.8976E+000
-2.4415E+000
-1.1803E+000
 1.0577E+000
-2.6448E+000
-1.5300E+000
 9.2893E-001
-2.6618E+000
-1.5585E+000
 9.4261E-001
-2.6270E+000
-1.6591E+000
 1.1833E+000
-2.8810E+000
-1.5438E+000
 8.5116E-001
-2.7473E+000
-1.8542E+000
 5.5547E-001
-3.0663E+000
-1.4678E+000
 5.7018E-001
-3.1713E+000
-1.5220E+000
 7.0375E-001
-2.6421E+000
-2.2790E+000
 5.7256E-001
-2.5241E+000
-1.2907E+000
 1.2741E+000
-3.2202E+000
-1.4367E+000
 6.6392E-001
-3.2887E+000
-1.3246E+000
 6.7616E-001
-3.0332E+000
-1.3684E+000
 1.2663E+000
-2.9853E+000
-1.4697E+000
 8.3774E-001
-3.0656E+000
-1.6188E+000
 9.4750E-002
-3.0538E+000
 8.9846E-001
 2.3757E+000
-2.8086E+000
-1.3552E+000
 1.2093E+000
-2.4081E+000
-1.0969E+000
 1.7068E+000
-2.4970E+000
-1.1488E+000
 1.7106E+000
-2.3485E+000
-1.0761E+000
 2.0493E+000
-1.5923E+000
-7.6568E-001
 1.5177E+000
-2.6240E+000
-1.3845E+000
 1.4010E+000
-2.5973E+000
-1.2550E+000
 1.6122E+000
-2.8207E+000
-9.6365E-001
 2.0207E+000
-2.6881E+000
-9.8616E-001
 2.4398E+000
-2.7890E+000
-1.2492E+000
 1.4713E+000
-2.4321E+000
-2.2616E+000
 7.1566E-001
-2.9965E+000
-7.7567E-001
 1.8300E+000
-3.2260E+000
-7.6658E-001
 2.2942E+000
-2.8576E+000
-7.0385E-001
 2.7701E+000
-3.0178E+000
-6.8695E-001
 3.2357E+000
-3.5518E+000
-6.4496E-001
 2.1798E+000
-2.8587E+000
-7.1654E-001
 1.8012E+000
-2.7867E+000
-7.8305E-001
 2.7178E+000
-2.3277E+000
-6.4960E-001
 3.2220E+000
-2.1494E+000
-6.5796E-001
 3.2770E+000
-1.9873E+000
-4.7742E-001
 3.7270E+000
-1.9597E+000
-5.4060E-001
 3.2065E+000
-2.3019E+000
-6.2222E-001
 3.4799E+000
-2.0922E+000
-7.1143E-001
 3.0427E+000
-1.9889E+000
-7.1048E-001
 3.0170E+000
-2.1086E+000
-6.7975E-001
 3.1632E+000
-1.9568E+000
-6.1875E-001
 3.3306E+000
-1.9298E+000
-7.1191E-001
 2.8924E+000
-1.7425E+000
-9.1714E-001
 2.6741E+000
-2.3747E+000
-7.4847E-001
 3.1216E+000
-2.6536E+000
-7.6371E-001
 3.2752E+000
-2.6101E+000
-6.5539E-001
 3.6153E+000
-2.5584E+000
-6.4327E-001
 3.6864E+000
-3.0789E+000
-7.8820E-001
 3.1574E+000
-3.1347E+000
-1.2685E+000
 2.6733E+000
-2.6554E+000
-6.2922E-001
 3.7765E+000
-2.6175E+000
-5.7138E-001
 4.1609E+000
-2.2917E+000
-5.0268E-001
 4.2864E+000
-2.2672E+000
-4.5663E-001
 4.5349E+000
-2.5658E+000
-6.1391E-001
 4.2487E+000
-2.6627E+000
-6.4248E-001
 4.3980E+000
-2.0388E+000
-4.7499E-001
 4.0900E+000
-1.6717E+000
-3.5279E-001
 4.1481E+000
-1.6635E+000
-3.5986E-001
 4.0969E+000
-1.4820E+000
-2.4034E-001
 4.2177E+000
-1.4455E+000
-3.4600E-001
 3.9062E+000
-5.1451E-001
 1.9488E+000
 3.5821E+000
-1.8077E+000
-4.5779E-001
 3.9164E+000
-1.9016E+000
-4.7664E-001
 3.8315E+000
-1.6435E+000
-3.6382E-001
 3.5511E+000
-1.5545E+000
-3.4750E-001
 3.5383E+000
-1.9012E+000
-4.8076E-001
 4.0788E+000
-9.4752E-002
-4.3627E-001
 3.2123E+000
-1.4849E+000
-3.4339E-001
 3.3076E+000
-1.2762E+000
-2.4212E-001
 3.0525E+000
-1.4502E+000
-3.6195E-001
 2.7262E+000
-1.7374E+000
-5.1282E-001
 2.6841E+000
-1.1170E+000
-1.7566E-001
 3.0284E+000
-8.4305E-001
-1.0628E-001
 3.0345E+000
-1.2946E+000
-3.1085E-001
 2.4990E+000
-1.4226E+000
-4.1723E-001
 2.1506E+000
-1.3072E+000
-4.1190E-001
 1.8781E+000
-1.0308E+000
-2.6913E-001
 1.7027E+000
-1.2958E+000
-3.7857E-001
 1.9654E+000
 1.4214E+000
 2.8734E-001
 2.0646E+000
-1.4970E+000
-5.1876E-001
 1.8637E+000
-1.4838E+000
-6.1173E-001
 1.6824E+000
-1.6419E+000
-7.7298E-001
 1.2927E+000
-1.8356E+000
-9.1443E-001
 1.2581E+000
-1.8288E+000
-6.2539E-001
 1.8974E+000
-1.7809E+000
-1.3822E+000
 2.2226E+000
-1.5686E+000
-8.6129E-001
 1.1067E+000
-1.6672E+000
-1.0085E+000
 7.9730E-001
-1.7618E+000
-1.0798E+000
 7.5759E-001
-1.6006E+000
-9.6852E-001
 8.9219E-001
-1.9453E+000
-1.3088E+000
 5.7147E-001
-2.0402E+000
-1.3996E+000
 4.8560E-001
-2.0006E+000
-1.4069E+000
 1.9680E-001
-2.1315E+000
-1.4220E+000
 1.4097E-001
-2.3696E+000
-1.5426E+000
 6.0780E-001
-2.5369E+000
-1.5235E+000
 6.5083E-001
-1.8207E+000
-1.2905E+000
 9.1912E-002
-1.7730E+000
-1.3166E+000
-1.8899E-001
-1.7789E+000
-1.3291E+000
-2.0295E-001
-1.8434E+000
-1.2844E+000
-1.9549E-002
-1.6988E+000
-1.0966E+000
-3.8755E-001
-4.8165E-001
-1.0150E+000
-8.8350E-002
-1.7538E+000
-1.2938E+000
-4.5867E-001
-1.6565E+000
-1.2649E+000
-6.0084E-001
-1.4589E+000
-1.1710E+000
-5.2858E-001
-1.2647E+000
-1.0170E+000
-5.2697E-001
-1.6794E+000
-1.3054E+000
-9.5482E-001
-1.7757E+000
-8.7499E-001
-1.0793E-001
-1.4846E+000
-1.1438E+000
-3.9868E-001
-1.2495E+000
-9.2025E-001
-2.6709E-001
-9.0141E-001
-7.6023E-001
-6.4957E-001
-9.5254E-001
-8.4435E-001
-9.9254E-001
-1.2685E+000
-9.5869E-001
-1.9486E-001
-1.4457E+000
-1.0294E+000
 3.4028E-001
-5.8387E-001
-5.0204E-001
-5.2381E-001
-2.2425E-001
-2.7259E-001
-8.7822E-001
-1.5438E-001
-2.1573E-001
-1.0724E+000
-2.6434E-001
-2.6696E-001
-9.0366E-001
 6.9068E-002
 1.0782E-001
-5.4771E-001
-2.5241E-001
-3.6868E-001
 3.4370E-002
 5.7125E-002
-1.5576E-001
-1.4558E+000
 1.9913E-001
-4.6346E-002
-1.7481E+000
 5.4007E-001
 2.5816E-001
-1.5944E+000
 7.2121E-001
 3.7686E-001
-1.3735E+000
 2.6299E-001
-6.6895E-002
-2.2937E+000
 2.6146E-001
-1.3285E-001
-2.4018E+000
 5.8846E-001
 2.9402E-001
-1.6426E+000
 9.2047E-001
 5.6507E-001
-1.5368E+000
 1.0520E+000
 6.4310E-001
-1.9628E+000
 8.5055E-001
 4.8548E-001
-2.1286E+000
 7.7367E-001
 7.0318E-001
-9.5243E-001
 1.8706E+000
 1.1795E+000
-7.5490E-001
 1.4166E+000
 8.4873E-001
-2.1405E+000
 1.5515E+000
 9.5819E-001
-2.5267E+000
 1.3015E+000
 7.1246E-001
-2.9191E+000
 1.2821E+000
 6.5821E-001
-3.2120E+000
 1.6344E+000
 1.0449E+000
-2.3665E+000
 4.1020E+000
 1.0112E+000
-2.6169E+000
 1.1186E+000
 5.8214E-001
-2.8887E+000
 8.9792E-001
 3.4929E-001
-3.1704E+000
 5.1409E-001
 9.4150E-002
-3.1151E+000
 2.6167E-001
-1.0675E-001
-3.3805E+000
 4.2773E-001
 1.0557E-001
-2.7807E+000
 1.2066E-001
-1.2617E-001
-2.6864E+000
-1.2591E-001
-2.8042E-001
-2.2701E+000
-7.0899E-003
-1.3779E-001
-1.9966E+000
 2.1450E-001
-4.7136E-002
-2.5053E+000
 2.1495E-001
 2.1285E-001
-2.8832E+000
-4.7171E-001
-5.2103E-001
-2.3059E+000
-7.9323E-001
-6.8195E-001
-1.8795E+000
-7.7515E-001
-6.1322E-001
-1.4992E+000
-7.1403E-001
-5.7172E-001
-1.5174E+000
-1.3217E+000
-8.3200E-001
-2.1300E+000
-8.5302E-001
-1.0570E+000
-2.7408E+000
-8.2424E-001
-6.2120E-001
-1.1280E+000
-8.7079E-001
-5.6049E-001
-7.0584E-001
-1.2467E+000
-8.0911E-001
-7.1439E-001
-1.4099E+000
-9.7736E-001
-8.7603E-001
-8.7708E-001
-5.8363E-001
-4.4826E-001
-6.6620E-001
-4.3350E-001
-4.4455E-001
-1.2144E+000
-7.8815E-001
-5.3571E-001
-1.5455E+000
-1.0296E+000
-5.3123E-001
-1.7370E+000
-1.0081E+000
-1.5250E-001
-1.6336E+000
-9.3557E-001
 1.9896E-003
-1.5746E+000
-1.1785E+000
-6.5646E-001
-1.5794E+000
-7.4975E-001
-2.0983E+000
-1.9311E+000
-1.1390E+000
-7.6793E-003
-2.0453E+000
-1.1523E+000
 2.6081E-001
-2.3507E+000
-1.3561E+000
 2.1456E-001
-2.4391E+000
-1.4305E+000
 2.7999E-003
-2.1273E+000
-1.1952E+000
 3.2688E-001
-2.0046E+000
-1.2915E+000
-4.6877E-002
-2.3939E+000
-1.3550E+000
 4.4467E-001
-2.6717E+000
-1.4921E+000
 4.2340E-001
-2.8029E+000
-1.6475E+000
 4.2124E-001
-2.7934E+000
-1.6294E+000
 4.7168E-001
-2.8219E+000
-1.4116E+000
 5.2991E-001
 1.3580E+000
-2.3353E+000
 3.0313E+000
-2.9666E+000
-1.7731E+000
 3.1711E-001
-3.0671E+000
-1.9041E+000
 3.0728E-001
-3.1470E+000
-1.9304E+000
 3.8867E-001
-3.1597E+000
-1.9465E+000
 3.7952E-001
-3.0524E+000
-2.0090E+000
 2.2514E-001
-2.8889E+000
-2.0513E+000
 1.9309E-001
-3.1006E+000
-2.0068E+000
 3.1074E-001
-3.0205E+000
-1.9332E+000
 1.3991E-001
-2.9170E+000
-1.9421E+000
 1.4527E-001
-3.0984E+000
-1.9551E+000
 2.2967E-001
-2.7639E+000
-1.7870E+000
 7.1738E-002
-2.5408E+000
-1.7267E+000
 1.0025E-001
-2.3793E+000
-1.6510E+000
-1.7112E-001
-2.3268E+000
-1.6467E+000
-2.8934E-001
-2.4552E+000
-1.6834E+000
 3.9429E-001
-2.3080E+000
-1.7340E+000
 4.2974E-001
-2.2917E+000
-1.6637E+000
-3.1749E-001
-2.0285E+000
-1.6147E+000
-6.6024E-001
-1.7548E+000
-1.4504E+000
-5.0402E-001
-1.7080E+000
-1.3629E+000
-3.1762E-001
-2.0151E+000
-1.7564E+000
-9.5828E-001
-1.5589E+000
-1.9551E+000
-1.6606E+000
-1.6305E+000
-1.4166E+000
-6.7628E-001
-1.4035E+000
-1.2432E+000
-5.4982E-001
-1.1047E+000
-1.1350E+000
-8.6714E-001
-1.1024E+000
-1.2646E+000
-1.1523E+000
-1.5158E+000
-1.2279E+000
-3.1104E-001
-1.6525E+000
-1.1833E+000
-2.4764E-001
-8.5132E-001
-9.4307E-001
-7.3247E-001
-5.2560E-001
-7.7611E-001
-1.0717E+000
-4.3314E-001
-7.0365E-001
-9.4054E-001
-3.5564E-001
-6.3917E-001
-6.3322E-001
-1.5889E-001
-5.7174E-001
-1.0880E+000
-3.5480E-001
-7.7409E-001
-1.2013E+000
-2.4756E-001
-7.0025E-001
-1.0492E+000
 1.0116E-001
-5.5421E-001
-1.3854E+000
 1.4362E-001
-5.8676E-001
-1.7631E+000
 3.0690E-001
-4.3557E-001
-1.2109E+000
 7.0173E-001
-3.0715E-001
-1.4690E+000
 6.4236E-001
-3.4624E-001
-1.5620E+000
 4.7559E-001
-4.2214E-001
-1.2298E+000
 1.2442E+000
-4.7511E-002
-1.1187E+000
 1.6829E+000
 2.0456E-001
-9.3968E-001
 7.3706E-001
-3.7146E-001
-1.9587E+000
 7.0776E-001
-4.0713E-001
-2.0989E+000
 9.5955E-001
-2.8117E-001
-1.8182E+000
 1.3106E+000
-1.1043E-001
-1.7763E+000
 8.0697E-001
-3.9232E-001
-2.4991E+000
 5.5446E-001
-4.0923E-001
-2.6269E+000
 7.2149E-001
-3.2643E-001
-1.5426E+000
 9.3110E-001
-2.3130E-001
-1.2489E+000
 1.3084E+000
-1.1623E-001
-1.5950E+000
 1.6021E+000
 2.7873E-002
-1.4070E+000
 5.2703E-001
-4.5019E-001
-9.9838E-001
 1.2496E+000
-1.9649E-001
-2.0402E+000
 1.5060E+000
-7.1109E-002
-2.4254E+000
 1.8891E+000
 4.9208E-002
-2.6157E+000
 2.1612E+000
 1.6586E-001
-2.8570E+000
 1.2661E+000
-3.4060E-001
-2.9270E+000
 1.8959E+000
 6.4349E-002
-2.5015E+000
 2.2718E+000
 2.1367E-001
-2.6917E+000
 2.7332E+000
 4.1449E-001
-2.4510E+000
 2.7555E+000
 4.7187E-001
-2.0186E+000
 2.2408E+000
 2.1687E-001
-2.6149E+000
 3.0815E+000
 5.2903E-001
-2.7641E+000
 3.5350E+000
 7.4448E-001
-2.6076E+000
 3.7782E+000
 8.3706E-001
-2.4594E+000
 4.1374E+000
 1.0108E+000
-2.2803E+000
 3.7073E+000
 8.7777E-001
-3.0821E+000
 3.3424E+000
 5.1723E-001
-3.2843E+000
 3.5206E+000
 7.3514E-001
-2.5311E+000
 3.6577E+000
 7.9127E-001
-2.4390E+000
 3.3825E+000
 7.6209E-001
-2.0217E+000
 3.3275E+000
 7.3082E-001
-2.0815E+000
 3.5336E+000
 6.2669E-001
-2.7967E+000
 3.9262E+000
 2.9353E-001
-2.8294E+000
 3.2660E+000
 7.3872E-001
-1.6405E+000
 2.9735E+000
 7.1769E-001
-1.2640E+000
 3.2075E+000
 8.3014E-001
-1.0134E+000
 2.9373E+000
 7.6977E-001
-8.0959E-001
 2.7927E+000
 7.7308E-001
-7.1819E-001
 1.7157E+000
 3.0721E-001
-1.0255E+000
 3.6448E+000
 1.0327E+000
-9.8616E-001
 3.8775E+000
 1.1610E+000
-7.5435E-001
 3.9067E+000
 1.1506E+000
-1.0474E+000
 3.7922E+000
 1.1461E+000
-8.5186E-001
 4.3098E+000
 1.4035E+000
-6.8033E-001
 5.0352E+000
 3.5104E+000
 1.2895E+000
 3.9779E+000
 1.0821E+000
-1.5006E+000
 3.9868E+000
 1.0618E+000
-1.8135E+000
 3.5064E+000
 8.6523E-001
-1.7686E+000
 3.4607E+000
 8.4723E-001
-1.7304E+000
 4.1039E+000
 1.1071E+000
-2.3951E+000
 4.3497E+000
 1.6404E+000
-2.6356E+000
 3.1540E+000
 7.0524E-001
-1.7585E+000
 2.6970E+000
 5.1655E-001
-1.7164E+000
 2.5765E+000
 5.4199E-001
-1.2672E+000
 2.3883E+000
 4.5451E-001
-1.2509E+000
 2.3246E+000
 3.5040E-001
-1.7158E+000
 2.6936E+000
 6.4795E-001
-8.8613E-001
 2.5656E+000
 7.2596E-001
-4.4964E-001
 2.8203E+000
 8.4029E-001
-4.1843E-001
 2.6395E+000
 8.2146E-001
-1.6066E-001
 2.6854E+000
 8.6666E-001
 6.3148E-002
 2.8554E+000
 4.1042E+000
-1.6606E+000
 3.2260E+000
 9.4643E-001
-6.8160E-001
 3.4274E+000
 1.0746E+000
-6.3320E-001
 3.2410E+000
 9.3064E-001
-9.0609E-001
 3.1706E+000
 9.3339E-001
-7.3765E-001
 4.0243E+000
 1.3733E+000
-8.0462E-001
 6.1555E+000
-3.9823E-001
 8.4957E-001
 3.1296E+000
 7.7999E-001
-1.3080E+000
 2.9208E+000
 6.1399E-001
-1.5986E+000
 2.4758E+000
 4.9039E-001
-1.3324E+000
 2.3762E+000
 4.6010E-001
-1.2211E+000
 2.7933E+000
 5.3022E-001
-2.0499E+000
 2.4800E+000
 2.7325E-001
-2.3760E+000
 2.2168E+000
 3.8486E-001
-1.1750E+000
 1.8083E+000
 2.6720E-001
-9.2850E-001
 1.8400E+000
 3.7925E-001
-4.8234E-001
 1.5788E+000
 2.8714E-001
-4.1090E-001
 1.4842E+000
 1.2960E-001
-7.4765E-001
 1.0710E+000
-4.3900E-002
-1.1617E+000
 2.0761E+000
 5.5944E-001
-1.8630E-001
 2.0484E+000
 6.8146E-001
 2.5201E-001
 2.2709E+000
 7.7224E-001
 2.2318E-001
 2.0893E+000
 7.7921E-001
 4.6896E-001
 2.3174E+000
 9.6817E-001
 7.4068E-001
 2.2958E+000
 9.8748E-001
 1.1519E+000
 2.5993E+000
 8.5196E-001
-8.6018E-002
 2.8506E+000
 9.7442E-001
-9.0626E-002
 2.8374E+000
 8.8566E-001
-4.5620E-001
 2.9913E+000
 9.5497E-001
-4.5763E-001
 3.4329E+000
 1.2123E+000
-2.9737E-002
 3.5402E+000
 1.2565E+000
 8.2781E-001
 2.6441E+000
 6.9784E-001
-7.7809E-001
 2.6318E+000
 6.4911E-001
-1.1566E+000
 2.1347E+000
 3.5907E-001
-1.1696E+000
 1.9299E+000
 2.5232E-001
-1.1244E+000
 2.7333E+000
 6.9639E-001
-1.6786E+000
 3.3503E+000
 2.0246E+000
-1.9817E+000
 1.8899E+000
 2.1494E-001
-1.1963E+000
 1.4112E+000
-4.0230E-002
-1.2299E+000
 1.1259E+000
-4.7628E-002
-7.8547E-001
 8.6754E-001
-1.7583E-001
-8.2118E-001
 9.5417E-001
-2.2461E-001
-1.4833E+000
 4.2808E-001
-4.0824E-001
-1.6747E+000
 1.1277E+000
 3.4567E-002
-4.7330E-001
 8.6502E-001
 5.6148E-002
-8.8662E-002
 1.0070E+000
 1.8137E-001
 1.2803E-001
 1.0120E+000
 3.0975E-001
 4.1659E-001
 7.3288E-001
 1.3463E-001
 4.4631E-001
 2.0059E-001
 2.7840E-001
 5.6105E-001
 1.0369E+000
 1.3824E-001
-7.5655E-002
 1.1569E+000
 2.4046E-001
 7.0759E-002
 8.0824E-001
 2.7661E-002
-1.3623E-001
 7.2454E-001
-1.3193E-001
-3.6642E-001
 1.5719E+000
 3.5375E-001
-1.3233E-001
 1.6559E+000
 3.7032E-001
-2.8058E-001
 8.0504E-001
 6.0931E-002
 1.1243E-002
 5.9449E-001
-8.6864E-002
-1.1478E-001
 6.8544E-001
-1.3404E-001
-4.2439E-001
 4.6352E-001
-3.7368E-001
-6.1938E-001
 6.2478E-001
-1.1429E-002
 1.4970E-001
 3.9040E-001
 7.7491E-002
 5.3312E-001
 1.0987E+000
-5.0399E-003
-5.7805E-001
 1.1956E+000
 9.4269E-003
-8.7856E-001
 1.1837E+000
-1.4123E-001
-1.1844E+000
 1.1377E+000
-1.3657E-001
-1.4300E+000
 1.4078E+000
 3.5399E-001
-9.3721E-001
 3.5888E+000
 4.3912E-001
 3.2977E-001
 1.2139E+000
-8.5476E-002
-1.1105E+000
 1.1919E+000
-1.6862E-001
-1.3022E+000
 7.1976E-001
-4.0651E-001
-1.3637E+000
 6.2580E-001
-4.4617E-001
-1.6428E+000
 4.9847E-001
-4.5948E-001
-1.0420E+000
 7.7263E-003
-7.6294E-001
-1.0305E+000
-4.2178E-002
-8.2416E-001
-1.1736E+000
-1.6649E-001
-8.9985E-001
-1.3089E+000
-1.2418E-001
-9.4824E-001
-4.6354E-001
-3.2068E-001
-1.1596E+000
-1.6716E-001
 2.1688E-001
-7.2224E-001
-1.1469E+000
 2.1408E-001
-7.3075E-001
-1.3309E+000
 2.3965E-001
-6.9120E-001
-1.7138E+000
 1.3611E-001
-8.5363E-001
-1.8030E+000
 4.4968E-001
-5.8401E-001
-1.1682E+000
 5.9959E-001
-3.1091E-001
-7.5549E-001
 5.6035E-001
-5.4543E-001
-1.9137E+000
 6.5303E-001
-5.9494E-001
-2.3396E+000
 4.0498E-001
-7.5384E-001
-2.4978E+000
 2.9916E-001
-8.5605E-001
-2.8475E+000
 9.9608E-001
-4.3930E-001
-2.4114E+000
 2.4338E-001
-8.1242E-001
-2.2754E+000
-4.8742E-002
-8.9588E-001
-2.3674E+000
-4.1856E-001
-1.1538E+000
-2.3050E+000
-5.3103E-001
-1.2693E+000
-2.5423E+000
-1.4498E-001
-9.1736E-001
-2.0724E+000
-1.5744E-001
-9.1151E-001
-2.0562E+000
-4.2137E-001
-1.1957E+000
-1.9059E+000
-8.1163E-001
-1.4486E+000
-1.7065E+000
-7.8952E-001
-1.4174E+000
-2.0652E+000
-1.1016E+000
-1.6187E+000
-2.2119E+000
-6.6212E-001
-1.4178E+000
-9.7713E-001
-9.3453E-001
-1.9188E+000
-4.6207E-001
-4.3935E-001
-1.2827E+000
-2.2079E+000
-3.8415E-001
-1.2819E+000
-2.5255E+000
-5.2029E-001
-1.4063E+000
-2.9411E+000
-7.1346E-001
-1.5578E+000
-3.2225E+000
 2.0178E-003
-1.0363E+000
-2.5789E+000
 2.9062E-001
-1.4989E+000
-2.0176E+000
-4.9991E-001
-1.3981E+000
-3.0752E+000
-5.5120E-001
-1.5379E+000
-3.4326E+000
-1.0858E+000
-1.8323E+000
-3.3725E+000
-1.2114E+000
-1.9136E+000
-3.5993E+000
-3.6771E-001
-1.4253E+000
-3.5706E+000
-4.1390E-001
-1.5670E+000
-3.9849E+000
-1.2132E+000
-1.7863E+000
-3.0795E+000
-1.8040E+000
-1.9317E+000
-2.9090E+000
-1.8983E+000
-1.8238E+000
-2.3766E+000
-1.6943E+000
-1.6201E+000
-2.2163E+000
-1.7583E+000
-2.0031E+000
-3.1382E+000
-4.2039E+000
-4.3221E+000
-6.4628E+000
-2.2094E+000
-2.0470E+000
-1.9929E+000
-2.3004E+000
-1.9759E+000
-1.4137E+000
-2.3144E+000
-1.9015E+000
-1.2316E+000
-2.5788E+000
-1.8125E+000
-1.1863E+000
-2.7258E+000
-2.0966E+000
-1.3693E+000
-2.5100E+000
-2.6724E+000
-1.5862E+000
-2.2381E+000
-1.8825E+000
-1.0130E+000
-2.1530E+000
-1.7051E+000
-9.0599E-001
-2.5964E+000
-1.9392E+000
-3.8310E-001
-2.5970E+000
-1.8298E+000
-2.5446E-001
-1.6858E+000
-9.7421E-001
-8.0373E-001
-6.8600E-001
-7.7378E-001
-1.3247E+000
-2.6938E+000
-1.9925E+000
-1.4797E-001
-2.8177E+000
-1.9551E+000
-1.0627E-001
-2.8117E+000
-1.8835E+000
-2.7964E-002
-2.5359E+000
-1.7479E+000
-3.2661E-002
-2.8682E+000
-1.8428E+000
 6.0946E-002
-2.8835E+000
-1.7520E+000
 1.2236E-001
-2.6340E+000
-1.6542E+000
 1.3012E-001
-2.5564E+000
-1.6918E+000
 4.5280E-002
-2.9328E+000
-1.6643E+000
 1.3087E-001
-2.4804E+000
-1.4902E+000
 2.8321E-001
-2.0795E+000
-1.3880E+000
 3.2369E-001
-2.0685E+000
-1.2274E+000
 5.8897E-001
-2.2019E+000
-1.2220E+000
 7.9423E-001
-1.9116E+000
-1.5093E+000
 2.2065E-001
-1.9656E+000
-1.7041E+000
 8.5377E-002
-1.8104E+000
-1.1102E+000
 6.0180E-001
-1.7656E+000
-9.8157E-001
 9.3111E-001
-1.5008E+000
-7.8030E-001
 1.1566E+000
-1.5436E+000
-7.1869E-001
 1.4240E+000
-1.7267E+000
-9.8665E-001
 9.6228E-001
-1.2849E+000
-6.8190E-001
 9.9978E-001
-8.9819E-001
-4.7386E-001
 1.1981E+000
-1.1241E+000
-4.8338E-001
 1.3874E+000
-1.2346E+000
-6.2516E-001
 1.2018E+000
-5.8141E-001
-4.6827E-001
 8.4149E-001
 2.5651E-002
-3.7625E-001
 9.0911E-001
-1.1605E+000
-4.0384E-001
 1.6927E+000
-1.3667E+000
-4.0590E-001
 1.9732E+000
-1.2604E+000
-3.7714E-001
 1.9002E+000
-1.5280E+000
-4.7366E-001
 1.8807E+000
-1.3408E+000
-9.0550E-002
 2.4601E+000
-6.1219E-001
-2.8013E+000
 3.6390E+000
-8.7542E-001
-2.3024E-001
 1.7763E+000
-7.0746E-001
-1.5782E-001
 1.6945E+000
-8.5120E-001
-3.5725E-001
 1.3301E+000
-1.0330E+000
-4.4594E-001
 1.2802E+000
-1.1623E-001
 1.2514E-001
 1.6172E+000
 8.5575E-002
-1.8174E+000
 1.9955E+000
-7.9947E-001
-4.7872E-001
 1.0259E+000
-9.4367E-001
-6.4432E-001
 6.2171E-001
-1.4811E+000
-8.9329E-001
 6.9914E-001
-1.6603E+000
-1.0733E+000
 5.4050E-001
-9.1855E-001
-5.9230E-001
 1.2690E-001
-1.2394E+000
-6.3420E-001
-1.3046E+000
-1.6285E+000
-8.8847E-001
 8.8941E-001
-2.1313E+000
-1.0426E+000
 9.4508E-001
-2.2491E+000
-1.0525E+000
 9.7314E-001
-2.5861E+000
-1.1850E+000
 8.0695E-001
-2.3332E+000
-9.8079E-001
 1.3439E+000
-3.0067E+000
-6.6938E-001
 1.1947E+000
-2.0910E+000
-8.2665E-001
 1.2631E+000
-2.3229E+000
-8.0844E-001
 1.3594E+000
-2.3338E+000
-9.6688E-001
 1.0785E+000
-2.6803E+000
-9.9702E-001
 9.9905E-001
-2.0921E+000
-5.0549E-001
 1.7977E+000
-1.8888E+000
 1.0302E-001
 2.7858E+000
-2.0902E+000
-9.9482E-001
 8.1250E-001
-2.1142E+000
-1.1844E+000
 6.0464E-001
-2.3725E+000
-1.3947E+000
 3.8815E-001
-2.7310E+000
-1.6227E+000
 2.9646E-001
-1.8282E+000
-1.1406E+000
 4.3889E-001
-2.5541E+000
-3.2983E+000
-4.0258E-001
-2.4062E+000
-1.4264E+000
 3.2876E-001
-2.5831E+000
-1.5809E+000
 1.4964E-001
-2.9588E+000
-1.6238E+000
 2.6302E-001
-3.0478E+000
-1.7813E+000
 1.8701E-001
-2.4305E+000
-1.6049E+000
-4.3567E-003
-2.2477E+000
-1.6778E+000
-4.5495E-002
-3.0361E+000
-1.4681E+000
 4.1465E-001
-3.1732E+000
-1.4000E+000
 4.0423E-001
-3.4003E+000
-1.4955E+000
 3.9000E-001
-3.5194E+000
-1.4521E+000
 3.8349E-001
-3.1953E+000
-1.2873E+000
 4.9245E-001
-3.4321E+000
-1.6125E+000
 3.6670E-001
-3.6465E+000
-1.7336E+000
 2.8851E-001
-3.6673E+000
-1.9371E+000
 2.2363E-001
-3.8089E+000
-2.0519E+000
 2.2687E-001
-3.6970E+000
-1.8398E+000
 2.7947E-001
-3.6183E+000
-1.4993E+000
 4.4413E-001
-3.4740E+000
-1.9786E+000
 2.2387E-001
-3.3786E+000
-2.1054E+000
 2.6044E-001
-3.3442E+000
-1.9663E+000
 2.4039E-001
-3.2916E+000
-1.9029E+000
 2.4121E-001
-3.1917E+000
-2.2147E+000
 3.5735E-001
-2.9827E+000
-2.4382E+000
 4.8171E-001
-3.3187E+000
-1.9574E+000
 2.3215E-001
-3.2248E+000
-1.8600E+000
 1.6385E-001
-3.0201E+000
-1.8593E+000
 1.9729E-001
-2.9406E+000
-1.7729E+000
 1.1945E-001
-3.1471E+000
-1.7866E+000
 1.0594E-001
-3.3068E+000
-2.0044E+000
 3.0373E-001
-3.0180E+000
-1.8788E+000
 2.9248E-001
-2.8832E+000
-1.8474E+000
 3.9501E-001
-2.9925E+000
-1.8841E+000
 2.6610E-001
-2.9014E+000
-1.8397E+000
 2.4362E-001
-2.8894E+000
-1.8930E+000
 6.2959E-001
-2.8973E+000
-2.0928E+000
 7.8504E-001
-3.0920E+000
-1.9204E+000
 2.5908E-001
-3.1140E+000
-1.8770E+000
 1.6901E-001
-3.1271E+000
-1.8305E+000
 1.3261E-001
-3.0968E+000
-1.8156E+000
 6.4411E-002
-3.3090E+000
-2.0144E+000
 2.0795E-001
-3.3451E+000
-2.1449E+000
 3.6729E-001
-3.1236E+000
-1.8291E+000
 6.9155E-002
-3.1457E+000
-1.7203E+000
-2.3372E-002
-2.9048E+000
-1.8080E+000
-1.1075E-001
-2.8616E+000
-1.7968E+000
-2.9260E-001
-3.2333E+000
-1.6920E+000
 1.7685E-001
-2.9285E+000
-1.8072E+000
-1.3850E-001
-2.6227E+000
-1.7604E+000
-1.6300E-001
-2.6889E+000
-1.7756E+000
-1.2176E-001
-2.6224E+000
-1.7660E+000
-2.0369E-001
-2.4746E+000
-1.6808E+000
 7.9643E-002
-2.8214E+000
-1.8170E+000
 3.9765E-002
-2.8734E+000
-1.8258E+000
 7.3785E-002
-2.9018E+000
-1.8324E+000
-6.7346E-003
-2.8633E+000
-1.8564E+000
-6.6288E-002
-2.9743E+000
-1.9286E+000
 2.1687E-001
-2.9662E+000
-1.9339E+000
 2.5926E-001
-3.0094E+000
-1.7991E+000
-3.2046E-002
-3.0511E+000
-1.9126E+000
-1.4691E-001
-2.8947E+000
-1.8975E+000
-3.0383E-001
-2.8647E+000
-1.8900E+000
-4.1022E-001
-3.1587E+000
-2.2427E+000
-3.2684E-001
-3.0029E+000
-2.3134E+000
 5.7486E-003
-2.8014E+000
-1.7957E+000
-4.2639E-001
-2.6217E+000
-1.7994E+000
-5.7350E-001
-2.5433E+000
-1.7645E+000
-5.7013E-001
-2.4812E+000
-1.7018E+000
-6.9105E-001
-2.4826E+000
-1.7379E+000
-4.6165E-001
-1.0657E+000
-1.9877E+000
 1.1069E+000
-2.5203E+000
-1.7290E+000
-4.7421E-001
-2.4239E+000
-1.6404E+000
-3.9699E-001
-2.5160E+000
-1.7074E+000
-3.5875E-001
-2.4080E+000
-1.7151E+000
-4.5063E-001
-2.3482E+000
-1.5630E+000
-1.4969E-001
-1.9951E+000
-1.5101E+000
 8.6804E-002
-2.7100E+000
-1.7806E+000
-2.9640E-001
-2.7874E+000
-1.8984E+000
-1.6650E-001
-2.8019E+000
-1.8785E+000
-4.0857E-001
-2.8496E+000
-1.9564E+000
-5.1385E-001
-3.0564E+000
-2.3139E+000
 7.1160E-002
-2.8094E+000
-1.9082E+000
-5.1271E-001
-2.8318E+000
-1.8500E+000
-8.1487E-001
-2.5609E+000
-1.8545E+000
-9.4253E-001
-2.5484E+000
-1.8011E+000
-7.7831E-001
-2.9066E+000
-1.8989E+000
-9.4024E-001
-3.7996E+000
 1.8759E-001
-9.2552E-001
-2.5233E+000
-1.7802E+000
-9.3431E-001
-2.1616E+000
-1.6819E+000
-1.0371E+000
-2.1389E+000
-1.6455E+000
-9.7149E-001
-1.8804E+000
-1.6040E+000
-1.0840E+000
-1.8944E+000
-1.5395E+000
-9.4004E-001
-1.6960E+000
-1.5237E+000
-1.4704E+000
-2.3547E+000
-1.6898E+000
-6.6086E-001
-2.4278E+000
-1.6205E+000
-5.3236E-001
-2.4586E+000
-1.6558E+000
-5.0317E-001
-2.4865E+000
-1.7214E+000
-6.1365E-001
-2.5242E+000
-1.5888E+000
-3.0881E-001
-2.5236E+000
-1.5771E+000
-2.5861E-001
-2.9026E+000
-1.8111E+000
 6.6152E-002
-2.9061E+000
-1.7698E+000
 1.7689E-001
-2.1631E+000
-1.2717E+000
 6.3187E-003
-1.4910E+000
-1.0256E+000
 2.1041E-001
-2.8175E+000
-1.8444E+000
 1.3003E-001
-3.1802E+000
-1.9092E+000
 3.4803E-001
-3.0914E+000
-1.8933E+000
 4.0841E-001
-2.9405E+000
-1.7753E+000
 3.1067E-001
-3.5427E+000
-2.1368E+000
 2.9098E-002
-3.7683E+000
-2.2827E+000
-8.0183E-002
-3.1211E+000
-1.8394E+000
 4.1836E-001
-3.0851E+000
-1.8405E+000
 4.1866E-001
-3.0758E+000
-1.8587E+000
 4.7779E-001
-3.1768E+000
-1.8191E+000
 4.8317E-001
-3.0559E+000
-1.8964E+000
 2.7584E-001
-3.2909E+000
-6.4122E-001
-1.5620E-001
-2.8987E+000
-1.7003E+000
 4.4927E-001
-2.9115E+000
-1.7183E+000
 4.7939E-001
-2.9911E+000
-1.6911E+000
 5.3523E-001
-3.0144E+000
-1.7095E+000
 4.5082E-001
-2.8500E+000
-1.6223E+000
 4.8853E-001
-2.7424E+000
-1.5293E+000
 3.6803E-001
-3.0285E+000
-1.7451E+000
 5.4129E-001
-2.9309E+000
-1.7367E+000
 4.3999E-001
-3.0701E+000
-1.7440E+000
 6.3223E-001
-3.0671E+000
-1.7525E+000
 6.4702E-001
-2.6769E+000
-1.7532E+000
 4.3551E-001
-2.5343E+000
-1.7331E+000
 7.2089E-001
-3.0824E+000
-1.7081E+000
 6.3815E-001
-2.9575E+000
-1.5759E+000
 9.2326E-001
-3.1806E+000
-1.4174E+000
 8.3469E-001
-3.1398E+000
-1.5354E+000
 1.0550E+000
-3.0661E+000
-1.2645E+000
 1.2016E+000
-2.7787E+000
-7.7135E-001
 1.0733E+000
-3.3962E+000
-1.4575E+000
 9.0763E-001
-3.4107E+000
-1.2046E+000
 1.2574E+000
-2.7109E+000
-9.2310E-001
 1.3609E+000
-2.5368E+000
-8.3548E-001
 1.7894E+000
-3.9040E+000
-1.4174E+000
 9.0368E-001
-3.5802E+000
-1.6187E+000
 1.1112E+000
-2.6167E+000
-1.0761E+000
 1.3130E+000
-2.0543E+000
-6.0015E-001
 1.3249E+000
-2.0163E+000
-6.2507E-001
 1.4566E+000
-1.6365E+000
-5.7538E-001
 1.5190E+000
-1.8241E+000
-1.7339E-001
 7.0486E-001
-5.7481E-001
 1.0765E+000
-7.5976E-001
-2.1233E+000
-7.8870E-001
 1.3931E+000
-2.2142E+000
-8.5607E-001
 1.3880E+000
-2.0833E+000
-6.7618E-001
 2.0068E+000
-1.8185E+000
-6.7011E-001
 2.3302E+000
-2.6845E+000
-1.1649E+000
 1.2268E+000
-2.5487E+000
-1.0360E+000
 7.8439E-001
-2.1123E+000
-7.3400E-001
 2.2792E+000
-1.9241E+000
-6.7720E-001
 2.9439E+000
-1.5221E+000
-4.0291E-001
 2.9432E+000
-1.3001E+000
-3.5809E-001
 3.2481E+000
-2.1698E+000
-8.5222E-001
 3.3724E+000
-2.7840E+000
 1.0901E-001
 1.4964E+000
-1.3972E+000
-4.1214E-001
 2.6493E+000
-9.2720E-001
-1.2115E-001
 2.6196E+000
-8.2393E-001
-8.5550E-002
 2.5717E+000
-5.6293E-001
 1.3366E-001
 2.6932E+000
-7.7437E-001
 8.6821E-002
 2.2705E+000
-9.4639E-001
-2.6450E-001
 2.1666E+000
-9.3291E-001
-2.4057E-001
 2.0758E+000
-8.9006E-001
-1.4955E-001
 2.4673E+000
-5.5870E-001
 1.0445E-002
 2.5283E+000
-1.1147E+000
-2.3709E-001
 1.9223E+000
-1.2765E+000
-1.6759E-001
 1.5266E+000
-1.0849E+000
-2.3889E-001
 2.6670E+000
-1.1193E+000
-3.8931E-001
 3.0403E+000
-7.7916E-001
-1.2264E-001
 3.3635E+000
-5.5787E-001
-1.6876E-003
 3.4181E+000
-1.5607E+000
-4.7576E-001
 3.3171E+000
 2.2187E+000
 2.0161E+000
 1.4924E+000
-6.8693E-001
-9.6643E-002
 3.5472E+000
-3.5791E-001
 1.1684E-001
 3.8776E+000
-1.0324E-001
 3.6629E-001
 3.6736E+000
 1.4961E-001
 5.4593E-001
 3.8417E+000
-5.5276E-001
 5.3131E-002
 4.1846E+000
 3.6563E+000
 7.0574E-001
 4.2386E+000
-3.8403E-002
 3.6038E-001
 3.2535E+000
 1.8406E-001
 6.5052E-001
 3.0507E+000
 3.2646E-001
 7.1342E-001
 2.9626E+000
 6.2178E-001
 9.3026E-001
 3.0102E+000
 1.5075E-001
 6.1526E-001
 2.8651E+000
 1.2304E-001
 5.0568E-001
 2.6585E+000
 1.7270E-001
 5.3398E-001
 2.5445E+000
 2.2500E-001
 6.3022E-001
 2.8971E+000
 4.5320E-001
 7.7796E-001
 2.8848E+000
 7.2210E-002
 3.5987E-001
 2.3328E+000
 8.7935E-002
 3.9369E-001
 2.1623E+000
 5.6809E-002
 5.2212E-001
 3.2014E+000
 1.0026E-001
 5.2012E-001
 3.6191E+000
 4.6081E-001
 8.1537E-001
 3.7813E+000
 6.6191E-001
 9.9953E-001
 3.7949E+000
-2.3999E-001
 4.3811E-001
 3.9577E+000
 7.6899E-001
 7.2452E-001
 3.1692E+000
 5.7224E-001
 8.8354E-001
 3.7851E+000
 9.5728E-001
 1.2082E+000
 3.9757E+000
 1.1697E+000
 1.3703E+000
 3.6910E+000
 1.4205E+000
 1.6098E+000
 3.7911E+000
 9.3528E-001
 1.1677E+000
 4.1520E+000
 9.5719E-001
 1.2580E+000
 4.4346E+000
 1.1571E+000
 1.2971E+000
 3.2673E+000
 1.3424E+000
 1.4830E+000
 2.9587E+000
 1.4595E+000
 1.5640E+000
 2.9555E+000
 1.7575E+000
 1.7612E+000
 2.8979E+000
 1.2800E+000
 1.3847E+000
 2.6562E+000
 1.2162E+000
 1.3480E+000
 2.9773E+000
 1.2375E+000
 1.3674E+000
 2.9071E+000
 1.4010E+000
 1.5839E+000
 3.3125E+000
 1.6303E+000
 1.7274E+000
 3.2692E+000
 1.0559E+000
 1.2070E+000
 2.8259E+000
 1.0223E+000
 1.2222E+000
 2.6621E+000
 1.3037E+000
 1.5210E+000
 3.6592E+000
 1.4754E+000
 1.6633E+000
 4.1036E+000
 1.8559E+000
 1.9262E+000
 4.1082E+000
 2.0669E+000
 2.1348E+000
 4.2492E+000
 1.1632E+000
 1.5787E+000
 4.4935E+000
 1.5098E+000
 2.1426E+000
 3.6588E+000
 1.9148E+000
 1.9617E+000
 3.9548E+000
 2.2481E+000
 2.2519E+000
 3.9638E+000
 2.4853E+000
 2.4055E+000
 3.6546E+000
 2.7671E+000
 2.6507E+000
 3.7842E+000
 2.1573E+000
 2.1576E+000
 4.0080E+000
 1.8666E+000
 1.9855E+000
 4.7387E+000
 2.3650E+000
 2.3007E+000
 3.2541E+000
 2.5215E+000
 2.4168E+000
 2.9680E+000
 2.5938E+000
 2.4835E+000
 3.0309E+000
 2.8696E+000
 2.6764E+000
 2.9190E+000
 2.4351E+000
 2.3019E+000
 2.7049E+000
 2.3560E+000
 2.3413E+000
 3.2481E+000
 2.3416E+000
 2.3134E+000
 3.3251E+000
 2.5604E+000
 2.5677E+000
 3.6878E+000
 2.6493E+000
 2.6645E+000
 3.6382E+000
 1.9465E+000
 1.9786E+000
 3.4414E+000
 2.6208E+000
 2.5942E+000
 3.9803E+000
 2.8453E+000
 2.7911E+000
 4.3843E+000
 3.2061E+000
 3.0310E+000
 4.2871E+000
 3.4125E+000
 3.2110E+000
 4.6414E+000
 2.6115E+000
 2.6880E+000
 4.7446E+000
 2.5529E+000
 2.6291E+000
 4.6527E+000
 3.2997E+000
 3.0605E+000
 3.9325E+000
 3.6346E+000
 3.3640E+000
 3.8254E+000
 3.6744E+000
 3.4088E+000
 3.9956E+000
 3.9176E+000
 3.6156E+000
 3.8745E+000
 3.4410E+000
 3.2341E+000
 4.2714E+000
 3.4241E+000
 3.2399E+000
 4.4686E+000
 3.4574E+000
 3.2392E+000
 4.1239E+000
 3.5590E+000
 3.3486E+000
 4.2407E+000
 3.0146E+000
 2.9480E+000
 4.8381E+000
 1.3768E+000
 2.3492E+000
 6.7715E+000
 3.3594E+000
 3.1467E+000
 3.7063E+000
 3.3821E+000
 3.1090E+000
 3.3545E+000
 3.4128E+000
 3.1100E+000
 2.9571E+000
 3.3327E+000
 3.0344E+000
 2.9533E+000
 3.0611E+000
 2.9014E+000
 3.3429E+000
 4.3300E+000
 3.4382E+000
 1.6620E+000
 3.5499E+000
 3.1518E+000
 2.6196E+000
 3.6084E+000
 3.1366E+000
 2.2354E+000
 3.2656E+000
 2.8257E+000
 2.0075E+000
 3.0509E+000
 2.6819E+000
 2.1528E+000
 3.9155E+000
 3.3949E+000
 1.9640E+000
 4.1343E+000
 3.5401E+000
 1.9720E+000
 3.2261E+000
 2.7834E+000
 1.7182E+000
 2.9096E+000
 2.5008E+000
 1.4641E+000
 2.8518E+000
 2.4459E+000
 1.2831E+000
 2.5574E+000
 2.2183E+000
 1.3240E+000
 2.7227E+000
 2.4945E+000
 1.0073E+000
 2.5379E+000
 2.2863E+000
 8.9340E-001
 3.1317E+000
 2.6307E+000
 1.0676E+000
 3.1238E+000
 2.6112E+000
 8.8048E-001
 3.0271E+000
 2.5598E+000
 1.1773E+000
 2.8263E+000
 2.3953E+000
 1.0536E+000
 3.4279E+000
 2.9047E+000
 6.8777E-001
 3.0094E+000
 3.0349E+000
 3.5894E-001
 3.1509E+000
 2.6752E+000
 1.5493E+000
 3.0772E+000
 2.6645E+000
 1.8589E+000
 2.7317E+000
 2.4206E+000
 2.0559E+000
 2.5279E+000
 2.2700E+000
 2.1225E+000
 3.2320E+000
 2.8348E+000
 2.1097E+000
 3.3747E+000
 3.3178E+000
 2.3208E+000
 2.6442E+000
 2.3647E+000
 2.1882E+000
 2.3022E+000
 2.1383E+000
 2.3929E+000
 1.9967E+000
 1.8618E+000
 2.0995E+000
 1.7664E+000
 1.6954E+000
 2.2784E+000
 2.2842E+000
 2.1490E+000
 2.4617E+000
 2.0142E+000
 1.8496E+000
 1.7489E+000
 1.7538E+000
 1.6144E+000
 1.4774E+000
 1.7590E+000
 1.6104E+000
 1.3535E+000
 1.4729E+000
 1.4054E+000
 1.3134E+000
 1.6996E+000
 1.5903E+000
 9.0497E-001
 1.4886E+000
 1.3729E+000
 8.1629E-001
 2.0848E+000
 1.8523E+000
 1.2973E+000
 2.0869E+000
 1.8365E+000
 1.1764E+000
 1.9121E+000
 1.7274E+000
 1.5157E+000
 1.6963E+000
 1.5960E+000
 1.3941E+000
 2.4550E+000
 2.0681E+000
 1.0998E+000
 1.0178E+000
 1.2467E+000
 1.5434E-001
 1.9507E+000
 1.8208E+000
 1.9164E+000
 1.8259E+000
 1.7643E+000
 2.2075E+000
 1.4456E+000
 1.4650E+000
 2.2214E+000
 1.2614E+000
 1.3669E+000
 2.2870E+000
 1.9439E+000
 1.7949E+000
 2.5197E+000
 2.2618E+000
 1.8117E+000
 2.5143E+000
 1.2821E+000
 1.3545E+000
 2.1716E+000
 9.4405E-001
 1.0996E+000
 2.1813E+000
 7.6539E-001
 9.6995E-001
 1.8155E+000
 5.0342E-001
 8.1986E-001
 1.8885E+000
 8.3998E-001
 1.0311E+000
 2.1431E+000
 8.7774E-001
 1.0393E+000
 1.5093E+000
 7.6217E-001
 9.3593E-001
 1.1794E+000
 7.4517E-001
 9.3341E-001
 1.2636E+000
 4.6196E-001
 7.4408E-001
 1.1707E+000
 1.0666E+000
 1.0022E+000
 7.7794E-001
 3.9023E-001
 2.6318E+000
-9.9316E-001
 1.0301E+000
 1.1398E+000
 1.4813E+000
 1.0391E+000
 1.1550E+000
 1.5614E+000
 7.5489E-001
 9.9662E-001
 1.8501E+000
 6.1730E-001
 9.2456E-001
 1.7757E+000
 1.4854E+000
 1.4133E+000
 1.8217E+000
 1.5738E+000
 1.3969E+000
 1.6595E+000
 6.8250E-001
 9.6844E-001
 2.1800E+000
 4.5830E-001
 8.4851E-001
 2.4295E+000
 7.5611E-002
 5.7110E-001
 2.2534E+000
-1.0908E-001
 5.0849E-001
 2.3944E+000
 4.6876E-001
 9.0366E-001
 2.7471E+000
 1.1940E+000
 3.9420E-001
 4.4453E+000
 9.9881E-006
 5.2835E-001
 1.9114E+000
-3.5525E-001
 1.9619E-001
 1.6840E+000
-4.4053E-001
 1.4892E-001
 1.4238E+000
-7.5370E-001
-3.5895E-003
 1.4276E+000
-3.8909E-001
 1.9438E-001
 1.1821E+000
-9.0098E-001
-5.1293E-001
 1.1372E+000
-2.4717E-001
 2.9399E-001
 1.2034E+000
-2.6832E-001
 3.0405E-001
 1.0040E+000
-1.3677E-001
 3.8312E-001
 1.1950E+000
-1.2609E-001
 3.8814E-001
 1.0505E+000
-1.1085E-001
 4.9789E-001
 6.8567E-001
-1.6434E-002
 5.2428E-001
 6.5363E-001
-1.1898E-001
 4.8723E-001
 1.5121E+000
 5.3805E-002
 5.5811E-001
 1.7988E+000
-2.4920E-001
 3.3618E-001
 1.8801E+000
-3.2824E-001
 3.0476E-001
 2.2166E+000
 1.9676E-001
 5.3561E-001
 2.1460E+000
 2.2231E+000
 6.9507E-001
 2.6276E+000
