 8.8613E-001
 1.5187E+000
-6.2521E+000
 1.5438E+000
 1.5416E+000
-6.1400E+000
 2.2233E+000
 4.1020E-001
-6.0960E+000
 1.8928E+000
 1.6286E-001
-5.9992E+000
 1.2565E+000
 1.8356E+000
-6.3314E+000
 2.5910E+000
 4.4918E-001
-5.8076E+000
 2.5533E+000
 3.5594E-001
-5.2961E+000
 3.0468E+000
 4.2802E-001
-5.1092E+000
 3.2845E+000
 5.0040E-001
-4.7863E+000
 2.4894E+000
 3.3598E-001
-4.7730E+000
 3.0916E+000
 4.6222E-001
-5.3179E+000
 3.3672E+000
 5.2597E-001
-5.2213E+000
 3.8765E+000
 7.3615E-001
-5.2241E+000
 4.1393E+000
 7.6115E-001
-5.7353E+000
 3.2961E+000
 3.8625E-001
-4.6421E+000
 4.0873E+000
 8.3578E-001
-4.8060E+000
 4.5830E+000
 1.0741E+000
-4.6907E+000
 4.9330E+000
 1.2294E+000
-4.8463E+000
 5.0866E+000
 1.2590E+000
-5.3439E+000
 4.8154E+000
 1.1141E+000
-4.8414E+000
 5.0250E+000
 1.3301E+000
-4.4889E+000
 5.3483E+000
 1.5059E+000
-4.5494E+000
 5.1385E+000
 1.3632E+000
-4.6753E+000
 5.4179E+000
 1.4895E+000
-4.8557E+000
 4.6432E+000
 1.1396E+000
-4.6464E+000
 4.3951E+000
 9.9457E-001
-4.7551E+000
 3.8979E+000
 7.8047E-001
-4.3918E+000
 3.8196E+000
 7.7378E-001
-4.0783E+000
 4.2858E+000
 1.0193E+000
-5.4307E+000
 4.0334E+000
 1.5761E+000
-6.1960E+000
 3.6144E+000
 6.1481E-001
-4.4522E+000
 3.1403E+000
 4.0120E-001
-4.1530E+000
 2.7961E+000
 2.1826E-001
-4.5238E+000
 2.8510E+000
 1.9209E-001
-4.8782E+000
 3.2832E+000
 3.7836E-001
-3.7640E+000
 3.7886E+000
-1.4934E-002
-4.8068E+000
 2.4337E+000
 5.2450E-002
-4.4748E+000
 2.0607E+000
-1.7008E-001
-4.7725E+000
 1.6354E+000
-3.0048E-001
-4.3723E+000
 1.5790E+000
-2.8042E-001
-3.9871E+000
 1.5796E+000
-3.5435E-003
-5.2174E+000
 2.3924E+000
-4.4386E-001
-5.0218E+000
 1.4411E+000
-4.2575E-001
-4.4449E+000
 1.0424E+000
-6.0429E-001
-4.0952E+000
 6.6597E-001
-8.0380E-001
-4.3828E+000
 7.0462E-001
-8.7474E-001
-4.7968E+000
 1.0805E+000
-4.9885E-001
-3.8466E+000
 1.2017E+000
-3.3967E-001
-3.5628E+000
 2.8046E-001
-9.5078E-001
-4.1310E+000
-9.9689E-002
-1.1782E+000
-4.3084E+000
-4.0187E-001
-1.2953E+000
-3.9533E+000
-4.4448E-001
-1.2673E+000
-3.4926E+000
-2.2123E-001
-1.2354E+000
-4.3497E+000
-2.8375E-001
-1.1689E+000
-4.5382E+000
-5.7421E-001
-1.4217E+000
-4.1498E+000
-8.7041E-001
-1.5740E+000
-3.8399E+000
-1.1784E+000
-1.7659E+000
-4.1608E+000
-1.0774E+000
-1.7784E+000
-4.6371E+000
-6.3889E-001
-1.3852E+000
-3.7122E+000
-6.2567E-001
-1.3609E+000
-3.5646E+000
-1.5429E+000
-1.9753E+000
-3.9681E+000
-1.8085E+000
-2.2203E+000
-4.2101E+000
-1.7495E+000
-2.2446E+000
-4.4040E+000
-1.6050E+000
-2.0255E+000
-4.1228E+000
-2.1314E+000
-2.3946E+000
-3.9760E+000
-2.1522E+000
-3.1060E+000
-4.1828E+000
-1.8492E+000
-2.3934E+000
-4.7627E+000
-1.8044E+000
-2.3823E+000
-4.9764E+000
-1.9107E+000
-2.4665E+000
-4.6901E+000
-1.8628E+000
-2.5142E+000
-4.8176E+000
-2.2207E+000
-2.4981E+000
-4.3717E+000
-2.0921E+000
-2.6342E+000
-3.8533E+000
-2.1819E+000
-2.3293E+000
-3.5901E+000
-2.6081E+000
-2.3165E+000
-2.8547E+000
-1.9980E+000
-3.2343E+000
-3.8036E+000
-1.9267E+000
-3.1803E+000
-3.9337E+000
-1.9782E+000
-2.2196E+000
-3.5414E+000
-1.8569E+000
-2.1341E+000
-3.3524E+000
-1.6076E+000
-1.8735E+000
-3.4553E+000
-1.4613E+000
-2.0097E+000
-3.9678E+000
-1.8789E+000
-2.1707E+000
-3.4235E+000
-2.3414E+000
-2.9462E+000
-3.1549E+000
-1.3610E+000
-1.8106E+000
-3.2258E+000
-1.0468E+000
-1.7231E+000
-3.3609E+000
-6.2471E-001
-1.4979E+000
-3.5228E+000
-4.4991E-001
-1.3638E+000
-3.3595E+000
-6.6072E-001
-1.5607E+000
-3.8941E+000
-2.3206E-001
-1.3148E+000
-4.1731E+000
 1.5571E-001
-1.2744E+000
-4.4473E+000
 5.1772E-001
-1.0520E+000
-4.5845E+000
-2.1964E-001
-1.5208E+000
-4.5273E+000
-4.0092E-001
-2.1598E+000
-5.0383E+000
 3.3077E-002
-1.3818E+000
-4.5081E+000
 3.7990E-001
-1.2703E+000
-4.7514E+000
 5.1236E-001
-1.0489E+000
-4.4024E+000
 9.5300E-001
-8.8372E-001
-4.4726E+000
 1.3976E-001
-1.4879E+000
-5.1592E+000
-1.0686E-001
-1.7885E+000
-5.9490E+000
 2.1977E-001
-1.0987E+000
-3.8893E+000
 4.7446E-001
-9.6500E-001
-3.4425E+000
 6.7191E-001
-7.6487E-001
-3.3466E+000
 9.1366E-001
-6.0914E-001
-3.2035E+000
 4.9715E-001
-8.3597E-001
-3.3352E+000
 6.6146E-001
-6.8661E-001
-3.2493E+000
 1.1533E+000
-5.0264E-001
-3.6682E+000
 1.4365E+000
-3.5162E-001
-3.4794E+000
 4.5511E-001
-8.3976E-001
-3.2560E+000
 5.6802E-001
-6.2025E-001
-3.0465E+000
 1.1799E+000
-6.4533E-001
-4.0980E+000
 1.5901E+000
-4.9115E-001
-4.4941E+000
 1.8870E+000
-3.6946E-001
-4.4282E+000
 2.3794E+000
-1.2092E-001
-4.6608E+000
 1.4463E+000
-7.3534E-001
-5.1379E+000
 1.6882E+000
-3.7501E-001
-4.1043E+000
 2.0242E+000
-2.4510E-001
-4.0145E+000
 2.2003E+000
-9.9584E-003
-3.6105E+000
 2.5954E+000
 1.4049E-001
-3.5520E+000
 1.8501E+000
-2.8136E-001
-4.0292E+000
 2.1281E+000
 7.8524E-002
-5.2261E+000
 1.9570E+000
 1.7489E-002
-3.1931E+000
 2.1230E+000
 1.2870E-001
-2.7820E+000
 2.5642E+000
 3.2837E-001
-3.0227E+000
 2.9219E+000
 5.7089E-001
-2.8082E+000
 1.8220E+000
-2.0402E-002
-2.4821E+000
 1.7810E+000
 7.6282E-003
-2.2002E+000
 2.4664E+000
 2.2577E-001
-3.3683E+000
 2.8012E+000
 3.6818E-001
-3.7441E+000
 3.3028E+000
 5.1650E-001
-4.0589E+000
 3.6725E+000
 7.5623E-001
-4.1349E+000
 3.2745E+000
 4.4678E-001
-4.1967E+000
 3.7853E+000
 6.1260E-001
-4.5877E+000
 4.0823E+000
 8.4434E-001
-4.2147E+000
 4.6254E+000
 1.1274E+000
-4.3395E+000
 3.5243E+000
 3.1493E-001
-5.0756E+000
 5.2618E+000
-2.8695E-001
-1.0176E+001
 3.7913E+000
 8.9248E-001
-3.7068E+000
 4.0765E+000
 1.0731E+000
-3.2559E+000
 4.3605E+000
 1.3116E+000
-3.0819E+000
 4.8874E+000
 1.5941E+000
-2.9048E+000
 3.7280E+000
 9.6325E-001
-2.8694E+000
 6.5103E+000
-8.9729E-002
-5.2878E+000
 4.1071E+000
 1.2162E+000
-3.0305E+000
 4.3212E+000
 1.3887E+000
-2.8426E+000
 4.8355E+000
 1.5079E+000
-3.2904E+000
 5.2962E+000
 1.7476E+000
-3.0737E+000
 4.0382E+000
 1.2094E+000
-2.8173E+000
 4.3935E+000
 1.4723E+000
-2.2596E+000
 4.8037E+000
 1.3480E+000
-3.7580E+000
 5.2288E+000
 1.4646E+000
-4.2939E+000
 5.7114E+000
 1.6993E+000
-4.3219E+000
 6.1734E+000
 1.8602E+000
-4.5915E+000
 5.0110E+000
 1.0941E+000
-4.9566E+000
 4.9229E+000
 1.0979E+000
-6.0250E+000
 5.6078E+000
 1.7267E+000
-4.0151E+000
 6.1090E+000
 1.9356E+000
-4.0343E+000
 6.4884E+000
 2.2265E+000
-3.5993E+000
 7.0261E+000
 2.4562E+000
-3.7774E+000
 5.9245E+000
 1.8768E+000
-3.9480E+000
 4.4518E+000
 5.1586E-001
-2.9087E+000
 6.2741E+000
 2.2614E+000
-3.0673E+000
 6.6048E+000
 2.4952E+000
-2.6313E+000
 6.7243E+000
 2.5651E+000
-2.6404E+000
 6.9485E+000
 2.7872E+000
-2.2183E+000
 6.4183E+000
 2.4970E+000
-2.1305E+000
 4.4875E+000
 3.8400E+000
-2.5544E+000
 6.5696E+000
 2.4084E+000
-3.0559E+000
 6.6492E+000
 2.4594E+000
-3.0460E+000
 6.8635E+000
 2.4306E+000
-3.6057E+000
 7.2415E+000
 2.6023E+000
-3.6204E+000
 6.1878E+000
 2.3817E+000
-2.7520E+000
 6.7923E+000
 1.5488E+000
-3.0315E+000
 6.6903E+000
 2.2469E+000
-4.0679E+000
 6.8468E+000
 2.1814E+000
-4.6708E+000
 6.4171E+000
 1.9637E+000
-4.8197E+000
 6.4328E+000
 1.8836E+000
-5.3066E+000
 6.0606E+000
 1.8725E+000
-4.3680E+000
 5.5524E+000
 1.6250E+000
-4.4279E+000
 5.1615E+000
 1.3706E+000
-4.6622E+000
 4.9753E+000
 1.3192E+000
-4.4143E+000
 5.4088E+000
 1.5031E+000
-3.8096E+000
 4.9314E+000
 9.3618E-001
-3.7761E+000
 5.0452E+000
 1.2296E+000
-5.1301E+000
 4.6535E+000
 9.5921E-001
-5.4212E+000
 4.1148E+000
 7.5912E-001
-5.1334E+000
 4.0716E+000
 7.5969E-001
-5.0087E+000
 4.7542E+000
 8.3420E-001
-5.9403E+000
 6.9624E+000
-1.4709E+000
-9.3433E+000
 3.7617E+000
 5.6920E-001
-5.0306E+000
 3.2493E+000
 3.5379E-001
-4.8031E+000
 2.9836E+000
 1.2921E-001
-5.2438E+000
 3.0999E+000
 1.2179E-001
-5.5682E+000
 3.1599E+000
 3.0771E-001
-4.3449E+000
 3.0785E+000
 3.5305E-001
-4.0283E+000
 2.6566E+000
-3.9497E-003
-5.2688E+000
 2.3876E+000
-1.9804E-001
-5.6454E+000
 1.8705E+000
-4.4902E-001
-5.4053E+000
 1.7476E+000
-4.2619E-001
-5.1429E+000
 2.4436E+000
-2.5315E-001
-5.9101E+000
 2.6173E+000
-2.5570E-001
-6.3304E+000
 1.6939E+000
-5.8403E-001
-5.4729E+000
 1.2268E+000
-7.9752E-001
-5.2971E+000
 9.6380E-001
-9.9176E-001
-5.7072E+000
 1.0556E+000
-1.0369E+000
-6.0843E+000
 1.2238E+000
-8.2429E-001
-5.0176E+000
 1.1335E+000
-8.2232E-001
-4.7036E+000
 6.3846E-001
-1.0781E+000
-5.5791E+000
 3.9151E-001
-1.2699E+000
-5.8891E+000
-8.3852E-002
-1.4113E+000
-5.6459E+000
-1.1609E-001
-1.3811E+000
-5.1954E+000
 5.1166E-001
-1.2260E+000
-5.9946E+000
 2.0923E+000
-9.8549E-001
-6.4284E+000
-3.6803E-001
-1.6020E+000
-5.9185E+000
-8.1338E-001
-1.8266E+000
-5.7295E+000
-1.0864E+000
-2.0354E+000
-6.0749E+000
-1.3450E+000
-2.2179E+000
-6.3300E+000
-9.4103E-001
-1.8747E+000
-5.6674E+000
-6.7118E-001
-1.8632E+000
-6.5581E+000
-1.0262E+000
-2.0013E+000
-6.0862E+000
-1.2363E+000
-2.2074E+000
-6.4235E+000
-1.7191E+000
-2.4399E+000
-6.2694E+000
-1.8675E+000
-2.4557E+000
-5.8394E+000
-1.0660E+000
-2.0731E+000
-6.4696E+000
-2.6758E-001
-1.6566E+000
-5.5503E+000
-1.9598E+000
-2.6599E+000
-6.6424E+000
-2.4593E+000
-2.8997E+000
-6.5944E+000
-2.5476E+000
-2.7998E+000
-6.2325E+000
-2.3130E+000
-2.6940E+000
-6.2921E+000
-2.6010E+000
-3.2163E+000
-7.1298E+000
-2.1927E+000
-3.2441E+000
-5.9463E+000
-2.8967E+000
-2.9147E+000
-5.8895E+000
-3.0504E+000
-2.8877E+000
-5.5249E+000
-2.6483E+000
-2.6322E+000
-5.2936E+000
-2.5969E+000
-2.6039E+000
-5.2600E+000
-3.2256E+000
-3.0915E+000
-5.7719E+000
-3.4999E+000
-1.9297E+000
-6.3515E+000
-2.3270E+000
-2.4619E+000
-5.1494E+000
-1.9204E+000
-2.2571E+000
-4.9354E+000
-2.0201E+000
-2.1729E+000
-4.4448E+000
-1.7831E+000
-2.0206E+000
-4.3454E+000
-1.7793E+000
-2.2081E+000
-4.9466E+000
-1.2821E+000
 1.0045E-001
-3.1320E+000
-2.3212E+000
-2.3578E+000
-4.1951E+000
-2.4497E+000
-2.2684E+000
-3.6867E+000
-2.6364E+000
-2.4031E+000
-3.8400E+000
-2.6675E+000
-2.3659E+000
-3.4016E+000
-2.8201E+000
-2.4247E+000
-3.3164E+000
-3.2671E+000
-3.2139E+000
-3.5356E+000
-2.7570E+000
-2.5143E+000
-4.3233E+000
-2.9317E+000
-2.6263E+000
-4.5069E+000
-2.5206E+000
-2.4672E+000
-4.7110E+000
-2.5248E+000
-2.4616E+000
-4.6613E+000
-3.3029E+000
-2.9623E+000
-4.9526E+000
-2.0506E+000
-3.0337E+000
-4.9591E+000
-2.2472E+000
-2.3736E+000
-4.9592E+000
-1.8755E+000
-2.2061E+000
-5.1776E+000
-1.5719E+000
-1.9664E+000
-4.8265E+000
-1.3842E+000
-1.8544E+000
-4.9593E+000
-1.6558E+000
-2.2203E+000
-5.5412E+000
-1.5400E+000
-2.7966E+000
-5.8942E+000
-1.5451E+000
-1.9029E+000
-4.4460E+000
-1.2781E+000
-1.7170E+000
-4.1132E+000
-1.3068E+000
-1.7073E+000
-3.9651E+000
-1.0558E+000
-1.5558E+000
-3.9970E+000
-1.3136E+000
-1.6924E+000
-3.9239E+000
-9.4425E-001
-1.4568E+000
-3.5262E+000
-1.6675E+000
-1.8668E+000
-3.7755E+000
-1.7357E+000
-1.8782E+000
-3.5845E+000
-1.6384E+000
-1.8379E+000
-3.9764E+000
-1.4886E+000
-1.7539E+000
-3.8339E+000
-2.0258E+000
-1.9676E+000
-3.5034E+000
-1.8654E+000
-1.7377E+000
-3.7928E+000
-1.6707E+000
-1.9466E+000
-4.3922E+000
-1.5850E+000
-1.9258E+000
-4.7814E+000
-1.1244E+000
-1.6911E+000
-4.8652E+000
-1.0057E+000
-1.6229E+000
-4.8967E+000
-1.7730E+000
-2.1678E+000
-5.2726E+000
-2.6472E+000
 4.7416E-001
-3.7401E+000
-9.0631E-001
-1.5883E+000
-4.9497E+000
-4.8234E-001
-1.3644E+000
-5.0387E+000
-2.6207E-001
-1.2091E+000
-4.6217E+000
 5.2063E-002
-1.0371E+000
-4.6939E+000
-4.4117E-001
-1.4431E+000
-5.2266E+000
-6.3749E-001
-1.5414E+000
-5.3296E+000
-4.0608E-001
-1.2280E+000
-4.1918E+000
-1.8461E-001
-1.0764E+000
-3.7620E+000
-2.2847E-001
-1.0836E+000
-3.6479E+000
 6.6387E-002
-9.6547E-001
-3.4501E+000
-2.6945E-001
-1.1173E+000
-3.4897E+000
-5.7705E-001
-1.2859E+000
-3.7413E+000
-6.2694E-001
-1.3075E+000
-3.6914E+000
-3.4141E-001
-1.1510E+000
-3.9725E+000
-2.6110E-001
-1.0929E+000
-3.8508E+000
-9.5013E-001
-1.5420E+000
-3.7822E+000
-1.5124E-001
-1.1143E+000
-4.3256E+000
 1.3078E-001
-9.7445E-001
-4.6029E+000
 5.3321E-001
-7.5615E-001
-4.5444E+000
 7.8825E-001
-6.1550E-001
-4.8463E+000
 1.1249E-001
-1.2516E+000
-5.0396E+000
-2.1626E-001
-1.3567E+000
-5.3672E+000
 5.9914E-001
-6.8146E-001
-4.1560E+000
 9.2420E-001
-5.3754E-001
-4.0556E+000
 1.0839E+000
-4.8225E-001
-4.4144E+000
 1.3776E+000
-3.0402E-001
-4.4827E+000
 8.3977E-001
-6.4894E-001
-4.5716E+000
 9.2460E-001
-6.3269E-001
-4.9023E+000
 7.4316E-001
-7.1955E-001
-4.6638E+000
 6.0786E-001
-7.4099E-001
-4.2233E+000
 7.3931E-001
-8.1669E-001
-5.4895E+000
 2.2551E+000
-2.1605E+000
-6.2982E+000
 7.5478E-001
-7.0758E-001
-4.9284E+000
 5.7408E-001
-7.9174E-001
-4.7670E+000
 8.9522E-001
-6.6626E-001
-4.6641E+000
 1.3115E+000
-4.5426E-001
-4.7808E+000
 7.4023E-001
-7.2343E-001
-4.4413E+000
 9.8550E-001
-5.9789E-001
-4.3104E+000
 1.1408E+000
-4.7378E-001
-3.8395E+000
 9.3926E-001
-5.3380E-001
-3.5661E+000
 7.0279E-001
-7.6185E-001
-4.2130E+000
 5.7155E-001
-9.1354E-001
-4.2905E+000
 1.4808E+000
-3.0160E-001
-3.7081E+000
 1.6727E+000
-1.5001E-001
-3.2484E+000
 1.3428E+000
-2.4813E-001
-2.8478E+000
 1.2902E+000
-2.3118E-001
-2.4388E+000
 2.0922E+000
 9.7293E-002
-3.2773E+000
 2.4213E+000
 2.8254E-001
-3.5945E+000
 1.1671E+000
-3.6981E-001
-2.9885E+000
 8.1143E-001
-4.7731E-001
-2.6240E+000
 4.5226E-001
-7.1889E-001
-2.8360E+000
 4.4945E-001
-7.6682E-001
-3.2739E+000
 1.2712E+000
-3.7003E-001
-2.4063E+000
 4.6089E-001
 1.8304E-001
-1.2663E+000
 7.4896E-002
-8.6492E-001
-2.5276E+000
-3.3026E-001
-1.1133E+000
-2.6723E+000
-5.6791E-001
-1.2006E+000
-2.2472E+000
-5.4936E-001
-1.1476E+000
-1.7946E+000
-5.3541E-001
-1.3142E+000
-2.7297E+000
-1.2171E+000
-1.4208E+000
-3.0024E+000
-7.3324E-001
-1.3240E+000
-2.3968E+000
-9.7406E-001
-1.4318E+000
-2.0378E+000
-1.2795E+000
-1.6863E+000
-2.1018E+000
-1.4270E+000
-1.7238E+000
-2.5181E+000
-1.0453E+000
-1.4233E+000
-1.9447E+000
-3.5460E-001
-1.2125E-001
-1.5127E+000
-1.5123E+000
-1.7992E+000
-1.7094E+000
-1.8338E+000
-1.9110E+000
-1.7393E+000
-1.9989E+000
-1.9794E+000
-1.2482E+000
-1.8632E+000
-1.8130E+000
-9.5566E-001
-2.0518E+000
-1.9562E+000
-1.7876E+000
-3.4807E+000
-2.4433E+000
-2.8877E+000
-2.2369E+000
-2.0759E+000
-1.2596E+000
-2.5249E+000
-2.0634E+000
-8.1523E-001
-2.4246E+000
-1.9296E+000
-6.2419E-001
-2.2976E+000
-1.9341E+000
-6.5210E-001
-2.9447E+000
-2.4935E+000
-8.3079E-001
-2.4333E+000
-1.8494E+000
-2.7381E-001
-2.3450E+000
-1.7298E+000
 5.9644E-003
-2.4942E+000
-1.7545E+000
 4.8444E-002
-2.4108E+000
-1.6963E+000
 1.1207E-001
-2.3504E+000
-1.6795E+000
 2.5991E-001
-2.6729E+000
-2.0172E+000
 4.4506E-001
-2.7013E+000
-1.9241E+000
-1.1915E-003
-2.8610E+000
-1.9138E+000
 6.7157E-002
-2.7547E+000
-1.9120E+000
-5.4671E-002
-2.7559E+000
-1.8383E+000
 1.3797E-001
-2.8599E+000
-1.7928E+000
 5.2390E-003
-2.8400E+000
-2.0466E+000
 9.3494E-002
-2.6155E+000
-1.8828E+000
-3.1032E-001
-2.6590E+000
-1.8168E+000
-6.7922E-001
-2.3699E+000
-1.7802E+000
-4.8297E-001
-2.3680E+000
-1.7802E+000
-6.1673E-001
-2.5447E+000
-1.6480E+000
-1.2764E+000
-3.6262E+000
-4.2134E+000
-3.6879E+000
-2.1855E+000
-1.7317E+000
-3.0429E-001
-1.9144E+000
-1.4780E+000
-2.1911E-001
-1.9899E+000
-1.4870E+000
 1.0788E-002
-1.9410E+000
-1.4044E+000
-3.6867E-002
-1.8240E+000
-1.3948E+000
-1.0494E-001
-1.4250E+000
-1.6393E+000
-7.6502E-001
-2.2725E+000
-1.6439E+000
 1.7395E-001
-2.3689E+000
-1.6356E+000
 3.9473E-001
-2.3830E+000
-1.6401E+000
 3.1413E-001
-2.3521E+000
-1.5874E+000
 3.0573E-001
-2.4449E+000
-1.7081E+000
 1.1857E-001
-2.4806E+000
-1.7806E+000
-2.5041E-001
-2.3046E+000
-1.4968E+000
-4.4875E-001
-2.3582E+000
-1.4973E+000
-5.8721E-001
-2.1252E+000
-1.6221E+000
-6.9325E-001
-1.8722E+000
-1.3961E+000
-8.3294E-001
-1.6814E+000
-1.2809E+000
-5.5053E-001
-1.4846E+000
-1.1505E+000
-7.3337E-001
-1.6478E+000
-1.2275E+000
-9.0071E-001
-1.8849E+000
-8.8052E-001
-1.7525E+000
-1.6731E+000
-1.2799E+000
-1.8167E-001
-1.5565E+000
-1.1926E+000
 7.5470E-002
-1.6974E+000
-1.2314E+000
 2.3048E-001
-1.4659E+000
-1.1212E+000
 3.7673E-001
-1.5812E+000
-1.2057E+000
 2.6277E-001
-1.9530E+000
-1.3531E+000
 1.8859E-001
-2.2555E+000
-1.4658E+000
 3.9341E-001
-2.0387E+000
-1.3748E+000
 7.9419E-002
-1.9795E+000
-1.3612E+000
 2.9097E-001
-2.8543E+000
-1.7545E+000
 2.9531E-001
-3.7351E+000
-1.9163E+000
 4.3299E-001
-1.9888E+000
-1.3417E+000
-2.8439E-001
-1.8076E+000
-1.2634E+000
-5.9261E-001
-1.3947E+000
-1.0984E+000
-5.8561E-001
-1.1925E+000
-1.0524E+000
-9.1731E-001
-1.9150E+000
-1.3954E+000
-1.0636E+000
-1.1596E+000
-2.5147E+000
 7.6159E-001
-1.2019E+000
-1.0446E+000
-3.2116E-001
-7.9137E-001
-8.4893E-001
-2.3823E-001
-5.3550E-001
-7.6995E-001
-6.4363E-001
-1.1928E-001
-5.9300E-001
-7.4937E-001
-6.8795E-001
-8.3132E-001
-8.4513E-001
-4.8582E-001
-8.7214E-001
-1.3067E+000
-3.0322E-001
-7.6168E-001
-1.1729E+000
-1.4437E-002
-7.4662E-001
-1.5430E+000
-8.6094E-001
-1.2043E+000
-1.5967E+000
-8.7846E-001
-1.4150E+000
-1.9730E+000
-3.2822E-001
-7.4885E-001
-7.6194E-001
-1.1567E-001
-6.8346E-001
-6.4716E-001
 1.4321E-001
-5.1088E-001
-3.2717E-001
 5.4116E-002
-5.1356E-001
-2.7791E-002
-4.3737E-001
-7.8339E-001
-4.5419E-001
-7.7515E-001
-9.1191E-001
-8.9312E-001
 4.6978E-001
-4.3933E-001
-3.9412E-001
 6.9725E-001
-2.9435E-001
-1.3042E-001
 4.8486E-001
-2.3606E-001
 1.3024E-001
 2.2160E-001
-3.1539E-001
 5.3929E-002
 1.0340E+000
-3.0503E-001
-2.7532E-001
 4.9569E-001
-1.6648E-001
 1.7855E-001
 2.8483E-001
-3.0030E-002
 5.4160E-001
 5.2588E-001
 8.1513E-002
 5.6021E-001
 8.8409E-001
 2.1747E-001
 3.7218E-001
 4.3381E-001
 3.7841E-001
 7.7352E-001
 1.0671E+000
 2.7807E+000
 2.3661E-001
 2.9664E-001
 6.4204E-002
 6.6714E-001
 5.2664E-001
 2.2079E-001
 7.4275E-001
 6.1546E-001
 3.4837E-001
 1.2361E+000
 4.3667E-001
 2.6456E-001
 1.4959E+000
 1.9445E-001
 1.0477E-002
 4.7884E-001
-1.0219E-001
-2.1822E-002
 3.2194E-001
 1.1387E+000
 5.9564E-001
 1.2544E+000
 1.2996E+000
 7.4356E-001
 1.7896E+000
 1.6259E+000
 9.3969E-001
 1.9180E+000
 2.0878E+000
 1.1546E+000
 2.0050E+000
 1.6053E+000
 8.3925E-001
 1.9023E+000
 1.6725E+000
 9.2051E-001
 1.8921E+000
 1.3676E+000
 8.0771E-001
 1.8956E+000
 1.5362E+000
 8.9743E-001
 1.9850E+000
 1.6275E+000
 1.0296E+000
 2.5517E+000
 1.3634E+000
 9.5374E-001
 2.8518E+000
 1.2261E+000
 7.2125E-001
 1.9156E+000
 7.8823E-001
 4.6968E-001
 1.8856E+000
 2.0006E+000
 1.2029E+000
 2.7009E+000
 2.1180E+000
 1.3173E+000
 3.3165E+000
 1.7607E+000
 1.2110E+000
 3.5324E+000
 1.4567E+000
 1.0903E+000
 3.1652E+000
 2.7957E+000
 1.3626E+000
 3.3862E+000
 3.5134E+000
 1.6754E+000
 3.0697E+000
 1.7274E+000
 1.3128E+000
 4.0791E+000
 1.3549E+000
 1.2624E+000
 4.3745E+000
 1.2996E+000
 1.1895E+000
 4.0984E+000
 8.9498E-001
 1.0749E+000
 4.0286E+000
 1.5209E+000
 1.4376E+000
 4.9942E+000
 1.2325E+000
 3.1585E-001
 7.3205E+000
 1.7510E+000
 1.3396E+000
 3.9587E+000
 1.8496E+000
 1.3374E+000
 3.7538E+000
 1.5927E+000
 1.1592E+000
 3.1997E+000
 1.3569E+000
 1.0530E+000
 3.1092E+000
 2.4704E+000
 1.5426E+000
 3.6605E+000
 1.6555E+000
 1.1111E+000
 2.8664E+000
 1.4092E+000
 9.4264E-001
 2.3165E+000
 8.0011E-001
 7.4530E-001
 2.4397E+000
 5.3468E-001
 5.5529E-001
 2.2483E+000
 1.4447E+000
 1.0345E+000
 1.9144E+000
 3.1216E-001
 1.0280E+000
 5.3325E+000
 6.6036E-001
 7.7982E-001
 2.7752E+000
 1.4886E-001
 5.7817E-001
 2.9125E+000
-1.7708E-001
 5.5900E-001
 2.9803E+000
-6.6174E-001
 2.8128E-001
 2.9239E+000
 3.7665E-002
 5.1680E-001
 3.3265E+000
-2.4221E-001
 4.7072E-001
 3.7417E+000
-2.7170E-003
 7.5986E-001
 3.2759E+000
-2.4427E-001
 7.3026E-001
 3.4847E+000
-3.2386E-001
 5.8556E-001
 3.1548E+000
-6.2751E-001
 5.2966E-001
 3.2417E+000
 1.6969E-001
 8.5153E-001
 4.0419E+000
 6.3632E-002
 1.1347E+000
 4.9892E+000
-1.1042E-001
 5.1006E-001
 2.7583E+000
-1.3064E-001
 4.2048E-001
 2.4665E+000
-6.2238E-001
 5.4152E-002
 2.2389E+000
-7.0432E-001
-4.0477E-002
 2.0933E+000
 1.2315E-001
 6.9211E-001
 2.0254E+000
 1.3288E+000
 1.8700E+000
 2.0435E+000
-8.3454E-001
-4.6976E-002
 2.2652E+000
-1.1941E+000
-2.6756E-001
 2.0950E+000
-1.4983E+000
-3.2232E-001
 2.4015E+000
-1.4612E+000
-9.2490E-002
 2.7147E+000
-1.2391E+000
-2.8609E-001
 1.7821E+000
-7.0585E-001
-3.0813E-001
 1.2738E+000
-1.8068E+000
-5.7381E-001
 2.3177E+000
-2.0191E+000
-6.9249E-001
 2.5000E+000
-2.0182E+000
-6.7019E-001
 2.5709E+000
-1.9610E+000
-7.3526E-001
 2.2486E+000
-2.2728E+000
-9.2556E-001
 2.3837E+000
-2.2584E+000
-9.5253E-001
 2.2184E+000
-2.0853E+000
-5.7639E-001
 2.8759E+000
-1.9781E+000
-5.1993E-001
 2.7468E+000
-2.0549E+000
-1.0386E+000
 2.4019E+000
-2.0060E+000
-1.0230E+000
 2.1803E+000
-2.1278E+000
-3.3737E-001
 3.1263E+000
-2.2457E+000
-2.8367E-001
 3.3353E+000
-2.2591E+000
-1.0871E+000
 2.3250E+000
-2.1070E+000
-1.6358E+000
 2.1557E+000
-2.3953E+000
-1.3678E+000
 1.8444E+000
-2.4169E+000
-1.5157E+000
 1.6682E+000
-1.6687E+000
-1.8294E+000
 2.9307E+000
-3.2129E+000
-8.4679E-001
 6.2770E-002
-2.3083E+000
-1.2412E+000
 1.7956E+000
-2.1973E+000
-1.2719E+000
 1.5176E+000
-2.0203E+000
-1.1581E+000
 1.4415E+000
-2.0270E+000
-1.1998E+000
 1.2319E+000
-2.2748E+000
-1.2565E+000
 1.5782E+000
-2.3650E+000
-1.2279E+000
 1.6674E+000
-1.9186E+000
-1.0013E+000
 1.6494E+000
-1.8252E+000
-9.1291E-001
 1.5693E+000
-1.9146E+000
-1.1164E+000
 1.4705E+000
-1.8444E+000
-1.0969E+000
 1.4178E+000
-1.7923E+000
-7.5345E-001
 1.6790E+000
-1.7131E+000
-4.7987E-001
 1.6209E+000
-2.0735E+000
-1.2314E+000
 1.5601E+000
-2.1944E+000
-1.4368E+000
 1.4941E+000
-2.2870E+000
-1.5100E+000
 1.2192E+000
-2.2398E+000
-1.5602E+000
 1.1234E+000
-2.1785E+000
-1.6401E+000
 1.7013E+000
-2.1251E+000
-1.6517E+000
 1.8809E+000
-2.2701E+000
-1.5232E+000
 1.1388E+000
-2.4073E+000
-1.5114E+000
 8.7470E-001
-2.2347E+000
-1.5302E+000
 8.6668E-001
-2.2961E+000
-1.5875E+000
 6.7794E-001
-2.4530E+000
-1.5390E+000
 4.9675E-001
-1.9472E+000
-1.2983E+000
 9.5212E-001
-1.7750E+000
-1.2743E+000
 8.8999E-001
-1.6683E+000
-1.1757E+000
 1.0779E+000
-1.4357E+000
-1.0315E+000
 1.0036E+000
-1.6234E+000
-1.1642E+000
 8.4087E-001
-1.6887E+000
-1.2465E+000
 8.4385E-001
-1.7715E+000
-1.2581E+000
 1.1967E+000
-1.7606E+000
-1.2373E+000
 1.2885E+000
-1.8751E+000
-1.3393E+000
 1.1646E+000
-2.0493E+000
-1.4901E+000
 1.1321E+000
-1.8145E+000
-1.2968E+000
 1.5506E+000
-2.1908E+000
 1.1298E-001
 2.2104E+000
-1.8036E+000
-1.3027E+000
 1.1321E+000
-1.8812E+000
-1.3471E+000
 1.0683E+000
-1.8859E+000
-1.3558E+000
 1.0862E+000
-1.7760E+000
-1.3076E+000
 1.0900E+000
-1.8521E+000
-1.3731E+000
 1.1234E+000
-1.8765E+000
-1.1317E+000
 1.4209E+000
-1.9267E+000
-1.4193E+000
 1.1286E+000
-1.9400E+000
-1.4577E+000
 1.1262E+000
-1.8531E+000
-1.5543E+000
 1.1433E+000
-1.7685E+000
-1.6430E+000
 1.3095E+000
-1.9760E+000
-1.4391E+000
 1.2818E+000
-4.0064E+000
-1.3229E+000
 2.4309E+000
-1.7707E+000
-1.5528E+000
 1.0968E+000
-1.4775E+000
-1.4973E+000
 1.2786E+000
-1.3773E+000
-1.2182E+000
 1.1982E+000
-1.4420E+000
-9.9814E-001
 1.3977E+000
-1.4460E+000
-1.2344E+000
 1.3805E+000
-1.2551E+000
-1.0087E+000
 1.2141E+000
-1.1948E+000
-8.8542E-001
 1.3471E+000
-1.3687E+000
-1.0364E+000
 1.2256E+000
-1.3080E+000
-9.7376E-001
 9.3629E-001
-3.0853E-001
 5.6410E-001
 1.6137E-001
-8.8147E-001
-5.6590E-001
 1.4153E+000
-8.7678E-001
-5.8110E-001
 1.3464E+000
-8.0814E-001
-5.4367E-001
 9.7943E-001
-4.8868E-001
-4.2333E-001
 9.1709E-001
-7.1878E-001
-4.2571E-001
 1.5186E+000
-1.0455E+000
-2.8517E-001
 1.5490E+000
-9.4373E-001
-7.5769E-001
 7.8448E-001
-8.1851E-001
-8.4302E-001
 5.3428E-001
-7.4798E-001
-7.4443E-001
 2.7551E-001
-6.7933E-001
-8.2398E-001
 3.7247E-002
-7.8979E-001
-9.9976E-001
 4.5223E-001
-1.1083E+000
-6.8229E-001
 2.6556E-001
-7.4054E-001
-7.2637E-001
 3.7913E-001
-7.2532E-001
-7.4931E-001
 2.5529E-001
-7.0321E-001
-7.2312E-001
 3.9096E-001
-7.9461E-001
-6.6346E-001
 6.2542E-001
-8.6780E-001
-8.7032E-001
 1.4461E-001
-5.6447E-001
-5.9385E-001
 2.3150E-001
-5.2943E-001
-5.3224E-001
 4.7307E-001
-9.4244E-001
-8.2131E-001
 3.8162E-001
-9.6321E-001
-8.9449E-001
 1.2408E-001
-3.0299E-001
-3.4775E-001
 3.5420E-001
 1.6532E-001
 2.0948E-001
 3.2495E-001
-1.1574E+000
-8.0617E-001
 5.9322E-001
-1.4572E+000
-1.0006E+000
 5.6881E-001
-1.3603E+000
-9.8427E-001
 4.2199E-001
-1.0962E+000
-8.2549E-001
 5.0969E-001
-1.6255E+000
-1.0452E+000
 9.6400E-001
-1.3424E+000
-4.9824E-001
 8.2504E-001
-1.5013E+000
-1.1702E+000
 1.8980E-001
-1.3987E+000
-1.1467E+000
 9.0235E-003
-1.7351E+000
-1.2963E+000
 8.5512E-002
-1.7070E+000
-1.2520E+000
 1.9648E-001
-1.3238E+000
-1.2125E+000
-5.2420E-001
-4.7931E-001
-8.4387E-001
-1.1429E+000
-1.9838E+000
-1.4631E+000
-3.0566E-002
-2.2789E+000
-1.6113E+000
-2.9857E-003
-2.5559E+000
-1.7370E+000
 1.5282E-001
-2.4666E+000
-1.6715E+000
 1.8139E-001
-2.3294E+000
-1.8842E+000
-4.3529E-001
-2.7842E+000
-1.7767E+000
 2.0891E-001
-2.9718E+000
-1.8719E+000
 3.0642E-001
-3.0844E+000
-1.9626E+000
 2.2907E-001
-3.0735E+000
-1.9708E+000
 1.7341E-001
-2.9654E+000
-1.8717E+000
 4.2948E-001
-2.9499E+000
-1.7843E+000
 4.0239E-001
-3.1504E+000
-1.9817E+000
 2.1575E-001
-3.0815E+000
-1.9923E+000
 2.8953E-001
-3.0400E+000
-1.8290E+000
 2.6118E-001
-3.0864E+000
-1.8751E+000
 3.1281E-001
-2.9567E+000
-2.0908E+000
 5.6152E-001
-2.9967E+000
-2.1869E+000
-5.2583E-001
-2.9037E+000
-1.7934E+000
 3.0774E-001
-2.7917E+000
-1.6665E+000
 2.5107E-001
-2.6773E+000
-1.5799E+000
 3.4332E-001
-2.7314E+000
-1.6279E+000
 3.6590E-001
-2.7822E+000
-1.6965E+000
 1.5646E-001
-2.5124E+000
-1.4363E+000
 3.7052E-001
-2.3143E+000
-1.2908E+000
 5.0591E-001
-2.2507E+000
-1.2955E+000
 2.8968E-001
-2.2571E+000
-1.3311E+000
 1.5124E-001
-1.9349E+000
-1.1370E+000
 5.8348E-001
-2.1077E+000
-8.9432E-001
 1.1135E+000
-2.1737E+000
-1.2146E+000
 3.5897E-001
-1.9951E+000
-1.2175E+000
 2.5251E-001
-1.6942E+000
-9.8376E-001
 4.2222E-001
-1.7034E+000
-9.0900E-001
 5.6840E-001
-2.3406E+000
-1.2700E+000
 3.3460E-001
-1.6306E-001
-1.0172E+000
-2.8532E-001
-1.5179E+000
-9.5858E-001
 2.8215E-001
-1.2145E+000
-7.0214E-001
 4.0975E-001
-1.3385E+000
-7.5731E-001
 5.6406E-001
-1.5050E+000
-8.5436E-001
 4.1857E-001
-9.3642E-001
-6.0594E-001
-4.6375E-003
-5.9535E-001
-4.6132E-001
 1.3203E-001
-1.3313E+000
-6.2235E-001
 7.8049E-001
-1.4630E+000
-6.2540E-001
 1.0369E+000
-1.0489E+000
-3.1522E-001
 1.1034E+000
-7.8604E-001
-1.5025E-001
 1.2348E+000
-1.7859E+000
-6.2415E-001
 1.4854E+000
-2.1859E+000
-8.6958E-001
 1.6072E+000
-9.9385E-001
-2.8695E-001
 1.1398E+000
-6.0687E-001
-2.3077E-002
 1.2004E+000
-6.3410E-001
 4.0249E-002
 1.3616E+000
-9.1517E-001
-1.1209E-001
 1.3674E+000
-2.7241E-001
-1.1376E-001
 8.1812E-001
-4.9130E-001
-4.6069E-001
 2.6943E-001
-3.7220E-001
 2.8029E-001
 1.5295E+000
-3.7288E-001
 3.6711E-001
 1.7477E+000
-2.0325E-001
 3.5384E-001
 1.4763E+000
 8.2860E-002
 4.7863E-001
 1.3571E+000
-1.3364E-001
 5.3358E-001
 2.0933E+000
-1.7010E-001
 5.7369E-001
 2.3920E+000
-4.1880E-001
 1.9744E-001
 1.3917E+000
-3.4920E-001
 1.6259E-001
 1.1205E+000
-9.7331E-002
 3.4590E-001
 1.2307E+000
 9.1704E-002
 3.7348E-001
 9.5991E-001
-5.6612E-001
-2.5047E-003
 1.0742E+000
-1.4534E+000
-5.0557E-002
 8.9221E-001
-8.4179E-002
 4.5371E-001
 1.5912E+000
 1.6409E-001
 6.6721E-001
 1.7325E+000
 5.0793E-001
 8.8562E-001
 1.6988E+000
 7.8187E-001
 1.0324E+000
 1.6974E+000
 9.8027E-003
 8.0980E-001
 2.0769E+000
-3.9767E-001
 5.7304E-001
 2.1540E+000
 5.6415E-001
 9.0616E-001
 1.6504E+000
 8.9002E-001
 1.0925E+000
 1.6157E+000
 1.0281E+000
 1.0449E+000
 1.2213E+000
 1.3517E+000
 1.2851E+000
 1.0871E+000
 9.0794E-001
 1.1193E+000
 1.7790E+000
 9.1707E-001
 1.2847E+000
 2.3723E+000
 7.8488E-001
 8.2678E-001
 1.0153E+000
 8.5457E-001
 7.6379E-001
 6.4419E-001
 6.3761E-001
 5.7876E-001
 4.0381E-001
 3.3347E-001
 3.8373E-001
 4.5443E-001
 6.2336E-001
 6.1920E-001
 6.6022E-001
 2.5448E-001
 1.4835E-001
 1.0499E+000
 8.1909E-001
 5.9957E-001
 1.5680E-001
 6.8934E-001
 4.4992E-001
-7.0745E-002
 4.8169E-001
 2.6688E-001
-3.5811E-001
 2.0112E-001
 6.5589E-002
-3.9790E-001
 1.0403E+000
 5.4087E-001
-2.5092E-001
 1.9811E+000
 4.9958E-001
 1.9602E-001
 6.8663E-001
 3.2832E-001
-5.4903E-001
 5.3462E-001
 1.6750E-001
-8.4135E-001
 5.9558E-001
 2.7637E-001
-7.0877E-001
 8.7500E-001
 4.8374E-001
-6.4396E-001
 6.8765E-001
 1.3402E-001
-1.3606E+000
 6.6389E-001
-2.9523E-001
-1.8984E+000
 2.8865E-001
 7.0499E-002
-6.3337E-001
 2.9481E-001
 1.3589E-001
-5.0171E-001
 5.3514E-001
 2.3863E-001
-8.2886E-001
 5.5323E-001
 1.2905E-001
-1.1931E+000
-7.1440E-002
-7.8077E-002
-4.5748E-001
-2.0434E-001
-2.3307E-001
-7.3007E-001
 7.0120E-001
 4.0044E-001
-7.0589E-001
 9.0896E-001
 5.6226E-001
-9.5589E-001
 6.9757E-001
 3.3821E-001
-1.2113E+000
 3.3831E-001
 1.1183E-001
-9.7455E-001
 1.1265E+000
 7.7571E-001
-6.6420E-001
 8.2950E-001
 5.8099E-001
-2.7287E-001
 8.2490E-001
 3.4249E-001
-1.5990E+000
 6.4471E-001
 1.3072E-001
-1.8795E+000
 6.9132E-001
 1.9805E-001
-1.8277E+000
 5.1973E-001
 8.5564E-002
-1.9502E+000
 7.3957E-001
 4.9316E-002
-2.4140E+000
-1.0949E+000
-2.9723E+000
-4.0578E+000
 9.9704E-001
 5.0006E-001
-1.6489E+000
 1.2059E+000
 6.4063E-001
-1.6275E+000
 1.2771E+000
 8.1021E-001
-1.1944E+000
 1.3270E+000
 8.9414E-001
-9.5375E-001
 1.4237E+000
 1.0946E+000
-1.9717E+000
 1.9602E+000
 2.9678E-001
-1.6166E+000
 1.2500E+000
 8.3176E-001
-1.0797E+000
 1.3892E+000
 9.6307E-001
-7.1145E-001
 1.8276E+000
 1.2950E+000
-7.3710E-001
 1.9872E+000
 1.3609E+000
-4.1779E-001
 1.3039E+000
 9.1475E-001
-5.0248E-001
 3.9685E-001
-1.4557E-001
 8.1693E-001
 2.0059E+000
 1.3369E+000
-1.0999E+000
 2.4046E+000
 1.5298E+000
-1.1714E+000
 2.5472E+000
 1.6540E+000
-1.0693E+000
 2.8381E+000
 1.8099E+000
-9.7784E-001
 2.5454E+000
 1.4023E+000
-1.4739E+000
 2.4114E+000
 1.0030E+000
-1.4842E+000
 2.3866E+000
 1.4966E+000
-1.0845E+000
 2.5133E+000
 1.6155E+000
-9.9649E-001
 2.4639E+000
 1.5874E+000
-5.7618E-001
 2.5988E+000
 1.7490E+000
-4.7279E-001
 2.4412E+000
 1.4341E+000
-1.2486E+000
 2.0438E+000
 1.1700E+000
-1.4264E+000
 2.2203E+000
 1.5579E+000
-3.4892E-001
 2.1697E+000
 1.5666E+000
 1.2497E-002
 2.4757E+000
 1.8290E+000
 2.4686E-001
 2.4886E+000
 1.8988E+000
 4.3950E-001
 1.9101E+000
 1.5803E+000
-6.9011E-002
 1.8170E+000
 9.4863E-001
-5.3421E-002
 2.6669E+000
 2.0004E+000
 2.1087E-001
 2.9130E+000
 2.2583E+000
 3.6839E-001
 3.1054E+000
 2.3855E+000
 3.2941E-001
 3.1705E+000
 2.5586E+000
 5.7552E-001
 3.1079E+000
 2.2790E+000
 1.6766E-001
 2.7124E+000
 2.0247E+000
-2.6015E-002
 3.2491E+000
 2.3070E+000
 1.3683E-002
 3.4728E+000
 2.4165E+000
-7.1152E-002
 3.3531E+000
 2.3810E+000
 7.1421E-002
 3.5233E+000
 2.6050E+000
 1.9192E-001
 3.6273E+000
 2.2323E+000
-3.4032E-001
 2.9609E+000
 2.0965E+000
 7.2902E-002
 2.8657E+000
 2.0685E+000
 1.6677E-001
 2.8588E+000
 2.1835E+000
 5.6752E-001
 2.9042E+000
 2.3031E+000
 6.4310E-001
 2.7095E+000
 1.7490E+000
 1.6052E-001
 1.2588E+000
 1.0608E+000
-6.7892E-001
 2.7235E+000
 2.2226E+000
 7.6110E-001
 2.6671E+000
 2.3950E+000
 1.1542E+000
 2.9940E+000
 2.7755E+000
 1.2370E+000
 2.9552E+000
 2.9561E+000
 1.4832E+000
 2.4945E+000
 2.3721E+000
 1.3001E+000
 2.2890E+000
 2.6381E+000
 1.7224E+000
 3.2683E+000
 2.9290E+000
 9.8697E-001
 3.5782E+000
 3.2981E+000
 1.0139E+000
 3.6853E+000
 3.3357E+000
 9.3384E-001
 3.7836E+000
 3.6790E+000
 1.1279E+000
 3.7780E+000
 3.2457E+000
 8.1431E-001
 1.7685E+000
 7.7626E+000
-7.3453E-001
 3.5972E+000
 3.0764E+000
 6.3633E-001
 3.7720E+000
 3.1589E+000
 5.8244E-001
 3.6177E+000
 3.1205E+000
 8.4178E-001
 3.7819E+000
 3.3876E+000
 7.8126E-001
 3.7443E+000
 2.9137E+000
 2.9205E-001
 3.9259E+000
 2.7017E+000
-3.5828E-001
 3.1989E+000
 2.8511E+000
 1.0590E+000
 3.0311E+000
 2.8353E+000
 1.2986E+000
 3.0444E+000
 3.1751E+000
 1.6837E+000
 2.9803E+000
 3.3313E+000
 1.8778E+000
 2.8160E+000
 2.6319E+000
 1.3249E+000
 2.3976E+000
 2.2220E+000
 1.0197E+000
 3.1110E+000
 3.3898E+000
 1.7798E+000
 3.0608E+000
 3.8159E+000
 2.1192E+000
 3.4020E+000
 4.2477E+000
 2.0695E+000
 3.3235E+000
 4.6540E+000
 2.3923E+000
 3.0135E+000
 3.8398E+000
 2.1558E+000
 3.5025E+000
 3.5795E+000
-6.0360E-001
 3.6635E+000
 4.2354E+000
 1.7035E+000
 4.0084E+000
 4.6005E+000
 1.5448E+000
 3.9668E+000
 4.6587E+000
 1.6644E+000
 4.2358E+000
 5.3433E+000
 1.5254E+000
 4.3484E+000
 4.4702E+000
 1.0849E+000
 3.6727E+000
 4.2919E+000
 1.7466E+000
 3.5840E+000
 4.2964E+000
 1.8766E+000
 3.2435E+000
 4.2647E+000
 2.3295E+000
 3.0963E+000
 4.2342E+000
 2.4769E+000
 3.5314E+000
 3.8243E+000
 1.5518E+000
 6.0025E+000
 2.7859E+000
-1.5707E+000
 3.0225E+000
 4.3420E+000
 2.5992E+000
 2.7208E+000
 4.3433E+000
 3.0203E+000
 2.3496E+000
 3.7050E+000
 3.0863E+000
 2.1145E+000
 3.6205E+000
 3.4468E+000
 2.4124E+000
 3.3524E+000
 2.7914E+000
 2.0546E+000
 2.6570E+000
 2.7863E+000
 2.1113E+000
 2.6714E+000
 2.6221E+000
 2.3738E+000
 2.9975E+000
 2.3862E+000
 2.1357E+000
 2.2511E+000
 2.2040E+000
 1.0232E+000
 2.8218E-001
 2.3303E+000
 1.7867E+000
 2.4029E+000
 2.6575E+000
 1.8038E+000
 2.3210E+000
 2.4682E+000
 1.6781E+000
 1.9379E+000
 2.1544E+000
 1.4558E+000
 1.7126E+000
 2.1567E+000
 1.6760E+000
 2.3425E+000
 2.7918E+000
 1.3690E+000
 2.0843E+000
 2.9612E+000
 1.7649E+000
 1.8805E+000
 1.8554E+000
 1.6516E+000
 1.5723E+000
 1.5338E+000
 1.2710E+000
 1.3403E+000
 1.6111E+000
 1.0027E+000
 1.1109E+000
 1.5407E+000
 1.8357E+000
 1.5706E+000
 1.2595E+000
 1.2317E+000
 1.3706E+000
 1.7357E+000
 9.1374E-001
 1.1676E+000
 1.8051E+000
 8.4603E-001
 1.2542E+000
 2.1201E+000
 1.0873E+000
 1.4800E+000
 2.2124E+000
 9.6681E-001
 1.0998E+000
 1.7244E+000
 9.3300E-001
-1.6320E+000
 7.5393E-001
 5.5806E-001
 1.0835E+000
 2.3246E+000
 4.9763E-001
 1.1177E+000
 2.5936E+000
 1.7686E-001
 8.6700E-001
 2.5849E+000
-3.1286E-002
 6.6946E-001
 2.5532E+000
 5.1527E-001
 1.1244E+000
 2.9393E+000
 9.3467E-001
 7.1607E-001
 3.3387E+000
 1.7515E-001
 8.5796E-001
 2.5396E+000
-1.2994E-001
 6.1451E-001
 2.5579E+000
-1.0411E-001
 6.9474E-001
 2.8224E+000
 1.4541E-001
 9.3093E-001
 2.9376E+000
-2.3896E-001
 4.5984E-001
 2.0506E+000
 5.6535E-001
 8.2272E-001
 1.2157E+000
-3.7255E-001
 4.9145E-001
 2.9265E+000
-3.9031E-001
 5.2327E-001
 3.1760E+000
-2.5937E-001
 5.7955E-001
 3.0074E+000
-3.4545E-001
 4.3852E-001
 2.7313E+000
-6.1394E-001
 3.1423E-001
 3.2688E+000
-7.7910E-001
 3.5330E-001
 3.5747E+000
 2.5715E-002
 8.3502E-001
 3.1786E+000
 1.9144E-001
 9.0703E-001
 3.0239E+000
 1.2185E-001
 8.7968E-001
 3.2587E+000
 2.2199E-001
 9.2225E-001
 3.1059E+000
 4.7491E-001
 1.2183E+000
 3.0421E+000
 8.4885E-001
 1.3275E+000
 2.7473E+000
-5.9783E-002
 8.1901E-001
 3.5368E+000
-1.1008E-001
 7.8739E-001
 3.8593E+000
-3.1058E-001
 5.2567E-001
 3.7738E+000
-2.3741E-001
 6.0523E-001
 3.9144E+000
-2.3395E-001
 6.6773E-001
 4.2816E+000
 2.6156E-001
 1.9365E+000
 4.6403E+000
-6.4009E-001
 2.8915E-001
 3.5214E+000
-7.9318E-001
 5.5755E-002
 3.4727E+000
-7.1768E-001
 7.4157E-003
 2.9749E+000
-6.9081E-001
 1.0770E-002
 2.7206E+000
-1.0772E+000
-4.1411E-001
 3.6241E+000
 1.1280E+000
 5.4056E-001
 2.7507E+000
-7.2589E-001
-2.0265E-002
 2.8276E+000
-6.8498E-001
-3.3912E-002
 2.3751E+000
-9.5267E-001
-2.5141E-001
 2.1355E+000
-9.1427E-001
-2.2266E-001
 1.7964E+000
-6.5270E-001
 2.7865E-002
 2.4321E+000
-7.9548E-001
-6.5605E-002
 3.3600E+000
-1.2260E+000
-4.4326E-001
 2.3132E+000
-1.4908E+000
-6.9236E-001
 2.0875E+000
-1.3658E+000
-6.0945E-001
 1.9018E+000
-1.4906E+000
-6.2714E-001
 1.5775E+000
-1.8158E+000
-9.1744E-001
 2.4043E+000
-3.1557E+000
 3.3897E+000
 1.0920E+000
-1.1933E+000
-4.0706E-001
 2.1217E+000
-1.0070E+000
-2.6155E-001
 1.9369E+000
-7.4471E-001
-1.0330E-001
 1.6901E+000
-7.0105E-001
-8.5699E-002
 1.3681E+000
-9.8799E-001
-1.0048E-001
 2.0848E+000
-1.1516E+000
-6.4050E-001
 2.2842E+000
-5.5346E-001
 8.5253E-002
 1.7483E+000
-3.2307E-001
 2.3952E-001
 1.5214E+000
-3.6432E-001
 1.7164E-001
 1.2396E+000
-1.7451E-001
 2.1371E-001
 1.0083E+000
-2.5326E-001
 4.8454E-001
 1.7501E+000
-3.8057E-001
 5.6398E-001
 1.8554E+000
-6.3523E-001
-3.7644E-002
 1.2218E+000
-6.9559E-001
-1.3147E-001
 9.0598E-001
-6.8107E-001
-1.7807E-001
 5.4205E-001
-5.7383E-001
-1.5587E-001
 2.8877E-001
-9.4939E-001
-4.9232E-001
 1.0450E+000
-1.0583E+000
-1.0274E+000
 9.7347E-001
-8.4220E-001
-3.0382E-001
 5.3051E-001
-8.9285E-001
-3.1968E-001
 2.0671E-001
-5.3936E-001
-1.4321E-001
-1.1577E-002
-5.2635E-001
-1.6847E-001
-2.8827E-001
-9.9444E-001
-4.5998E-001
 2.4489E-001
-1.1320E+000
-5.0622E-001
 9.0179E-001
-2.7118E-001
 8.8639E-002
 2.1488E-001
 9.2799E-002
 3.3168E-001
 3.5594E-002
 2.4027E-001
 4.3911E-001
-7.5596E-002
 3.8033E-001
 5.1911E-001
-4.0335E-001
 2.7790E-001
 5.3376E-001
 3.3143E-001
 7.4789E-001
 8.1561E-001
 2.2131E-001
 1.5418E-001
 4.4220E-001
 1.7863E-001
 3.0133E-001
 5.7598E-001
 1.6044E-001
 1.8359E-001
 4.0296E-001
-1.8451E-001
 3.5976E-001
 5.4896E-001
-4.3669E-001
 1.6213E-001
 5.3492E-001
 7.3346E-001
 2.1963E-001
 7.7669E-001
 1.1877E+000
-1.8140E-001
 1.4064E-001
-2.5047E-001
-3.3096E-001
-3.1134E-002
-5.4855E-001
-2.4981E-001
-4.5576E-002
-9.8041E-001
-2.8132E-001
-8.3552E-002
-1.3094E+000
-7.6715E-001
-3.0551E-001
-4.4141E-001
-1.9160E-001
-8.3786E-004
-1.0152E+000
-9.4261E-002
-2.1674E-002
-1.3603E+000
 8.3650E-002
 6.4179E-002
-1.7643E+000
-7.1830E-002
-8.5348E-002
-2.1191E+000
 8.6488E-002
 2.0774E-001
-1.2611E+000
 3.7689E-001
 3.1640E-001
-1.7278E+000
 5.7845E-001
 4.4781E-001
-2.0870E+000
 5.5004E-001
 4.2131E-001
-2.1279E+000
 7.7550E-001
 5.8392E-001
-2.3271E+000
 8.9726E-001
 8.3794E-001
-2.0635E+000
 1.1101E+000
 1.1590E+000
-2.6769E+000
 2.1694E-001
 1.9736E-001
-1.9870E+000
 2.1564E-001
 2.0194E-001
-2.0191E+000
 2.9806E-002
 1.5019E-001
-1.6480E+000
-4.2356E-002
 9.0834E-002
-1.7093E+000
-7.2935E-003
 1.7771E-001
-1.2306E+000
-1.6605E-001
 1.1501E-001
-8.4656E-001
-6.0297E-001
-1.6169E-001
-8.5312E-001
-6.9703E-001
-3.3207E-001
-1.0382E+000
-7.4631E-001
-2.5710E-001
-6.2269E-001
-1.1620E+000
-5.2561E-001
-5.7308E-001
-1.1766E+000
-5.2600E-001
-1.7084E-001
-9.0078E-001
-3.1210E-001
-1.0612E-001
-1.3625E+000
-6.9258E-001
-1.1091E+000
-7.4555E-001
 2.8086E-002
-1.4734E+000
-1.4330E+000
-7.1619E-001
 4.1338E-002
-1.3994E+000
-7.3019E-001
 2.6640E-001
-1.4168E+000
-7.3462E-001
 2.3240E-001
-1.1762E+000
-5.4539E-001
 2.8038E-001
-1.5719E+000
-9.7846E-001
 5.2274E-001
-1.6389E+000
-9.1523E-001
 5.7831E-002
-1.6616E+000
-9.3772E-001
 2.7628E-002
-1.7859E+000
-9.5758E-001
-1.9038E-001
-1.9934E+000
-1.0988E+000
-2.3342E-001
-1.7450E+000
-1.0971E+000
 2.4848E-001
-1.6368E+000
-1.0456E+000
 5.0702E-001
-1.7377E+000
-8.1792E-001
-3.2820E-001
-1.6842E+000
-8.1360E-001
-2.3323E-001
-1.9215E+000
-9.4928E-001
-2.4767E-001
-1.9747E+000
-9.8565E-001
-1.6632E-001
-1.7036E+000
-9.0529E-001
-2.4605E-001
-3.4965E+000
-1.0237E-001
 5.7981E-002
-2.1007E+000
-8.5626E-001
-1.1757E-001
-2.1507E+000
-9.1423E-001
-1.1230E-001
-2.2048E+000
-8.4268E-001
-7.9943E-002
-2.3296E+000
-8.0895E-001
-1.2284E-001
-2.1755E+000
-1.0569E+000
-1.0893E-001
-2.4650E+000
-9.4877E-001
-1.2758E-001
-2.1087E+000
-8.8601E-001
 3.3285E-002
-2.1629E+000
-7.9440E-001
 6.6695E-002
-2.0237E+000
-8.8127E-001
 1.5245E-001
-2.0789E+000
-7.3046E-001
 8.5402E-002
-2.2586E+000
-5.2233E-001
 2.3603E-001
-2.6659E+000
 2.9731E+000
 5.2700E-001
-1.9692E+000
-1.0926E+000
 2.4713E-001
-1.7612E+000
-1.1482E+000
 3.4587E-001
-1.7547E+000
-1.2810E+000
 4.9771E-001
-1.6030E+000
-1.3328E+000
 6.5793E-001
-1.7541E+000
-1.1272E+000
 7.0089E-001
-2.0604E+000
-9.6243E-001
 8.9331E-001
-1.7350E+000
-1.1938E+000
 5.0630E-001
-1.7947E+000
-1.2537E+000
 6.4921E-001
-1.8056E+000
-1.2502E+000
 6.4228E-001
-1.8917E+000
-1.3197E+000
 8.9249E-001
-1.7129E+000
-1.1758E+000
 5.8485E-001
-1.7371E+000
-1.2699E+000
 4.8086E-001
-2.0107E+000
-1.0486E+000
 4.0170E-001
-1.9634E+000
-9.5956E-001
 1.9927E-001
-1.6110E+000
-1.1038E+000
 5.0989E-001
-2.3698E+000
-1.0434E+000
 6.6762E-001
-2.2582E+000
-1.0110E+000
 2.0901E-001
-2.3218E+000
-1.0956E+000
 2.0251E-001
-2.1617E+000
-1.0778E+000
 7.7072E-002
-2.2241E+000
-1.1086E+000
 1.6734E-001
-2.3054E+000
-1.3685E+000
 1.6824E-001
-2.6155E+000
-1.3303E+000
 6.8134E-001
-1.9822E+000
-1.0060E+000
-4.5048E-002
-1.7719E+000
-8.8985E-001
-1.1267E-001
-1.6591E+000
-9.1629E-001
-1.3280E-002
-1.5855E+000
-8.1192E-001
-7.6433E-002
-1.7671E+000
-7.7875E-001
-2.9839E-001
-1.6988E+000
-6.0023E-001
-2.2154E-001
-1.7411E+000
-8.9843E-001
 1.1469E-001
-1.6095E+000
-8.3804E-001
 3.1419E-001
-1.3150E+000
-6.5295E-001
 2.8663E-001
-1.2292E+000
-5.5033E-001
 4.4130E-001
-1.7881E+000
-8.0002E-001
 3.4000E-001
-2.0022E+000
-8.9885E-001
 5.7545E-001
-1.2546E+000
-6.0717E-001
 7.2419E-002
-9.4274E-001
-4.0348E-001
 7.8910E-003
-8.5794E-001
-3.5331E-001
-1.5832E-001
-6.0613E-001
-1.4115E-001
-2.7200E-001
-9.2481E-001
-3.4824E-001
-4.1009E-003
-1.0087E+000
 1.0132E-001
 1.4026E+000
-1.0439E+000
-4.4125E-001
-1.7858E-001
-9.6979E-001
-4.1178E-001
-3.1497E-001
-9.6339E-001
-3.8604E-001
-2.3375E-001
-1.2657E+000
-6.0508E-001
-1.8056E-001
-9.7822E-001
-4.9258E-001
-3.5498E-001
-4.1396E-001
-6.6642E-001
-2.2364E-001
-7.3233E-001
-1.9060E-001
-7.3130E-002
-6.9482E-001
-9.2648E-002
-1.5694E-002
-4.9529E-001
 5.7986E-002
-1.8893E-001
-2.5445E-001
 2.1391E-001
-3.8827E-001
-6.7540E-001
-3.2926E-002
 1.3693E-001
-7.1235E-001
-4.8107E-002
 2.4071E-001
-5.6690E-001
-2.3424E-002
-2.2571E-001
-2.5042E-001
 1.7868E-001
-4.2307E-001
-9.6639E-002
 3.4873E-001
-2.1544E-001
-3.9154E-002
 3.8162E-001
-3.1804E-001
 6.3542E-002
 4.3729E-001
 1.4400E-001
 2.3913E-001
 6.2221E-001
 4.2173E-001
 6.8561E-001
 9.0099E-001
 3.5769E-001
 8.4997E-001
 1.0689E+000
 4.8145E-001
 2.2880E-002
 6.9944E-001
 7.3309E-001
-2.3468E-001
 5.4813E-001
 1.0279E+000
 7.9691E-001
 9.8995E-001
 1.3607E-001
 1.1742E+000
 1.2603E+000
 7.3219E-002
 1.2940E+000
 1.3323E+000
-3.7307E-001
 1.5986E+000
 1.5638E+000
-4.8378E-001
 1.2154E+000
 1.2900E+000
 1.4206E-001
-1.6607E-001
 1.5966E+000
 2.5640E+000
 1.0798E+000
 1.1560E+000
-6.3158E-001
 1.2226E+000
 1.2180E+000
-1.0729E+000
 1.4299E+000
 1.3917E+000
-1.0946E+000
 1.4747E+000
 1.4438E+000
-7.9071E-001
 1.1470E+000
 7.8934E-001
-1.2989E+000
 1.2066E+000
 3.7151E-001
-1.5649E+000
 1.5821E+000
 1.4893E+000
-1.4739E+000
 1.8024E+000
 1.6672E+000
-1.5734E+000
 1.6132E+000
 1.5082E+000
-1.5032E+000
 1.7380E+000
 1.6242E+000
-1.3466E+000
 1.9713E+000
 1.7275E+000
-2.0482E+000
 1.3122E+000
 1.2404E+000
-1.6130E+000
 1.0818E+000
 1.0386E+000
-1.5824E+000
 1.0684E+000
 1.0599E+000
-1.1352E+000
 1.1405E+000
 1.1242E+000
-1.0868E+000
 9.4986E-001
 9.9263E-001
-8.3806E-001
 9.1695E-001
 1.0194E+000
-4.0755E-001
 1.2604E+000
 1.3104E+000
-2.4322E-001
 1.2928E+000
 1.3334E+000
-2.4860E-003
 7.6408E-001
 9.1599E-001
-1.4396E-001
 1.5185E+000
 1.5043E+000
-4.1731E-001
 1.8418E+000
 1.7827E+000
-3.1077E-001
 1.9328E+000
 1.8502E+000
-4.3969E-001
 2.0683E+000
 1.9774E+000
-2.0075E-001
 2.0435E+000
 2.0314E+000
-4.8741E-001
 2.8514E+000
 9.6685E-001
-2.4115E+000
 1.8705E+000
 1.7587E+000
-8.2213E-001
 1.9545E+000
 1.8139E+000
-9.4998E-001
 1.7981E+000
 1.6622E+000
-6.6541E-001
 1.9647E+000
 1.8392E+000
-5.4171E-001
 1.8443E+000
 1.7554E+000
-1.2871E+000
 1.4904E+000
 1.4498E+000
-5.6809E-001
 1.3157E+000
 1.3085E+000
-3.0428E-001
 1.4080E+000
 1.4268E+000
 1.2134E-001
 1.4336E+000
 1.4555E+000
 2.7179E-001
 1.4545E+000
 1.4885E+000
 3.2979E-001
 1.5372E+000
 1.6143E+000
 7.2472E-001
 1.8971E+000
 1.8918E+000
 7.5077E-001
 1.9645E+000
 1.9768E+000
 1.0108E+000
 1.5016E+000
 1.5816E+000
 8.3662E-001
 1.3977E+000
 1.6713E+000
 1.1691E+000
 2.0835E+000
 2.0300E+000
 4.4016E-001
 2.3966E+000
 2.2808E+000
 4.0833E-001
 2.3717E+000
 2.2576E+000
 3.9229E-001
 2.5212E+000
 2.3976E+000
 6.0130E-001
 2.5328E+000
 2.4269E+000
 1.5008E-001
 2.6450E+000
 2.6422E+000
 1.8057E-001
 2.1976E+000
 2.0664E+000
 1.3373E-001
 2.1627E+000
 2.0418E+000
 1.5177E-001
 2.0818E+000
 1.9967E+000
 5.1194E-001
 2.1972E+000
 2.1065E+000
 6.2942E-001
 1.9636E+000
 1.9326E+000
-4.4512E-002
 2.0238E+000
 2.0549E+000
 3.3475E-001
 1.8357E+000
 1.8405E+000
 7.2394E-001
 1.7477E+000
 1.7759E+000
 1.0703E+000
 1.9866E+000
 2.0399E+000
 1.3771E+000
 2.0193E+000
 2.0999E+000
 1.5697E+000
 1.5527E+000
 1.6418E+000
 1.1575E+000
 1.4192E+000
 1.2078E+000
 1.6758E+000
 2.1581E+000
 2.1839E+000
 1.3734E+000
 2.3917E+000
 2.4113E+000
 1.6285E+000
 2.6129E+000
 2.5944E+000
 1.5469E+000
 2.6937E+000
 2.7215E+000
 1.8121E+000
 2.4608E+000
 2.4251E+000
 1.5203E+000
 2.4479E+000
 2.4415E+000
 1.6841E+000
 2.6998E+000
 2.6066E+000
 1.1946E+000
 2.9233E+000
 2.7690E+000
 1.0731E+000
 2.8332E+000
 2.7044E+000
 1.2153E+000
 3.0223E+000
 2.8588E+000
 1.2730E+000
 2.9513E+000
 2.7618E+000
 7.9814E-001
 3.1329E+000
 3.0116E+000
 7.2308E-001
 2.5457E+000
 2.4732E+000
 1.2761E+000
 2.4454E+000
 2.4091E+000
 1.3965E+000
 2.4986E+000
 2.5364E+000
 1.7991E+000
 2.5904E+000
 2.6290E+000
 1.8806E+000
 2.0792E+000
 2.1586E+000
 1.3627E+000
 1.5945E+000
 2.0263E+000
 8.3925E-001
 2.4385E+000
 2.5278E+000
 2.0126E+000
 2.4734E+000
 2.6175E+000
 2.3884E+000
 2.7887E+000
 2.9046E+000
 2.4661E+000
 2.8542E+000
 3.0287E+000
 2.7101E+000
 2.2714E+000
 2.5218E+000
 2.4952E+000
 2.0901E+000
 2.3947E+000
 2.5599E+000
 2.9655E+000
 3.0366E+000
 2.2560E+000
 3.2686E+000
 3.2853E+000
 2.3108E+000
 3.4232E+000
 3.3917E+000
 2.1830E+000
 3.6302E+000
 3.6044E+000
 2.3293E+000
 3.2584E+000
 3.1883E+000
 2.1644E+000
 4.4038E+000
 6.0109E+000
 2.1956E+000
 3.3294E+000
 3.2589E+000
 1.9173E+000
 3.4653E+000
 3.3279E+000
 1.7855E+000
 3.3483E+000
 3.2731E+000
 1.9830E+000
 3.3990E+000
 3.2846E+000
 1.8694E+000
 3.4329E+000
 3.2382E+000
 1.5345E+000
 3.5091E+000
 3.3207E+000
 1.3880E+000
 3.1798E+000
 3.2070E+000
 2.2765E+000
 3.0395E+000
 3.1760E+000
 2.5464E+000
 2.8439E+000
 2.9702E+000
 2.4203E+000
 2.7978E+000
 3.0734E+000
 2.6181E+000
 3.2723E+000
 3.2919E+000
 2.8111E+000
 4.7057E+000
 2.0171E+000
 3.5108E-001
 2.7288E+000
 2.8121E+000
 2.1209E+000
 2.5349E+000
 2.6057E+000
 1.9870E+000
 2.2327E+000
 2.4118E+000
 2.2016E+000
 2.0277E+000
 2.2664E+000
 2.1939E+000
 2.5194E+000
 2.4955E+000
 1.4625E+000
 3.1620E+000
 2.6242E+000
 1.1049E+000
 2.2065E+000
 2.4447E+000
 2.3880E+000
 1.9313E+000
 2.2697E+000
 2.6319E+000
 2.0415E+000
 2.3909E+000
 2.9418E+000
 2.2663E+000
 2.5621E+000
 2.9064E+000
 1.8774E+000
 2.2136E+000
 2.5044E+000
 3.0096E-001
 3.8266E-001
 1.2013E+000
 1.8880E+000
 2.3116E+000
 3.2558E+000
 1.9306E+000
 2.3967E+000
 3.5995E+000
 1.7348E+000
 2.2381E+000
 3.6304E+000
 1.4295E+000
 2.0166E+000
 3.5596E+000
 1.8610E+000
 2.2297E+000
 3.8952E+000
 2.0009E+000
 2.0606E+000
 4.1850E+000
 1.9037E+000
 2.3632E+000
 3.7136E+000
 1.7020E+000
 2.1866E+000
 3.7615E+000
 1.4086E+000
 2.0701E+000
 4.0578E+000
 1.2480E+000
 1.9031E+000
 4.0941E+000
 1.9438E+000
 2.4293E+000
 3.8198E+000
 1.3881E+000
 2.1250E+000
 4.3125E+000
 1.0474E+000
 2.0815E+000
 4.5949E+000
 7.9416E-001
 1.8619E+000
 4.5459E+000
 5.5920E-001
 1.8010E+000
 4.8139E+000
 1.2278E+000
 2.2011E+000
 5.0584E+000
 1.2415E+000
 2.1890E+000
 5.1298E+000
 7.9203E-001
 1.7890E+000
 4.2103E+000
 5.3294E-001
 1.5362E+000
 4.1153E+000
 2.0390E-001
 1.3054E+000
 4.0907E+000
 1.7424E-001
 1.1976E+000
 3.8760E+000
 5.8628E-001
 1.5929E+000
 3.7443E+000
 5.8170E-001
 1.5823E+000
 3.8032E+000
-1.7113E-002
 1.1876E+000
 4.3343E+000
-3.2299E-001
 9.6951E-001
 4.3575E+000
-5.3467E-001
 7.5069E-001
 4.2354E+000
-4.4210E-001
 7.8693E-001
 4.0730E+000
-2.8689E-001
 9.2950E-001
 4.7481E+000
-3.6856E-001
 7.4191E-001
 5.3482E+000
-8.2212E-001
 5.5066E-001
 4.3071E+000
-1.0693E+000
 3.1846E-001
 4.2033E+000
-1.0314E+000
 4.5175E-001
 4.3755E+000
-1.0743E+000
 3.8672E-001
 4.1632E+000
-1.3777E+000
 1.4055E-001
 4.2435E+000
-1.3825E+000
-1.6542E-001
 4.0589E+000
-1.0421E+000
 5.5292E-001
 4.7454E+000
-1.0369E+000
 6.4015E-001
 4.9538E+000
-7.6466E-001
 8.3707E-001
 4.8553E+000
-7.4842E-001
 8.3012E-001
 4.8187E+000
-1.0960E+000
 7.4288E-001
 5.3083E+000
 3.2110E-001
-4.7491E-001
 4.4348E+000
-4.9552E-001
 9.9561E-001
 4.7887E+000
-2.1680E-001
 1.1843E+000
 4.7154E+000
-2.1424E-001
 1.1083E+000
 4.3406E+000
-1.2037E-001
 1.1871E+000
 4.2670E+000
 4.9100E-003
 1.3818E+000
 4.7553E+000
 1.1254E-001
 1.6243E+000
 5.0336E+000
-2.5853E-001
 9.4499E-001
 4.0236E+000
-2.7425E-001
 8.8387E-001
 3.6479E+000
-5.0549E-001
 6.8200E-001
 3.6347E+000
-4.5245E-001
 6.7536E-001
 3.4984E+000
-3.0376E-001
 8.4201E-001
 3.4445E+000
-7.3598E-001
 5.9953E-001
 3.7723E+000
-9.7687E-001
 3.5446E-001
 3.7784E+000
-8.8732E-001
 5.3421E-001
 3.9516E+000
-8.8638E-001
 4.5555E-001
 3.8243E+000
-1.4790E+000
 1.6567E-001
 3.9895E+000
-2.6901E+000
-2.0939E+000
 3.4364E+000
-7.3721E-001
 7.2373E-001
 4.3384E+000
-6.5903E-001
 8.4534E-001
 4.6068E+000
-4.0607E-001
 9.9065E-001
 4.3785E+000
-4.2179E-001
 9.9182E-001
 4.4339E+000
-5.9624E-001
 1.0265E+000
 4.9702E+000
-2.2610E-001
 1.0861E+000
 4.2052E+000
 4.4426E-002
 1.1961E+000
 4.0162E+000
-6.0814E-002
 1.0669E+000
 3.7323E+000
 8.8392E-002
 1.1403E+000
 3.7297E+000
 1.5306E-001
 1.2795E+000
 3.9484E+000
-2.9305E-001
 7.9557E-001
 3.4874E+000
-4.0159E-001
 6.9122E-001
 3.2837E+000
-5.3006E-001
 6.1262E-001
 3.4012E+000
-4.9399E-001
 5.9524E-001
 3.2828E+000
-5.4801E-001
 5.9128E-001
 3.0722E+000
-6.2551E-001
 6.7727E-001
 3.1620E+000
-7.1231E-001
 5.7562E-001
 3.6366E+000
-8.8029E-001
 4.5465E-001
 3.7934E+000
-6.9806E-001
 6.1251E-001
 4.0676E+000
-8.1314E-001
 5.1710E-001
 4.1193E+000
-9.3332E-001
 4.1841E-001
 3.9014E+000
-1.0265E+000
 3.0044E-001
 3.7832E+000
-4.3021E-001
 8.8089E-001
 4.1506E+000
-2.4633E-001
 1.0335E+000
 4.3231E+000
-5.2918E-002
 1.1035E+000
 4.0830E+000
 1.5714E-001
 1.2691E+000
 4.1786E+000
-1.2767E-001
 1.2092E+000
 4.5666E+000
 1.4105E-001
 1.8900E+000
 5.6894E+000
-7.7135E-002
 9.9355E-001
 3.7646E+000
 9.0158E-002
 1.0459E+000
 3.4888E+000
 4.3032E-001
 1.2615E+000
 3.4609E+000
 6.5868E-001
 1.4015E+000
 3.2079E+000
 4.9185E-001
 1.3629E+000
 3.6471E+000
 8.0327E-001
 1.6923E+000
 3.6585E+000
 8.9243E-001
 1.6564E+000
 3.3736E+000
 1.1882E+000
 1.8823E+000
 3.2284E+000
 7.9443E-001
 1.8478E+000
 4.1516E+000
 7.6638E-001
 1.7975E+000
 4.5555E+000
 6.4486E-001
 1.3611E+000
 3.1557E+000
 7.3374E-001
 1.3693E+000
 2.8198E+000
 6.0993E-001
 1.1512E+000
 2.5164E+000
 3.1629E-001
 9.8649E-001
 2.6022E+000
 5.7046E-001
 1.2358E+000
 2.9748E+000
 5.0236E-001
 1.1340E+000
 2.9566E+000
 7.7984E-001
 1.1500E+000
 2.1544E+000
 6.2882E-001
 9.9196E-001
 1.8571E+000
 3.5645E-001
 7.1827E-001
 1.7205E+000
 1.3660E-001
 5.7230E-001
 1.5951E+000
 8.4006E-001
 1.1521E+000
 1.4726E+000
 3.4963E-001
 7.2553E-001
 1.7442E+000
 8.7038E-002
 4.6689E-001
 1.5747E+000
-8.3750E-002
 4.7273E-001
 1.7732E+000
 1.2722E-001
 6.7664E-001
 2.0643E+000
 2.3504E-001
 3.3450E-001
 1.2953E+000
 7.8451E-001
 2.8796E-001
 8.7241E-001
-3.7294E-001
 1.9105E-001
 1.7053E+000
-5.7208E-001
 1.4175E-001
 1.8439E+000
-7.9948E-001
-1.7742E-001
 1.4642E+000
-8.8222E-001
-2.4992E-001
 1.1209E+000
-8.9388E-001
 3.6888E-002
 2.3936E+000
-1.2334E+000
-2.7254E-001
 2.6081E+000
-8.7949E-001
-2.0499E-001
 1.4929E+000
-1.1546E+000
-5.4000E-001
 1.1154E+000
-1.6024E+000
-4.9353E-001
 1.2424E+000
-1.4258E+000
-4.5398E-001
 1.6487E+000
-8.5062E-001
-6.8478E-001
 7.6149E-001
 2.5245E-001
-7.2604E-001
 3.3295E-001
-1.9266E+000
-7.9580E-001
 1.1112E+000
-2.0570E+000
-7.7724E-001
 1.1717E+000
-2.3245E+000
-1.0383E+000
 9.6113E-001
-2.3196E+000
-1.0650E+000
 7.6001E-001
-2.0705E+000
-8.5653E-001
 1.4003E+000
-2.0236E+000
-9.3125E-001
 1.8761E+000
-2.4656E+000
-1.0194E+000
 9.9680E-001
-2.6745E+000
-1.3791E+000
 8.6321E-001
-2.7282E+000
-1.4020E+000
 9.1092E-001
-2.6954E+000
-1.5020E+000
 1.1375E+000
-2.9381E+000
-1.4432E+000
 8.2448E-001
-2.8360E+000
-1.7440E+000
 5.6991E-001
-3.1665E+000
-1.3512E+000
 5.9919E-001
-3.2572E+000
-1.3719E+000
 7.3682E-001
-2.7735E+000
-2.1550E+000
 5.6227E-001
-2.8564E+000
-1.8396E+000
 7.9618E-001
-3.3360E+000
-1.3194E+000
 6.9760E-001
-3.4149E+000
-1.1958E+000
 7.1446E-001
-3.1483E+000
-1.1920E+000
 1.2836E+000
-3.1349E+000
-1.1780E+000
 9.3197E-001
-3.2165E+000
-1.4734E+000
 1.5579E-001
-3.2357E+000
 1.0206E+000
 2.5073E+000
-2.9165E+000
-1.1831E+000
 1.2328E+000
-2.5251E+000
-8.9026E-001
 1.6843E+000
-2.5954E+000
-9.2374E-001
 1.7064E+000
-2.4419E+000
-8.2257E-001
 2.0531E+000
-1.7654E+000
-5.7962E-001
 1.4932E+000
-2.7029E+000
-1.1665E+000
 1.4011E+000
-2.6895E+000
-1.0376E+000
 1.6206E+000
-2.9201E+000
-7.2549E-001
 2.0268E+000
-2.7682E+000
-7.2256E-001
 2.4321E+000
-2.8919E+000
-1.0220E+000
 1.4730E+000
-2.5405E+000
-2.0179E+000
 6.9819E-001
-3.1123E+000
-5.3830E-001
 1.8378E+000
-3.3547E+000
-5.3449E-001
 2.3158E+000
-2.9946E+000
-4.1535E-001
 2.7886E+000
-3.1376E+000
-3.6875E-001
 3.2392E+000
-3.7198E+000
-4.4784E-001
 2.2461E+000
-3.0594E+000
-4.8872E-001
 1.9102E+000
-2.8990E+000
-4.9692E-001
 2.7312E+000
-2.4653E+000
-3.3415E-001
 3.2113E+000
-2.2564E+000
-3.3446E-001
 3.2696E+000
-2.0964E+000
-1.3640E-001
 3.7194E+000
-2.1499E+000
-2.3666E-001
 3.1895E+000
-2.5248E+000
-3.2026E-001
 3.4535E+000
-2.1849E+000
-4.0037E-001
 3.0366E+000
-2.0571E+000
-4.0049E-001
 3.0232E+000
-2.1752E+000
-3.4918E-001
 3.1827E+000
-2.0122E+000
-2.7886E-001
 3.3591E+000
-1.9867E+000
-4.2460E-001
 2.8880E+000
-1.7895E+000
-6.4845E-001
 2.6617E+000
-2.4262E+000
-4.2868E-001
 3.1431E+000
-2.7136E+000
-4.2843E-001
 3.3069E+000
-2.6783E+000
-2.8447E-001
 3.6457E+000
-2.6152E+000
-2.6105E-001
 3.7371E+000
-3.1651E+000
-4.5293E-001
 3.1750E+000
-3.2165E+000
-9.5596E-001
 2.6653E+000
-2.7372E+000
-2.5512E-001
 3.8005E+000
-2.7096E+000
-1.7469E-001
 4.1857E+000
-2.3766E+000
-1.0194E-001
 4.3143E+000
-2.3520E+000
-4.4342E-002
 4.5728E+000
-2.6836E+000
-2.1523E-001
 4.2661E+000
-2.7896E+000
-2.3349E-001
 4.4122E+000
-2.1208E+000
-9.6847E-002
 4.1199E+000
-1.7476E+000
 1.4261E-002
 4.1820E+000
-1.7208E+000
 1.4360E-002
 4.1542E+000
-1.5332E+000
 1.2409E-001
 4.2880E+000
-1.5267E+000
-7.7083E-003
 3.9352E+000
-6.1433E-001
 2.2819E+000
 3.5927E+000
-1.8545E+000
-8.6634E-002
 3.9781E+000
-1.9387E+000
-1.0340E-001
 3.9065E+000
-1.6765E+000
-1.0202E-002
 3.6424E+000
-1.5819E+000
 4.1894E-003
 3.6549E+000
-1.9342E+000
-9.6822E-002
 4.1528E+000
-1.2381E-001
-1.7669E-002
 3.2729E+000
-1.5231E+000
-6.3863E-003
 3.3928E+000
-1.3033E+000
 7.0260E-002
 3.1429E+000
-1.4769E+000
-4.3867E-002
 2.8240E+000
-1.7741E+000
-1.8571E-001
 2.7729E+000
-1.1437E+000
 1.1724E-001
 3.0946E+000
-8.6483E-001
 1.7145E-001
 3.0986E+000
-1.3158E+000
-9.0723E-003
 2.6252E+000
-1.4493E+000
-9.8820E-002
 2.2952E+000
-1.3231E+000
-1.1722E-001
 1.9967E+000
-1.0396E+000
 4.1520E-003
 1.8294E+000
-1.3218E+000
-6.8065E-002
 2.1613E+000
 1.3817E+000
 6.2973E-001
 2.2944E+000
-1.5253E+000
-2.1620E-001
 1.9602E+000
-1.5053E+000
-3.3085E-001
 1.7508E+000
-1.6621E+000
-4.9554E-001
 1.3545E+000
-1.8654E+000
-6.2570E-001
 1.3240E+000
-1.8650E+000
-3.4153E-001
 1.9345E+000
-1.8723E+000
-1.0366E+000
 2.2415E+000
-1.5789E+000
-6.0548E-001
 1.1516E+000
-1.6772E+000
-7.8220E-001
 8.0242E-001
-1.7753E+000
-8.7002E-001
 7.3549E-001
-1.6046E+000
-7.5175E-001
 8.8083E-001
-1.9647E+000
-1.1253E+000
 5.3449E-001
-2.0610E+000
-1.2236E+000
 4.3448E-001
-2.0081E+000
-1.2485E+000
 1.2300E-001
-2.1425E+000
-1.2685E+000
 5.8459E-002
-2.4156E+000
-1.3714E+000
 5.5647E-001
-2.5883E+000
-1.3533E+000
 6.0425E-001
-1.8086E+000
-1.1286E+000
 1.0052E-002
-1.7486E+000
-1.1633E+000
-2.9251E-001
-1.7549E+000
-1.1904E+000
-3.2760E-001
-1.8090E+000
-1.1466E+000
-1.3957E-001
-1.6470E+000
-9.4241E-001
-4.8582E-001
-4.2287E-001
-8.5560E-001
-1.7366E-001
-1.7197E+000
-1.1577E+000
-6.0604E-001
-1.6138E+000
-1.1294E+000
-7.6231E-001
-1.3956E+000
-1.0316E+000
-6.8325E-001
-1.1902E+000
-8.7349E-001
-6.7455E-001
-1.6333E+000
-1.1725E+000
-1.1369E+000
-1.7348E+000
-7.4331E-001
-3.0196E-001
-1.4178E+000
-1.0037E+000
-5.4865E-001
-1.1691E+000
-7.9727E-001
-4.2332E-001
-7.8595E-001
-6.3271E-001
-8.2156E-001
-8.3478E-001
-7.2325E-001
-1.1732E+000
-1.1948E+000
-8.3893E-001
-3.7942E-001
-1.3916E+000
-8.9108E-001
 1.4523E-001
-4.6466E-001
-3.7258E-001
-6.9193E-001
-8.5932E-002
-1.4760E-001
-1.0501E+000
-1.3384E-002
-1.0042E-001
-1.2623E+000
-1.4278E-001
-1.5874E-001
-1.0909E+000
 2.1712E-001
 2.3806E-001
-7.0587E-001
-1.2745E-001
-2.3171E-001
-1.1505E-001
 2.0836E-001
-4.2958E-002
-1.6504E+000
 3.4510E-001
 4.9743E-002
-1.9468E+000
 6.9156E-001
 3.5103E-001
-1.7933E+000
 8.7571E-001
 4.7407E-001
-1.5685E+000
 4.2345E-001
 1.6704E-002
-2.4899E+000
 4.3131E-001
-4.7133E-002
-2.5969E+000
 7.3058E-001
 3.7233E-001
-1.8477E+000
 1.0611E+000
 6.3709E-001
-1.7451E+000
 1.1947E+000
 7.0131E-001
-2.1709E+000
 9.9310E-001
 5.4341E-001
-2.3426E+000
 9.0471E-001
 7.7945E-001
-1.1671E+000
 1.9987E+000
 1.2453E+000
-9.7709E-001
 1.5793E+000
 9.2069E-001
-2.3555E+000
 1.7161E+000
 1.0284E+000
-2.7385E+000
 1.4696E+000
 7.6647E-001
-3.1484E+000
 1.4482E+000
 7.0165E-001
-3.4392E+000
 1.7855E+000
 1.1126E+000
-2.5596E+000
 4.2382E+000
 1.1251E+000
-2.8044E+000
 1.2942E+000
 6.4467E-001
-3.1149E+000
 1.0761E+000
 4.0381E-001
-3.4033E+000
 6.8319E-001
 1.3775E-001
-3.3461E+000
 4.3719E-001
-7.3195E-002
-3.6192E+000
 5.8529E-001
 1.5130E-001
-3.0041E+000
 2.6511E-001
-9.6342E-002
-2.9060E+000
 1.1555E-002
-2.3084E-001
-2.4868E+000
 1.2916E-001
-7.7852E-002
-2.2055E+000
 3.3033E-001
-2.5743E-002
-2.7161E+000
 3.4415E-001
 1.8813E-001
-3.0966E+000
-3.4004E-001
-4.7626E-001
-2.5215E+000
-6.7450E-001
-6.2951E-001
-2.0882E+000
-6.6604E-001
-5.5558E-001
-1.6944E+000
-6.0736E-001
-5.2150E-001
-1.7218E+000
-1.2117E+000
-7.8964E-001
-2.3466E+000
-7.2588E-001
-1.0265E+000
-2.9700E+000
-7.1820E-001
-5.4591E-001
-1.3204E+000
-7.7933E-001
-4.7892E-001
-8.8766E-001
-1.1584E+000
-7.3356E-001
-8.9530E-001
-1.3331E+000
-9.0076E-001
-1.0597E+000
-7.8354E-001
-4.8733E-001
-6.2721E-001
-5.6357E-001
-3.2421E-001
-6.2539E-001
-1.1426E+000
-7.1468E-001
-7.1197E-001
-1.4619E+000
-9.5612E-001
-6.9760E-001
-1.6678E+000
-9.2910E-001
-3.1227E-001
-1.5620E+000
-8.5573E-001
-1.5211E-001
-1.4973E+000
-1.1058E+000
-8.0783E-001
-1.5207E+000
-6.7758E-001
-2.2220E+000
-1.8696E+000
-1.0505E+000
-1.5841E-001
-1.9931E+000
-1.0622E+000
 1.2371E-001
-2.2858E+000
-1.2721E+000
 9.6331E-002
-2.3719E+000
-1.3589E+000
-1.2618E-001
-2.0667E+000
-1.1035E+000
 1.7888E-001
-1.9304E+000
-1.2103E+000
-2.1436E-001
-2.3274E+000
-1.2738E+000
 3.3404E-001
-2.5974E+000
-1.4480E+000
 3.5156E-001
-2.7452E+000
-1.5958E+000
 3.5653E-001
-2.7335E+000
-1.5682E+000
 3.9598E-001
-2.7603E+000
-1.3564E+000
 5.0163E-001
 1.4224E+000
-2.2747E+000
 2.9825E+000
-2.9016E+000
-1.7486E+000
 2.6444E-001
-3.0328E+000
-1.9001E+000
 2.5272E-001
-3.1219E+000
-1.9611E+000
 3.8569E-001
-3.1291E+000
-1.9677E+000
 3.9938E-001
-3.0326E+000
-2.0094E+000
 1.3397E-001
-2.8767E+000
-2.0546E+000
 8.9148E-002
-3.0895E+000
-2.0109E+000
 3.3164E-001
-3.0107E+000
-1.9660E+000
 2.1838E-001
-2.9527E+000
-1.9996E+000
 2.1290E-001
-3.1396E+000
-2.0185E+000
 2.8261E-001
-2.7949E+000
-1.8755E+000
 1.7210E-001
-2.5794E+000
-1.8097E+000
 2.0071E-001
-2.4191E+000
-1.7555E+000
-3.5082E-002
-2.3442E+000
-1.7433E+000
-1.4161E-001
-2.4967E+000
-1.7559E+000
 4.8896E-001
-2.3562E+000
-1.8015E+000
 5.2567E-001
-2.3284E+000
-1.7605E+000
-1.8348E-001
-2.0624E+000
-1.7269E+000
-5.1061E-001
-1.7868E+000
-1.5606E+000
-3.5243E-001
-1.7545E+000
-1.4692E+000
-1.7569E-001
-2.0595E+000
-1.8831E+000
-8.0558E-001
-1.5986E+000
-2.1019E+000
-1.4854E+000
-1.6470E+000
-1.5288E+000
-5.1307E-001
-1.4122E+000
-1.3425E+000
-3.8668E-001
-1.1068E+000
-1.2457E+000
-6.9540E-001
-1.0997E+000
-1.3839E+000
-9.7987E-001
-1.5129E+000
-1.3058E+000
-1.4890E-001
-1.6644E+000
-1.2478E+000
-8.8098E-002
-8.3930E-001
-1.0406E+000
-5.5772E-001
-5.1192E-001
-8.7807E-001
-8.9435E-001
-4.0290E-001
-7.9094E-001
-7.6233E-001
-3.2921E-001
-7.1777E-001
-4.5876E-001
-1.5577E-001
-6.7710E-001
-9.0659E-001
-3.1414E-001
-8.6527E-001
-1.0285E+000
-1.9539E-001
-7.7972E-001
-8.8653E-001
 1.6295E-001
-6.2809E-001
-1.2372E+000
 2.0333E-001
-6.6514E-001
-1.6181E+000
 3.8441E-001
-4.8653E-001
-1.0697E+000
 7.8382E-001
-3.4056E-001
-1.3512E+000
 7.3676E-001
-3.8586E-001
-1.4676E+000
 5.7188E-001
-4.6737E-001
-1.1313E+000
 1.3255E+000
-4.5773E-002
-9.9780E-001
 1.7604E+000
 2.3067E-001
-8.0455E-001
 8.3208E-001
-4.1664E-001
-1.8887E+000
 8.1410E-001
-4.6239E-001
-2.0642E+000
 1.0796E+000
-3.1058E-001
-1.7926E+000
 1.4367E+000
-1.0442E-001
-1.7517E+000
 9.2005E-001
-4.6092E-001
-2.4889E+000
 6.8069E-001
-4.9794E-001
-2.6622E+000
 8.4124E-001
-3.6245E-001
-1.5220E+000
 1.0636E+000
-2.4751E-001
-1.2334E+000
 1.4554E+000
-1.1384E-001
-1.6259E+000
 1.7598E+000
 6.2343E-002
-1.4489E+000
 6.4425E-001
-4.9321E-001
-9.7888E-001
 1.3913E+000
-2.1174E-001
-2.0964E+000
 1.6661E+000
-7.2763E-002
-2.5320E+000
 2.0455E+000
 7.1264E-002
-2.7133E+000
 2.3233E+000
 2.0741E-001
-2.9879E+000
 1.4279E+000
-3.9820E-001
-3.0670E+000
 2.0430E+000
 9.2471E-002
-2.5607E+000
 2.4290E+000
 2.7054E-001
-2.7499E+000
 2.9114E+000
 5.1563E-001
-2.5132E+000
 2.9389E+000
 5.8660E-001
-2.0595E+000
 2.3907E+000
 2.6881E-001
-2.6317E+000
 3.2715E+000
 6.4986E-001
-2.8526E+000
 3.7480E+000
 9.0568E-001
-2.7021E+000
 3.9928E+000
 1.0196E+000
-2.5235E+000
 4.3701E+000
 1.2296E+000
-2.3404E+000
 3.9338E+000
 1.0406E+000
-3.2200E+000
 3.5430E+000
 6.3195E-001
-3.4223E+000
 3.7177E+000
 8.9355E-001
-2.5670E+000
 3.8424E+000
 9.6590E-001
-2.4395E+000
 3.5637E+000
 9.2915E-001
-1.9798E+000
 3.4833E+000
 8.8298E-001
-2.0124E+000
 3.7136E+000
 7.7582E-001
-2.7883E+000
 4.1197E+000
 4.5056E-001
-2.8555E+000
 3.4461E+000
 9.1116E-001
-1.5944E+000
 3.1360E+000
 8.9050E-001
-1.1776E+000
 3.3706E+000
 1.0311E+000
-8.9460E-001
 3.0789E+000
 9.6438E-001
-6.5738E-001
 2.9589E+000
 9.5722E-001
-6.2771E-001
 1.8779E+000
 4.5814E-001
-9.6439E-001
 3.8278E+000
 1.2642E+000
-8.7640E-001
 4.0680E+000
 1.4227E+000
-6.1326E-001
 4.0707E+000
 1.3788E+000
-9.1026E-001
 3.9238E+000
 1.3811E+000
-6.9030E-001
 4.5531E+000
 1.7066E+000
-5.4939E-001
 5.3450E+000
 3.8815E+000
 1.4283E+000
 4.1467E+000
 1.2937E+000
-1.3907E+000
 4.1429E+000
 1.2580E+000
-1.7136E+000
 3.6319E+000
 1.0209E+000
-1.6315E+000
 3.5408E+000
 9.8992E-001
-1.5700E+000
 4.2666E+000
 1.2878E+000
-2.3567E+000
 4.5610E+000
 1.8611E+000
-2.6476E+000
 3.2732E+000
 8.5733E-001
-1.6205E+000
 2.7775E+000
 6.3108E-001
-1.5501E+000
 2.6445E+000
 6.7010E-001
-1.0745E+000
 2.4258E+000
 5.6452E-001
-1.0399E+000
 2.3986E+000
 4.3939E-001
-1.5677E+000
 2.7685E+000
 8.0872E-001
-6.9427E-001
 2.6270E+000
 9.0524E-001
-2.1733E-001
 2.8623E+000
 1.0220E+000
-1.7486E-001
 2.6650E+000
 1.0079E+000
 8.0306E-002
 2.7654E+000
 1.0776E+000
 3.0447E-001
 2.9484E+000
 4.3319E+000
-1.4195E+000
 3.2768E+000
 1.1438E+000
-4.5525E-001
 3.4738E+000
 1.2695E+000
-4.0765E-001
 3.2558E+000
 1.0767E+000
-6.7449E-001
 3.1540E+000
 1.0854E+000
-4.9866E-001
 4.1155E+000
 1.5689E+000
-5.9738E-001
 6.1768E+000
 2.9441E+000
 1.3565E+000
 3.1491E+000
 9.1827E-001
-1.0777E+000
 2.9036E+000
 7.0543E-001
-1.3753E+000
 2.4489E+000
 5.6921E-001
-1.0867E+000
 2.3209E+000
 5.3095E-001
-9.6908E-001
 2.7916E+000
 5.8092E-001
-1.8681E+000
 2.4109E+000
 2.2626E-001
-2.2131E+000
 2.2026E+000
 4.7908E-001
-9.3035E-001
 1.7683E+000
 3.5973E-001
-6.6649E-001
 1.7855E+000
 4.8956E-001
-2.1287E-001
 1.5079E+000
 3.9131E-001
-1.3011E-001
 1.4477E+000
 2.2750E-001
-4.8476E-001
 1.0340E+000
 2.5835E-002
-9.1924E-001
 2.0315E+000
 7.0763E-001
 8.1248E-002
 2.0014E+000
 8.3542E-001
 5.1997E-001
 2.1975E+000
 9.2766E-001
 5.0937E-001
 1.9943E+000
 9.4238E-001
 7.5257E-001
 2.2612E+000
 1.1278E+000
 9.8965E-001
 2.2400E+000
 1.1422E+000
 1.3648E+000
 2.5387E+000
 1.0111E+000
 1.7991E-001
 2.7565E+000
 1.1150E+000
 1.7648E-001
 2.7257E+000
 9.7277E-001
-2.0022E-001
 2.8581E+000
 1.0414E+000
-1.9245E-001
 3.3688E+000
 1.3643E+000
 2.3520E-001
 3.4797E+000
 1.5229E+000
 1.0721E+000
 2.5471E+000
 7.8001E-001
-5.1735E-001
 2.5260E+000
 7.0481E-001
-8.9299E-001
 2.0001E+000
 3.8733E-001
-8.9378E-001
 1.7619E+000
 2.6965E-001
-8.5729E-001
 2.6479E+000
 7.3857E-001
-1.4425E+000
 3.2974E+000
 2.1257E+000
-1.7770E+000
 1.7628E+000
 2.5071E-001
-9.1659E-001
 1.2732E+000
-2.0871E-002
-9.4610E-001
 9.7029E-001
-8.8567E-003
-5.0420E-001
 6.8935E-001
-1.4308E-001
-5.4364E-001
 8.4255E-001
-2.1153E-001
-1.2118E+000
 3.1238E-001
-4.2355E-001
-1.4023E+000
 9.7497E-001
 1.0283E-001
-1.9688E-001
 7.1857E-001
 1.3191E-001
 1.5216E-001
 8.1517E-001
 2.5620E-001
 3.5724E-001
 8.2333E-001
 3.9918E-001
 6.5602E-001
 5.9803E-001
 2.1883E-001
 6.4310E-001
 1.2502E-001
 3.6819E-001
 7.4553E-001
 8.2947E-001
 1.9455E-001
 1.8558E-001
 9.1211E-001
 2.7598E-001
 3.0632E-001
 5.3389E-001
 5.1215E-002
 9.0548E-002
 4.6595E-001
-1.1518E-001
-1.2588E-001
 1.3313E+000
 3.4095E-001
 1.1298E-001
 1.4370E+000
 3.4376E-001
-1.6557E-002
 5.0028E-001
 7.1518E-002
 1.8140E-001
 2.9216E-001
-8.6083E-002
 7.6551E-002
 3.7903E-001
-1.4462E-001
-1.9437E-001
 1.6015E-001
-3.9218E-001
-3.8439E-001
 2.9113E-001
-7.6820E-003
 3.3349E-001
 5.8895E-002
 1.0339E-001
 6.8035E-001
 7.9120E-001
-2.6111E-002
-3.4026E-001
 8.8605E-001
-2.2988E-002
-6.2308E-001
 9.1152E-001
-1.8057E-001
-9.1438E-001
 8.7040E-001
-1.8549E-001
-1.1522E+000
 1.0812E+000
 3.2201E-001
-6.7984E-001
 4.7568E+000
 1.8521E+000
 7.5401E-002
 9.6422E-001
-1.0222E-001
-8.3862E-001
 9.7555E-001
-2.0030E-001
-1.0377E+000
 4.9345E-001
-4.4362E-001
-1.0962E+000
 4.1424E-001
-4.9399E-001
-1.3595E+000
 2.6335E-001
-4.7516E-001
-7.8904E-001
-2.2537E-001
-7.7505E-001
-7.7845E-001
-2.9386E-001
-8.6280E-001
-9.3342E-001
-4.1833E-001
-9.5643E-001
-1.0719E+000
-3.6902E-001
-9.3800E-001
-2.2204E-001
-5.4903E-001
-1.1182E+000
 6.2356E-002
-5.8319E-002
-7.5653E-001
-8.9658E-001
-7.3690E-002
-7.8758E-001
-1.0605E+000
-3.3407E-002
-7.7246E-001
-1.4339E+000
-1.5782E-001
-9.5574E-001
-1.5351E+000
 1.3048E-001
-6.3358E-001
-8.9050E-001
 2.3539E-001
-3.7479E-001
-4.5042E-001
 3.0297E-001
-6.3732E-001
-1.6241E+000
 3.9430E-001
-6.8632E-001
-2.0354E+000
 1.6381E-001
-8.6148E-001
-2.1989E+000
 6.3946E-002
-9.9136E-001
-2.5438E+000
 7.1499E-001
-5.2041E-001
-2.1174E+000
 1.6916E-002
-9.1464E-001
-2.0004E+000
-2.4767E-001
-1.0114E+000
-2.0986E+000
-6.2814E-001
-1.2725E+000
-2.0350E+000
-7.3576E-001
-1.4128E+000
-2.2765E+000
-3.2735E-001
-1.0094E+000
-1.8247E+000
-3.2322E-001
-1.0016E+000
-1.8107E+000
-6.5551E-001
-1.2997E+000
-1.6554E+000
-1.0564E+000
-1.5489E+000
-1.4616E+000
-1.0430E+000
-1.5451E+000
-1.7964E+000
-1.3440E+000
-1.7595E+000
-1.9342E+000
-9.3936E-001
-1.5024E+000
-7.5285E-001
-1.2262E+000
-1.9958E+000
-2.4730E-001
-7.1556E-001
-1.4199E+000
-1.9262E+000
-6.6905E-001
-1.4465E+000
-2.2259E+000
-7.7962E-001
-1.5916E+000
-2.6329E+000
-9.6956E-001
-1.7649E+000
-2.8893E+000
-3.0068E-001
-1.2064E+000
-2.2734E+000
-7.5080E-002
-1.6515E+000
-1.7125E+000
-7.3083E-001
-1.5796E+000
-2.7724E+000
-7.6459E-001
-1.7372E+000
-3.1332E+000
-1.2653E+000
-2.0210E+000
-3.0830E+000
-1.3960E+000
-2.1321E+000
-3.3139E+000
-5.7170E-001
-1.6155E+000
-3.2906E+000
-5.9549E-001
-1.7788E+000
-3.7094E+000
-1.3928E+000
-1.9567E+000
-2.7898E+000
-1.9418E+000
-2.0836E+000
-2.6392E+000
-2.0429E+000
-1.9593E+000
-2.1255E+000
-1.8451E+000
-1.7618E+000
-1.9661E+000
-1.8569E+000
-2.1501E+000
-2.8618E+000
-4.2147E+000
-4.4448E+000
-6.1982E+000
-2.3387E+000
-2.1617E+000
-1.7914E+000
-2.4364E+000
-2.0801E+000
-1.2388E+000
-2.4439E+000
-2.0073E+000
-1.0698E+000
-2.6899E+000
-1.9254E+000
-1.0309E+000
-2.8535E+000
-2.1980E+000
-1.1970E+000
-2.6328E+000
-2.7870E+000
-1.3793E+000
-2.3725E+000
-1.9815E+000
-8.5604E-001
-2.2888E+000
-1.8097E+000
-7.5012E-001
-2.7011E+000
-2.0164E+000
-2.9687E-001
-2.6982E+000
-1.9135E+000
-1.8036E-001
-1.8766E+000
-1.1389E+000
-6.4298E-001
-9.2706E-001
-9.6806E-001
-1.0754E+000
-2.7999E+000
-2.0686E+000
-8.4392E-002
-2.9298E+000
-1.9998E+000
-5.6377E-002
-2.9365E+000
-1.9326E+000
 2.5236E-004
-2.6734E+000
-1.8175E+000
-9.4130E-003
-2.9901E+000
-1.8846E+000
 8.5309E-002
-3.0192E+000
-1.7862E+000
 1.1404E-001
-2.7799E+000
-1.7273E+000
 1.6347E-001
-2.6799E+000
-1.7698E+000
 9.5249E-002
-3.0568E+000
-1.6392E+000
 1.0378E-001
-2.6281E+000
-1.5493E+000
 3.1774E-001
-2.2145E+000
-1.4668E+000
 3.7990E-001
-2.2005E+000
-1.2988E+000
 6.4835E-001
-2.3475E+000
-1.2808E+000
 8.4601E-001
-2.0462E+000
-1.6214E+000
 2.6781E-001
-2.1068E+000
-1.8249E+000
 1.1667E-001
-1.9248E+000
-1.1866E+000
 6.8288E-001
-1.8730E+000
-1.0525E+000
 1.0293E+000
-1.6078E+000
-8.4400E-001
 1.2581E+000
-1.6535E+000
-7.6090E-001
 1.5358E+000
-1.8288E+000
-1.0557E+000
 1.0631E+000
-1.4017E+000
-7.3397E-001
 1.1121E+000
-1.0106E+000
-5.3756E-001
 1.3036E+000
-1.2509E+000
-5.4427E-001
 1.4814E+000
-1.3811E+000
-6.9973E-001
 1.2699E+000
-6.8681E-001
-5.5015E-001
 9.4173E-001
 1.1367E-001
-8.2281E-001
 9.0886E-001
-1.2891E+000
-4.5619E-001
 1.7900E+000
-1.5127E+000
-4.5150E-001
 2.0510E+000
-1.4149E+000
-4.5012E-001
 1.9421E+000
-1.6811E+000
-5.4068E-001
 1.9129E+000
-1.4796E+000
-1.3158E-001
 2.5551E+000
-1.5796E+000
 1.5319E-001
 2.7426E+000
-1.0298E+000
-3.2367E-001
 1.8240E+000
-8.6030E-001
-2.7060E-001
 1.7193E+000
-1.0050E+000
-4.5863E-001
 1.3518E+000
-1.1873E+000
-5.4414E-001
 1.2793E+000
-2.6507E-001
-2.0152E-002
 1.6567E+000
-6.1776E-002
-1.9821E+000
 2.0141E+000
-9.4583E-001
-5.7594E-001
 1.0692E+000
-1.0930E+000
-7.4717E-001
 6.5794E-001
-1.6354E+000
-9.7666E-001
 7.2660E-001
-1.8314E+000
-1.1615E+000
 5.4908E-001
-1.0535E+000
-7.0084E-001
 1.7664E-001
-1.3815E+000
-7.5884E-001
-1.2682E+000
-1.7821E+000
-9.5750E-001
 9.2293E-001
-2.3010E+000
-1.0962E+000
 9.7580E-001
-2.4222E+000
-1.1011E+000
 9.6130E-001
-2.7880E+000
-1.2177E+000
 7.7328E-001
-2.5092E+000
-1.0332E+000
 1.3986E+000
-3.2450E+000
-7.1340E-001
 1.2384E+000
-2.2757E+000
-8.7429E-001
 1.2385E+000
-2.5250E+000
-8.5419E-001
 1.3153E+000
-2.5445E+000
-1.0310E+000
 1.0113E+000
-2.9147E+000
-1.0384E+000
 8.9727E-001
-2.2878E+000
-5.5830E-001
 1.7578E+000
-1.9346E+000
-2.5785E-001
 5.2859E-001
-2.2971E+000
-1.0714E+000
 7.4804E-001
-2.3278E+000
-1.2783E+000
 5.1919E-001
-2.5982E+000
-1.4817E+000
 2.9961E-001
-2.9764E+000
-1.7097E+000
 1.9716E-001
-2.0229E+000
-1.2578E+000
 3.5310E-001
-3.7852E+000
-9.7660E-001
 1.1084E+000
-2.6136E+000
-1.4926E+000
 2.7791E-001
-2.8078E+000
-1.6562E+000
 8.9617E-002
-3.1854E+000
-1.6747E+000
 1.8831E-001
-3.2764E+000
-1.8240E+000
 1.1327E-001
-2.6429E+000
-1.6783E+000
-6.3791E-002
-2.4326E+000
-1.7644E+000
-1.2350E-001
-3.2667E+000
-1.4886E+000
 3.3322E-001
-3.3818E+000
-1.3780E+000
 2.9907E-001
-3.6423E+000
-1.4814E+000
 2.5322E-001
-3.7443E+000
-1.4203E+000
 2.3692E-001
-3.4020E+000
-1.2308E+000
 3.4552E-001
-3.7006E+000
-1.6328E+000
 2.2996E-001
-3.9334E+000
-1.7587E+000
 1.2808E-001
-3.9394E+000
-1.9580E+000
 8.5047E-002
-4.1105E+000
-2.0847E+000
 7.5499E-002
-4.0125E+000
-1.9064E+000
 1.1510E-001
-3.9938E+000
-1.6197E+000
 2.3915E-001
-3.7146E+000
-2.0003E+000
 1.1486E-001
-3.5935E+000
-2.1240E+000
 1.8419E-001
-3.5264E+000
-1.9554E+000
 1.4720E-001
-3.4602E+000
-1.8784E+000
 1.5389E-001
-3.4049E+000
-2.2498E+000
 3.2063E-001
-3.1603E+000
-2.4729E+000
 4.8966E-001
-3.4797E+000
-1.9286E+000
 1.3216E-001
-3.3532E+000
-1.8038E+000
 4.6932E-002
-3.1181E+000
-1.7951E+000
 1.0596E-001
-3.0199E+000
-1.6953E+000
 1.4131E-002
-3.2670E+000
-1.7224E+000
-1.7696E-002
-3.4604E+000
-1.9734E+000
 2.1095E-001
-3.1203E+000
-1.8192E+000
 2.2880E-001
-2.9782E+000
-1.7818E+000
 3.4391E-001
-3.0928E+000
-1.8269E+000
 2.1189E-001
-2.9792E+000
-1.7729E+000
 1.8223E-001
-2.9895E+000
-1.8318E+000
 5.9818E-001
-3.0082E+000
-2.0409E+000
 7.8625E-001
-3.2180E+000
-1.8900E+000
 1.9493E-001
-3.2453E+000
-1.8559E+000
 1.0874E-001
-3.2533E+000
-1.7991E+000
 4.5632E-002
-3.2114E+000
-1.7786E+000
-3.7701E-002
-3.4600E+000
-2.0229E+000
 1.5162E-001
-3.5072E+000
-2.1739E+000
 3.3069E-001
-3.2543E+000
-1.7918E+000
-5.0411E-002
-3.2722E+000
-1.6746E+000
-1.6764E-001
-2.9878E+000
-1.7517E+000
-2.5812E-001
-2.9367E+000
-1.7511E+000
-4.6188E-001
-3.3732E+000
-1.6464E+000
 2.7035E-002
-3.0036E+000
-1.7348E+000
-2.7498E-001
-2.6632E+000
-1.6803E+000
-2.9561E-001
-2.7271E+000
-1.6957E+000
-2.4773E-001
-2.6457E+000
-1.6867E+000
-3.4465E-001
-2.5011E+000
-1.5982E+000
-2.0091E-002
-2.8827E+000
-1.7517E+000
-5.6496E-002
-2.9273E+000
-1.7595E+000
-2.0861E-002
-2.9597E+000
-1.7806E+000
-1.1427E-001
-2.9067E+000
-1.8011E+000
-1.8694E-001
-3.0344E+000
-1.8706E+000
 1.3192E-001
-3.0216E+000
-1.8777E+000
 1.8006E-001
-3.0930E+000
-1.7523E+000
-1.5435E-001
-3.1406E+000
-1.8783E+000
-2.8604E-001
-2.9582E+000
-1.8509E+000
-4.6673E-001
-2.9245E+000
-1.8429E+000
-5.8417E-001
-3.2596E+000
-2.2283E+000
-4.8171E-001
-3.1260E+000
-2.3282E+000
-1.4829E-001
-2.8516E+000
-1.7321E+000
-6.0702E-001
-2.6568E+000
-1.7374E+000
-7.6390E-001
-2.5550E+000
-1.6928E+000
-7.5278E-001
-2.4861E+000
-1.6327E+000
-8.8863E-001
-2.5092E+000
-1.6747E+000
-6.4278E-001
-1.0953E+000
-1.9241E+000
 9.3534E-001
-2.5304E+000
-1.6460E+000
-6.3816E-001
-2.4146E+000
-1.5556E+000
-5.5626E-001
-2.5121E+000
-1.6318E+000
-5.1525E-001
-2.3904E+000
-1.6440E+000
-6.2021E-001
-2.3330E+000
-1.4816E+000
-2.8524E-001
-1.9694E+000
-1.4296E+000
-3.6501E-002
-2.7271E+000
-1.7197E+000
-4.4602E-001
-2.8078E+000
-1.8506E+000
-2.9935E-001
-2.8212E+000
-1.8344E+000
-5.7017E-001
-2.8613E+000
-1.9177E+000
-6.9759E-001
-3.0915E+000
-2.3005E+000
-5.6780E-002
-2.8502E+000
-1.8622E+000
-7.0190E-001
-2.8726E+000
-1.7897E+000
-1.0268E+000
-2.5658E+000
-1.7927E+000
-1.1664E+000
-2.5544E+000
-1.7397E+000
-1.0121E+000
-2.9717E+000
-1.8317E+000
-1.1537E+000
-3.5058E+000
-1.9446E+000
-1.1867E+000
-2.5133E+000
-1.7063E+000
-1.1502E+000
-2.1298E+000
-1.6045E+000
-1.2550E+000
-2.0878E+000
-1.5651E+000
-1.1779E+000
-1.8156E+000
-1.5241E+000
-1.2933E+000
-1.8583E+000
-1.4658E+000
-1.1458E+000
-1.6725E+000
-1.4530E+000
-1.6744E+000
-2.3109E+000
-1.6190E+000
-8.4955E-001
-2.3706E+000
-1.5467E+000
-7.0747E-001
-2.3998E+000
-1.5884E+000
-6.6445E-001
-2.4356E+000
-1.6424E+000
-7.9368E-001
-2.4540E+000
-1.5193E+000
-4.4748E-001
-2.4807E+000
-1.5341E+000
-3.1654E-001
-2.8369E+000
-1.7786E+000
 6.9613E-003
-2.8376E+000
-1.7457E+000
 1.1539E-001
-2.2080E+000
-1.1841E+000
-3.5790E-002
-1.6519E+000
-9.1902E-001
 2.6288E-001
-2.7367E+000
-1.8437E+000
 8.4787E-002
-3.1324E+000
-1.9713E+000
 3.5447E-001
-3.0363E+000
-1.9394E+000
 4.4845E-001
-2.8648E+000
-1.8060E+000
 3.4465E-001
-3.5166E+000
-2.2512E+000
 6.6407E-003
-3.7647E+000
-2.4521E+000
-1.4844E-001
-3.0794E+000
-1.8600E+000
 4.3511E-001
-3.0060E+000
-1.8621E+000
 4.5598E-001
-3.0040E+000
-1.9066E+000
 5.4388E-001
-3.1188E+000
-1.8837E+000
 5.5116E-001
-2.9727E+000
-1.9494E+000
 3.4286E-001
-3.1495E+000
-7.1760E-001
-3.9984E-002
-2.8043E+000
-1.7556E+000
 4.9319E-001
-2.8176E+000
-1.7768E+000
 5.2610E-001
-2.8964E+000
-1.7662E+000
 6.0352E-001
-2.9209E+000
-1.7902E+000
 5.1586E-001
-2.7375E+000
-1.6624E+000
 5.3417E-001
-2.6972E+000
-1.5965E+000
 4.0604E-001
-2.9399E+000
-1.8401E+000
 6.1450E-001
-2.8626E+000
-1.8343E+000
 5.3681E-001
-2.9865E+000
-1.8397E+000
 7.0771E-001
-2.9758E+000
-1.8558E+000
 7.2415E-001
-2.6633E+000
-1.8465E+000
 5.3745E-001
-2.5488E+000
-1.7808E+000
 7.6811E-001
-2.9850E+000
-1.8054E+000
 7.0466E-001
-2.8388E+000
-1.6734E+000
 9.7740E-001
-3.0423E+000
-1.5358E+000
 8.8746E-001
-2.9992E+000
-1.6455E+000
 1.1059E+000
-2.9426E+000
-1.3447E+000
 1.2449E+000
-2.6551E+000
-8.5400E-001
 1.1178E+000
-3.2405E+000
-1.5720E+000
 9.6907E-001
-3.2455E+000
-1.3319E+000
 1.3174E+000
-2.5658E+000
-1.0675E+000
 1.4149E+000
-2.3929E+000
-9.8742E-001
 1.8310E+000
-3.7213E+000
-1.5310E+000
 9.7846E-001
-3.4019E+000
-1.7225E+000
 1.1914E+000
-2.4886E+000
-1.1931E+000
 1.3732E+000
-1.9493E+000
-7.4450E-001
 1.3770E+000
-1.9129E+000
-7.6308E-001
 1.4910E+000
-1.5571E+000
-7.0259E-001
 1.5454E+000
-1.7331E+000
-3.3960E-001
 7.7615E-001
-4.8796E-001
 9.1223E-001
-7.3212E-001
-2.0184E+000
-9.2523E-001
 1.4247E+000
-2.1018E+000
-9.8426E-001
 1.3997E+000
-1.9682E+000
-8.2077E-001
 1.9882E+000
-1.7183E+000
-7.9742E-001
 2.2577E+000
-2.5395E+000
-1.2968E+000
 1.2378E+000
-2.4039E+000
-1.1600E+000
 7.8005E-001
-2.0037E+000
-8.7635E-001
 2.2502E+000
-1.8168E+000
-8.2094E-001
 2.8825E+000
-1.4432E+000
-5.3111E-001
 2.8847E+000
-1.2344E+000
-4.5996E-001
 3.1616E+000
-2.0369E+000
-1.0026E+000
 3.3177E+000
-2.6627E+000
-3.6961E-002
 1.4725E+000
-1.3305E+000
-5.2808E-001
 2.6170E+000
-9.0088E-001
-2.2260E-001
 2.5893E+000
-8.0216E-001
-1.7304E-001
 2.5117E+000
-5.6439E-001
 6.1124E-002
 2.6192E+000
-7.6633E-001
-2.2424E-002
 2.2811E+000
-9.0806E-001
-3.5207E-001
 2.1160E+000
-8.9308E-001
-3.1721E-001
 2.0016E+000
-8.4717E-001
-2.1843E-001
 2.3399E+000
-5.4489E-001
-2.6511E-002
 2.3740E+000
-1.0382E+000
-3.3778E-001
 1.8604E+000
-1.1901E+000
-2.5233E-001
 1.4165E+000
-1.0389E+000
-3.2014E-001
 2.5395E+000
-1.0523E+000
-4.2479E-001
 2.8588E+000
-7.4364E-001
-1.5113E-001
 3.1657E+000
-5.4631E-001
 6.9026E-003
 3.1725E+000
-1.4457E+000
-4.9746E-001
 3.1155E+000
 2.3413E+000
 2.1051E+000
 1.1625E+000
-6.6299E-001
-1.2519E-001
 3.3641E+000
-3.7350E-001
 9.9298E-002
 3.6722E+000
-1.2990E-001
 3.5410E-001
 3.4723E+000
 9.5832E-002
 5.5486E-001
 3.6114E+000
-5.8596E-001
 3.4588E-002
 3.9767E+000
 3.3687E+000
 7.3084E-001
 3.8542E+000
-8.1049E-002
 3.4842E-001
 3.0994E+000
 1.2436E-001
 6.2889E-001
 2.9058E+000
 2.7320E-001
 7.1089E-001
 2.7770E+000
 5.4437E-001
 9.3756E-001
 2.8155E+000
 9.0147E-002
 5.5594E-001
 2.7462E+000
 8.7347E-002
 5.0923E-001
 2.4862E+000
 1.3953E-001
 5.4760E-001
 2.3406E+000
 1.8982E-001
 6.4556E-001
 2.6501E+000
 4.0616E-001
 8.0629E-001
 2.6199E+000
 7.1659E-002
 3.5158E-001
 2.1282E+000
 8.9662E-002
 3.8412E-001
 1.9590E+000
 2.8444E-002
 5.3705E-001
 2.9471E+000
 7.2849E-002
 5.5877E-001
 3.3196E+000
 4.0602E-001
 8.4981E-001
 3.4706E+000
 5.9424E-001
 1.0411E+000
 3.4653E+000
-2.4267E-001
 4.9244E-001
 3.6359E+000
 7.7770E-001
 8.3878E-001
 2.7347E+000
 5.0688E-001
 9.2657E-001
 3.5102E+000
 8.5248E-001
 1.2350E+000
 3.6816E+000
 1.0601E+000
 1.4065E+000
 3.3932E+000
 1.2919E+000
 1.6361E+000
 3.4803E+000
 8.1686E-001
 1.1881E+000
 3.8515E+000
 8.2941E-001
 1.2827E+000
 4.1108E+000
 1.0427E+000
 1.3407E+000
 3.0108E+000
 1.2243E+000
 1.5160E+000
 2.7155E+000
 1.3388E+000
 1.6024E+000
 2.6765E+000
 1.6168E+000
 1.8023E+000
 2.6169E+000
 1.1763E+000
 1.3942E+000
 2.4383E+000
 1.1100E+000
 1.3799E+000
 2.6874E+000
 1.1447E+000
 1.4117E+000
 2.6084E+000
 1.2950E+000
 1.6166E+000
 2.9695E+000
 1.5165E+000
 1.7681E+000
 2.9184E+000
 1.0136E+000
 1.2658E+000
 2.5335E+000
 1.0024E+000
 1.2770E+000
 2.3838E+000
 1.1953E+000
 1.5562E+000
 3.3149E+000
 1.3518E+000
 1.7010E+000
 3.7150E+000
 1.7049E+000
 1.9644E+000
 3.7215E+000
 1.8979E+000
 2.1561E+000
 3.8434E+000
 1.0662E+000
 1.6190E+000
 4.0855E+000
 1.4107E+000
 2.1864E+000
 3.2177E+000
 1.7525E+000
 1.9972E+000
 3.6001E+000
 2.0604E+000
 2.2739E+000
 3.6079E+000
 2.2779E+000
 2.4301E+000
 3.3021E+000
 2.5365E+000
 2.6702E+000
 3.4176E+000
 1.9692E+000
 2.1781E+000
 3.6640E+000
 1.6948E+000
 2.0175E+000
 4.3712E+000
 2.1691E+000
 2.3249E+000
 2.9230E+000
 2.3329E+000
 2.4377E+000
 2.6412E+000
 2.4026E+000
 2.5079E+000
 2.6832E+000
 2.6576E+000
 2.6915E+000
 2.5734E+000
 2.2611E+000
 2.3084E+000
 2.3874E+000
 2.1861E+000
 2.3543E+000
 2.8823E+000
 2.1859E+000
 2.3470E+000
 2.9494E+000
 2.3915E+000
 2.5777E+000
 3.2808E+000
 2.5026E+000
 2.6806E+000
 3.2523E+000
 1.8300E+000
 2.0490E+000
 3.0608E+000
 2.4213E+000
 2.6082E+000
 3.5730E+000
 2.6194E+000
 2.8053E+000
 3.9357E+000
 2.9418E+000
 3.0485E+000
 3.8524E+000
 3.1218E+000
 3.2257E+000
 4.1694E+000
 2.4131E+000
 2.7048E+000
 4.2806E+000
 2.3531E+000
 2.6433E+000
 4.2265E+000
 3.0245E+000
 3.0863E+000
 3.5191E+000
 3.3151E+000
 3.3711E+000
 3.4249E+000
 3.3493E+000
 3.4137E+000
 3.5998E+000
 3.5662E+000
 3.6098E+000
 3.4897E+000
 3.1426E+000
 3.2435E+000
 3.8633E+000
 3.1331E+000
 3.2491E+000
 4.0631E+000
 3.1563E+000
 3.2576E+000
 3.7647E+000
 3.2543E+000
 3.3687E+000
 3.8891E+000
 2.7684E+000
 2.9659E+000
 4.4184E+000
 1.1973E+000
 2.3754E+000
 6.3003E+000
 3.0658E+000
 3.1687E+000
 3.3754E+000
 3.0844E+000
 3.1483E+000
 3.0668E+000
 3.1117E+000
 3.1489E+000
 2.6779E+000
 3.0391E+000
 3.0689E+000
 2.6453E+000
 2.8043E+000
 2.9407E+000
 3.0811E+000
 4.0750E+000
 3.4832E+000
 1.4175E+000
 3.2247E+000
 3.2190E+000
 2.3727E+000
 3.2678E+000
 3.2114E+000
 1.9909E+000
 2.9684E+000
 2.8976E+000
 1.7882E+000
 2.7674E+000
 2.7470E+000
 1.9372E+000
 3.5307E+000
 3.4908E+000
 1.7497E+000
 3.7341E+000
 3.6427E+000
 1.7715E+000
 2.9445E+000
 2.8502E+000
 1.4903E+000
 2.6654E+000
 2.5657E+000
 1.2584E+000
 2.6083E+000
 2.5062E+000
 1.1124E+000
 2.3419E+000
 2.2787E+000
 1.1612E+000
 2.4821E+000
 2.5582E+000
 8.0910E-001
 2.3167E+000
 2.3523E+000
 6.9130E-001
 2.8500E+000
 2.7032E+000
 9.2102E-001
 2.8418E+000
 2.6841E+000
 7.6086E-001
 2.7466E+000
 2.6268E+000
 1.0742E+000
 2.5608E+000
 2.4591E+000
 9.7256E-001
 3.1257E+000
 2.9959E+000
 5.7427E-001
 2.6999E+000
 3.1326E+000
 2.3102E-001
 2.8530E+000
 2.7515E+000
 1.4210E+000
 2.7837E+000
 2.7381E+000
 1.7391E+000
 2.4714E+000
 2.4878E+000
 1.9260E+000
 2.2754E+000
 2.3262E+000
 2.0094E+000
 2.9172E+000
 2.9186E+000
 1.9696E+000
 3.0083E+000
 3.4261E+000
 2.1695E+000
 2.3972E+000
 2.4266E+000
 2.0183E+000
 2.0864E+000
 2.1858E+000
 2.2089E+000
 1.8041E+000
 1.9132E+000
 1.9427E+000
 1.5857E+000
 1.7441E+000
 2.1204E+000
 2.0639E+000
 2.1852E+000
 2.2449E+000
 1.8271E+000
 1.8976E+000
 1.6035E+000
 1.5890E+000
 1.6572E+000
 1.3522E+000
 1.5847E+000
 1.6516E+000
 1.2742E+000
 1.3137E+000
 1.4316E+000
 1.2441E+000
 1.5264E+000
 1.6358E+000
 7.7825E-001
 1.3261E+000
 1.4100E+000
 6.5487E-001
 1.8752E+000
 1.8949E+000
 1.2279E+000
 1.8739E+000
 1.8805E+000
 1.1429E+000
 1.7027E+000
 1.7648E+000
 1.4868E+000
 1.5018E+000
 1.6201E+000
 1.3901E+000
 2.2116E+000
 2.1325E+000
 1.0733E+000
 7.3338E-001
 1.3375E+000
 1.8665E-001
 1.7380E+000
 1.8567E+000
 1.8542E+000
 1.6088E+000
 1.7916E+000
 2.1559E+000
 1.2638E+000
 1.4847E+000
 2.1708E+000
 1.0814E+000
 1.3696E+000
 2.2572E+000
 1.7176E+000
 1.8457E+000
 2.4498E+000
 1.9999E+000
 1.8960E+000
 2.4513E+000
 1.1299E+000
 1.3757E+000
 2.0903E+000
 8.1416E-001
 1.1033E+000
 2.0960E+000
 6.4963E-001
 9.6013E-001
 1.7713E+000
 4.0558E-001
 7.9224E-001
 1.8572E+000
 7.1769E-001
 1.0332E+000
 2.0311E+000
 7.5521E-001
 1.0289E+000
 1.4785E+000
 6.4877E-001
 9.1594E-001
 1.1827E+000
 6.2020E-001
 9.0415E-001
 1.2996E+000
 3.5303E-001
 6.9577E-001
 1.2217E+000
 9.2936E-001
 9.9251E-001
 7.9065E-001
 2.4974E-001
 2.6129E+000
-9.1339E-001
 8.7364E-001
 1.1154E+000
 1.5091E+000
 8.7300E-001
 1.1313E+000
 1.6268E+000
 6.0764E-001
 9.6154E-001
 1.9122E+000
 4.7989E-001
 8.7226E-001
 1.8686E+000
 1.2868E+000
 1.4184E+000
 1.8859E+000
 1.3579E+000
 1.4136E+000
 1.7427E+000
 5.4731E-001
 9.3710E-001
 2.2040E+000
 3.3899E-001
 7.9776E-001
 2.4582E+000
-5.2682E-003
 5.0257E-001
 2.2902E+000
-1.7517E-001
 4.2534E-001
 2.4369E+000
 3.5147E-001
 8.6164E-001
 2.7446E+000
 1.0485E+000
 4.0389E-001
 4.3837E+000
-7.0325E-002
 4.5661E-001
 1.9436E+000
-3.9011E-001
 1.1763E-001
 1.7275E+000
-4.7350E-001
 4.9749E-002
 1.5053E+000
-7.6661E-001
-1.2657E-001
 1.5200E+000
-4.1030E-001
 1.1683E-001
 1.2229E+000
-9.0474E-001
-5.8304E-001
 1.1612E+000
-3.0125E-001
 2.0309E-001
 1.3030E+000
-3.2252E-001
 2.0150E-001
 1.1437E+000
-2.0464E-001
 2.8037E-001
 1.3563E+000
-1.9815E-001
 2.8478E-001
 1.2488E+000
-1.8382E-001
 4.0061E-001
 8.3768E-001
-9.7219E-002
 4.3497E-001
 7.8981E-001
-1.9625E-001
 3.9190E-001
 1.6551E+000
-4.1116E-002
 4.6573E-001
 1.9673E+000
-3.1617E-001
 2.1802E-001
 2.0714E+000
-3.9157E-001
 1.9112E-001
 2.3896E+000
 9.0583E-002
 4.6278E-001
 2.2843E+000
 2.1038E+000
 6.6048E-001
 2.7403E+000
