 beta=   0.0000000000000000     
  -4.8041265177205135E-016
  -3.0769316889616463E-016
  -1.7079539919662906E-016
  -8.9693869739117895E-017
   6.8107550303116755E-017
   2.6204280862839330E-016
   4.3923103669918281E-004
   4.5933902693736045E-004
   7.3273744812630149E-004
   9.4657407216159836E-004
   1.1921776830071732E-003
   1.4346840223185742E-003
   1.4795264196222294E-003
   1.6067369772745468E-003
   1.8851636146814592E-003
   2.0837124792021143E-003
   2.3023854978324911E-003
   2.5061561913917413E-003
   2.8314575882021080E-003
   3.0719233563982406E-003
   3.1953613516071126E-003
   3.5910525064183712E-003
   3.7659102560194434E-003
   3.9548937267455770E-003
   4.2532970068467754E-003
   4.3022729765059033E-003
   4.5172010511515207E-003
   4.9640150424148394E-003
   4.9771627070659659E-003
   5.1765350096558901E-003
   5.3667841241752650E-003
   5.5105988550902194E-003
   5.5975666405554099E-003
   5.7691197994863691E-003
   6.1585079238735824E-003
   6.3017294367573628E-003
   6.4068052120104481E-003
   6.6499052895623873E-003
   7.0392927932973713E-003
   7.3874295933689755E-003
   7.5665692885620453E-003
   7.8642915282554904E-003
   8.1400629315402078E-003
   8.4351775811559952E-003
   8.5631718013522932E-003
   8.6376962528742426E-003
   9.0902085972183258E-003
   9.3659066741676057E-003
   9.7318556564802341E-003
   9.9062095876761447E-003
   1.0113157767871288E-002
   1.0219776518449495E-002
   1.0352680444263112E-002
   1.0548532066289773E-002
   1.0655254262781159E-002
   1.0922674739720386E-002
   1.1108287584220765E-002
   1.1313407808970043E-002
   1.1381042763999392E-002
   1.1727830951022776E-002
   1.2169897475930237E-002
   1.2210581274330735E-002
   1.2714613835830457E-002
   1.2864678024188234E-002
   1.3179539882581305E-002
   1.3432863046633070E-002
   1.3525508818812187E-002
   1.3698159980765109E-002
   1.4109923619064452E-002
   1.4295694423065539E-002
   1.4837986593332877E-002
   1.5121454488702874E-002
   1.5295015259849753E-002
   1.5495731344408252E-002
   1.5854409070549937E-002
   1.5992526935370437E-002
   1.6308514026022351E-002
   1.6591206515976141E-002
   1.6843234560323959E-002
   1.7034408048893966E-002
   1.7206201469877128E-002
   1.7478043376080318E-002
   1.7536171372905921E-002
   1.8056664774084595E-002
   1.8312074404946661E-002
   1.8434049721545494E-002
   1.8522118815981554E-002
   1.8965940841895877E-002
   1.9096926335503538E-002
   1.9279300318037155E-002
   1.9635589640339478E-002
   2.0008661303716278E-002
   2.0275371058137284E-002
   2.0477156697938172E-002
   2.0667113404398165E-002
   2.0782606120912931E-002
   2.1155773660631618E-002
   2.1435675011376640E-002
   2.1581369435304910E-002
   2.1936954474768941E-002
   2.2263390810225197E-002
   2.2711650485472155E-002
   2.2993334468020991E-002
   2.3171076787098285E-002
   2.3468519294637280E-002
   2.3603996630713869E-002
   2.3956018499766835E-002
   2.4163966666885552E-002
   2.4441493786543509E-002
   2.4592102472936018E-002
   2.4734552928744408E-002
   2.5094218402219537E-002
   2.5244108042705153E-002
   2.5519278479419209E-002
   2.5677565661022649E-002
   2.5788895383906624E-002
   2.6234133403770243E-002
   2.6556331576013746E-002
   2.6774862866465448E-002
   2.7022872501456019E-002
   2.7088122479857705E-002
   2.7324148131826619E-002
   2.7658884167304769E-002
   2.7910264060097258E-002
   2.8150691501525892E-002
   2.8294276011272032E-002
   2.8843259822879993E-002
   2.9060231441124164E-002
   2.9083640371014945E-002
   2.9621154696366354E-002
   2.9864548381381174E-002
   2.9954288463332961E-002
   3.0195280264201669E-002
   3.0407063216573393E-002
   3.0757287374997583E-002
   3.1014498739491327E-002
   3.1280692802040502E-002
   3.1384498439270728E-002
   3.1608827420585163E-002
   3.1909720971896760E-002
   3.2166559204233933E-002
   3.2359277824825852E-002
   3.2694896824768206E-002
   3.2858671489418324E-002
   3.2985393474217750E-002
   3.3776122525790875E-002
   3.3853032718657361E-002
   3.4129885762842441E-002
   3.4205556549935109E-002
   3.4359820362873855E-002
   3.4541366537597561E-002
   3.4752053781427053E-002
   3.5152160739378331E-002
   3.5336396757841802E-002
   3.5370541769375007E-002
   3.5506086400923266E-002
   3.5791674488111665E-002
   3.6330718197995410E-002
   3.6802414132115734E-002
   3.6901381550996391E-002
   3.7248525221348416E-002
   3.7311589368702262E-002
   3.7469477985095950E-002
   3.7648892333814007E-002
   3.7882795161878473E-002
   3.8405866596139863E-002
   3.8564541239436284E-002
   3.8654185513465451E-002
   3.8946294413347946E-002
   3.9081469165872317E-002
   3.9244860500528951E-002
   3.9644110323407360E-002
   4.0025841834759331E-002
   4.0407617096631515E-002
   4.0539279156194513E-002
   4.0855812380273755E-002
   4.1156030910801909E-002
   4.1307824839120218E-002
   4.1832016502862189E-002
   4.1962731173799638E-002
   4.2309219520755684E-002
   4.2664411385730454E-002
   4.2948433842051763E-002
   4.3095592649255873E-002
   4.3288387603416273E-002
   4.3761024600967542E-002
   4.4425995583599713E-002
   4.4643640942876019E-002
   4.4819134994163630E-002
   4.5130489955363569E-002
   4.5229806694827512E-002
   4.5701001698107112E-002
   4.5765846817913486E-002
   4.6221393197936590E-002
   4.6629900901262927E-002
   4.6909446553386580E-002
   4.7140604708755876E-002
   4.7621769894022045E-002
   4.8090458506479986E-002
   4.8197009467790451E-002
   4.8472123392710988E-002
   4.8542632038981376E-002
   4.9098672608530937E-002
   4.9426814956916261E-002
   4.9538643556823712E-002
   4.9762922929821443E-002
   5.0651254738954488E-002
   5.0834425595296620E-002
   5.0976244412786580E-002
   5.1135082948300138E-002
   5.1787516293984266E-002
   5.2044198860273942E-002
   5.2276211841771961E-002
   5.2576232814977163E-002
   5.3145661931390843E-002
   5.3441904005306261E-002
   5.4207001531847071E-002
   5.4410953926408843E-002
   5.4892070148017905E-002
   5.5275825266829823E-002
   5.5845262076437960E-002
   5.6140178257238341E-002
   5.6500321539326444E-002
   5.6670474799052926E-002
   5.6761730080893247E-002
   5.7074770858559394E-002
   5.7279458093421921E-002
   5.7593790970264000E-002
   5.7948686045501643E-002
   5.8195483511307385E-002
   5.8722010841557405E-002
   5.9002573305710446E-002
   5.9335917574514306E-002
   5.9953342173067602E-002
   6.0406783206182153E-002
   6.0730130931225083E-002
   6.1471845720360574E-002
   6.2642854533173725E-002
   6.2906419526434609E-002
   6.3486507858014074E-002
   6.3751912334221283E-002
   6.3868880764478969E-002
   6.4195175761909584E-002
   6.4279066318217989E-002
   6.4514670560927717E-002
   6.5154288201522609E-002
   6.5435178591980392E-002
   6.5914647625261849E-002
   6.6639972074489795E-002
   6.7634687556031053E-002
   6.7951497082395798E-002
   6.8610937105463274E-002
   6.8872621631069053E-002
   6.9452652563393252E-002
   7.0308354916267524E-002
   7.1692535917801906E-002
   7.2157513750354826E-002
   7.2471891779927494E-002
   7.3108079172358079E-002
   7.3407180992782414E-002
   7.4373612687393273E-002
   7.5007512628494089E-002
   7.7155137795042433E-002
   7.7378381409365649E-002
   7.7954401752416053E-002
   7.8974273901150485E-002
   8.0192607820809836E-002
   8.0605654009156535E-002
   8.0932166943080502E-002
   8.1968723535521121E-002
   8.2246131926601546E-002
   8.2534428131761511E-002
   8.4044326620249993E-002
   8.5712755920857600E-002
   8.7446078255506127E-002
   8.7856785296816869E-002
   9.1235453684270676E-002
   9.1956306687528966E-002
   9.6722967150666639E-002
  0.10245952832850115     
  0.11244293219835215     
  0.11762562965171791     
  0.11812797691101187     
  0.11978907792514605     
  0.12099540061853056     
  0.12198382638023526     
  0.12269497016102990     
  0.12555773369799628     
  0.12748474282614025     
  0.12771736042098311     
  0.13142205000854418     
  0.13257780520217274     
  0.13382298844392426     
  0.13604468415992063     
  0.13615601450405229     
  0.13842507082001584     
  0.14271394297927639     
  0.14604314997691425     
  0.14727382820978979     
  0.14866507940980953     
  0.14959882905178318     
  0.15900343922653373     
  0.16080697776853811     
  0.16101569258882162     
  0.16835576935876462     
  0.17304784698375744     
  0.17392172969256400     
  0.17397152000482419     
  0.17630601895494377     
  0.17759273555396890     
  0.17848086869067975     
  0.18865880718043848     
  0.19127798776202831     
  0.19811108883096351     
  0.19881624658191990     
  0.19973786987154335     
  0.20232962172376215     
  0.20946456629800161     
  0.20991939566546641     
  0.21069658179987161     
  0.21092056846864013     
  0.21215131376620089     
  0.21280832798342886     
  0.21350877640100954     
  0.21356037505470124     
  0.21588074315241879     
  0.21641181483463814     
  0.21777799246859050     
  0.22121798746558249     
  0.22252867571705884     
  0.22760993923842859     
  0.22763979703559603     
  0.22952603200724792     
  0.23251369804442021     
  0.23848233188539436     
  0.24149107899575109     
  0.24223444576055972     
  0.24349941029554972     
  0.24471038786257371     
  0.24491988212069010     
  0.24615088723926348     
  0.24663075011965471     
  0.24691979897473446     
  0.25185739634270371     
  0.25189114124925427     
  0.25288863841038883     
  0.25334431427641146     
  0.25848173098347016     
  0.26050794134075128     
  0.26207188066895259     
  0.26515240342088836     
  0.27454743637391482     
  0.27658888954168803     
  0.29092177637972677     
  0.29394022991678259     
  0.29662000975570446     
  0.32658527128051040     
  0.32690776806016497     
  0.33027367960201554     
  0.33035732480614138     
  0.33092663095010921     
  0.33603689183696817     
  0.33915119579159964     
  0.34449907791979617     
  0.34994230404566201     
  0.35853275175384530     
  0.35867582834830447     
  0.38543001736425936     
  0.43834158233329606     
  0.43992835680465392     
  0.44616266447475084     
  0.46229631446569486     
  0.47593414542691198     
  0.47744604148978692     
  0.50959046603981217     
  0.51687421223542473     
  0.55701200522634320     
  0.56202385324816884     
  0.59467732266343043     
  0.59618503393363265     
  0.73647501779682301     
  0.75873855962469472     
  0.76842554496086524     
  0.77520728158816032     
  0.77880652707017095     
  0.79218099904007633     
  0.79256253591916659     
  0.79539782585364671     
  0.80414857095615488     
  0.91951391804062732     
  0.93766825679900967     
  0.97777951652750672     
  0.99564877164141408     
   1.0184715901294157     
   1.0308434726287843     
   1.0463126285625155     
   1.0649270369271104     
   1.0705075473434225     
   1.0907613143967261     
   1.1086772795883053     
   1.1104587463632132     
   1.1327734205510163     
   1.1605003341739979     
   1.1886180450013131     
   1.2092741456979104     
   1.2305960387244528     
   1.2365754319206874     
   1.2637946057343370     
   1.2695907788672744     
   1.3090150376265848     
   1.3947814918856056     
   1.4096660207276361     
   1.4387169951368626     
   1.4403962516478701     
   1.4552619364543178     
   1.4552660860952655     
   1.4628458321358344     
   1.4905038946168259     
   1.5422864391478728     
   1.5455520586940841     
   1.5546195919096435     
   1.5659574808247063     
   1.5962095608193012     
   1.5995209040056861     
   1.6827452008192243     
   1.7051447844161496     
   1.7066715541561726     
   1.7258012077115159     
   1.7278977114792551     
   1.7334512995499682     
   1.7540461819645556     
   1.8136966997448201     
   1.8137204069788786     
   1.8374950874781326     
   1.8379271877910262     
   1.8835722579370866     
   1.9042845898344365     
   1.9051112634764420     
   1.9182974775339294     
   1.9197385734383778     
   1.9271325490490607     
   1.9407240179177412     
   1.9447843083443526     
   1.9511200958170358     
   1.9511808196982889     
   1.9599612355593257     
   1.9723174122448668     
   1.9748920250458608     
   1.9764354866528382     
   1.9796636678268453     
   1.9855548782113204     
   1.9882649575067597     
   2.0050195916907727     
   2.0120535966633271     
   2.0145982649019656     
   2.0155649652651482     
   2.0176886260443743     
   2.0192178046175995     
   2.0241669103578022     
   2.0246527899205193     
   2.0258833069749134     
   2.0268001433605543     
   2.0355486299713674     
   2.0383245947546027     
   2.0387478085515864     
   2.0461133721027305     
   2.0474901639086571     
   2.0487366180190194     
   2.0509321563503704     
   2.0546151755650239     
   2.0573303145774542     
   2.0641967219552302     
   2.0676291521157295     
   2.0730007226092115     
   2.0732650020405061     
   2.0805341540251487     
   2.0899702668586584     
   2.0931498017284151     
   2.0997737867827491     
   2.1013105274969255     
   2.1150734054612177     
   2.1209257933442327     
   2.1260731753031474     
   2.1294030542535545     
   2.1309422308907386     
   2.1340591067019550     
   2.1342352746844688     
   2.1473443408217636     
   2.1576769549799222     
   2.1653747313819292     
   2.1730052906067674     
   2.1757462775681220     
   2.1782565309129538     
   2.1941457111767555     
   2.1948001055969728     
   2.1958097800067589     
   2.1993309091925015     
   2.2054696091960651     
   2.2150712521505445     
   2.2247559104339452     
   2.2308879303744558     
   2.2353255527916813     
   2.2393106660073054     
   2.2436383073900354     
   2.2448847322192886     
   2.2511638483273284     
   2.2536486738991881     
   2.2576234388683107     
   2.2633190473563567     
   2.2681433347384212     
   2.2839206028078247     
   2.2875874867786932     
   2.2879260400874677     
   2.3615555900716538     
   2.3701023550237763     
   2.3830420705147284     
   2.3901570282030953     
   2.4056882355055254     
   2.4112515152508109     
   2.4113303995322326     
   2.5292046576546157     
   2.5359853574983782     
   2.5523812595132402     
   2.5553726269197474     
   2.5562155934102861     
   2.5876569713028434     
   2.6141392685412002     
   2.6432249339008411     
   2.6518291739908393     
   2.6630332370889738     
   2.6763646367930933     
   2.6773087321424320     
   2.6821885940537751     
   2.7116079403033075     
   2.7493677950310742     
   2.8423907141758300     
   2.8464213857500726     
   2.8469966304748651     
   2.8623458999134312     
   2.8890573802030279     
   2.9109652260153807     
   2.9651991931738064     
   2.9742725738941003     
   2.9875234072696695     
   2.9970965623587911     
   3.0013229373239723     
   3.0313571581572543     
   3.0337304347391090     
   3.0452383458419106     
   3.0643782041588405     
   3.0998835579417667     
   3.1443431121390790     
   3.1697864761818835     
   3.1985894079085253     
   3.2021610104705660     
   3.2734628906205807     
   3.3104598811544172     
   3.3138813660015547     
   3.3180186842691719     
   3.3225812805504220     
   3.3292388008638714     
   3.3357746191087139     
   3.3450010111033937     
   3.3591283802693770     
