 beta=   0.0000000000000000     
  -4.8239753290278165E-015
  -3.5066758203144928E-015
  -3.4459899609684106E-015
  -1.6314699590071863E-015
   1.6291485606881298E-015
   3.9596597824275626E-015
   3.7783278309841961E-002
   4.8695016280270509E-002
   6.6764134246764417E-002
   8.5836884193674870E-002
   9.6308904252062844E-002
  0.10075209457333678     
  0.10475033585701594     
  0.10829944006277926     
  0.11088160217794842     
  0.11930050351337097     
  0.12215801729773415     
  0.12567352611898991     
  0.13152322941644581     
  0.13290306021720799     
  0.13551357901579536     
  0.13876237925591789     
  0.14122718264773576     
  0.14368812709659001     
  0.14421946193507412     
  0.14473188882687665     
  0.14616000407999069     
  0.14880779424574769     
  0.15038358849268912     
  0.15052442670388322     
  0.15381668393252762     
  0.15442972424319434     
  0.15836303692187223     
  0.16092464383672758     
  0.16166226564450292     
  0.16473278359340043     
  0.16642036683599579     
  0.16764419168256076     
  0.16868138962863993     
  0.17130310646493155     
  0.17331692156280168     
  0.17426873392166015     
  0.17681027828236484     
  0.17830513958503974     
  0.18074006165116394     
  0.18444425506192952     
  0.18548396803877643     
  0.18678367893120446     
  0.18796245157000779     
  0.18922993917919667     
  0.18963859731036375     
  0.19142057552972030     
  0.19355238105587125     
  0.19446196743735797     
  0.19789577865708818     
  0.19862843171180539     
  0.19951469777122091     
  0.20101658662190153     
  0.20221798412147576     
  0.20362806807484193     
  0.20442926067479214     
  0.20829078815478455     
  0.20905419686765073     
  0.21120284451401122     
  0.21204483118145229     
  0.21353209732924133     
  0.21471981903986961     
  0.21517901939822323     
  0.21673908551735727     
  0.21707071768347855     
  0.21891483808335233     
  0.21966995344097251     
  0.21997651063854176     
  0.22327592484192060     
  0.22430330836194723     
  0.22447634074646186     
  0.22678400720875164     
  0.22815731451320073     
  0.22943619501784335     
  0.23053744004403334     
  0.23204749705821556     
  0.23250380507736365     
  0.23284573465362954     
  0.23665148440892880     
  0.23747698346265780     
  0.23834279469974953     
  0.23928499045242024     
  0.24236557485798710     
  0.24289883029946027     
  0.24433910948788071     
  0.24757990596028090     
  0.24900847617465316     
  0.25109336877670391     
  0.25195519364661267     
  0.25339770048442833     
  0.25483005680819443     
  0.25595068432129692     
  0.25690239674794352     
  0.25829751833647946     
  0.25987315826014823     
  0.26040267126754624     
  0.26383419481625292     
  0.26434881121358622     
  0.26673470309436309     
  0.26812092861162279     
  0.27112647020316377     
  0.27159453743793732     
  0.27344127697051684     
  0.27413939187769348     
  0.27557470278341034     
  0.27650705020334987     
  0.27818629286693591     
  0.27961242002217684     
  0.28003537865885131     
  0.28130419073266993     
  0.28222790808601478     
  0.28264861012749909     
  0.28371786083674538     
  0.28416696594205904     
  0.28564834075229006     
  0.28630117069788130     
  0.28803053058333838     
  0.28941607243720946     
  0.29011545701380442     
  0.29072948376241536     
  0.29138293640318241     
  0.29253204227017066     
  0.29545198696141572     
  0.29608344020594368     
  0.29814390540485397     
  0.29951225607501497     
  0.30028272640482850     
  0.30106825966280126     
  0.30244060158535291     
  0.30330379937544594     
  0.30395999443802818     
  0.30508643123303497     
  0.30645676623168538     
  0.30662900785536684     
  0.30761323602389856     
  0.30850036764116473     
  0.30976620573841340     
  0.31084369660731059     
  0.31202125825115962     
  0.31273879232239443     
  0.31507061654080470     
  0.31661396091952793     
  0.31734420113678879     
  0.31840098389090205     
  0.31887697869083659     
  0.31959591011657679     
  0.32202095190074487     
  0.32252227271950901     
  0.32341680484693686     
  0.32468644558118326     
  0.32527908846206660     
  0.32631502513187549     
  0.32698791691306955     
  0.32752214035881666     
  0.32876757022211933     
  0.32881629665375434     
  0.33000656781895649     
  0.33040922157710878     
  0.33146809504663804     
  0.33244316981987659     
  0.33343871062001174     
  0.33524348901643086     
  0.33586899649440360     
  0.33739549106727967     
  0.33796640013398904     
  0.33875111694001037     
  0.34050011457495127     
  0.34108624282167810     
  0.34193900077385841     
  0.34260616896146778     
  0.34420365675938880     
  0.34470566504782152     
  0.34573776915568144     
  0.34652127830790824     
  0.34707428721048977     
  0.34830788353845737     
  0.34922286182479939     
  0.35000986498632414     
  0.35041005249877338     
  0.35098943710401831     
  0.35174463790479510     
  0.35274366776027283     
  0.35310279582639537     
  0.35395637580205641     
  0.35512903794385342     
  0.35583015749434677     
  0.35650681538318590     
  0.35732978666430631     
  0.35779306585447540     
  0.35922300233937055     
  0.36052041065364260     
  0.36147961179252708     
  0.36221140579019701     
  0.36243521676275564     
  0.36262881359543991     
  0.36370856477944691     
  0.36406644711288416     
  0.36504098988685574     
  0.36642533589847626     
  0.36713597813638060     
  0.36863624043637450     
  0.36943922655798239     
  0.37011329193105791     
  0.37054911994655276     
  0.37131613848365147     
  0.37164556862174891     
  0.37250018453732975     
  0.37410203048170376     
  0.37439466990065789     
  0.37525331166977999     
  0.37644847953707083     
  0.37766429892013437     
  0.37846953065126288     
  0.37939431758571218     
  0.37992141769052956     
  0.38018376235858564     
  0.38142260362814079     
  0.38186708079092968     
  0.38245809953544962     
  0.38356465608934742     
  0.38463979248309188     
  0.38549586219902243     
  0.38624648443938198     
  0.38720442907463248     
  0.38733700161661944     
  0.38884883111064272     
  0.39011245146784335     
  0.39037166118258931     
  0.39118444008946002     
  0.39295665632299104     
  0.39340441220838940     
  0.39499747603396484     
  0.39601103857187320     
  0.39681877555963169     
  0.39729682089215246     
  0.39865720928285098     
  0.40007534259529370     
  0.40083446520692201     
  0.40193018093526028     
  0.40258037453436363     
  0.40344859604095051     
  0.40446933029452964     
  0.40509687637124681     
  0.40568324244678516     
  0.40758326535733291     
  0.40806285945736542     
  0.40874777156460645     
  0.41049765755031448     
  0.41259097596812649     
  0.41294759934467518     
  0.41415781246615674     
  0.41494802647884754     
  0.41657832794873023     
  0.41785024367828527     
  0.41790274337244060     
  0.42011940907365680     
  0.42100674146579314     
  0.42171180222373239     
  0.42304221769410749     
  0.42620052723806051     
  0.42663636447263387     
  0.42814366974395546     
  0.43009232148247062     
  0.43113963461302596     
  0.43147350466977352     
  0.43221154599352934     
  0.43424795511077807     
  0.43599257571292743     
  0.43697681317420090     
  0.43767802292694907     
  0.44058669395262434     
  0.44265442911415581     
  0.44439339072749939     
  0.44511022428195995     
  0.44689569108114602     
  0.44909799983310095     
  0.45171153259216329     
  0.45295724784355440     
  0.45472284316938283     
  0.45603056774149653     
  0.45780030796348781     
  0.45997535718088511     
  0.46156944592445842     
  0.46178055350442920     
  0.46379153727039146     
  0.46574677129745651     
  0.46720661673734953     
  0.46880797668110952     
  0.47109334182687723     
  0.47295314598603572     
  0.47472768242291846     
  0.47613389841606130     
  0.47843482356794481     
  0.48032986003802158     
  0.48273365901700316     
  0.48560582617998249     
  0.48843776125493349     
  0.48897773181991128     
  0.49170915631997075     
  0.49574052622342635     
  0.49900352343334298     
  0.50059787979265469     
  0.50287864169380581     
  0.50445519046286058     
  0.50533849623225369     
  0.50908221349072946     
  0.51056665987328276     
  0.51160047859393598     
  0.51627451378373956     
  0.51842348386304904     
  0.52241220957921120     
  0.52401821281793326     
  0.52707461547049383     
  0.53081551593947929     
  0.53331487077859407     
  0.53461547366898765     
  0.53789226474072027     
  0.54008079161963807     
  0.54215636753199670     
  0.54523414278828319     
  0.54593162287376473     
  0.54848441072159537     
  0.55110902734573863     
  0.55196404353849304     
  0.55726214963223653     
  0.55744294676647710     
  0.55992876391977986     
  0.56179687368267517     
  0.56344400610274836     
  0.56576987964230896     
  0.56779301759315992     
  0.56951624731171224     
  0.57194371608735650     
  0.57607475620915560     
  0.57924590728551506     
  0.58157509267811913     
  0.58457941612747366     
  0.58506128953291636     
  0.59142921836438433     
  0.59517044847594391     
  0.60228043962415279     
  0.60557285118327553     
  0.60810131631473985     
  0.61330075461231937     
  0.61808205271236283     
  0.61993822016838551     
  0.62343192782777357     
  0.63252245146353991     
  0.63465555802291496     
  0.64466248811352667     
  0.64842139104386498     
  0.65129881475780860     
  0.65488705975244732     
  0.65648002974574704     
  0.65861584843689347     
  0.66238192278971997     
  0.66698924823525263     
  0.67509608921496433     
  0.67898428059280846     
  0.69280390231029576     
  0.69491468737388518     
  0.72134614059500102     
  0.72734636456899848     
  0.73079704188563055     
  0.73382830306187352     
  0.73871908495535288     
  0.74876812173767893     
  0.75107971696334475     
  0.75867792213479368     
  0.76019190375074708     
  0.78898612915293376     
  0.80376108363031629     
  0.83229844577491807     
  0.83625679574895473     
   1.0815364381364005     
   1.0982481901167906     
   1.1211502157827591     
   1.1496650670722923     
   1.1555895055182561     
   1.1625291106275422     
   1.1729561903910126     
   1.2330471488428432     
   1.2367784225657594     
   1.2414974504341680     
   1.2522306363790532     
   1.2866151201527904     
   1.2995121222409372     
   1.3074002884309268     
   1.3353074023319025     
   1.3439399040824873     
   1.3609834150284479     
   1.3742944952218814     
   1.3940589125084615     
   1.4126738368185177     
   1.4215503250284875     
   1.4483276448725391     
   1.4694837296029211     
   1.5036809023843558     
   1.5253815089697598     
   1.5455192568785352     
   1.5843861556611485     
   1.5942729334923165     
   1.5986556671836158     
   1.6241144163224117     
   1.6336735926867882     
   1.6603463489151811     
   1.6657661424525412     
   1.6904925053748940     
   1.6934323592730955     
   1.7074239664902902     
   1.7700986506396479     
   1.7789999881466045     
   1.7972681316820582     
   1.8351056792801528     
   1.8497045710616080     
   1.8845138205320084     
   1.8900944810535112     
   1.8935511180175688     
   1.8964314049059883     
   1.9023812771245849     
   1.9338638740032035     
   1.9406682717483579     
   1.9679003041201333     
   2.0354921519198110     
   2.0371497666045149     
   2.0429736242966174     
   2.0608134647576635     
   2.1031951260422637     
   2.1072600576548388     
   2.1139723259291494     
   2.1220320337597975     
   2.1274715737684620     
   2.1507055152776409     
   2.1545502693972107     
   2.1630564640537147     
   2.1675516996493531     
   2.1684084472787837     
   2.1791305386588760     
   2.1949243810800394     
   2.1955919242623470     
   2.2005783074851917     
   2.2022883723990292     
   2.2029249266294468     
   2.2036523038808054     
   2.2055298491999999     
   2.2062711376887836     
   2.2110937271890312     
   2.2234640923886180     
   2.2267344461047731     
   2.2282831048780150     
   2.2324514095633394     
   2.2343961122581075     
   2.2388951637522725     
   2.2447121334621731     
   2.2503606190826928     
   2.2617146031141990     
   2.2631039130997195     
   2.2651902563465609     
   2.2657422163043370     
   2.2732237584104413     
   2.2768147019967913     
   2.2896447157817312     
   2.2947765696734215     
   2.2971661819150659     
   2.3005445293927762     
   2.3024435930757954     
   2.3053455887510061     
   2.3076528387411797     
   2.3121586732769419     
   2.3261033420565496     
   2.3323156704006944     
   2.3334818334789045     
   2.3370575083415535     
   2.3433780109861537     
   2.3468473452371605     
   2.3580664505872537     
   2.3716209779015789     
   2.3719654232759075     
   2.3779223712019451     
   2.3860697460947695     
   2.3992326125780892     
   2.4042157763039929     
   2.4103804649394420     
   2.4185018726643239     
   2.4206203208168717     
   2.4342047437152345     
   2.4413531095980558     
   2.4463778286555620     
   2.4490863282368887     
   2.4555807232915527     
   2.4596992805306277     
   2.4627749905495566     
   2.4691029090564456     
   2.4745480952258134     
   2.4960162260042620     
   2.5000135256849023     
   2.5035123812893523     
   2.5056743892603039     
   2.5093307678049013     
   2.5130781313449631     
   2.5303926586974534     
   2.5322377519026467     
   2.5391638080371317     
   2.5406367264837826     
   2.5443675661719132     
   2.5476026505064708     
   2.5492963272131859     
   2.5541851522249455     
   2.5635344044013082     
   2.5739653957637594     
   2.5946572898132811     
   2.6189612769290886     
   2.6294290203550497     
   2.6463481625852454     
   2.6659496142575789     
   2.7343869229830058     
   2.7942229984956914     
   2.8359521991123260     
   2.8630096568460992     
   2.8881178770819713     
   2.9055374350650340     
   2.9133580292763228     
   2.9213296546993481     
   2.9216221591835470     
   2.9301144306264564     
   2.9323144997143413     
   2.9342036611313418     
   2.9714047457243478     
   2.9766521421448586     
   2.9923587491074306     
   3.0318388628559512     
   3.1182996544550008     
   3.1525026619329544     
   3.1651079136831775     
   3.1803062624139748     
   3.2255636417211742     
   3.2276485207000816     
   3.2395321601313429     
   3.2458735574733568     
   3.2535904561115432     
   3.2914892854993312     
   3.3132005655027914     
   3.3281341539670817     
   3.3371022183399344     
   3.3594328614839273     
   3.4232067244315316     
   3.4375772899263839     
   3.4708473659851427     
   3.4780846148995201     
   3.5084320394882540     
   3.5282721267275483     
   3.6100288793682704     
   3.6273212089410820     
   3.6855700176704533     
   3.6873350822408666     
   3.6976567770855797     
   3.7055448453734465     
   3.7090992190306751     
   3.7335504005513687     
