 -0.280818
 -0.214541
  0.167372
  0.075410
  0.019198
  0.038871
  0.030480
  0.016309
 -0.009067
  0.000930
 -0.060319
 -0.025137
  0.016677
  0.029899
 -0.040391
  0.023327
 -0.021826
 -0.028043
 -0.046912
 -0.071582
 -0.063947
 -0.043184
 -0.035959
 -0.090990
 -0.039174
 -0.028760
 -0.062969
 -0.030027
 -0.005185
 -0.044161
 -0.039755
  0.030106
 -0.055692
 -0.004299
  0.037356
 -0.031941
  0.010748
 -0.003781
 -0.048799
 -0.025507
  0.006869
 -0.074665
 -0.028820
  0.048299
 -0.042378
 -0.006871
  0.036376
 -0.036112
 -0.014220
  0.025231
 -0.007983
  0.017755
  0.001429
 -0.003122
  0.014234
 -0.009639
 -0.038863
  0.008688
  0.007001
 -0.044812
  0.013817
  0.006609
 -0.029588
  0.017939
 -0.018848
 -0.032718
  0.022373
 -0.012542
 -0.047715
  0.021591
 -0.011635
 -0.053455
  0.014324
 -0.014883
 -0.051715
  0.002439
 -0.041573
 -0.056120
 -0.052729
 -0.030365
 -0.056970
 -0.052585
 -0.001416
 -0.040176
 -0.020477
  0.013812
 -0.007117
 -0.035277
  0.039541
 -0.015729
 -0.020715
  0.040997
 -0.023146
  0.005495
  0.027095
 -0.021771
  0.005742
  0.048064
  0.005324
 -0.008296
  0.052904
 -0.035339
  0.002765
 -0.045416
 -0.046084
  0.083004
 -0.018380
  0.040243
  0.127122
 -0.011842
  0.081143
 -0.002176
  0.060360
 -0.043236
  0.027650
 -0.077389
 -0.001413
  0.106327
 -0.020762
  0.054253
  0.053879
  0.069455
  0.032362
 -0.003585
  0.018510
 -0.007596
  0.012514
 -0.036319
  0.056611
  0.036025
  0.009814
  0.038452
 -0.004322
  0.047756
  0.019386
  0.002817
  0.015148
 -0.013733
 -0.004874
 -0.032874
  0.016869
 -0.006848
 -0.035572
  0.032451
  0.001078
 -0.033102
  0.010086
 -0.001799
  0.000080
  0.007560
 -0.013057
 -0.058126
  0.012022
 -0.040589
 -0.027395
  0.005826
 -0.028254
 -0.012326
 -0.013559
  0.001480
  0.034977
 -0.002494
  0.003813
  0.018873
  0.008981
 -0.007137
  0.010768
  0.014658
  0.001890
  0.011527
 -0.003231
  0.043221
  0.017362
 -0.000114
 -0.046034
  0.015653
 -0.008191
 -0.128795
 -0.033516
 -0.073272
 -0.018184
  0.044405
 -0.051849
 -0.016822
  0.060465
 -0.008854
 -0.042416
  0.057348
 -0.014505
 -0.011981
  0.015170
 -0.011321
 -0.043552
  0.081290
 -0.058192
  0.008391
  0.033521
  0.008140
 -0.046491
 -0.001140
  0.036369
 -0.149785
 -0.011510
 -0.120062
 -0.071877
 -0.042876
 -0.012649
 -0.033627
 -0.004249
 -0.026978
 -0.027794
 -0.002988
  0.001400
 -0.003494
 -0.003538
 -0.025958
  0.032405
  0.025832
  0.004969
  0.035698
  0.021257
 -0.011616
  0.050643
  0.019013
  0.003293
  0.064388
  0.012340
  0.020084
  0.038000
  0.011624
  0.023906
  0.033772
  0.001769
  0.022579
 -0.002420
 -0.034603
 -0.021458
 -0.018544
 -0.010621
 -0.003115
 -0.000213
  0.010802
 -0.016867
 -0.094385
 -0.118172
 -0.018301
  0.002477
  0.045804
  0.017689
  0.024592
 -0.042838
  0.007111
 -0.178724
  0.095916
  0.031629
 -0.052989
 -0.198359
  0.098354
 -0.024219
 -0.001050
  0.012007
 -0.003566
 -0.003890
  0.003965
 -0.001091
  0.029178
 -0.005507
 -0.064733
 -0.089429
  0.003270
  0.063173
  0.171289
 -0.023277
 -0.014140
 -0.034753
  0.021719
 -0.023364
 -0.014150
 -0.012238
 -0.002312
  0.020756
  0.008990
  0.022461
  0.004599
 -0.010836
  0.006583
  0.048298
 -0.033777
  0.074809
  0.048866
 -0.016025
  0.048035
  0.018562
  0.031819
 -0.004216
  0.016688
 -0.001652
  0.028530
  0.049380
 -0.034678
  0.062531
  0.034084
  0.000065
  0.021454
  0.017039
  0.020204
  0.005519
  0.025874
 -0.013220
  0.033152
  0.033158
 -0.031612
  0.031786
  0.033664
 -0.001397
  0.025423
  0.020329
 -0.007395
  0.020662
  0.013587
 -0.019281
  0.007755
  0.031967
 -0.000458
  0.009421
  0.036088
 -0.005776
  0.020333
 -0.011739
 -0.006199
  0.008313
 -0.001955
  0.018168
 -0.025716
  0.040108
  0.035583
  0.003630
 -0.017383
  0.026254
  0.000918
  0.009353
  0.027570
 -0.001673
 -0.016905
  0.041394
 -0.005891
 -0.029293
 -0.021169
 -0.007624
 -0.009364
  0.016617
 -0.000877
  0.011532
  0.014907
 -0.004592
  0.019974
  0.001159
 -0.007247
  0.002493
  0.030460
  0.027755
  0.006539
  0.041536
  0.047597
  0.005323
 -0.013962
  0.030984
  0.031651
  0.019875
  0.031024
  0.004169
  0.001291
  0.029833
  0.009688
  0.001890
  0.036073
 -0.005811
  0.006533
  0.059103
  0.006456
  0.008072
  0.042873
  0.014080
 -0.013617
  0.005797
  0.017176
  0.014480
  0.029105
  0.002085
  0.021652
  0.059337
  0.015391
  0.004735
  0.052409
  0.040547
  0.017414
  0.033086
  0.059696
  0.068566
  0.039130
 -0.035682
  0.023765
  0.028316
 -0.004384
  0.012308
  0.017400
  0.010940
  0.028654
  0.005005
  0.006539
  0.015151
 -0.012535
 -0.050510
 -0.000506
  0.009712
 -0.010751
  0.004664
  0.000122
 -0.011641
  0.007152
 -0.003134
 -0.005465
  0.016900
  0.002958
  0.020904
  0.017862
  0.009622
  0.008853
  0.024528
 -0.039950
 -0.004132
 -0.001302
 -0.177843
 -0.133388
 -0.023534
 -0.040482
  0.017982
  0.102711
  0.003093
 -0.053812
  0.042226
 -0.007476
 -0.093432
  0.072426
 -0.006657
 -0.033151
  0.023335
  0.020027
 -0.077796
  0.046355
 -0.020590
 -0.054143
  0.064166
  0.004284
 -0.025218
  0.027724
 -0.040036
  0.018500
  0.023610
  0.015736
  0.006589
  0.028749
  0.004060
  0.003440
  0.008168
 -0.002941
  0.002628
  0.016911
  0.001053
  0.003643
 -0.004273
 -0.017336
  0.019313
 -0.010916
 -0.017189
  0.013601
 -0.021097
 -0.051038
 -0.013927
 -0.010771
 -0.040733
 -0.000894
 -0.029527
 -0.031936
  0.002123
 -0.019958
 -0.021146
  0.009753
 -0.004604
 -0.002862
  0.008925
 -0.006152
 -0.009761
 -0.011913
 -0.001649
  0.017143
  0.012000
  0.002632
  0.006750
  0.000683
 -0.000929
  0.024000
 -0.001874
  0.004843
  0.024634
  0.006752
  0.036320
  0.276722
 -0.122174
  0.153224
