 beta=   0.0000000000000000     
  -1.3226817865722561E-015
  -8.9052456566105784E-016
  -6.7054083267815437E-016
  -4.9722378203401703E-016
   1.9946573207429657E-017
   3.3274419262788815E-017
   1.4491829368025861E-003
   1.4875737894260467E-003
   3.4094044245251988E-003
   4.3439291962033026E-003
   5.1441559561892381E-003
   5.6197677077936877E-003
   5.9826877769921299E-003
   6.7838435807397561E-003
   7.9689261686958050E-003
   8.3964754466903570E-003
   9.4790825022373470E-003
   1.0111405160200395E-002
   1.1866788535705742E-002
   1.2688212009551328E-002
   1.3182563310640114E-002
   1.3337210419448560E-002
   1.3870398377019443E-002
   1.4451425007269788E-002
   1.5324511924015662E-002
   1.6166485095884663E-002
   1.6544362607180174E-002
   1.7720385476038991E-002
   1.8315717969808510E-002
   1.8514466821858575E-002
   1.9472290904335280E-002
   1.9533335845866154E-002
   1.9991001862478246E-002
   2.0667922065208160E-002
   2.1275279784467190E-002
   2.1772078001075161E-002
   2.2058724295574882E-002
   2.3353725000393146E-002
   2.4014078547881897E-002
   2.4587150348986984E-002
   2.5299901641187280E-002
   2.5651596343759683E-002
   2.6318975013724034E-002
   2.7001386778104253E-002
   2.8019352860136605E-002
   2.8571354490173530E-002
   2.9797933362005834E-002
   3.0003816390176047E-002
   3.0443959791233498E-002
   3.0884820954030581E-002
   3.1385606031489904E-002
   3.2679275148625800E-002
   3.2886303372225249E-002
   3.3358961975130878E-002
   3.4204122724038728E-002
   3.4785062744387620E-002
   3.5361513258609284E-002
   3.6421813489002725E-002
   3.7335997083904650E-002
   3.7618045867057359E-002
   3.7977029041766940E-002
   3.9640326309946045E-002
   4.0118060154076998E-002
   4.0917590497256705E-002
   4.1590345068602708E-002
   4.2042047314397264E-002
   4.2180866285571127E-002
   4.2448678103249288E-002
   4.3789022781928824E-002
   4.4138376087431021E-002
   4.5029180146055038E-002
   4.5375494398258949E-002
   4.5976302429462261E-002
   4.6586548832841503E-002
   4.6873798097860964E-002
   4.7316064872439383E-002
   4.7784281042020177E-002
   4.8064275684281600E-002
   4.8468615169504667E-002
   4.9286890896148058E-002
   4.9677071828665813E-002
   5.0090824340070082E-002
   5.0256649905310737E-002
   5.0924109983599801E-002
   5.1446335864165402E-002
   5.1559865230212693E-002
   5.2202950248075648E-002
   5.2776527871503387E-002
   5.3146587818502171E-002
   5.3616975242479041E-002
   5.4053577862020419E-002
   5.4530099598566056E-002
   5.4888942340970456E-002
   5.6397605979078440E-002
   5.6755076351825140E-002
   5.7121598694718660E-002
   5.7556878458875693E-002
   5.8213351279893424E-002
   5.8748785189230109E-002
   5.9077289278063827E-002
   5.9196013772320560E-002
   5.9566196650398362E-002
   6.0016706868032628E-002
   6.0564660900335000E-002
   6.0961833296021346E-002
   6.1313715182809668E-002
   6.1488765198490759E-002
   6.1757919810129978E-002
   6.2080992012458820E-002
   6.2487199274143299E-002
   6.2990519474814169E-002
   6.3164460430809519E-002
   6.3370122002958912E-002
   6.3901929479920058E-002
   6.4539821179840959E-002
   6.4876851580299863E-002
   6.5154721088643647E-002
   6.5679583405871197E-002
   6.5707729288672426E-002
   6.6259557847398662E-002
   6.6827538179718343E-002
   6.7341989008258205E-002
   6.7472767509718201E-002
   6.8138780460456932E-002
   6.8430654884174491E-002
   6.8960079541927011E-002
   6.9282680839682878E-002
   6.9931330505598452E-002
   7.0317586740624827E-002
   7.0612565679417802E-002
   7.0948210859418007E-002
   7.1360594646483991E-002
   7.1548051926464157E-002
   7.1863867784281818E-002
   7.2166513869866167E-002
   7.2782950422264903E-002
   7.3268636390118769E-002
   7.3632235821241371E-002
   7.4027744678217752E-002
   7.4293500063878554E-002
   7.4554926558849585E-002
   7.5018124817147855E-002
   7.5417916379627109E-002
   7.5992786122202144E-002
   7.6388591818902812E-002
   7.7191181554901012E-002
   7.7450801851554368E-002
   7.7940355603098976E-002
   7.8243784931357294E-002
   7.8671608014353120E-002
   7.9023212458288625E-002
   7.9267740555449051E-002
   7.9463143779165496E-002
   7.9609841179597421E-002
   8.0118560252903800E-002
   8.0810498850347467E-002
   8.1217430515314409E-002
   8.1345783264405142E-002
   8.1895820080062964E-002
   8.2037575711208760E-002
   8.2431516534352045E-002
   8.2870376674836349E-002
   8.3405917979786678E-002
   8.3553958999025124E-002
   8.3762397509890757E-002
   8.4068076018871216E-002
   8.4419053774906591E-002
   8.4692361719548762E-002
   8.5606295324928597E-002
   8.5764398055467914E-002
   8.6559138357548596E-002
   8.6794472419975108E-002
   8.7149924979164961E-002
   8.7527108207957949E-002
   8.7868067537162739E-002
   8.8119131850412619E-002
   8.8878331775891203E-002
   8.9234267683440227E-002
   8.9535475965063407E-002
   9.0273146424658821E-002
   9.0460962580603904E-002
   9.0755286191212703E-002
   9.1224263350188434E-002
   9.1348515205663311E-002
   9.1904739461756743E-002
   9.2135937055176517E-002
   9.2619181036209156E-002
   9.3114532016359164E-002
   9.3193030371914662E-002
   9.3421578507271313E-002
   9.3870976111321169E-002
   9.4082028360820344E-002
   9.4272561745525660E-002
   9.4589051718266051E-002
   9.4877528183825457E-002
   9.5587628096781604E-002
   9.5662602328505819E-002
   9.5878158005858166E-002
   9.6078766167280685E-002
   9.6538441612118595E-002
   9.7066042640623670E-002
   9.7365226028050089E-002
   9.7703398487604995E-002
   9.8205737159438256E-002
   9.8395162728932326E-002
   9.8959166212538086E-002
   9.9616719827506223E-002
  0.10022026101496107     
  0.10078041196203358     
  0.10123383541374611     
  0.10148606256934137     
  0.10211430459420298     
  0.10212932971043326     
  0.10250381192323031     
  0.10297319388908389     
  0.10326646872785687     
  0.10352852514506035     
  0.10467273546064501     
  0.10522269614051261     
  0.10545571423586866     
  0.10574947062680011     
  0.10655049856189645     
  0.10668501107996985     
  0.10745022989073867     
  0.10791352146103021     
  0.10840948797204143     
  0.10860471781632759     
  0.10921613640708253     
  0.10967147980108058     
  0.11009476540730113     
  0.11060062218679953     
  0.11083286978319659     
  0.11129713175647694     
  0.11186872007616949     
  0.11246348052749067     
  0.11276906383558742     
  0.11398433409065441     
  0.11402103399234054     
  0.11431245975306260     
  0.11448122437379291     
  0.11497089437782175     
  0.11543382352326205     
  0.11648051154396351     
  0.11656011688067107     
  0.11745401799066836     
  0.11759028930809889     
  0.11827531863510420     
  0.11888560474114172     
  0.11927029861981223     
  0.11966134116767410     
  0.12038542582776471     
  0.12169662445706930     
  0.12181868027977882     
  0.12212471480795428     
  0.12274196581403407     
  0.12325543030229726     
  0.12379618354392685     
  0.12436742937872482     
  0.12524552194486063     
  0.12637418021247432     
  0.12654916796632215     
  0.12700719845832817     
  0.12812757959783067     
  0.12977703668213952     
  0.13046723969446081     
  0.13084130493287166     
  0.13185020558935612     
  0.13229289698346253     
  0.13331575693258990     
  0.13385141864786568     
  0.13421841325294268     
  0.13497819758049451     
  0.13524381269543270     
  0.13563963584688693     
  0.13651080509552430     
  0.13738880202291204     
  0.13769125691452885     
  0.13796809439465099     
  0.13886466135897843     
  0.13937220260989477     
  0.14062977688073400     
  0.14095170120889544     
  0.14172957711533460     
  0.14245275837853066     
  0.14272743754078138     
  0.14423149366762911     
  0.14613940783671581     
  0.14677505551944492     
  0.14783602014914360     
  0.14871590209901470     
  0.14952374287955839     
  0.14978328479043468     
  0.15082933350789854     
  0.15141912332304505     
  0.15260135924864343     
  0.15404089011300018     
  0.15565528517068364     
  0.15625627288275509     
  0.15827884795770089     
  0.15850013847498551     
  0.15987537402697624     
  0.16035729837760671     
  0.16117086515092868     
  0.16194147248885762     
  0.16277241615956242     
  0.16402259166897185     
  0.16514026181445393     
  0.16604693308013677     
  0.16725762585957837     
  0.16893304240337509     
  0.17130628564401101     
  0.17202770098804401     
  0.17571570894289004     
  0.17798649413944734     
  0.17934097212977812     
  0.17984664897313785     
  0.18183009861691429     
  0.18263026700322163     
  0.18423628491490399     
  0.18696253639634311     
  0.19074806592730809     
  0.19156796337005719     
  0.19388755857678824     
  0.19435692599896284     
  0.19974655071642305     
  0.20064586089757938     
  0.20260986876325210     
  0.20288439390076812     
  0.20440567283005309     
  0.20619245744195225     
  0.20822936916915430     
  0.21136182226975800     
  0.21208693893297351     
  0.21399652750911033     
  0.21593001501606718     
  0.22039220114254776     
  0.22072267042531174     
  0.23574242952215119     
  0.23901315326542538     
  0.24638428927273129     
  0.24735670211059901     
  0.24961199665007661     
  0.25106492476713016     
  0.25461043322912724     
  0.25845513430627448     
  0.25872141439969459     
  0.25956882238833656     
  0.26212690228949803     
  0.26771317730296201     
  0.27008193637850969     
  0.27449408094453176     
  0.28140731951266024     
  0.28340974956225229     
  0.28411715476555166     
  0.28786444155685659     
  0.28808025051534164     
  0.28994492367618457     
  0.29200954142272356     
  0.29346921397532733     
  0.29593196789259957     
  0.29818825980729019     
  0.29918327358313201     
  0.30050774024548449     
  0.30162498459702508     
  0.30240867604991128     
  0.30426836582975680     
  0.30784354537037162     
  0.30892415240200249     
  0.31147490164194297     
  0.31387651996088889     
  0.31580276635264726     
  0.31761438230209393     
  0.31961248783563190     
  0.32135713367295038     
  0.32334116966922577     
  0.32496209208505117     
  0.32629328401614904     
  0.33160758174263377     
  0.33323327863428531     
  0.33481169809492051     
  0.33619315206064310     
  0.34336556524094081     
  0.34583828347169099     
  0.34955523572005365     
  0.35734682717181460     
  0.36217899097269535     
  0.37222094906742514     
  0.37618935379787788     
  0.38485335489400185     
  0.38663192261053836     
  0.38789736642323164     
  0.38837482925873901     
  0.39810679296473755     
  0.40938990812886672     
  0.41571991328756941     
  0.42972515776267517     
  0.44040912402226329     
  0.44088535594941675     
  0.46399059871115450     
  0.47268445499522760     
  0.50121706807446442     
  0.51000253282244101     
  0.51348012923153874     
  0.55296878296221863     
  0.56128166390583201     
  0.56272792591398557     
  0.60081407110411245     
  0.60687009653222868     
  0.62477788858799921     
  0.62759286430353367     
  0.89707205452772565     
  0.90927195984275622     
  0.92933373458818735     
  0.97437757498336497     
   1.0221562955523211     
   1.0630463669654286     
   1.0695499364110552     
   1.0737931775791205     
   1.0885936066387820     
   1.0922944373217174     
   1.0965440194489049     
   1.1278349611872196     
   1.1445220688388098     
   1.1689252994551957     
   1.1885569279505250     
   1.2160434875077004     
   1.2264706889803052     
   1.2748695178862399     
   1.2755818774522460     
   1.2980346791429282     
   1.3045928531802151     
   1.3453923156289695     
   1.3951002144197360     
   1.3989059448913166     
   1.4177560875542774     
   1.4509899033749238     
   1.4513787607924444     
   1.4580333662104878     
   1.4712430260720482     
   1.4715252389071258     
   1.4787866762320072     
   1.4898667826259611     
   1.4964604222715845     
   1.5290614573868535     
   1.5385517595363452     
   1.5520274224752471     
   1.5562868181946681     
   1.5793107192304316     
   1.5922597175526365     
   1.6145371389734462     
   1.6248008913557861     
   1.6603624260254635     
   1.7235330578093744     
   1.7295271865494357     
   1.7406738458715165     
   1.7482589242339597     
   1.8077144913293086     
   1.8287325803528400     
   1.8299398526882180     
   1.8478434597750359     
   1.8755637439203556     
   1.8823094759860286     
   1.8921302267132993     
   1.8958046604692504     
   1.9204102163763470     
   1.9275608133032003     
   1.9393327004896515     
   1.9449556458993065     
   1.9461361328345521     
   1.9551310171473808     
   1.9586288935289620     
   1.9613266792570658     
   1.9654734856077156     
   1.9659614300163979     
   1.9714976351235185     
   1.9718395927141004     
   1.9771756221279477     
   1.9842722977845146     
   1.9868930796661293     
   1.9968483605965204     
   1.9983364162313391     
   2.0086425415604592     
   2.0231160545508828     
   2.0236709014505494     
   2.0338868657762870     
   2.0364341323465358     
   2.0400144611925723     
   2.0416638510788232     
   2.0433553566648830     
   2.0486079397197789     
   2.0505295562433101     
   2.0526903911738899     
   2.0548138689183237     
   2.0561155658507504     
   2.0630167925052536     
   2.0658904443467865     
   2.0700211804346211     
   2.0717841313150251     
   2.0732848463679452     
   2.0744587797384493     
   2.0773087083883532     
   2.0811347512887659     
   2.0854173159122125     
   2.0951916958591079     
   2.0956170843841595     
   2.0968255546997927     
   2.0981992382163948     
   2.1001075449767583     
   2.1057190521072280     
   2.1079949090095891     
   2.1081482691936175     
   2.1127192858530695     
   2.1156338130573871     
   2.1174625371102063     
   2.1227625236970207     
   2.1230643444069468     
   2.1280563088125337     
   2.1291270723317086     
   2.1367452825249322     
   2.1388333381202864     
   2.1439299665820393     
   2.1458637929578490     
   2.1468559105974205     
   2.1541686662811106     
   2.1581175149445904     
   2.1620614838625309     
   2.1674747174482056     
   2.1694219988489509     
   2.1716449005736651     
   2.1734366047470930     
   2.1767837175110492     
   2.1930242966021352     
   2.1967540137354944     
   2.1975848813233507     
   2.2004348966030518     
   2.2070329078404720     
   2.2112638851400384     
   2.2164577206132607     
   2.2206123364892867     
   2.2353370647314610     
   2.2374183530518392     
   2.2395446898748514     
   2.2475061510708856     
   2.2549774779538030     
   2.2616931200075818     
   2.2805459393566818     
   2.2894901141785136     
   2.2897805472199613     
   2.2997193989605202     
   2.3052151586949137     
   2.3085027698562710     
   2.3105451365524834     
   2.3239428478004256     
   2.3315008372431252     
   2.3358240887251411     
   2.3404999469937913     
   2.3415040298507197     
   2.3441797281780903     
   2.3473695433311104     
   2.3483482657628749     
   2.3609800008865727     
   2.3770579138471901     
   2.3795495886377500     
   2.3834713321616170     
   2.3945349457371128     
   2.4383855001712713     
   2.4740797634067033     
   2.4931345541819785     
   2.4989537088190743     
   2.5279084671261343     
   2.5949372371838604     
   2.6002716660317753     
   2.6022167134684002     
   2.6120882026347139     
   2.6344005171185447     
   2.6564635239541836     
   2.6609499706184074     
   2.6712006265090324     
   2.6776594563695202     
   2.6812042847444819     
   2.6814750017227920     
   2.6872045674280653     
   2.6991988515287599     
   2.7101431745109719     
   2.7138551866264544     
   2.7345797532303426     
   2.7517423871574040     
   2.7621451704810038     
   2.7918057946661050     
   2.7952614645290854     
   2.8608956317048611     
   2.8948667571437445     
   2.9150567580430136     
   2.9416467236506452     
   2.9551462868472935     
   2.9819820344146382     
   2.9866715157063752     
   2.9928812537951792     
   3.0230884534347169     
   3.0378920785058252     
   3.0572173671920195     
   3.0630667869127657     
   3.0968103269852691     
   3.1172403547409058     
   3.1330155877206254     
   3.1704642660164621     
   3.1928187627238342     
   3.2006947137821999     
   3.2551491056428490     
   3.3062491124166216     
   3.3290550843424191     
   3.3813774785940938     
