 beta=   0.0000000000000000     
  -4.0146042882039094E-016
  -1.3224732284687781E-016
   7.4580144314349533E-017
   1.4139576811213458E-016
   4.8870667713841171E-016
   7.6688077201707484E-016
   1.4587981457150560E-003
   1.5113708677697616E-003
   2.8794267113573112E-003
   3.5264316624718439E-003
   4.8580324625301183E-003
   5.2946526064896879E-003
   5.4432120608157797E-003
   6.7587177214762624E-003
   7.6436505539667970E-003
   8.7815189456968493E-003
   9.2784202857506323E-003
   1.0595364073677319E-002
   1.1840890210868829E-002
   1.2138926132801492E-002
   1.3075830420281579E-002
   1.3653779972711699E-002
   1.4349346646490740E-002
   1.4686652751096292E-002
   1.5675052903425468E-002
   1.6116370117104262E-002
   1.7345210553859076E-002
   1.7665665355950731E-002
   1.8054688730474892E-002
   1.8706322898544212E-002
   1.9183721719368656E-002
   1.9444477358049269E-002
   1.9786345369475183E-002
   2.1019504927853070E-002
   2.1378752746200030E-002
   2.2800740665654948E-002
   2.3305458784341353E-002
   2.4077735506239761E-002
   2.4530400293577351E-002
   2.4857310169640798E-002
   2.5580722121039439E-002
   2.6338484946721783E-002
   2.7220440088401108E-002
   2.7923860941283685E-002
   2.8796774968589234E-002
   2.9387971634191330E-002
   2.9462799313516121E-002
   3.0255675182952486E-002
   3.1085145532274192E-002
   3.1350787277328679E-002
   3.1675670146101870E-002
   3.2220425209430900E-002
   3.2592548734673370E-002
   3.3744998685468638E-002
   3.4103728264538009E-002
   3.5038714935237761E-002
   3.5527473951797860E-002
   3.6007868248223426E-002
   3.6581538996711196E-002
   3.6655308501564253E-002
   3.8143503936980468E-002
   3.8446344779323433E-002
   3.9199407750676263E-002
   3.9723675187845787E-002
   4.0193266592590156E-002
   4.0690761166839041E-002
   4.1117358303229518E-002
   4.1275546729855422E-002
   4.1625915870309733E-002
   4.2413193838460095E-002
   4.3438764047165589E-002
   4.4037157172980818E-002
   4.4346885939883861E-002
   4.5063622995832581E-002
   4.5335141824924187E-002
   4.5818151465294971E-002
   4.6641758216365327E-002
   4.6927473233216957E-002
   4.7567752319100598E-002
   4.7832281503856447E-002
   4.8590906032331641E-002
   4.8836566153852394E-002
   4.9168041311494687E-002
   4.9514570457736724E-002
   4.9986797614543207E-002
   5.0510613103285217E-002
   5.1190452723035809E-002
   5.1514314877471032E-002
   5.2024591072950419E-002
   5.2179373435855395E-002
   5.2861442908803923E-002
   5.3295458429113790E-002
   5.3442713077962667E-002
   5.3953164239824838E-002
   5.4665353237640733E-002
   5.5243690177933964E-002
   5.5861377641268944E-002
   5.6258509686466798E-002
   5.6723516084668781E-002
   5.6831397579137098E-002
   5.7239432815064266E-002
   5.7644416341267400E-002
   5.8326208629231990E-002
   5.8588452556160256E-002
   5.8745565658063305E-002
   5.9518573155990538E-002
   6.0292934074600825E-002
   6.0439758913647466E-002
   6.0588632676158494E-002
   6.1678356292928699E-002
   6.2028959834190628E-002
   6.2387575808398286E-002
   6.2563680401899635E-002
   6.3020895668445057E-002
   6.3305778691219936E-002
   6.3559064116080824E-002
   6.3953767397828168E-002
   6.4995346722704586E-002
   6.5278625964663495E-002
   6.5505925957647523E-002
   6.5827183750669427E-002
   6.6125799248718309E-002
   6.6473460673075233E-002
   6.6817292964956587E-002
   6.7395856519858785E-002
   6.7758889435551958E-002
   6.8274075978602577E-002
   6.8824193536833070E-002
   6.9009105928647813E-002
   6.9227658707531115E-002
   7.0006172615561371E-002
   7.0260114611164076E-002
   7.0361239837094983E-002
   7.0624758849321650E-002
   7.1422017053062767E-002
   7.1559470144068812E-002
   7.2286671525353022E-002
   7.2536968158519149E-002
   7.2678166791793217E-002
   7.3272959690079992E-002
   7.3631672602075371E-002
   7.4140114704321067E-002
   7.4476158669615072E-002
   7.4562842711326571E-002
   7.4749211219918704E-002
   7.5067155432783472E-002
   7.5485696690343607E-002
   7.5909762590312194E-002
   7.6216350755729204E-002
   7.6718997561989341E-002
   7.6814536003258271E-002
   7.7425832299285235E-002
   7.7871510698946697E-002
   7.8228067286111494E-002
   7.8544269680253631E-002
   7.8631514084910217E-002
   7.8885680717429421E-002
   7.9127231493451286E-002
   7.9549370375402315E-002
   7.9969781308457222E-002
   8.0113227558818348E-002
   8.0237077938203311E-002
   8.0946356433942671E-002
   8.1276431759981685E-002
   8.1420524196943456E-002
   8.1943145590467670E-002
   8.2605104435115345E-002
   8.2826600127715283E-002
   8.3336945221721290E-002
   8.3605723154341408E-002
   8.4076648010377286E-002
   8.4660296344562069E-002
   8.5299179189277208E-002
   8.5589589234322180E-002
   8.5922328428735581E-002
   8.6203591851099978E-002
   8.6516925848210122E-002
   8.6928184986089729E-002
   8.7395986036230014E-002
   8.7836036999413836E-002
   8.8000940490108856E-002
   8.8606634002829851E-002
   8.8894105780767840E-002
   8.9098892996294948E-002
   8.9430680118033581E-002
   9.0311128600244622E-002
   9.0446458496461019E-002
   9.0492020339290477E-002
   9.0850784404557031E-002
   9.1607118861307235E-002
   9.2249776100992789E-002
   9.2435632825267178E-002
   9.3094535250872024E-002
   9.3685623238818155E-002
   9.3962483034371574E-002
   9.4223196787657060E-002
   9.4694827400135489E-002
   9.5104080028985585E-002
   9.5242857605917677E-002
   9.6088771905302295E-002
   9.6679225093029009E-002
   9.6970149541563633E-002
   9.7285593238736867E-002
   9.7425246975126140E-002
   9.8348267980141860E-002
   9.8914370082335709E-002
   9.9366078353354842E-002
   9.9738510128823926E-002
  0.10035023881843096     
  0.10049021778195057     
  0.10083515456930360     
  0.10120971453874619     
  0.10143759816689255     
  0.10187694198476804     
  0.10202394117503512     
  0.10252061506718715     
  0.10263973897915386     
  0.10292104457352311     
  0.10323317228797162     
  0.10379717262907485     
  0.10409024173598622     
  0.10474787816061698     
  0.10526905167548611     
  0.10579180929796053     
  0.10600351758185669     
  0.10696676819279795     
  0.10795632519777180     
  0.10812002834147071     
  0.10859380873645609     
  0.10956683905330653     
  0.10968870037645058     
  0.11055719401009288     
  0.11098494406259539     
  0.11140402973403431     
  0.11194593784298133     
  0.11262418766775142     
  0.11288833647223367     
  0.11321007633147763     
  0.11351326362458769     
  0.11398554708633905     
  0.11439813945583591     
  0.11474826247462723     
  0.11511605435937847     
  0.11545498282927308     
  0.11583390540008028     
  0.11666239731366930     
  0.11673042881901628     
  0.11709618220625244     
  0.11755287085259751     
  0.11795643340257783     
  0.11832124228320204     
  0.11869394444798433     
  0.11952248268999727     
  0.11966204073569328     
  0.12051159006740897     
  0.12130280691018241     
  0.12166955665636106     
  0.12235867871579151     
  0.12282777308886203     
  0.12370511861460881     
  0.12425481319239937     
  0.12491051717327903     
  0.12548672765463498     
  0.12585476913401472     
  0.12611205638529163     
  0.12653151781227770     
  0.12725154611735368     
  0.12781327571305071     
  0.12898034980226417     
  0.12948369489139902     
  0.13032966119546874     
  0.13063104353122135     
  0.13141698835231996     
  0.13166081888947845     
  0.13261337185531019     
  0.13314632342633917     
  0.13356302303790871     
  0.13382455205099231     
  0.13518391344175693     
  0.13587675469085919     
  0.13676406006621031     
  0.13704303817739630     
  0.13752583937931667     
  0.13864300766976406     
  0.13889723614397428     
  0.13930649999830361     
  0.13992564516647427     
  0.14117128026547185     
  0.14238379956142269     
  0.14271198409801455     
  0.14416978184401091     
  0.14511166823745314     
  0.14571069859534141     
  0.14686345454609662     
  0.14691371890815091     
  0.14747222682625652     
  0.14948216930735886     
  0.15043754487503141     
  0.15216451783446971     
  0.15341232811105573     
  0.15410147566700816     
  0.15633902396808563     
  0.15734675410106530     
  0.15836397065642654     
  0.15933326497083933     
  0.16165890490106444     
  0.16371020498457697     
  0.16411710973973681     
  0.16583739074691831     
  0.16631639655947578     
  0.16701841771597933     
  0.16829309045067053     
  0.17140019804306528     
  0.17253476149048569     
  0.17367967632104345     
  0.17442525620473143     
  0.17509607547513448     
  0.17693482018815457     
  0.17757988697543697     
  0.18059436247057217     
  0.18169246180030058     
  0.18191149003296714     
  0.18389340049904651     
  0.18725054345534092     
  0.18889229780255606     
  0.19291626966144440     
  0.19564614943979430     
  0.19649551489880371     
  0.19872205148210495     
  0.20393279091604652     
  0.20600141682421075     
  0.20788206452292246     
  0.21853924714667661     
  0.21947755918062029     
  0.22075474736275977     
  0.22696353265439745     
  0.23076745616094027     
  0.23348760079205597     
  0.23549671009381237     
  0.23872570075236449     
  0.24063761383365792     
  0.24129500828535158     
  0.24183725451336691     
  0.24652952150311541     
  0.25881242970914198     
  0.26135772540443930     
  0.26597462075441036     
  0.26776523249269990     
  0.26854443330002142     
  0.27431737965369352     
  0.27684401177226720     
  0.28195597458714450     
  0.28253478432005485     
  0.28270030817779890     
  0.28445334389785715     
  0.28614632107637988     
  0.28759863904135580     
  0.28800106065779396     
  0.28924709477778110     
  0.28941843033537606     
  0.29093843371597672     
  0.29341760059112870     
  0.29577692649332082     
  0.29777143778064247     
  0.29802164099252626     
  0.30155262201239513     
  0.30255572751229659     
  0.30330230050154411     
  0.30478464805146793     
  0.30565087915315664     
  0.30683518987036124     
  0.31028384753721688     
  0.31221579734026744     
  0.31400835890476936     
  0.31832456134585368     
  0.32143960154065898     
  0.32650116600338991     
  0.32714004689965381     
  0.33160466324207816     
  0.33594684755133586     
  0.34088546601727532     
  0.34619883104264870     
  0.34736022630449565     
  0.35881811884094011     
  0.36194221566265994     
  0.36207142262510533     
  0.36818560299386394     
  0.38469335702482010     
  0.38591195912747289     
  0.38911745772051010     
  0.39181914739011703     
  0.39469111351594421     
  0.41602008749034786     
  0.42480889543303896     
  0.43126082511885550     
  0.43432340756062554     
  0.43461784875256382     
  0.44040874847773598     
  0.46336616922172891     
  0.50423028848532048     
  0.51167095293696996     
  0.52089508292145592     
  0.53676620518204365     
  0.54767146748051387     
  0.55285485366017040     
  0.56730329889562192     
  0.59479522334982893     
  0.60083751770275928     
  0.62958558925379149     
  0.63494127920160415     
  0.78569567777385652     
  0.89010069942266645     
  0.89595939895333010     
  0.96056030340270038     
  0.97379421251864406     
  0.98537066358249004     
  0.99944927131653216     
   1.0174667208314998     
   1.0292798674304060     
   1.0744156951699131     
   1.0861078911036903     
   1.0965906275890327     
   1.1135694639074121     
   1.1396928091817780     
   1.1679812503998281     
   1.1967542723025972     
   1.2060246943662107     
   1.2183818313587484     
   1.2380598980591391     
   1.2453907034150615     
   1.2747048640139813     
   1.2909303002693540     
   1.3220378780283619     
   1.3476285494061144     
   1.3946114680790163     
   1.4014232502828647     
   1.4177554898317415     
   1.4316087609948647     
   1.4535218899106872     
   1.4563485292770937     
   1.4725638892633539     
   1.4766514740407404     
   1.4883824737522389     
   1.4947833715697358     
   1.5121267176247986     
   1.5244752576601928     
   1.5408537774841851     
   1.5548960279545145     
   1.5646895828388165     
   1.5733513330410578     
   1.5899514749551165     
   1.6224284658189032     
   1.6601193128654670     
   1.6945577923294537     
   1.7240518674978762     
   1.7459776318947573     
   1.7855129130576901     
   1.7985562120597187     
   1.8264587171266990     
   1.8287308273758014     
   1.8468244779177245     
   1.8706100436674418     
   1.8782875858567503     
   1.8887200595969440     
   1.8969026640826454     
   1.9204291708616434     
   1.9210025931402159     
   1.9285837264023229     
   1.9481040379877332     
   1.9522669742429248     
   1.9608444766198476     
   1.9657106997260740     
   1.9716484087502297     
   1.9773341122246679     
   1.9842893781395743     
   1.9854168177038249     
   1.9933341787688648     
   1.9983906235678652     
   2.0003424479630811     
   2.0018512681575373     
   2.0032000490733552     
   2.0148304059534654     
   2.0220300224659420     
   2.0273921079038257     
   2.0297050921613682     
   2.0368327806847035     
   2.0369569502405134     
   2.0382518863161372     
   2.0417710029305445     
   2.0433307355029284     
   2.0500604583819961     
   2.0533181117634229     
   2.0577139917919944     
   2.0622000289088809     
   2.0671518276129182     
   2.0691677016597736     
   2.0714443664486160     
   2.0736198615895445     
   2.0739684424368225     
   2.0767318808248332     
   2.0810204995071264     
   2.0893496718582574     
   2.0901629786801506     
   2.0939846654865000     
   2.0967529289663687     
   2.1000739812861999     
   2.1066973108653628     
   2.1091645805901522     
   2.1100160206334313     
   2.1133388840834080     
   2.1155688430636022     
   2.1172053856220168     
   2.1202688676167396     
   2.1214824288128216     
   2.1227237724745089     
   2.1272732873717457     
   2.1315521277763070     
   2.1317014567521353     
   2.1357114956710990     
   2.1378963926668875     
   2.1410450396586160     
   2.1436991692176215     
   2.1462655777229296     
   2.1520470941168814     
   2.1539349844235076     
   2.1547249266615576     
   2.1673271592227046     
   2.1731489078712740     
   2.1738867992119557     
   2.1971602489141628     
   2.1978422265619519     
   2.1981573745923479     
   2.2010879602013333     
   2.2057029950536524     
   2.2103261604784503     
   2.2159040561909231     
   2.2201035605983641     
   2.2203573859838648     
   2.2288537739408998     
   2.2353419882695875     
   2.2354183921053643     
   2.2485971403289771     
   2.2498768018895672     
   2.2526051305477326     
   2.2622629175645592     
   2.2713781206541337     
   2.2872274378264859     
   2.2886795316238677     
   2.2897161744131096     
   2.2972479231125758     
   2.3045182778063773     
   2.3050456914888824     
   2.3217860810585371     
   2.3350282059117902     
   2.3355467390751232     
   2.3380075136690204     
   2.3401506625950441     
   2.3465264790915001     
   2.3502681273309562     
   2.3536051998890790     
   2.3604000873880295     
   2.3616026237696106     
   2.3795502217668805     
   2.4105596613937590     
   2.4169157127583292     
   2.4190555914062837     
   2.4702224882745352     
   2.4972973240068788     
   2.5284240958326549     
   2.5432640049052666     
   2.5989278750608094     
   2.6008695101659676     
   2.6021503212724779     
   2.6321190723554952     
   2.6541924290023364     
   2.6614816388174476     
   2.6674348292725343     
   2.6684343068176259     
   2.6785997159716191     
   2.7072739179206140     
   2.7135082490983633     
   2.7152468865384694     
   2.7345706614959462     
   2.7405617799496258     
   2.7453958982108482     
   2.7522625009697550     
   2.7809672711003270     
   2.7814182459296553     
   2.8266663504618204     
   2.8396534749582329     
   2.9094685215188587     
   2.9427217969298858     
   2.9520871608617378     
   2.9700803377840872     
   2.9862143802321133     
   2.9865331376928808     
   3.0231005451659207     
   3.0434210116589795     
   3.0540652234054817     
   3.0559578063321582     
   3.0989633447439009     
   3.1116027677204978     
   3.1250973663775379     
   3.1522326199654116     
   3.1657261626049480     
   3.1861657736796167     
   3.1924802579338021     
   3.2672736594708076     
   3.3161378060316764     
   3.3310646772775043     
   3.3579233420186205     
   3.3965990096495808     
