 beta=   0.0000000000000000     
  -8.3030739502304495E-016
  -2.7388349304182042E-016
   1.2808929531368118E-016
   4.5064318594601164E-016
   6.2396643329431333E-016
   1.3502653331063873E-015
   1.2694162078496945E-003
   1.4241125148960630E-003
   3.2206874930142673E-003
   4.0071567175074298E-003
   4.6867372458400305E-003
   5.0433235147204856E-003
   5.4868247256634837E-003
   6.1920242308764360E-003
   7.3345323742075195E-003
   8.1277333107600477E-003
   8.5990375155447999E-003
   9.5723280159415742E-003
   1.1104138733539980E-002
   1.1937080589957835E-002
   1.2400129046426917E-002
   1.2658722617123129E-002
   1.3918422387821910E-002
   1.4583272502263194E-002
   1.5831991751076323E-002
   1.6089725707532625E-002
   1.6789989569174123E-002
   1.7728773239139028E-002
   1.7903163892750346E-002
   1.8359304491748739E-002
   1.8835904236468137E-002
   1.9449225727140185E-002
   2.0005927432364255E-002
   2.0341971192544328E-002
   2.0910253082380491E-002
   2.1243651849034751E-002
   2.1570411465465268E-002
   2.3171366175946628E-002
   2.3914891676443027E-002
   2.3989414946085797E-002
   2.5300691325420090E-002
   2.5430876414826286E-002
   2.6349931999297565E-002
   2.6612240781815882E-002
   2.8100362598425098E-002
   2.8338374430709665E-002
   2.9105160814389422E-002
   2.9913581105637330E-002
   3.0460456701929223E-002
   3.0769142478060545E-002
   3.1370086879103067E-002
   3.1758185187796266E-002
   3.2165452130301760E-002
   3.3044313823571911E-002
   3.4092383929079553E-002
   3.4934127427939242E-002
   3.4962748261529522E-002
   3.5330791460280543E-002
   3.5832243192047850E-002
   3.7082574922149815E-002
   3.7267342458649440E-002
   3.8081217526050599E-002
   3.8484224385009140E-002
   3.9201965584491141E-002
   3.9317414878085419E-002
   4.0617045322340686E-002
   4.1434790009266032E-002
   4.2463345010178698E-002
   4.2743823749851140E-002
   4.3444842442915285E-002
   4.3866740400713616E-002
   4.4092945496863281E-002
   4.4748881424186593E-002
   4.4749549857848049E-002
   4.5075109003841804E-002
   4.5246183128220700E-002
   4.6400757271355904E-002
   4.7038049650615504E-002
   4.7156757484657072E-002
   4.7932232450211165E-002
   4.8125086585211398E-002
   4.8724962381475792E-002
   4.8854086746143867E-002
   4.9405709822571489E-002
   4.9511103991312984E-002
   5.0283989309832258E-002
   5.0405143673259253E-002
   5.1124227424326478E-002
   5.1422697677299511E-002
   5.1478619720587669E-002
   5.1872333190240212E-002
   5.2209584229308922E-002
   5.3093726429435273E-002
   5.3462786741029639E-002
   5.4160755617148823E-002
   5.4522017494679553E-002
   5.4697899050191019E-002
   5.6348742789147185E-002
   5.6479790088413397E-002
   5.6892253092968456E-002
   5.7140274961491301E-002
   5.7771442262814991E-002
   5.8493284329050120E-002
   5.8665787654521961E-002
   5.9093244643797983E-002
   5.9406315752384919E-002
   5.9419725488971738E-002
   6.0105628770069440E-002
   6.0146964513041759E-002
   6.1046014714898574E-002
   6.1623273102537512E-002
   6.1731715743636888E-002
   6.2073254302632712E-002
   6.2541793131238407E-002
   6.2643063349743899E-002
   6.2893504304826098E-002
   6.3044223047457215E-002
   6.3470626311279893E-002
   6.3817921738765729E-002
   6.4158267272034220E-002
   6.4202032996410557E-002
   6.4669405189565168E-002
   6.5482910444522077E-002
   6.5785627845346778E-002
   6.6316293022271364E-002
   6.6871989160368517E-002
   6.7192669184149109E-002
   6.7473005899789773E-002
   6.7548315105089837E-002
   6.7807092079321826E-002
   6.9400750932335761E-002
   6.9488674282277021E-002
   6.9978258838639826E-002
   7.1254163129814085E-002
   7.1461536264863582E-002
   7.1631216077744433E-002
   7.1925526709987878E-002
   7.2672674725758682E-002
   7.2706942872334507E-002
   7.3362094503757011E-002
   7.3884416117147675E-002
   7.4099702250559604E-002
   7.4763551845051623E-002
   7.4773961287235763E-002
   7.5290776426736761E-002
   7.5424375115499973E-002
   7.5752164831686092E-002
   7.6084363806015423E-002
   7.6573493282786440E-002
   7.7288247270590249E-002
   7.7322762471873210E-002
   7.8221858949427500E-002
   7.8239218877513686E-002
   7.8366944998046639E-002
   7.8686237630823566E-002
   7.9417135219818788E-002
   7.9937156680976576E-002
   8.0225622935282057E-002
   8.0398210812686388E-002
   8.0561544730276019E-002
   8.1040586337411902E-002
   8.1561559767975439E-002
   8.1616356648188074E-002
   8.1651620875775793E-002
   8.1843663625522242E-002
   8.2862369337323813E-002
   8.3169561878753323E-002
   8.3902071795196001E-002
   8.4036197816063266E-002
   8.4351098187707432E-002
   8.4979626428299704E-002
   8.5169605306644761E-002
   8.5632157427587216E-002
   8.6113058707166193E-002
   8.6310030356528358E-002
   8.6889849477410575E-002
   8.7158194585735621E-002
   8.7714163907455997E-002
   8.8362159420769124E-002
   8.8625324883435580E-002
   8.9032816422798713E-002
   8.9570312831424831E-002
   8.9896123779484874E-002
   9.0148684582506439E-002
   9.0475624879058469E-002
   9.1371363108107131E-002
   9.1564313726316071E-002
   9.2190934833683666E-002
   9.2209630295974912E-002
   9.2355080997000280E-002
   9.3057707872597081E-002
   9.3314735232737187E-002
   9.3583068690956756E-002
   9.3964128118276091E-002
   9.4154080932515177E-002
   9.4280952286114217E-002
   9.4847455387063365E-002
   9.4929428594399984E-002
   9.5007651920957475E-002
   9.5172768370311980E-002
   9.5833243170654128E-002
   9.5988774367231702E-002
   9.6367372796405545E-002
   9.6705978835141662E-002
   9.8391996066399534E-002
   9.8590090831073590E-002
   9.8772538790021042E-002
   9.8920159010864761E-002
   9.9109190066166336E-002
   9.9392769509765694E-002
   9.9548223317866100E-002
  0.10049705903618072     
  0.10085211807610484     
  0.10109335623220046     
  0.10147030033192068     
  0.10152115986628017     
  0.10192560212435066     
  0.10273519714964759     
  0.10285462947197418     
  0.10330366066330089     
  0.10374823293411048     
  0.10398627212729215     
  0.10444122916424253     
  0.10544755833958001     
  0.10577312946222926     
  0.10597009899544026     
  0.10637126246920521     
  0.10653513688009210     
  0.10692608207132703     
  0.10773711633928182     
  0.10801206764075132     
  0.10929725927648022     
  0.10995573219489317     
  0.11019513371123038     
  0.11086703923327752     
  0.11144976392512958     
  0.11179186582171988     
  0.11255933891572500     
  0.11271664675405750     
  0.11363657285358450     
  0.11365661979176615     
  0.11423706025494597     
  0.11438988925712448     
  0.11474781834052537     
  0.11496345948055706     
  0.11512469367634520     
  0.11539271606683447     
  0.11607754083409461     
  0.11632414103218830     
  0.11779257868569827     
  0.11834820816058682     
  0.11870693901271671     
  0.11874730883049898     
  0.11989800812567680     
  0.12033220832549203     
  0.12069195102022237     
  0.12126368463960735     
  0.12170403486421366     
  0.12221193339267622     
  0.12325009085903237     
  0.12328235802028448     
  0.12360198241920035     
  0.12455566384830243     
  0.12488352954523688     
  0.12569114508746579     
  0.12658016167645933     
  0.12720815309781483     
  0.12744389132789566     
  0.12782390527895274     
  0.12802818723212828     
  0.12905835836709478     
  0.12985833836947108     
  0.13073901061163273     
  0.13161961467753325     
  0.13163807511219042     
  0.13317300573994251     
  0.13344722373472737     
  0.13403462997751142     
  0.13467064375458990     
  0.13688382075003766     
  0.13691817436017883     
  0.13744405940951690     
  0.13763124377035080     
  0.13828154270910578     
  0.13833674479191502     
  0.13883535292363222     
  0.14037187391392530     
  0.14140873650047395     
  0.14227335677256853     
  0.14234956842571492     
  0.14318089235770157     
  0.14599228121539765     
  0.14731572996680931     
  0.14782257096152862     
  0.14978884758115507     
  0.15028236674788029     
  0.15054554930632183     
  0.15213835537475376     
  0.15334209635259391     
  0.15364542036387940     
  0.15409915765794177     
  0.15911270700784780     
  0.16054002776749823     
  0.16141761277946104     
  0.16206742872137750     
  0.16212944023498718     
  0.16560330022992001     
  0.16582589260995353     
  0.16764869672137012     
  0.17075150818535104     
  0.17095059969651072     
  0.17349448516583640     
  0.17490178099547105     
  0.17697010593202733     
  0.17826960089608493     
  0.17845454851420792     
  0.17862008908829485     
  0.17947161055113581     
  0.18277019609807751     
  0.18324262699660124     
  0.18587895388535836     
  0.18642239114564391     
  0.18833202476836983     
  0.18916183227366798     
  0.19263946434078574     
  0.19508971727308744     
  0.19561039444857301     
  0.19684906717919179     
  0.20651114526400705     
  0.20747053192424816     
  0.21210154739649056     
  0.21511009935716677     
  0.21593108042692219     
  0.21662055633770008     
  0.22101139176740744     
  0.22130822135085798     
  0.23629407756406734     
  0.23698485020673735     
  0.24311421653862567     
  0.24416514332615694     
  0.24646298052809326     
  0.24647626097999453     
  0.25889905808054031     
  0.25894195569985384     
  0.26416944253423141     
  0.26462220391579466     
  0.26634079672877775     
  0.26688837591568776     
  0.26990759074208048     
  0.27017728595372165     
  0.27257810468774640     
  0.27701636827569504     
  0.28307956114326260     
  0.28357967241799320     
  0.28528293740992738     
  0.28588428403014765     
  0.28899996519273136     
  0.28927230961717204     
  0.29095591952572897     
  0.29137818170172358     
  0.29397097408259415     
  0.29437120666424882     
  0.30004427999518640     
  0.30025559802463903     
  0.30068192094698376     
  0.30229455338946248     
  0.30232929676967701     
  0.30415156875162142     
  0.30917418710907235     
  0.30932019639983532     
  0.31486771878677644     
  0.31600846899135449     
  0.31606505819583136     
  0.32302851245998387     
  0.32386065458852581     
  0.32463325687127254     
  0.32629181523945083     
  0.32631246057738772     
  0.33222941179792159     
  0.33245854872899466     
  0.33650125258802477     
  0.33689596095719437     
  0.34155187746936927     
  0.34170526865673734     
  0.35618338435686470     
  0.35620763041073900     
  0.36214223996003747     
  0.36218923580983486     
  0.38449753663999159     
  0.38451187563635003     
  0.38990814106421695     
  0.38996272378712288     
  0.41594437362476300     
  0.41596003787671071     
  0.43243587364304892     
  0.43244141015237375     
  0.44041769159375616     
  0.44041833222324323     
  0.46469959153543827     
  0.46471693516318263     
  0.51114576271468648     
  0.51117691721552594     
  0.55305268756318438     
  0.55307175091523963     
  0.56610543822275261     
  0.56612192681664975     
  0.60081020420479436     
  0.60082263613529074     
  0.63034273794500051     
  0.63034891105595281     
  0.89974469318084105     
  0.90293522196447573     
  0.90856466018445037     
  0.91508560056483113     
  0.97431184627603462     
  0.97434592555690691     
   1.0738651006766224     
   1.0741154922421867     
   1.0839013202969512     
   1.0851313739960362     
   1.0964010324048836     
   1.0966231913867126     
   1.1370246941670024     
   1.1393364096960785     
   1.1685383478083364     
   1.1687263440148208     
   1.2275482559043287     
   1.2281349864859836     
   1.2753713813692387     
   1.2755187383000226     
   1.2913685755025122     
   1.2943636904983644     
   1.3946469746886823     
   1.3949007793297830     
   1.4177572974462591     
   1.4185555717723921     
   1.4556155629359777     
   1.4558538705134800     
   1.4683936636110992     
   1.4685432132872274     
   1.4938440000550914     
   1.4945455672241552     
   1.4979806950686634     
   1.4983743816919755     
   1.5309250687742499     
   1.5326503721821632     
   1.5570518808608709     
   1.5579892438005052     
   1.5928212361135705     
   1.5962750133992696     
   1.6238478046853577     
   1.6243741904006685     
   1.7366343197540108     
   1.7366796693750732     
   1.7491096088146865     
   1.7502304588666384     
   1.8287314066866549     
   1.8287715120459158     
   1.8703652132350865     
   1.8812305052098797     
   1.8840951705393769     
   1.8908883622435051     
   1.8910612860215392     
   1.8954528093704013     
   1.9203901643411412     
   1.9204201982645006     
   1.9274965376426203     
   1.9281408863374379     
   1.9457156550204493     
   1.9460686912118270     
   1.9653287641532207     
   1.9654783395542175     
   1.9717887587827452     
   1.9718173033622828     
   1.9771492758769706     
   1.9772302443136216     
   1.9842626968645871     
   1.9843002194338679     
   1.9993891067524072     
   1.9995308716848610     
   2.0042900175130023     
   2.0063996230760521     
   2.0243824717729137     
   2.0274874454580085     
   2.0357585696648872     
   2.0362309867971931     
   2.0376930437480034     
   2.0392515032962417     
   2.0414514550250460     
   2.0415010514286487     
   2.0432095702058115     
   2.0433639259551053     
   2.0559253074752322     
   2.0561054167533088     
   2.0630758858091416     
   2.0630785531751274     
   2.0658547300604821     
   2.0660725549456460     
   2.0768608323883870     
   2.0769981931368098     
   2.0782470502720720     
   2.0783920292167339     
   2.0803155018452331     
   2.0803601238256553     
   2.0980271721829999     
   2.0983017326006128     
   2.1000937156092889     
   2.1001168564577193     
   2.1084855591239076     
   2.1086221279253943     
   2.1105960554840117     
   2.1138172715193226     
   2.1140588750998224     
   2.1145794714504889     
   2.1166789919151348     
   2.1175137761139271     
   2.1178977940122699     
   2.1181741993580103     
   2.1287817443412878     
   2.1288373500467448     
   2.1382824701847816     
   2.1384146674159128     
   2.1443027591992405     
   2.1455832682405269     
   2.1459461619556719     
   2.1515085930984776     
   2.1541573850813802     
   2.1542810952599676     
   2.1682034551285421     
   2.1695019012796481     
   2.1724517256395308     
   2.1727763888152718     
   2.1984662808622581     
   2.1986047584982087     
   2.2087180935507185     
   2.2087360408259302     
   2.2171791696889445     
   2.2173614628430753     
   2.2206796953948520     
   2.2208887110431039     
   2.2353525607703348     
   2.2355458103925918     
   2.2483648842664445     
   2.2487508980839386     
   2.2540616776847413     
   2.2540858752326542     
   2.2897670991331367     
   2.2897869146516641     
   2.3051977534054355     
   2.3052756906257961     
   2.3146027521768917     
   2.3160103211747178     
   2.3255194098978782     
   2.3258163963694658     
   2.3359415457484514     
   2.3360236108623984     
   2.3375986371124027     
   2.3406808220503543     
   2.3428484568558869     
   2.3430336270300338     
   2.3452638937713259     
   2.3473884979262918     
   2.3621337234906257     
   2.3621443241345865     
   2.3794835523125748     
   2.3795747174230328     
   2.4768413545683989     
   2.4771810219708277     
   2.4991720509825064     
   2.4993589723214042     
   2.5999163992865144     
   2.6001334470357058     
   2.6120465312465218     
   2.6130458954412421     
   2.6574371470765570     
   2.6575361380573299     
   2.6590371996267108     
   2.6592011727995510     
   2.6722864997558586     
   2.6723747416062413     
   2.6823176682849650     
   2.6827565594915339     
   2.7153104580296206     
   2.7157829622151950     
   2.7338843405537259     
   2.7346018062735742     
   2.7528784592615470     
   2.7536053882833791     
   2.7948446601952592     
   2.7955903775141797     
   2.9103801487946361     
   2.9112788470535409     
   2.9569939346509462     
   2.9572139468484830     
   2.9865916663077847     
   2.9866843270246286     
   2.9952747350673810     
   2.9968067863601093     
   3.0227914667684512     
   3.0230486808254962     
   3.1194865150687265     
   3.1198358400650616     
   3.1261109134758067     
   3.1263821142382393     
   3.1709710703097613     
   3.1711898182795610     
   3.1928724389547618     
   3.1928930767020240     
   3.3305084917142733     
   3.3313711921485134     
   3.3897464727973055     
   3.3907596925239076     
