 beta=   0.0000000000000000     
  -6.8968270010234061E-016
  -4.7777049242723082E-016
  -2.3196663637542954E-016
   2.0639208424018183E-016
   2.5288866733004248E-016
   9.5075913285652534E-016
   1.4519441733883954E-003
   1.5871188221665850E-003
   3.3310262282169015E-003
   4.3678870132602609E-003
   4.9088948686629814E-003
   5.2967213966726269E-003
   6.0350513376698344E-003
   6.9080619223494564E-003
   7.6452324342621914E-003
   8.4432435350873039E-003
   9.5682120071939950E-003
   1.0277123946083159E-002
   1.1314237825188884E-002
   1.2390877177708065E-002
   1.2824979216648935E-002
   1.3476558504389707E-002
   1.4210075806821140E-002
   1.4765423579134013E-002
   1.5968531605936132E-002
   1.6253171788781315E-002
   1.7598979521532533E-002
   1.7773037630614368E-002
   1.8088944155190072E-002
   1.8517468878749381E-002
   1.9496680767665663E-002
   1.9920752077719501E-002
   2.0647468292285424E-002
   2.1331402734765775E-002
   2.1881898648936728E-002
   2.2954831103384081E-002
   2.4055336215957204E-002
   2.4451129571798534E-002
   2.4943554787422946E-002
   2.5178295620889708E-002
   2.6244965604082411E-002
   2.7080402121332659E-002
   2.7187049658906358E-002
   2.7859873851622311E-002
   2.8419877106953997E-002
   2.9071772782653899E-002
   2.9498416891859513E-002
   3.0476980486082744E-002
   3.0984363669066123E-002
   3.1509179353105023E-002
   3.1887372669002781E-002
   3.2711438132396263E-002
   3.3645902564254003E-002
   3.4029650136797533E-002
   3.4594081659988410E-002
   3.5570397805863109E-002
   3.5901554076973902E-002
   3.6555266998363548E-002
   3.6849602157438439E-002
   3.7160355229740302E-002
   3.7667065806402153E-002
   3.7834101441138787E-002
   3.9057444825467469E-002
   3.9419389265518932E-002
   4.0083812260476456E-002
   4.0577625586794251E-002
   4.1002582493348080E-002
   4.1315386080684989E-002
   4.1686161583594880E-002
   4.2513221665091805E-002
   4.2998753701666233E-002
   4.3889014937399044E-002
   4.4182029913802177E-002
   4.5325286359008184E-002
   4.5886932914250569E-002
   4.6410734454428851E-002
   4.7064988399899775E-002
   4.7703631250474991E-002
   4.7968832188665156E-002
   4.8221939736264818E-002
   4.8450991130440310E-002
   4.8947486819789901E-002
   4.9815441346545135E-002
   5.0249173120453031E-002
   5.0436969301144698E-002
   5.0770238297612014E-002
   5.1444523291487618E-002
   5.1595157896712804E-002
   5.2332054658352417E-002
   5.2738318675169905E-002
   5.3229246289238800E-002
   5.3559799285571752E-002
   5.4152544719459336E-002
   5.4455912410990154E-002
   5.5220576601631426E-002
   5.5569652398839493E-002
   5.6119134056657041E-002
   5.6493791246013787E-002
   5.6663899178555653E-002
   5.7147765318779055E-002
   5.7523806949698102E-002
   5.7964469121215785E-002
   5.8678047643513517E-002
   5.9230726186243199E-002
   5.9984921326292760E-002
   6.0542658841496642E-002
   6.0859016169078149E-002
   6.1387347375005938E-002
   6.1462830803152228E-002
   6.2066370610343057E-002
   6.2382017062088173E-002
   6.2690265573671494E-002
   6.3383782441310987E-002
   6.3861447190901491E-002
   6.4673756725500686E-002
   6.4861518774221333E-002
   6.5379469266941576E-002
   6.5742377851838174E-002
   6.6394414120357528E-002
   6.6919331926670447E-002
   6.6989226159556409E-002
   6.7047204439263430E-002
   6.8145004142245391E-002
   6.8614786145204262E-002
   6.8821421372728009E-002
   6.9301429403268971E-002
   6.9700368727431850E-002
   7.0049950878291481E-002
   7.0499973635446550E-002
   7.0725505984935932E-002
   7.0989000457455959E-002
   7.1552309147341828E-002
   7.2223615546643083E-002
   7.2409509144111400E-002
   7.2644243765790498E-002
   7.3089733974834384E-002
   7.3561015280888847E-002
   7.4008870668696117E-002
   7.4138247668506865E-002
   7.4450888579215044E-002
   7.4868211312581909E-002
   7.5580283881697727E-002
   7.5810764101406691E-002
   7.6217601506778573E-002
   7.6521858155648617E-002
   7.6743259485528598E-002
   7.7093298650579567E-002
   7.7692001822995335E-002
   7.7980021217619100E-002
   7.8372442820978300E-002
   7.8872606109940194E-002
   7.9154319473281290E-002
   7.9587483025337996E-002
   7.9843812019394153E-002
   8.0230477575937917E-002
   8.0480008828431232E-002
   8.0755584790812837E-002
   8.0957831678338088E-002
   8.1122301211132314E-002
   8.1432532361952512E-002
   8.1853887114000934E-002
   8.2158379291572464E-002
   8.2594778899210464E-002
   8.2846320163666942E-002
   8.3144348360477141E-002
   8.3607449996329949E-002
   8.4423578874625413E-002
   8.4572051139538557E-002
   8.4666918805768057E-002
   8.5096237985522724E-002
   8.5363176120341375E-002
   8.5598522535753535E-002
   8.6065203117155972E-002
   8.6412424010502031E-002
   8.6908138197183252E-002
   8.7443555641198698E-002
   8.8063316128565938E-002
   8.8286945303998693E-002
   8.8528199509553498E-002
   8.8791239663089896E-002
   8.9327877098816066E-002
   8.9535273391021464E-002
   8.9883414460948871E-002
   9.0315312398110456E-002
   9.0828282963392695E-002
   9.1420098418257198E-002
   9.1918619480832242E-002
   9.2129378017556926E-002
   9.2475994335085104E-002
   9.2802156368201660E-002
   9.3029652576623073E-002
   9.3720361002346805E-002
   9.4199492224653819E-002
   9.4660535986902772E-002
   9.4917917328397050E-002
   9.4932402305478697E-002
   9.5721978353801987E-002
   9.6369707997150222E-002
   9.6837732592301357E-002
   9.7210193296875955E-002
   9.7321668982686932E-002
   9.7822930846907297E-002
   9.8199544212824702E-002
   9.8804554936843411E-002
   9.9047645005847104E-002
   9.9428892247721168E-002
  0.10012219400217627     
  0.10042499069966368     
  0.10057393955106254     
  0.10099639337846719     
  0.10208401692597752     
  0.10233828651487714     
  0.10293262738660250     
  0.10342320890376112     
  0.10371514617977536     
  0.10423963969836786     
  0.10441672429581890     
  0.10540202129557197     
  0.10556702268780133     
  0.10577343868886016     
  0.10611893650509269     
  0.10648137500288832     
  0.10714432831465109     
  0.10728307418005045     
  0.10766555690250168     
  0.10829696242918330     
  0.10914421711963454     
  0.10933251490620231     
  0.10944232799337149     
  0.11000344942120899     
  0.11048867172013355     
  0.11081957316282433     
  0.11167690012871272     
  0.11252238075162210     
  0.11275088592391551     
  0.11312098890372646     
  0.11369565065175144     
  0.11417195136444791     
  0.11483833463105146     
  0.11539572693468787     
  0.11573065542212542     
  0.11591494748397556     
  0.11648292409058267     
  0.11725867146545171     
  0.11757072447074625     
  0.11771899390310339     
  0.11837866034927021     
  0.11878152310664881     
  0.11920998750158460     
  0.11994252582425291     
  0.12039749743123804     
  0.12061407011486151     
  0.12134690039756790     
  0.12187358920904111     
  0.12201071564745808     
  0.12225924717637898     
  0.12325119124118662     
  0.12398726544249347     
  0.12439296126699706     
  0.12451527122817360     
  0.12550447024316605     
  0.12599237823618056     
  0.12692321096583670     
  0.12771785269189906     
  0.12854519506547651     
  0.12921462694199654     
  0.12960007351126465     
  0.13037503701289466     
  0.13086371405839409     
  0.13173599362403246     
  0.13227303235268764     
  0.13364397107990530     
  0.13400013644899922     
  0.13430316627368846     
  0.13490993428186118     
  0.13584232976164778     
  0.13614190725861963     
  0.13631766134090845     
  0.13719237830150863     
  0.13750066967569199     
  0.13844768753866876     
  0.13934124705521275     
  0.14026755385833889     
  0.14033527943932367     
  0.14123945593550299     
  0.14211154129650505     
  0.14315663976916509     
  0.14494884900074143     
  0.14525804545338725     
  0.14550349612140487     
  0.14735367338339844     
  0.14872360327578316     
  0.14938140090796964     
  0.15011456941691706     
  0.15043595812576896     
  0.15191497561025272     
  0.15234978037236543     
  0.15380749797018717     
  0.15513194528997001     
  0.15772379044968945     
  0.15911373655429351     
  0.16021946597895917     
  0.16110610021440133     
  0.16390256270754799     
  0.16429430831023031     
  0.16439047268101489     
  0.16572365655210899     
  0.16734581351760783     
  0.16939386942659720     
  0.17004394040918935     
  0.17268535340368027     
  0.17539800818548679     
  0.17644932643639630     
  0.17687775086060312     
  0.17772401114670880     
  0.18073071002362520     
  0.18173033737889807     
  0.18371952235026653     
  0.18502955351002448     
  0.18638968904420478     
  0.18727210753836929     
  0.19000337968334349     
  0.19239833655964395     
  0.19439736156848120     
  0.19740772703698187     
  0.20113748735341264     
  0.20393177515979810     
  0.20602599463949803     
  0.20694343101717882     
  0.20852728542466281     
  0.21171830019858295     
  0.21306072749926028     
  0.21499456136293160     
  0.21777318989053859     
  0.22054070237757273     
  0.22255249896735504     
  0.23046759641482700     
  0.23542593176299687     
  0.24304967692692231     
  0.24613521933694704     
  0.24642959362242634     
  0.24970428158516608     
  0.25382826035867090     
  0.25874968302844509     
  0.26131769716794812     
  0.26157191108758893     
  0.26329896290272253     
  0.26376642433016306     
  0.26674107018508292     
  0.27425322072448222     
  0.27509350583331998     
  0.28002564281262987     
  0.28199406188148468     
  0.28226042073134705     
  0.28338848316657922     
  0.28420193373444796     
  0.28655129698685700     
  0.28881494428596965     
  0.28910515838255574     
  0.29299268440093690     
  0.29440451028925169     
  0.29616322299004694     
  0.29730293076931202     
  0.29814994025792696     
  0.30013140676061967     
  0.30091847838966085     
  0.30224036534475474     
  0.30280144249898377     
  0.30420453303122158     
  0.30582387351141266     
  0.30748626614416125     
  0.31000568843030535     
  0.31608486234378941     
  0.31649852188046929     
  0.31855679559781369     
  0.32181408365506431     
  0.32622019136131275     
  0.32950221136163854     
  0.32978632871626101     
  0.33005108026890190     
  0.33369696825344453     
  0.33503270577196348     
  0.34530950093082907     
  0.34967882804875805     
  0.35441945453550805     
  0.36199069857996224     
  0.37207140826994300     
  0.37571218257709083     
  0.38376334013690838     
  0.38766379801437634     
  0.38850874821280579     
  0.39729380824785826     
  0.41577360487035797     
  0.41795761712669827     
  0.41855739637083150     
  0.42891329217452362     
  0.43011378579237675     
  0.44039226998218056     
  0.45892620323181388     
  0.46280272780166098     
  0.50905776954061255     
  0.51183268871765886     
  0.54526419360358169     
  0.54634784023537430     
  0.55279784168945867     
  0.56222891829494814     
  0.57639789789183560     
  0.60078373006935426     
  0.62073473534738222     
  0.62514599746400235     
  0.83011390684024611     
  0.89909829596628921     
  0.90793432260940177     
  0.91023105781203428     
  0.97380557631140885     
   1.0117056362176082     
   1.0453449274215729     
   1.0728768429646576     
   1.0866895998321646     
   1.0873653290873981     
   1.0964180780975565     
   1.1210693988546405     
   1.1331843042255767     
   1.1680451802985083     
   1.1744456829673453     
   1.1905907934533051     
   1.2253469510001134     
   1.2712642575824455     
   1.2741627158172035     
   1.2840845014429807     
   1.2923426662938435     
   1.3130378335528305     
   1.3937733862616182     
   1.4177562087718341     
   1.4372642463829746     
   1.4381631483838846     
   1.4520999186085486     
   1.4688362763593679     
   1.4822495537956715     
   1.4907941953803099     
   1.4952770504787578     
   1.4981220105020814     
   1.5212944210244936     
   1.5279718296131990     
   1.5476579024910064     
   1.5559765381955379     
   1.5920141577730802     
   1.6011697519773227     
   1.6230822330900556     
   1.6330916508270827     
   1.6368587855083834     
   1.6425496850171928     
   1.7278045913887319     
   1.7462518126819662     
   1.7475818741580254     
   1.7953484076510533     
   1.7970014230888229     
   1.8287297026109288     
   1.8492924878363604     
   1.8619858966580958     
   1.8727190940333471     
   1.8830086212109836     
   1.8898940552818955     
   1.9004540777580072     
   1.9034853317824876     
   1.9203580538966034     
   1.9239507952481441     
   1.9261334958355145     
   1.9395440394623706     
   1.9454217221154466     
   1.9505932069492133     
   1.9576102233474795     
   1.9648606630386505     
   1.9705805755537260     
   1.9771467208115086     
   1.9839083031571170     
   1.9867431495055980     
   1.9957965570385940     
   2.0055948283506750     
   2.0095773435973121     
   2.0188299114369959     
   2.0211486655872721     
   2.0235233115933089     
   2.0317748475472643     
   2.0325152953341199     
   2.0379088640423308     
   2.0387588468678581     
   2.0410309622451432     
   2.0415010300163510     
   2.0433272284922630     
   2.0500808381763105     
   2.0556535770738544     
   2.0591997881065951     
   2.0619750818564042     
   2.0656637793486672     
   2.0698665092611899     
   2.0728216687802887     
   2.0737146026238875     
   2.0762004336216231     
   2.0801368730585379     
   2.0811550350234622     
   2.0841540896919688     
   2.0856750638065313     
   2.0885396491882502     
   2.0963393415036022     
   2.0992323957196444     
   2.0999704924330360     
   2.1045137964288507     
   2.1073196644453329     
   2.1087127884096395     
   2.1099415949913887     
   2.1119481504761151     
   2.1140514887260546     
   2.1163877635442425     
   2.1167340065235543     
   2.1219799921713283     
   2.1238143539513445     
   2.1288479492299994     
   2.1343458701916220     
   2.1360090669835312     
   2.1362117287249074     
   2.1424600365322890     
   2.1426107383256583     
   2.1442490581567379     
   2.1458806466754448     
   2.1539389656063750     
   2.1578387103711272     
   2.1661730980889131     
   2.1676526522663946     
   2.1701508849797628     
   2.1834232378961023     
   2.1854059434620488     
   2.1965591842346055     
   2.2050438058978279     
   2.2082816311812943     
   2.2143588786264945     
   2.2154899934690544     
   2.2182079554942309     
   2.2202167123482801     
   2.2337909013146997     
   2.2353124067436716     
   2.2372499545377487     
   2.2471017622801472     
   2.2531317050833031     
   2.2653530940671316     
   2.2696336324385649     
   2.2897075622870871     
   2.3047418413400385     
   2.3052336381971501     
   2.3055677238158196     
   2.3105725198274554     
   2.3188901010066747     
   2.3220652003917888     
   2.3341862622852636     
   2.3356921122261514     
   2.3399309625470646     
   2.3408572680869932     
   2.3417607856755596     
   2.3452962745427066     
   2.3544391067414154     
   2.3588867151864785     
   2.3636260325961538     
   2.3726519297374491     
   2.3795202511563160     
   2.3907071237455342     
   2.4274626963636465     
   2.4558559328745724     
   2.4725400014193362     
   2.4977990028354347     
   2.5294004187627936     
   2.5511707243906088     
   2.5791368176233744     
   2.5925630848416961     
   2.5995415897406597     
   2.6040601575482634     
   2.6348195148787243     
   2.6427976420181714     
   2.6552954617606113     
   2.6594066819509536     
   2.6701640952711165     
   2.6793620268376452     
   2.6832713539426782     
   2.7133998282128005     
   2.7146686282903638     
   2.7335209425902254     
   2.7346267757990401     
   2.7413332908269479     
   2.7444819695319151     
   2.7718084910943239     
   2.7858038778759942     
   2.9102669974680881     
   2.9485490400289094     
   2.9520241377011365     
   2.9529054824005900     
   2.9555912536851769     
   2.9815394204923105     
   2.9863351079082583     
   2.9916035881007139     
   3.0230539556366236     
   3.0618065100635321     
   3.0731257749501135     
   3.0863830607798373     
   3.1152034571776177     
   3.1237127108773559     
   3.1631019612000055     
   3.1684127700000362     
   3.1926087271538446     
   3.1985628949004385     
   3.3321697084237178     
   3.3592909031210634     
   3.3805933637740981     
   3.4004828578351249     
