 beta=   0.0000000000000000     
  -2.0116296741556151E-015
  -8.0078232781288555E-016
  -6.3307006960349764E-016
  -3.1900991749103765E-016
   5.2002758622085172E-018
   8.8048728317215700E-017
   1.3068681394353672E-003
   1.4387015436848039E-003
   2.8899175528458226E-003
   3.5216049349505517E-003
   4.8583154038656165E-003
   4.9607183469242205E-003
   5.1271156230439721E-003
   6.5085279188131836E-003
   7.4708815768092691E-003
   8.0436298808954747E-003
   8.7453490509620223E-003
   1.0008708535997399E-002
   1.0599014947926963E-002
   1.1705856232270273E-002
   1.2777134773114351E-002
   1.3026346730218638E-002
   1.3923231371657043E-002
   1.4866216102016334E-002
   1.5579807454809271E-002
   1.6241941578159697E-002
   1.7131863466718071E-002
   1.7664737082361548E-002
   1.8105578986373234E-002
   1.8437438252638112E-002
   1.8629376450278432E-002
   1.9163364229073519E-002
   1.9791668158635364E-002
   2.0015359227231952E-002
   2.0479593286989898E-002
   2.1166891412117205E-002
   2.1744074892498178E-002
   2.2610859663180341E-002
   2.3155582808344826E-002
   2.3560991640851056E-002
   2.4103859247837818E-002
   2.4343148294243427E-002
   2.5173271170513972E-002
   2.6116443330449809E-002
   2.6609149852491378E-002
   2.7334633935393579E-002
   2.8145379009347653E-002
   2.8606765873099408E-002
   2.9611115495647169E-002
   2.9736991853314743E-002
   3.0387166799580947E-002
   3.0749384112792297E-002
   3.1089806171719133E-002
   3.1490080601059477E-002
   3.2143361136293819E-002
   3.3412411121398804E-002
   3.4089753281453826E-002
   3.4172119671195267E-002
   3.4793363580974679E-002
   3.5020442714668185E-002
   3.5918578762291799E-002
   3.6393498600260026E-002
   3.6637700631649027E-002
   3.7949273246548697E-002
   3.8058855862370886E-002
   3.8624467236685500E-002
   3.9767522356659646E-002
   4.0056118182437435E-002
   4.0941709932238529E-002
   4.1074520495708734E-002
   4.1856670857306107E-002
   4.2726278737468572E-002
   4.3042125975371492E-002
   4.3338675991049513E-002
   4.3957129423066711E-002
   4.4630308564892064E-002
   4.5583030817926626E-002
   4.6368128741757768E-002
   4.6597048297604651E-002
   4.7091531306502586E-002
   4.7614920180753952E-002
   4.7808265600896432E-002
   4.8248964469806900E-002
   4.8692179277990147E-002
   4.9444028343551515E-002
   4.9647633873363045E-002
   5.0595115224323174E-002
   5.1008659101697412E-002
   5.1079770143858387E-002
   5.1661858466773222E-002
   5.2415130792717958E-002
   5.2677144082006092E-002
   5.2792081642200020E-002
   5.3692082567653912E-002
   5.3958402502390750E-002
   5.4353464928585463E-002
   5.5258097271396613E-002
   5.5744269704284796E-002
   5.6138931438164161E-002
   5.6685049835992367E-002
   5.6944810822294273E-002
   5.7468506061865897E-002
   5.7810499187291975E-002
   5.8215223554344629E-002
   5.8365974798239212E-002
   5.9271673908495977E-002
   5.9574205495428460E-002
   5.9794512261167755E-002
   6.0039460132832234E-002
   6.0236701341491013E-002
   6.0700217859414908E-002
   6.1101766274765608E-002
   6.1285380957978898E-002
   6.1535106142054714E-002
   6.2280368433650778E-002
   6.2625172157790676E-002
   6.3610254883463987E-002
   6.3982015204374298E-002
   6.4301888962805115E-002
   6.4579478642303498E-002
   6.4879045817861150E-002
   6.5134704296808107E-002
   6.5369106735255131E-002
   6.5968064694198414E-002
   6.6174860839597713E-002
   6.6645158510815442E-002
   6.6853894684601525E-002
   6.7334216785645634E-002
   6.7764213536555817E-002
   6.7800519708444459E-002
   6.8556430905752100E-002
   6.8895114273362382E-002
   6.9603732950856367E-002
   7.0027614537161539E-002
   7.0591557913373029E-002
   7.0957138233562728E-002
   7.1134354888640020E-002
   7.1691072637579484E-002
   7.2058566455729972E-002
   7.2164213546858119E-002
   7.2341819340300081E-002
   7.2926958547836346E-002
   7.3202308403714361E-002
   7.3784024790089844E-002
   7.3813660595095185E-002
   7.4277806610146990E-002
   7.5103170772489375E-002
   7.5219327185931356E-002
   7.5683271707485067E-002
   7.5970421557002857E-002
   7.6376877419492381E-002
   7.6726636714749871E-002
   7.7182069522380298E-002
   7.7984032510735810E-002
   7.8056587743591463E-002
   7.8900700574924182E-002
   7.8959113451402510E-002
   7.9654030215097496E-002
   8.0025581601621668E-002
   8.0256842533216091E-002
   8.0421951155573670E-002
   8.0844654133997815E-002
   8.1154962328472441E-002
   8.1300264804320704E-002
   8.1574896552852855E-002
   8.1880655800158506E-002
   8.2018116550771458E-002
   8.2397029142299322E-002
   8.3129673318734193E-002
   8.3666294599833699E-002
   8.4054442799372048E-002
   8.4555267465307393E-002
   8.4721639978794991E-002
   8.5209222581924121E-002
   8.5460121843698861E-002
   8.5780321697926085E-002
   8.5994744104168255E-002
   8.6449982630960875E-002
   8.6481319838895995E-002
   8.6816024969700534E-002
   8.7401015105321486E-002
   8.7826197187438573E-002
   8.8337863610141787E-002
   8.8694827544105889E-002
   8.9248094948608733E-002
   8.9736875386452794E-002
   8.9964492657897993E-002
   9.1013360538634833E-002
   9.1218594687580715E-002
   9.1703274434114260E-002
   9.1836931136187294E-002
   9.2431106724911685E-002
   9.2874458405597507E-002
   9.3102905718469908E-002
   9.3260408637193842E-002
   9.3431830291964835E-002
   9.3868123799686107E-002
   9.4111177278726268E-002
   9.4795643986680209E-002
   9.5499155162293778E-002
   9.5654476741072803E-002
   9.6311866013027270E-002
   9.6533025546489723E-002
   9.6968708531227077E-002
   9.7134242125144626E-002
   9.7610574377239356E-002
   9.8036124197918614E-002
   9.8578324350049318E-002
   9.8749867642846725E-002
   9.9311112497157128E-002
   9.9553782605499311E-002
  0.10009559795437574     
  0.10052736138020103     
  0.10065115356953568     
  0.10078857821076645     
  0.10149552463736712     
  0.10162590544145350     
  0.10208643394793969     
  0.10292601945951919     
  0.10370520955501639     
  0.10383498067530683     
  0.10450638909637119     
  0.10480640241484356     
  0.10513108635180952     
  0.10592711910234030     
  0.10624888522409763     
  0.10680709246439421     
  0.10720230889224193     
  0.10779858815306317     
  0.10816339883171966     
  0.10884961663851923     
  0.10948847095681834     
  0.10965540797776104     
  0.11016842614969961     
  0.11027182833239083     
  0.11082575992411718     
  0.11148729955239993     
  0.11175658709040817     
  0.11234757487775252     
  0.11272057102290683     
  0.11292091585846942     
  0.11368451595469013     
  0.11375612850080380     
  0.11423472304867910     
  0.11483788174143995     
  0.11499505908768672     
  0.11542236037340828     
  0.11656573414554083     
  0.11686814396685635     
  0.11743395573811881     
  0.11766326733930324     
  0.11807351441459575     
  0.11842220530590555     
  0.11940246585237972     
  0.11985455083106675     
  0.12026703998741431     
  0.12036373943355570     
  0.12095957655760757     
  0.12117194137199590     
  0.12306788234820264     
  0.12343407154709769     
  0.12364236037213192     
  0.12412795389065966     
  0.12521736529438876     
  0.12570385578655272     
  0.12664852234020146     
  0.12717194020492584     
  0.12798030836661381     
  0.12810945527409950     
  0.12891801007050308     
  0.13005000811490827     
  0.13053182543730066     
  0.13103484422174999     
  0.13176287304481588     
  0.13212616571468705     
  0.13256909137650996     
  0.13280719090778986     
  0.13322052889687988     
  0.13451086983179533     
  0.13501975008081343     
  0.13566261770161864     
  0.13682476100475671     
  0.13726976670725174     
  0.13775894778688610     
  0.13894422355248787     
  0.14028741987324944     
  0.14120163762212484     
  0.14291384272744195     
  0.14348451065242809     
  0.14466606866616116     
  0.14589788598717063     
  0.14664441245618628     
  0.14691069895551415     
  0.14769146492749247     
  0.14825204072774265     
  0.14875793644452168     
  0.14960861871061426     
  0.15060767003944447     
  0.15296830303747144     
  0.15495690590111200     
  0.15732236512395714     
  0.15864805396059128     
  0.15982756421268376     
  0.16245702688675676     
  0.16324189585120225     
  0.16435539169209551     
  0.16567158848844918     
  0.16640566060034404     
  0.16868126933706584     
  0.16879384693130844     
  0.17071730465786020     
  0.17165137190235774     
  0.17315154900887542     
  0.17531420773560083     
  0.17590702080720694     
  0.17792273929276511     
  0.18154471269461514     
  0.18217270818966302     
  0.18379024778085640     
  0.18395582781093489     
  0.18667221099518233     
  0.18684753199644755     
  0.18818464129822482     
  0.19271422912407118     
  0.19416826197361686     
  0.19457614982275237     
  0.19785867277971581     
  0.20400923564824971     
  0.20794927455000398     
  0.20972567604154069     
  0.21075737416393528     
  0.21279976550387469     
  0.21880652869180894     
  0.22056357213424371     
  0.22546584240463446     
  0.22772557791463380     
  0.23647669134271571     
  0.23824090901201317     
  0.24606998973343369     
  0.24647389115457796     
  0.25017889280362954     
  0.25609983529009361     
  0.25889716912459954     
  0.25949661396827473     
  0.26393181262849363     
  0.26547938572040836     
  0.26822689552367474     
  0.27251084090212102     
  0.27541030165180436     
  0.27784508207795822     
  0.27969075066693366     
  0.28300522999243422     
  0.28442315370301102     
  0.28816518648022293     
  0.28927604543105773     
  0.29010707270778013     
  0.29026875788769857     
  0.29234714570692133     
  0.29430613514766674     
  0.29531032028341392     
  0.29619809441718864     
  0.29681258077990746     
  0.30043141080370023     
  0.30183463431537960     
  0.30205968519745940     
  0.30425638781726932     
  0.30518480480120042     
  0.30657445156278534     
  0.30818497805425560     
  0.31060675044843800     
  0.31159082203440575     
  0.31254565940340939     
  0.31385527753725029     
  0.31497206513762444     
  0.31808522079299262     
  0.31905357253821354     
  0.32143306867148336     
  0.32624660370894931     
  0.33122184446610431     
  0.33165968285346686     
  0.33599060127533464     
  0.33664438068752600     
  0.34741642671169670     
  0.35051054737187309     
  0.35234303758227781     
  0.36199158554017336     
  0.37249460080866997     
  0.37341261230310618     
  0.38245178006951452     
  0.38567229709150724     
  0.39245445911325544     
  0.39370253351758860     
  0.39570249377280547     
  0.41583012092648869     
  0.42561696513876263     
  0.42941781258782857     
  0.43086457787532034     
  0.44040110935880106     
  0.44432317123051068     
  0.45926899594932391     
  0.50923852099436984     
  0.51214781672622478     
  0.54489556768023828     
  0.55281307145806857     
  0.56196920768311842     
  0.56349806488917031     
  0.58453092702455733     
  0.60081345722227109     
  0.62702425736779965     
  0.63024597245344893     
  0.85312572736264625     
  0.89426528780782732     
  0.90160459032137830     
  0.97382078462732125     
  0.97987588561916428     
   1.0133054627481555     
   1.0279241234160783     
   1.0576932892686162     
   1.0752721711963915     
   1.0878449375158386     
   1.0965364644658209     
   1.1006822871462461     
   1.1212809120313421     
   1.1319329345384694     
   1.1595305023947038     
   1.1629120030312490     
   1.1682858819801885     
   1.1858491696811444     
   1.2286133479245487     
   1.2363990343649778     
   1.2758433845950430     
   1.2857818077126091     
   1.2948582392248900     
   1.3189519288332594     
   1.3510044900350116     
   1.4081839656791550     
   1.4177578792428929     
   1.4551309829302721     
   1.4686155163900536     
   1.4713536431456613     
   1.4845346362851017     
   1.4917858695861139     
   1.4950138304550471     
   1.4955717575004235     
   1.5290889311995139     
   1.5402700596951349     
   1.5469244468589245     
   1.5563892791305385     
   1.5839070954186867     
   1.5893241293075933     
   1.6232124724261523     
   1.6298274044320411     
   1.7308472447379941     
   1.7367557027144402     
   1.7479376897420196     
   1.7622592944596134     
   1.7850005400350404     
   1.8211823116346282     
   1.8287303081811646     
   1.8314007528454335     
   1.8487954232612889     
   1.8743981964100775     
   1.8853891370030096     
   1.8908039179838028     
   1.9204135668618909     
   1.9278527642979828     
   1.9312539253137517     
   1.9325282988209931     
   1.9462663669153906     
   1.9518155310912453     
   1.9627786448769287     
   1.9652449079801173     
   1.9709364576478510     
   1.9772170705521881     
   1.9839814481115257     
   1.9900478052431920     
   1.9962513887436217     
   1.9974998527422865     
   2.0011325741358776     
   2.0044506016357060     
   2.0054711080598207     
   2.0099885720110025     
   2.0199750979256348     
   2.0232723738027221     
   2.0255120866494565     
   2.0256697061175446     
   2.0329629321247111     
   2.0338374164220512     
   2.0383085378498418     
   2.0416772060199686     
   2.0433387161748469     
   2.0569821764445737     
   2.0585878172437324     
   2.0615652600358367     
   2.0620875100940004     
   2.0648453116212728     
   2.0662434253641884     
   2.0665872126694613     
   2.0745421094358294     
   2.0767525948957752     
   2.0784104992856300     
   2.0888077569967747     
   2.0891572223423913     
   2.0943952931207961     
   2.0958345747070930     
   2.0999775118022570     
   2.1002343902023086     
   2.1003444887889340     
   2.1019641345874951     
   2.1033115389166972     
   2.1088342292909967     
   2.1124091812424921     
   2.1144675596614304     
   2.1156041448583873     
   2.1160601957773961     
   2.1171325612648206     
   2.1234075980150044     
   2.1294823046584872     
   2.1307080518844401     
   2.1357153963972233     
   2.1438198230441952     
   2.1451693346945495     
   2.1456452979031506     
   2.1538859134846109     
   2.1541048864176000     
   2.1623068558706859     
   2.1677244315628688     
   2.1695389499936635     
   2.1771373121808315     
   2.1829966652874160     
   2.1860944533142486     
   2.1889006750614728     
   2.1959125792382967     
   2.1970149707177455     
   2.2062843428703269     
   2.2137639478595093     
   2.2164640748142577     
   2.2186695464077131     
   2.2204403978856191     
   2.2256921202815860     
   2.2342062301897530     
   2.2353465779649788     
   2.2403605039206966     
   2.2473212538966947     
   2.2540745130785718     
   2.2831891030659577     
   2.2879230522485261     
   2.2897097604981096     
   2.3034408327321971     
   2.3048716029203788     
   2.3090014387848070     
   2.3177555221839525     
   2.3200333843453302     
   2.3229609844533612     
   2.3357861656190853     
   2.3367700667660256     
   2.3416233370522908     
   2.3449664864975746     
   2.3450661834276301     
   2.3510171808300675     
   2.3569375048698848     
   2.3586346993153953     
   2.3738903961643367     
   2.3795152410003895     
   2.3963715054657850     
   2.4161230014563833     
   2.4706856162965636     
   2.4714821042078872     
   2.4990510561706922     
   2.5319960942227335     
   2.5968443302757218     
   2.5996231765899531     
   2.6029970133635034     
   2.6227362407866917     
   2.6545495708963509     
   2.6565376783819188     
   2.6583913631021452     
   2.6614509467240479     
   2.6710372267772251     
   2.6716635790298056     
   2.6830422043836903     
   2.7135537147952098     
   2.7144230554719706     
   2.7210987215995859     
   2.7345699026461849     
   2.7405097380990830     
   2.7899821414085078     
   2.7976910133551698     
   2.8252417058197166     
   2.9099509858992931     
   2.9111972337674539     
   2.9554413973601368     
   2.9864563117768572     
   2.9883838017590625     
   2.9921164707560215     
   3.0096715901908913     
   3.0149262355911239     
   3.0230893243149586     
   3.0333638759088499     
   3.0938931576118094     
   3.1133230436250749     
   3.1144955520555424     
   3.1188265655013314     
   3.1289728313939000     
   3.1310996445762109     
   3.1535525125368160     
   3.1698185415529863     
   3.1927053646463577     
   3.3066562085726323     
   3.3279699824032951     
   3.3424193607765726     
   3.3784759434336249     
