 beta=   0.0000000000000000     
  -1.1096456386521866E-015
  -4.7462586000702780E-016
  -1.3429227641467542E-016
   4.3542056665397193E-017
   1.5130479945825861E-016
   3.1040473849455802E-016
   2.6629518873867719E-005
   1.3012109401453500E-004
   1.4278110815212948E-004
   1.8886547412765383E-004
   1.9311236106413432E-004
   3.3858083162536037E-004
   3.5451654178798457E-004
   3.6932223962860098E-004
   3.8729988319716581E-004
   3.9389479992503544E-004
   4.2276954830008738E-004
   4.7365217812284435E-004
   5.1369348664193494E-004
   5.1546471921766143E-004
   5.3059309058429570E-004
   5.5300920510186423E-004
   5.6516634270436399E-004
   5.7536740785757488E-004
   6.0689026034183989E-004
   6.2633130627005840E-004
   6.3364572593582616E-004
   6.8427634413268485E-004
   7.7985267350648424E-004
   8.1278203326507305E-004
   8.7025460260118303E-004
   8.7232051950113276E-004
   9.5119321091028449E-004
   9.8019757443811397E-004
   9.9870622149275104E-004
   1.0152934221272663E-003
   1.0328041615163771E-003
   1.0469199647088259E-003
   1.0634649647661748E-003
   1.1056992226484155E-003
   1.1388786556448352E-003
   1.1584320486150964E-003
   1.1860040584946087E-003
   1.2155651671542230E-003
   1.2518302915569845E-003
   1.2744211869341422E-003
   1.3242857626563069E-003
   1.3304337287206084E-003
   1.3802566552716701E-003
   1.4142446831058185E-003
   1.4307242374105192E-003
   1.4566697135924460E-003
   1.4770698901295236E-003
   1.5218165957551757E-003
   1.5268742928777293E-003
   1.5602947064116378E-003
   1.5755877378831969E-003
   1.5869554691126562E-003
   1.6016946004050818E-003
   1.6230908700841089E-003
   1.6587597868750895E-003
   1.6802745407370309E-003
   1.7122871555178521E-003
   1.7382904265560064E-003
   1.7454722101502339E-003
   1.7632198545987241E-003
   1.8102050354345629E-003
   1.8351324387495028E-003
   1.8486078922911951E-003
   1.8611339890484953E-003
   1.9200534368128705E-003
   1.9275461638751895E-003
   1.9359636013043797E-003
   1.9494362185288423E-003
   1.9997095532477411E-003
   2.0154050446033124E-003
   2.0514330101148457E-003
   2.0905764401042757E-003
   2.1068805270883888E-003
   2.1399993718266268E-003
   2.1431788045250810E-003
   2.1579989574752683E-003
   2.1843557568569489E-003
   2.1908187917710361E-003
   2.2255181814367069E-003
   2.2466110821611198E-003
   2.2792419754487452E-003
   2.3339699561984416E-003
   2.3503223629141360E-003
   2.3798564073283577E-003
   2.4071223418130798E-003
   2.4365942476172577E-003
   2.4656835653222653E-003
   2.4778515868585571E-003
   2.5135126585475237E-003
   2.5521397984906375E-003
   2.5582675229424818E-003
   2.6025336337163890E-003
   2.6178986261724546E-003
   2.6477478597352905E-003
   2.6703496802694179E-003
   2.7031210955671507E-003
   2.7157506532975860E-003
   2.7490876573311282E-003
   2.7572646648160717E-003
   2.8122335750472207E-003
   2.8307063038252316E-003
   2.8342459830979373E-003
   2.8811722174298666E-003
   2.8955022574277387E-003
   2.9318874033475327E-003
   2.9471272967650252E-003
   2.9801283507318276E-003
   2.9973660175152271E-003
   3.0184811680681457E-003
   3.0452860945462523E-003
   3.0591023311161451E-003
   3.1044536701909857E-003
   3.1314612805447800E-003
   3.1792775515634888E-003
   3.2079020492528742E-003
   3.2329195986571884E-003
   3.2504844937931553E-003
   3.2864360553655535E-003
   3.3029943783378880E-003
   3.3357309355313697E-003
   3.3753353919084550E-003
   3.4296551148584216E-003
   3.4669328804868369E-003
   3.4741610005477688E-003
   3.4913946622693358E-003
   3.5338918899915600E-003
   3.5489456192003446E-003
   3.5631251335003287E-003
   3.6159791502326961E-003
   3.6428490481472649E-003
   3.6560199279972731E-003
   3.6940382472813206E-003
   3.7011879220604947E-003
   3.7226018588593455E-003
   3.7637981129228781E-003
   3.7734502933082152E-003
   3.8093755379586718E-003
   3.8258006210176508E-003
   3.8348054520138510E-003
   3.8580094161928076E-003
   3.8746888243208432E-003
   3.8960668642583816E-003
   3.9190259990857347E-003
   3.9484772102851345E-003
   3.9822426357251639E-003
   4.0306359398049729E-003
   4.0448098537497566E-003
   4.0602584449159450E-003
   4.0759001024773967E-003
   4.0849994774515329E-003
   4.1030530988229608E-003
   4.1257620243860850E-003
   4.1668223421720621E-003
   4.1936529520967538E-003
   4.2114928789303389E-003
   4.2309473458117869E-003
   4.2465268893406910E-003
   4.2627849531766751E-003
   4.2964534954170958E-003
   4.3302284472522337E-003
   4.3544035229075443E-003
   4.3824428659955603E-003
   4.3921883144265872E-003
   4.4065165261571049E-003
   4.4422843621326168E-003
   4.4588399188348945E-003
   4.4694078939658440E-003
   4.5135029842399178E-003
   4.5540990186750075E-003
   4.5878247707116689E-003
   4.6053346807076873E-003
   4.6174341034165064E-003
   4.6344101093806472E-003
   4.6419210590793259E-003
   4.6704246859045635E-003
   4.6896762342281502E-003
   4.7258558332444519E-003
   4.7402147120270783E-003
   4.7590798999549528E-003
   4.7816243099303452E-003
   4.7941891145308153E-003
   4.8110874172379641E-003
   4.8184063323909983E-003
   4.8266995321648064E-003
   4.8556994835274748E-003
   4.8663929923149739E-003
   4.9059957726599723E-003
   4.9321725993592856E-003
   4.9413718988991417E-003
   4.9699407348083851E-003
   5.0017554396491019E-003
   5.0129169101134664E-003
   5.0572487559875680E-003
   5.0811578888474724E-003
   5.1018226832415838E-003
   5.1319939394490685E-003
   5.1382773192844297E-003
   5.1594162343120932E-003
   5.1805861128482083E-003
   5.1924822226911607E-003
   5.2098314345612401E-003
   5.2246692818439921E-003
   5.2444983102031091E-003
   5.2734428542621581E-003
   5.2984428200719760E-003
   5.3017229678331574E-003
   5.3348000652002564E-003
   5.3359895601728883E-003
   5.3475454545180686E-003
   5.3590110911969158E-003
   5.3854885324122435E-003
   5.4050208133903698E-003
   5.4295154290202631E-003
   5.4562484536215443E-003
   5.4660280882700436E-003
   5.4784212243437075E-003
   5.4937809920794717E-003
   5.5211963174684898E-003
   5.5340134012306294E-003
   5.5535700379674476E-003
   5.5672179712242670E-003
   5.5948146014762066E-003
   5.6221329667126363E-003
   5.6353173722902584E-003
   5.6388858320605573E-003
   5.6717124546980698E-003
   5.7045319518733940E-003
   5.7231729260385196E-003
   5.7308676804498368E-003
   5.7566522188321374E-003
   5.7738368467013359E-003
   5.8096043145799874E-003
   5.8117396154381325E-003
   5.8328506291569528E-003
   5.8466555822381883E-003
   5.8526898150827473E-003
   5.8890341927211919E-003
   5.8963396876924954E-003
   5.9095412214159940E-003
   5.9503545732022779E-003
   5.9615340450187466E-003
   5.9748503326163037E-003
   5.9989344491792876E-003
   6.0150532965297272E-003
   6.0384004766248518E-003
   6.0519563564602587E-003
   6.0619661529068367E-003
   6.0857154960684296E-003
   6.1077187857523467E-003
   6.1187559618038736E-003
   6.1535150936738829E-003
   6.1623325875971467E-003
   6.1748044209725267E-003
   6.1936560901874153E-003
   6.1970679673836859E-003
   6.2311843327872238E-003
   6.2363576468924820E-003
   6.2577700760541267E-003
   6.2621513018685107E-003
   6.2733204851678909E-003
   6.2902565676750980E-003
   6.3126645332505071E-003
   6.3304531931127981E-003
   6.3361178587788810E-003
   6.3458062403044819E-003
   6.4077239411136208E-003
   6.4194775336447974E-003
   6.4328915304603584E-003
   6.4577878452360127E-003
   6.4894919974595013E-003
   6.5067753261161968E-003
   6.5208637313292281E-003
   6.5394688212276810E-003
   6.5527572436945378E-003
   6.5617331943333265E-003
   6.5792454068879487E-003
   6.6047586484943837E-003
   6.6092759161404209E-003
   6.6286889895555484E-003
   6.6403909764909718E-003
   6.6554768980283631E-003
   6.6677977173222776E-003
   6.6839500195168050E-003
   6.6958934599945378E-003
   6.7264725257295136E-003
   6.7469321848369970E-003
   6.7480627644420903E-003
   6.7656002727095460E-003
   6.7925566385910029E-003
   6.8007162218930769E-003
   6.8324539934166897E-003
   6.8536762512675610E-003
   6.8693778447113073E-003
   6.8704407350637349E-003
   6.9016717454382977E-003
   6.9098203367349009E-003
   6.9121710630401928E-003
   6.9411365612595671E-003
   6.9546387062229421E-003
   6.9718867101250543E-003
   7.0001026479156701E-003
   7.0104224989529472E-003
   7.0300164952337863E-003
   7.0546865564354343E-003
   7.0564936303361093E-003
   7.0662646951263376E-003
   7.0949101152431018E-003
   7.1001018099676703E-003
   7.1344913904931593E-003
   7.1489433876749837E-003
   7.1727687778774061E-003
   7.1858633988048076E-003
   7.2020854098624161E-003
   7.2291329212043351E-003
   7.2378115443607277E-003
   7.2484929914429239E-003
   7.2619332546157260E-003
   7.2773278501663836E-003
   7.2936536026226347E-003
   7.3133387509239471E-003
   7.3165855734747803E-003
   7.3388154349829137E-003
   7.3517683770568856E-003
   7.3540340355049364E-003
   7.3704478834581109E-003
   7.3873995290190467E-003
   7.3999580034278620E-003
   7.4074554187507080E-003
   7.4189346412790735E-003
   7.4428113703679903E-003
   7.4603623062437698E-003
   7.4646222133608565E-003
   7.4791268717666580E-003
   7.4878386969981980E-003
   7.5054520527084567E-003
   7.5236437013659722E-003
   7.5262208760542119E-003
   7.5403261043356937E-003
   7.5508215246309959E-003
   7.5767960693076597E-003
   7.5914647964018880E-003
   7.6080636533773418E-003
   7.6130566010566020E-003
   7.6250586476432503E-003
   7.6327116629628490E-003
   7.6571973565070029E-003
   7.6667736300070569E-003
   7.6838411495832306E-003
   7.7015483704797145E-003
   7.7179858249137321E-003
   7.7205248373429722E-003
   7.7326110173320060E-003
   7.7580235349635276E-003
   7.7853221083624899E-003
   7.7922229420468838E-003
   7.8096909414809568E-003
   7.8195290075291565E-003
   7.8370012105944617E-003
   7.8500598364008873E-003
   7.8547410392516576E-003
   7.8772960685767508E-003
   7.8923130644729216E-003
   7.9077248312353337E-003
   7.9247962169987085E-003
   7.9344084965207382E-003
   7.9555895422181704E-003
   7.9624002887931540E-003
   7.9914167621099701E-003
   7.9931112385229590E-003
   8.0181145648983293E-003
   8.0298547704012943E-003
   8.0325354943332570E-003
   8.0582787118490158E-003
   8.0768832194047426E-003
   8.0833545203688548E-003
   8.0925641033105008E-003
   8.1061564510265492E-003
   8.1206760941819368E-003
   8.1242941710894124E-003
   8.1406644729925589E-003
   8.1466166001162889E-003
   8.1628913187559542E-003
   8.1753080935205013E-003
   8.1844379537776273E-003
   8.1961729866721882E-003
   8.2036022998808588E-003
   8.2150711272759025E-003
   8.2327777254904942E-003
   8.2402668714127887E-003
   8.2584293665889114E-003
   8.2767393651808890E-003
   8.2823148501789123E-003
   8.3117663526988232E-003
   8.3227094177311615E-003
   8.3374856960527089E-003
   8.3405966101600133E-003
   8.3596550897949325E-003
   8.3656994463276180E-003
   8.3827133715072884E-003
   8.3978585906045247E-003
   8.4073732048960056E-003
   8.4258580809540053E-003
   8.4381873132784811E-003
   8.4497718867542256E-003
   8.4524834853045849E-003
   8.4644866552027812E-003
   8.4810633561319213E-003
   8.4955312165282022E-003
   8.5071305548285753E-003
   8.5210272935290158E-003
   8.5287757627406403E-003
   8.5316559971422845E-003
   8.5497640161365657E-003
   8.5732444077807942E-003
   8.5877748593369847E-003
   8.5948624171566512E-003
   8.6073385776477464E-003
   8.6085199811722617E-003
   8.6348708402010990E-003
   8.6431450445005054E-003
   8.6527938085999220E-003
   8.6701768145939322E-003
   8.6812363548363636E-003
   8.6885422865472847E-003
   8.7120481239397127E-003
   8.7405805982748545E-003
   8.7466868656516563E-003
   8.7595147185058550E-003
   8.7733158351062553E-003
   8.7902989215161917E-003
   8.7929434275863094E-003
   8.7968124994404918E-003
   8.8169816259014763E-003
   8.8287895166616528E-003
   8.8325203072572526E-003
   8.8426354922331689E-003
   8.8582895781944872E-003
   8.8634234518414363E-003
   8.8708305898458212E-003
   8.8784636291935840E-003
   8.8946620779414495E-003
   8.9078794951759164E-003
   8.9193382924331790E-003
   8.9346079766169269E-003
   8.9401993904232469E-003
   8.9456464175639468E-003
   8.9469581268223648E-003
   8.9586927872473687E-003
   8.9915272922430362E-003
   9.0026932117902980E-003
   9.0098192238302517E-003
   9.0270914642000544E-003
   9.0398857107676332E-003
   9.0602889138439967E-003
   9.0726832588681697E-003
   9.0787001935521850E-003
   9.0944794598010435E-003
   9.1127546710629195E-003
   9.1226757155849422E-003
   9.1320908823713642E-003
   9.1381921356079795E-003
   9.1509633844774931E-003
   9.1567101215112631E-003
   9.1656268111716937E-003
   9.1901689636076315E-003
   9.1922296083271592E-003
   9.2015109851977771E-003
   9.2262147929366867E-003
   9.2347766845592063E-003
   9.2457618609301587E-003
   9.2536668766081825E-003
   9.2766881943936678E-003
   9.2835449088524754E-003
   9.2950032538153173E-003
   9.3066022601908781E-003
   9.3187318026026443E-003
   9.3268672492795163E-003
   9.3364451281354368E-003
   9.3418262189136174E-003
   9.3531417967945996E-003
   9.3745136135944731E-003
   9.3839265682186448E-003
   9.4063032086475692E-003
   9.4102081731098006E-003
   9.4206084219349319E-003
   9.4354687603857238E-003
   9.4478426634433052E-003
   9.4522528932838579E-003
   9.4659734306381978E-003
   9.4932770692639518E-003
   9.5051645046461044E-003
   9.5109042314477192E-003
   9.5191542674384223E-003
   9.5240969740991756E-003
   9.5355586313548603E-003
   9.5511958859552555E-003
   9.5555568611632915E-003
   9.5599158813466263E-003
   9.5703577057099296E-003
   9.5813763158849197E-003
   9.5858057063910491E-003
   9.5939125902293632E-003
   9.6077609608412537E-003
   9.6247910067592223E-003
   9.6331821759784112E-003
   9.6496400347636131E-003
   9.6523921786610609E-003
   9.6555424940271140E-003
   9.6789195300243432E-003
   9.6874049825088470E-003
   9.6926297745745342E-003
   9.6934243221443936E-003
   9.7161760955680083E-003
   9.7275647557199894E-003
   9.7324670030299980E-003
   9.7436514717378492E-003
   9.7501631352406408E-003
   9.7665463379981460E-003
   9.7781563556460262E-003
   9.7957487508036779E-003
   9.8219831577625264E-003
   9.8282129636197008E-003
   9.8331288942543719E-003
   9.8357048822476281E-003
   9.8503939385679046E-003
   9.8638335835671050E-003
   9.8673892071021504E-003
   9.8810014584566046E-003
   9.8913770877117144E-003
   9.9018426517036694E-003
   9.9095827515564578E-003
   9.9173144035676706E-003
   9.9238740918525022E-003
   9.9357738931946590E-003
   9.9407933141092402E-003
   9.9568158345552295E-003
   9.9749753034515994E-003
   9.9866469544336103E-003
   9.9983207133274681E-003
   1.0015644666576357E-002
   1.0023343264599376E-002
   1.0043635571114214E-002
   1.0047132856856315E-002
   1.0048192451363316E-002
   1.0064525194083906E-002
   1.0074184730391619E-002
   1.0084616562016540E-002
   1.0090120953813673E-002
   1.0094954959900150E-002
   1.0102209894148281E-002
   1.0114417063261383E-002
   1.0125272015829086E-002
   1.0132374111934217E-002
   1.0139650011537816E-002
   1.0149841332526445E-002
   1.0159628215317712E-002
   1.0173829334832100E-002
   1.0184358146740811E-002
   1.0203211560732152E-002
   1.0205134891430379E-002
   1.0216949961180388E-002
   1.0229546916470319E-002
   1.0245284949562247E-002
   1.0253843266114433E-002
   1.0259037040809276E-002
   1.0261458413272240E-002
   1.0273402305682170E-002
   1.0280334427707153E-002
   1.0283908179344400E-002
   1.0299851822451899E-002
   1.0313106169463949E-002
   1.0318735893471490E-002
   1.0325298423935260E-002
   1.0336316490169648E-002
   1.0354188743182604E-002
   1.0365270999583157E-002
   1.0378532952031158E-002
   1.0380691361024217E-002
   1.0397128829148210E-002
   1.0405399182688417E-002
   1.0422414120329649E-002
   1.0424069006587090E-002
   1.0430823769669471E-002
   1.0462910324853164E-002
   1.0464693846152536E-002
   1.0476604055512657E-002
   1.0479922109336666E-002
   1.0489380270609560E-002
   1.0496236391878730E-002
   1.0504706535935566E-002
   1.0513934038475432E-002
   1.0518652870304842E-002
   1.0541105860410982E-002
   1.0545455532291768E-002
   1.0550846019870695E-002
   1.0571320294943721E-002
   1.0577831718011183E-002
   1.0587274318687830E-002
   1.0604095054310711E-002
   1.0609192092580773E-002
   1.0616524737745894E-002
   1.0624463454986523E-002
   1.0637542908939698E-002
   1.0649239780646795E-002
   1.0662778615059525E-002
   1.0666529125378611E-002
   1.0669085043403647E-002
   1.0686388095279777E-002
   1.0696884629242526E-002
   1.0702206763566565E-002
   1.0721509723408377E-002
   1.0736382492646830E-002
   1.0738426301730464E-002
   1.0750080587209828E-002
   1.0758876163923846E-002
   1.0772047656702470E-002
   1.0785781257458861E-002
   1.0787705581736735E-002
   1.0803099074309349E-002
   1.0812689810838995E-002
   1.0825003979726182E-002
   1.0828238364210017E-002
   1.0844380111589136E-002
   1.0845594050330703E-002
   1.0858181862814842E-002
   1.0870715224680373E-002
   1.0873901764538814E-002
   1.0888175529075624E-002
   1.0892145708837375E-002
   1.0901385813579417E-002
   1.0919920238874363E-002
   1.0932177536273494E-002
   1.0939843954219191E-002
   1.0946224064571197E-002
   1.0956994550031201E-002
   1.0965828259994394E-002
   1.0970068582277871E-002
   1.0984420305795578E-002
   1.0991529325414395E-002
   1.1006194974759817E-002
   1.1011631930767226E-002
   1.1025140631750009E-002
   1.1032664297269798E-002
   1.1048983678658546E-002
   1.1052993320724340E-002
   1.1068694618891605E-002
   1.1078586394203407E-002
   1.1082583236579398E-002
   1.1100515900959645E-002
   1.1109229877009607E-002
   1.1117018246868242E-002
   1.1128345463072091E-002
   1.1136219310551644E-002
   1.1143580982537732E-002
   1.1152644776568355E-002
   1.1158575330728481E-002
   1.1164022795920048E-002
   1.1169455620543570E-002
   1.1192398436149423E-002
   1.1201844105055998E-002
   1.1206521853364976E-002
   1.1212304532016850E-002
   1.1214650551052904E-002
   1.1218753785909306E-002
   1.1238247552976650E-002
   1.1245820423221765E-002
   1.1264035398631078E-002
   1.1265499654976826E-002
   1.1275520475680419E-002
   1.1285869873182522E-002
   1.1290839891768467E-002
   1.1303832669291537E-002
   1.1312767847901726E-002
   1.1316417266449309E-002
   1.1325596181615567E-002
   1.1338289988252457E-002
   1.1350632688435853E-002
   1.1353978729627878E-002
   1.1361306481609455E-002
   1.1376013611632830E-002
   1.1390048342761180E-002
   1.1394802916841586E-002
   1.1400845364524442E-002
   1.1408679119864956E-002
   1.1424943082948908E-002
   1.1432550877567584E-002
   1.1444741040021144E-002
   1.1451921451776136E-002
   1.1461316555164689E-002
   1.1470649275476929E-002
   1.1481898993388457E-002
   1.1495193843274711E-002
   1.1505644195215114E-002
   1.1509847321400491E-002
   1.1528122798515119E-002
   1.1536759036344817E-002
   1.1541367072291695E-002
   1.1552560701412530E-002
   1.1558119016263186E-002
   1.1568436655819131E-002
   1.1573893630144874E-002
   1.1585451505605452E-002
   1.1597500869575715E-002
   1.1613736738575403E-002
   1.1617873009849053E-002
   1.1620564213978840E-002
   1.1628224288982136E-002
   1.1637091813874704E-002
   1.1643178401485085E-002
   1.1656022564459714E-002
   1.1660533940040671E-002
   1.1674759382915194E-002
   1.1680219470568465E-002
   1.1685928284915428E-002
   1.1704377625936844E-002
   1.1716369116976310E-002
   1.1724915522061116E-002
   1.1730168748987123E-002
   1.1739986500244879E-002
   1.1745250737833626E-002
   1.1756618456373191E-002
   1.1768671907200956E-002
   1.1776184420111351E-002
   1.1792302212311001E-002
   1.1799915279203155E-002
   1.1803765148505712E-002
   1.1811605480200932E-002
   1.1822974790376146E-002
   1.1831423552844613E-002
   1.1843755050631555E-002
   1.1854891850878282E-002
   1.1857785270488884E-002
   1.1869494878589499E-002
   1.1881224180684760E-002
   1.1890003013508616E-002
   1.1897801203886220E-002
   1.1899374064566308E-002
   1.1915657335383878E-002
   1.1922504306064643E-002
   1.1936189772772542E-002
   1.1937622716989569E-002
   1.1942621844561409E-002
   1.1950918175118069E-002
   1.1957839023583924E-002
   1.1973429265925917E-002
   1.1989964409210165E-002
   1.1994425275653945E-002
   1.2004741162568779E-002
   1.2014831653552625E-002
   1.2016768731372857E-002
   1.2023458308204595E-002
   1.2032700757781291E-002
   1.2046985665259557E-002
   1.2056113805394880E-002
   1.2060622674377432E-002
   1.2064478388738736E-002
   1.2071792652372163E-002
   1.2089410354456306E-002
   1.2096042961742342E-002
   1.2102298702220092E-002
   1.2106849452289055E-002
   1.2115358554956598E-002
   1.2126669690674038E-002
   1.2133659712609624E-002
   1.2137945241859779E-002
   1.2141100565141954E-002
   1.2149033722004245E-002
   1.2161150048826886E-002
   1.2175977522884582E-002
   1.2178223992486175E-002
   1.2195688540756366E-002
   1.2199875502113605E-002
   1.2211761547549301E-002
   1.2225289352178020E-002
   1.2233520327984294E-002
   1.2241609738071169E-002
   1.2262320317339981E-002
   1.2266290028814384E-002
   1.2274564563274054E-002
   1.2276977968019931E-002
   1.2281874600269634E-002
   1.2302099331613529E-002
   1.2311098273750452E-002
   1.2318488868648543E-002
   1.2335683697981771E-002
   1.2343770955797443E-002
   1.2345127641145478E-002
   1.2352734088902334E-002
   1.2362564291203531E-002
   1.2372138398212820E-002
   1.2377985355959298E-002
   1.2388513120399644E-002
   1.2398166930251749E-002
   1.2403904825972353E-002
   1.2411008219282801E-002
   1.2420829404623005E-002
   1.2435940434192477E-002
   1.2448038473450218E-002
   1.2456079418479917E-002
   1.2459856773728014E-002
   1.2469647198105735E-002
   1.2478866137653533E-002
   1.2486770943924721E-002
   1.2493483541664347E-002
   1.2499066965076262E-002
   1.2508215016032463E-002
   1.2514112598423213E-002
   1.2524685238508805E-002
   1.2537952113212706E-002
   1.2544174490099721E-002
   1.2552630975994027E-002
   1.2560873705748083E-002
   1.2579310568413901E-002
   1.2587683110037180E-002
   1.2596799533146538E-002
   1.2602866913628512E-002
   1.2610478117640869E-002
   1.2622984133454177E-002
   1.2628555643525136E-002
   1.2637107174153032E-002
   1.2654566395816101E-002
   1.2666030690787136E-002
   1.2666210572063991E-002
   1.2689758332802475E-002
   1.2695864448767748E-002
   1.2710192832197764E-002
   1.2716816348344821E-002
   1.2720271763937726E-002
   1.2728032071463813E-002
   1.2747731269251656E-002
   1.2751139140862400E-002
   1.2754176211879355E-002
   1.2769246816671643E-002
   1.2779693411577956E-002
   1.2791414873771769E-002
   1.2795893122142764E-002
   1.2800643326602783E-002
   1.2814162115039877E-002
   1.2823243906660044E-002
   1.2836551371948664E-002
   1.2843973315596413E-002
   1.2849829980124407E-002
   1.2850703184246817E-002
   1.2863416064418867E-002
   1.2873599572884845E-002
   1.2879638380508871E-002
   1.2893925346661428E-002
   1.2905863644112290E-002
   1.2909356984643437E-002
   1.2912398683915204E-002
   1.2918963809010291E-002
   1.2932982959198432E-002
   1.2939364978026358E-002
   1.2950270587393673E-002
   1.2954704862860791E-002
   1.2963601508208031E-002
   1.2964473042016150E-002
   1.2980613791954546E-002
   1.3000142929172384E-002
   1.3018703109556993E-002
   1.3028372524979612E-002
   1.3046074549056083E-002
   1.3046910682525005E-002
   1.3055221461708507E-002
   1.3058280356743666E-002
   1.3067313370886065E-002
   1.3070759509664897E-002
   1.3078647341626113E-002
   1.3089198186746013E-002
   1.3102876820267485E-002
   1.3105625015316104E-002
   1.3119017035739177E-002
   1.3145101069731073E-002
   1.3155492308490946E-002
   1.3168873651058656E-002
   1.3177858920865782E-002
   1.3183083158858321E-002
   1.3196008377931692E-002
   1.3202259283195296E-002
   1.3217420738740372E-002
   1.3223787750756688E-002
   1.3231635681423668E-002
   1.3242292374299898E-002
   1.3248973806581578E-002
   1.3262266139839302E-002
   1.3268103168379262E-002
   1.3277688566731354E-002
   1.3294277177487802E-002
   1.3302347347824249E-002
   1.3312857404220542E-002
   1.3323779913321737E-002
   1.3336517634324328E-002
   1.3345028483709999E-002
   1.3352645343623380E-002
   1.3360144959864194E-002
   1.3373545000791085E-002
   1.3378850724147641E-002
   1.3384687512171874E-002
   1.3394880844838893E-002
   1.3401281511535247E-002
   1.3405154626571368E-002
   1.3424471580438021E-002
   1.3433274003675739E-002
   1.3448304720858178E-002
   1.3460096287443105E-002
   1.3462592040334252E-002
   1.3475183114093342E-002
   1.3477892651826480E-002
   1.3489337683326698E-002
   1.3493477014611316E-002
   1.3508649445000803E-002
   1.3510370360927636E-002
   1.3518883135472500E-002
   1.3529314232946021E-002
   1.3534619769629096E-002
   1.3537180781247913E-002
   1.3548246088105259E-002
   1.3562080933309999E-002
   1.3568389195932342E-002
   1.3582051057480940E-002
   1.3590047065987326E-002
   1.3601455179779738E-002
   1.3604130021675591E-002
   1.3611792609816827E-002
   1.3615092334477235E-002
   1.3629568024484775E-002
   1.3644195408633725E-002
   1.3656619375083093E-002
   1.3657286259118984E-002
   1.3671927567911274E-002
   1.3679655158486060E-002
   1.3695434000500583E-002
   1.3706584066295949E-002
   1.3707442577872446E-002
   1.3734924876759459E-002
   1.3741121736016363E-002
   1.3747217387367703E-002
   1.3750990790135828E-002
   1.3752738708207346E-002
   1.3773618082410243E-002
   1.3774969479640860E-002
   1.3795195729244423E-002
   1.3805292368288587E-002
   1.3808401015514849E-002
   1.3816021955804874E-002
   1.3824336808824627E-002
   1.3835416250115999E-002
   1.3842185811046176E-002
   1.3853185267208246E-002
   1.3856052930620900E-002
   1.3869413061696964E-002
   1.3889453738896088E-002
   1.3891428322630205E-002
   1.3909656502138667E-002
   1.3915015441432891E-002
   1.3923457655514161E-002
   1.3926414212255780E-002
   1.3943657504530809E-002
   1.3949371459208508E-002
   1.3964362257137691E-002
   1.3969449514643704E-002
   1.3978957192594569E-002
   1.3995180657125470E-002
   1.4007824592666940E-002
   1.4013958210362819E-002
   1.4028149180637021E-002
   1.4034455580608205E-002
   1.4044348326859508E-002
   1.4053993603408069E-002
   1.4075119028678100E-002
   1.4080108822828230E-002
   1.4083796375095608E-002
   1.4098738474760307E-002
   1.4107156006530210E-002
   1.4118146056111610E-002
   1.4123016745977482E-002
   1.4125665128345843E-002
   1.4148458901381255E-002
   1.4160569040234683E-002
   1.4172580760160763E-002
   1.4174293858840689E-002
   1.4179753579102995E-002
   1.4197547671127917E-002
   1.4201818217706505E-002
   1.4208962475917358E-002
   1.4210379721129663E-002
   1.4222408118676651E-002
   1.4233477064031256E-002
   1.4240563325290634E-002
   1.4253441769119642E-002
   1.4264665987896790E-002
   1.4276483165320366E-002
   1.4280689624910647E-002
   1.4291588917678054E-002
   1.4297014745511444E-002
   1.4300281511630064E-002
   1.4318170158667777E-002
   1.4324229618289408E-002
   1.4336981928792621E-002
   1.4347080288353978E-002
   1.4354496871997562E-002
   1.4358729488336554E-002
   1.4368625923070292E-002
   1.4379457136058678E-002
   1.4398402455370619E-002
   1.4407468009578688E-002
   1.4416799125724036E-002
   1.4422037511572460E-002
   1.4436963322426020E-002
   1.4448512192925303E-002
   1.4451635164913577E-002
   1.4466670626274396E-002
   1.4473854549965512E-002
   1.4484940756019724E-002
   1.4487652561092551E-002
   1.4501837996802051E-002
   1.4519210858848018E-002
   1.4523096098883992E-002
   1.4531119375765254E-002
   1.4537009771762787E-002
   1.4556299987065835E-002
   1.4564518481625653E-002
   1.4570329368768134E-002
   1.4580127082667023E-002
   1.4581563214094007E-002
   1.4591243711568216E-002
   1.4601393944863960E-002
   1.4614050495103564E-002
   1.4615715774992582E-002
   1.4636694160509205E-002
   1.4643425280173586E-002
   1.4658334273956380E-002
   1.4667461941752766E-002
   1.4687646165353981E-002
   1.4693259298836650E-002
   1.4696106717995410E-002
   1.4701249562062044E-002
   1.4710690050161472E-002
   1.4725185358811333E-002
   1.4736188991228198E-002
   1.4742412554622450E-002
   1.4755474538350286E-002
   1.4763783351194848E-002
   1.4773208805186984E-002
   1.4784835680824473E-002
   1.4790512693910872E-002
   1.4795981496473758E-002
   1.4808735708533721E-002
   1.4809872403191086E-002
   1.4823157875198327E-002
   1.4834675072280918E-002
   1.4844550143576071E-002
   1.4851232458735859E-002
   1.4858165064385968E-002
   1.4879368110766074E-002
   1.4882338893136426E-002
   1.4889860602464947E-002
   1.4900789564013283E-002
   1.4904781168054999E-002
   1.4909154443521717E-002
   1.4929615911187629E-002
   1.4934604719946424E-002
   1.4940523348822791E-002
   1.4947846224248548E-002
   1.4957864441374643E-002
   1.4964228093874840E-002
   1.4973102332674820E-002
   1.4983327668755759E-002
   1.5001317072811887E-002
   1.5019744776840921E-002
   1.5033201254457052E-002
   1.5037852649193495E-002
   1.5044511933618280E-002
   1.5053083922144078E-002
   1.5059495095457049E-002
   1.5072052564534373E-002
   1.5079995811582918E-002
   1.5099172383158478E-002
   1.5102264567546878E-002
   1.5111355728651518E-002
   1.5115864319797613E-002
   1.5131180528707652E-002
   1.5133243878671890E-002
   1.5147383710364542E-002
   1.5158239897755381E-002
   1.5161278824480078E-002
   1.5171919323810122E-002
   1.5185782768338077E-002
   1.5191830093397677E-002
   1.5198556921086879E-002
   1.5203476359297913E-002
   1.5221580506852161E-002
   1.5232007586130691E-002
   1.5239030806849706E-002
   1.5242285580600364E-002
   1.5250072465387871E-002
   1.5264856251448109E-002
   1.5268350202971690E-002
   1.5280004436096508E-002
   1.5296498954372890E-002
   1.5301914985075838E-002
   1.5315797032324314E-002
   1.5336513867951401E-002
   1.5340006622838449E-002
   1.5349761179581554E-002
   1.5365307723823050E-002
   1.5377067377410156E-002
   1.5381630828716863E-002
   1.5398176386380216E-002
   1.5407509716374451E-002
   1.5422039737433040E-002
   1.5426915101925931E-002
   1.5434148429620067E-002
   1.5448104318519737E-002
   1.5453366899712160E-002
   1.5461072375146729E-002
   1.5470647925166846E-002
   1.5484177634000534E-002
   1.5497111244190644E-002
   1.5503947171849494E-002
   1.5519258028877402E-002
   1.5523367289010418E-002
   1.5539396635290100E-002
   1.5544698257851659E-002
   1.5553160576617615E-002
   1.5566729241690617E-002
   1.5572812336479894E-002
   1.5578744732779043E-002
   1.5589876209224283E-002
   1.5604938026026234E-002
   1.5616189216833352E-002
   1.5623645373688638E-002
   1.5629761729348612E-002
   1.5645754068667358E-002
   1.5659942780051214E-002
   1.5662440766485822E-002
   1.5681585241973370E-002
   1.5689369849547014E-002
   1.5694796164411939E-002
   1.5699420629289567E-002
   1.5706120982945476E-002
   1.5708966983255027E-002
   1.5722837925093575E-002
   1.5744425367525659E-002
   1.5747485374939706E-002
   1.5762277881415172E-002
   1.5773483653817193E-002
   1.5780308603893456E-002
   1.5783499097441908E-002
   1.5793280407289945E-002
   1.5806005030415547E-002
   1.5821773131086472E-002
   1.5826154001075680E-002
   1.5832192917566514E-002
   1.5840414449551574E-002
   1.5857317632048513E-002
   1.5873285427159572E-002
   1.5882879146922945E-002
   1.5895430617926889E-002
   1.5900499674202512E-002
   1.5905834455377306E-002
   1.5921265818318167E-002
   1.5931773302117029E-002
   1.5941139128898378E-002
   1.5963022509594797E-002
   1.5969405577339658E-002
   1.5978336522099120E-002
   1.5988735569389775E-002
   1.5993216487098991E-002
   1.6000224312317190E-002
   1.6015568607701893E-002
   1.6020945089077594E-002
   1.6027509618148545E-002
   1.6037119543320648E-002
   1.6048519612009666E-002
   1.6049489166929325E-002
   1.6070721917450511E-002
   1.6074972917963899E-002
   1.6096883873393638E-002
   1.6101658329144456E-002
   1.6108865883997174E-002
   1.6117707412018650E-002
   1.6135222364451716E-002
   1.6142375254514542E-002
   1.6163990489710865E-002
   1.6170946396883799E-002
   1.6184497497793562E-002
   1.6188649581189568E-002
   1.6213457819687815E-002
   1.6221108300705427E-002
   1.6245805340895082E-002
   1.6250287140856298E-002
   1.6255336287597458E-002
   1.6259056041806389E-002
   1.6268609929743001E-002
   1.6297535067569795E-002
   1.6304470877839039E-002
   1.6321301035310806E-002
   1.6327304876693469E-002
   1.6342363449589586E-002
   1.6356433037729625E-002
   1.6368953712597934E-002
   1.6377695565491762E-002
   1.6384687870357080E-002
   1.6398572746005396E-002
   1.6414149301323754E-002
   1.6416518936750009E-002
   1.6430079659197166E-002
   1.6436222633745473E-002
   1.6449606264652930E-002
   1.6458492506936134E-002
   1.6477187257703484E-002
   1.6478815782211758E-002
   1.6487939560240736E-002
   1.6504690178183290E-002
   1.6516617666337930E-002
   1.6532618827120989E-002
   1.6537861955547236E-002
   1.6548875167307606E-002
   1.6556376384776791E-002
   1.6565357380704429E-002
   1.6581285706600845E-002
   1.6583806630880146E-002
   1.6591022753603479E-002
   1.6608632212367063E-002
   1.6617188560794936E-002
   1.6625451935043490E-002
   1.6639470567836549E-002
   1.6642495433374427E-002
   1.6658166884813811E-002
   1.6673488915957060E-002
   1.6680117160520341E-002
   1.6685919772373027E-002
   1.6695609418291568E-002
   1.6713732963998074E-002
   1.6728855327834941E-002
   1.6737836727072859E-002
   1.6752140316414810E-002
   1.6768012748299279E-002
   1.6770485284476427E-002
   1.6780182712737814E-002
   1.6795606675438366E-002
   1.6810721509463306E-002
   1.6822779489885427E-002
   1.6835916144204315E-002
   1.6837027659184305E-002
   1.6847304926920870E-002
   1.6857983157284425E-002
   1.6877193202850853E-002
   1.6879142034566221E-002
   1.6898395040322322E-002
   1.6902164671534145E-002
   1.6911436670245493E-002
   1.6928382693781840E-002
   1.6941103090647142E-002
   1.6949679207671972E-002
   1.6958151915726267E-002
   1.6965769557894701E-002
   1.6970326084904851E-002
   1.6988468735025179E-002
   1.7004868057769167E-002
   1.7027543732884381E-002
   1.7039277192907310E-002
   1.7047176370511011E-002
   1.7052968268072583E-002
   1.7059312003386912E-002
   1.7078026245582377E-002
   1.7088180100084387E-002
   1.7096173566265211E-002
   1.7103338252603507E-002
   1.7114755113768389E-002
   1.7125600855934352E-002
   1.7137026037032377E-002
   1.7145934228754611E-002
   1.7159735350654765E-002
   1.7165298097358294E-002
   1.7193993860032859E-002
   1.7199602109332381E-002
   1.7202643809165023E-002
   1.7207712149561287E-002
   1.7223951952195931E-002
   1.7228996126369970E-002
   1.7255272273722717E-002
   1.7255662677067619E-002
   1.7262292256093614E-002
   1.7285191313031602E-002
   1.7291231536544750E-002
   1.7318458305902760E-002
   1.7320719005551283E-002
   1.7332292163174393E-002
   1.7341190392427371E-002
   1.7364643249044218E-002
   1.7377965141956445E-002
   1.7380764103132575E-002
   1.7388892786253465E-002
   1.7405712429845240E-002
   1.7415242289061685E-002
   1.7424635740606195E-002
   1.7438541002685652E-002
   1.7447949992927540E-002
   1.7463386405653324E-002
   1.7477270230752018E-002
   1.7487186854010892E-002
   1.7497759748792894E-002
   1.7501879099402998E-002
   1.7510602671284684E-002
   1.7527193734239006E-002
   1.7539153670006025E-002
   1.7546282676247252E-002
   1.7563085432076991E-002
   1.7573791416177875E-002
   1.7576979184763621E-002
   1.7596382055784694E-002
   1.7604995207709105E-002
   1.7624399618781632E-002
   1.7631401765964973E-002
   1.7641977059909122E-002
   1.7651284946621600E-002
   1.7664327086880972E-002
   1.7668513882244618E-002
   1.7697357440789079E-002
   1.7703723608038242E-002
   1.7715717534265069E-002
   1.7730261902910303E-002
   1.7735677755814746E-002
   1.7759502503132081E-002
   1.7780826139455943E-002
   1.7788313407217312E-002
   1.7798112747561455E-002
   1.7809184892656565E-002
   1.7826075484736088E-002
   1.7835839344001680E-002
   1.7842252862025489E-002
   1.7860411363800312E-002
   1.7867837920103626E-002
   1.7875298729726843E-002
   1.7885016744394598E-002
   1.7904496587452655E-002
   1.7934537373755440E-002
   1.7950088765745695E-002
   1.7953991999226090E-002
   1.7964040184568042E-002
   1.7988324406408039E-002
   1.7995007064987446E-002
   1.7999535221690087E-002
   1.8005888727238691E-002
   1.8025439123026434E-002
   1.8054139320816624E-002
   1.8058281061512277E-002
   1.8069235709610731E-002
   1.8091363339351012E-002
   1.8101317887421513E-002
   1.8110825828807520E-002
   1.8138384821141034E-002
   1.8146530345244744E-002
   1.8156198781300790E-002
   1.8169874594345384E-002
   1.8184954482534363E-002
   1.8193067842738782E-002
   1.8216726514495015E-002
   1.8229850929964958E-002
   1.8247298513464263E-002
   1.8248041072214949E-002
   1.8264135351684155E-002
   1.8286539454814395E-002
   1.8299281606131194E-002
   1.8307648559283605E-002
   1.8315170386389763E-002
   1.8336345284508119E-002
   1.8350726738417884E-002
   1.8354125177329539E-002
   1.8368724285729370E-002
   1.8381321482141309E-002
   1.8402949019412879E-002
   1.8414325774675715E-002
   1.8436951145516214E-002
   1.8447022121943379E-002
   1.8456711727103774E-002
   1.8470848242790820E-002
   1.8482300809773956E-002
   1.8490792355933473E-002
   1.8504562928088268E-002
   1.8510392494085610E-002
   1.8522490265821343E-002
   1.8541006673138842E-002
   1.8559063939480386E-002
   1.8567098395080649E-002
   1.8585916754944261E-002
   1.8598223493929165E-002
   1.8613535606413316E-002
   1.8619263459615339E-002
   1.8629414862386420E-002
   1.8642299145001064E-002
   1.8667983863097069E-002
   1.8681059170543374E-002
   1.8696528423458803E-002
   1.8712313383509524E-002
   1.8722134869413907E-002
   1.8725365329985883E-002
   1.8758848239448303E-002
   1.8779634379812636E-002
   1.8797156034791981E-002
   1.8809507147033458E-002
   1.8831873586329973E-002
   1.8838440337808307E-002
   1.8841169138345014E-002
   1.8866816319902665E-002
   1.8879048893677551E-002
   1.8894218529947458E-002
   1.8898493839901439E-002
   1.8913439490970092E-002
   1.8929990668973936E-002
   1.8956705962509941E-002
   1.8969306252971118E-002
   1.8971603202954979E-002
   1.8995958139586717E-002
   1.9016454033681053E-002
   1.9020465875870425E-002
   1.9038220998711542E-002
   1.9053054445550340E-002
   1.9061129360152914E-002
   1.9075574534967409E-002
   1.9088954348935230E-002
   1.9107590637321054E-002
   1.9131036208377916E-002
   1.9139885709610494E-002
   1.9150376313425602E-002
   1.9174153658948673E-002
   1.9192777492644020E-002
   1.9209941016692524E-002
   1.9221216509511908E-002
   1.9243993029058604E-002
   1.9252197195175309E-002
   1.9258107764614632E-002
   1.9281685996143848E-002
   1.9289261957934366E-002
   1.9307642727434571E-002
   1.9327317845299934E-002
   1.9334710462446586E-002
   1.9361372939655262E-002
   1.9365177023903533E-002
   1.9392504083263474E-002
   1.9397608243742957E-002
   1.9413024919634033E-002
   1.9424230362509051E-002
   1.9449734498840018E-002
   1.9458481446759105E-002
   1.9461412719624784E-002
   1.9482274508670405E-002
   1.9503124683594796E-002
   1.9508567377771062E-002
   1.9510135315588234E-002
   1.9548291490242169E-002
   1.9556034897535567E-002
   1.9576013977480634E-002
   1.9579024315225766E-002
   1.9604340454766559E-002
   1.9618734545511884E-002
   1.9638411719846458E-002
   1.9649822957586442E-002
   1.9652481314103052E-002
   1.9675453663932242E-002
   1.9696667998364812E-002
   1.9719113961534435E-002
   1.9736158965319654E-002
   1.9752910248473726E-002
   1.9769475704198472E-002
   1.9788503003736226E-002
   1.9797952574455727E-002
   1.9815823628433527E-002
   1.9817141670176414E-002
   1.9837636408621500E-002
   1.9861323790394018E-002
   1.9873210056487831E-002
   1.9886205498519216E-002
   1.9908276278010097E-002
   1.9918049033297615E-002
   1.9926905552651895E-002
   1.9951491345817716E-002
   1.9958554760440884E-002
   1.9970374810921922E-002
   1.9977310244036751E-002
   1.9993220757755711E-002
   2.0022058097391354E-002
   2.0034512598806314E-002
   2.0047810425144048E-002
   2.0060173395275889E-002
   2.0090821356265082E-002
   2.0101326320042034E-002
   2.0108901347930183E-002
   2.0123931692859202E-002
   2.0142506233932083E-002
   2.0146999359681023E-002
   2.0162462494478853E-002
   2.0182655288987088E-002
   2.0205824396197329E-002
   2.0218227849545769E-002
   2.0238643798893133E-002
   2.0249678394108756E-002
   2.0267864410056752E-002
   2.0291573769836167E-002
   2.0313007350364568E-002
   2.0328386736379177E-002
   2.0354797559374589E-002
   2.0386526677416115E-002
   2.0404467560976632E-002
   2.0441426013311774E-002
   2.0450267623640637E-002
   2.0461770534885272E-002
   2.0474748680712009E-002
   2.0482959914645014E-002
   2.0507886362878213E-002
   2.0515360137685498E-002
   2.0531262546141103E-002
   2.0547476190495045E-002
   2.0569038496238690E-002
   2.0584177790841058E-002
   2.0601086528352301E-002
   2.0633564749438220E-002
   2.0636714362956988E-002
   2.0649859881822573E-002
   2.0678754714059465E-002
   2.0694680080163688E-002
   2.0702051203630219E-002
   2.0709454883968977E-002
   2.0731995960266564E-002
   2.0742811163351749E-002
   2.0765172454506129E-002
   2.0772040542509390E-002
   2.0820487526115084E-002
   2.0825416076301478E-002
   2.0833862765442582E-002
   2.0845925251739752E-002
   2.0869672362051960E-002
   2.0887479002035251E-002
   2.0916498630499606E-002
   2.0923087740892549E-002
   2.0947698732914129E-002
   2.0981956232478127E-002
   2.0993343041396897E-002
   2.1007324073897524E-002
   2.1018970993127439E-002
   2.1033886676001950E-002
   2.1057664624300563E-002
   2.1072581646595357E-002
   2.1097205102329705E-002
   2.1102688620398612E-002
   2.1122897951441205E-002
   2.1140043891109982E-002
   2.1171544999157830E-002
   2.1192398270162224E-002
   2.1202738294881077E-002
   2.1226111895788859E-002
   2.1237785032842859E-002
   2.1244169798290150E-002
   2.1257676320699741E-002
   2.1278699908530131E-002
   2.1305878267869199E-002
   2.1322332152115497E-002
   2.1326580041942805E-002
   2.1335064144427898E-002
   2.1343497900279951E-002
   2.1391368265781016E-002
   2.1401756079838258E-002
   2.1413122489619910E-002
   2.1424656325555923E-002
   2.1443089599001770E-002
   2.1483262555639600E-002
   2.1490935809051932E-002
   2.1498875031103631E-002
   2.1519331711036257E-002
   2.1530256415789949E-002
   2.1536933895530373E-002
   2.1548403004818174E-002
   2.1577774108718962E-002
   2.1590748974385458E-002
   2.1602357783909950E-002
   2.1648101879651185E-002
   2.1652356785915129E-002
   2.1662588266039378E-002
   2.1690958568352573E-002
   2.1730587168190211E-002
   2.1738020807305039E-002
   2.1764539270335490E-002
   2.1774515866049837E-002
   2.1786918449384383E-002
   2.1801793188206884E-002
   2.1822917789472734E-002
   2.1826153396897235E-002
   2.1845946633073588E-002
   2.1870292446019162E-002
   2.1880546623593337E-002
   2.1888654565984635E-002
   2.1915434680440375E-002
   2.1939012998672267E-002
   2.1950385254384398E-002
   2.1957104741117877E-002
   2.1973183421223869E-002
   2.1984614676692250E-002
   2.2008168245233623E-002
   2.2016470144121898E-002
   2.2044519001427332E-002
   2.2066940871947115E-002
   2.2080010222965823E-002
   2.2090427841475500E-002
   2.2120719230362511E-002
   2.2124838681104105E-002
   2.2133483694379244E-002
   2.2154385765098750E-002
   2.2197042522118036E-002
   2.2205050197088985E-002
   2.2216579327959753E-002
   2.2235530288997791E-002
   2.2246333365259774E-002
   2.2272265814074484E-002
   2.2301580818476576E-002
   2.2308918092524870E-002
   2.2323341721359528E-002
   2.2334772060581352E-002
   2.2356949022312524E-002
   2.2365522030960063E-002
   2.2404644963906085E-002
   2.2419046089554733E-002
   2.2428602410225117E-002
   2.2437539411025373E-002
   2.2466043881713652E-002
   2.2473771399061183E-002
   2.2511003290773813E-002
   2.2527578811585239E-002
   2.2541927396184762E-002
   2.2548050983467158E-002
   2.2567883750618200E-002
   2.2586435593891334E-002
   2.2621738986493688E-002
   2.2622653392061879E-002
   2.2630966723998544E-002
   2.2670225507166679E-002
   2.2680681327937813E-002
   2.2703674681440612E-002
   2.2717380863953255E-002
   2.2724878165136710E-002
   2.2736824956645058E-002
   2.2765350591587224E-002
   2.2768699608466638E-002
   2.2777403208111960E-002
   2.2811475965160984E-002
   2.2818370909024395E-002
   2.2825451427646498E-002
   2.2838117928885789E-002
   2.2865135862879308E-002
   2.2889207554809832E-002
   2.2898182440844989E-002
   2.2913132328741825E-002
   2.2921335599907024E-002
   2.2947295307222879E-002
   2.2964566360334782E-002
   2.2981311229549356E-002
   2.2996259197673511E-002
   2.3016616169915672E-002
   2.3048330748124651E-002
   2.3067402862517648E-002
   2.3080888456092141E-002
   2.3087820298811811E-002
   2.3093551127719960E-002
   2.3117947559928482E-002
   2.3147011662631712E-002
   2.3159861718704669E-002
   2.3184845069530228E-002
   2.3190390605266873E-002
   2.3198588401204815E-002
   2.3230342059861308E-002
   2.3238266313393544E-002
   2.3257005840042255E-002
   2.3279006575572088E-002
   2.3291478906074057E-002
   2.3297582862475505E-002
   2.3333502605293401E-002
   2.3344136707018282E-002
   2.3363546435860881E-002
   2.3380748376583684E-002
   2.3412025921886969E-002
   2.3423379322374760E-002
   2.3453774137272065E-002
   2.3476033563565955E-002
   2.3487788291767109E-002
   2.3507185814701449E-002
   2.3520181633628560E-002
   2.3539187106752395E-002
   2.3571547496199264E-002
   2.3574693175224294E-002
   2.3596832279282141E-002
   2.3601240329712045E-002
   2.3623375948031766E-002
   2.3642749635596334E-002
   2.3645760305271536E-002
   2.3671507082363617E-002
   2.3695636148432824E-002
   2.3706677292488060E-002
   2.3725780445220820E-002
   2.3751679775333510E-002
   2.3762240468041356E-002
   2.3792498739039391E-002
   2.3822462155793655E-002
   2.3837525055572652E-002
   2.3866459936660617E-002
   2.3889440338179812E-002
   2.3904767785508086E-002
   2.3934831319906782E-002
   2.3942194948252189E-002
   2.3991309010592425E-002
   2.4006051779591260E-002
   2.4018932972243726E-002
   2.4034602266004360E-002
   2.4043824133986522E-002
   2.4058512280064576E-002
   2.4070472135308683E-002
   2.4116840908813619E-002
   2.4133475077431705E-002
   2.4136048408780749E-002
   2.4145900106150218E-002
   2.4160136972314113E-002
   2.4212737769351223E-002
   2.4222036684184566E-002
   2.4243244146144750E-002
   2.4286997907996700E-002
   2.4313926634053698E-002
   2.4332687762419744E-002
   2.4363689730276417E-002
   2.4382622874483353E-002
   2.4396898497632477E-002
   2.4406037467684140E-002
   2.4416029931420190E-002
   2.4454530063923584E-002
   2.4493692287711082E-002
   2.4509202538340980E-002
   2.4526637561763893E-002
   2.4535355475523921E-002
   2.4541094043845798E-002
   2.4573428590836215E-002
   2.4598599035022619E-002
   2.4628856094350487E-002
   2.4652230599734721E-002
   2.4653996253313871E-002
   2.4694592871539699E-002
   2.4718716500126428E-002
   2.4731110310600331E-002
   2.4750340821850961E-002
   2.4773276537629344E-002
   2.4784421691166642E-002
   2.4823892775307357E-002
   2.4835164595419883E-002
   2.4864534994568491E-002
   2.4902135602633369E-002
   2.4920259889706007E-002
   2.4966127681406228E-002
   2.4984436345667556E-002
   2.5022654170147197E-002
   2.5041159085627027E-002
   2.5053829356610428E-002
   2.5069497517028180E-002
   2.5076369053332544E-002
   2.5132501671945740E-002
   2.5147117213576417E-002
   2.5193122787714923E-002
   2.5233701872528248E-002
   2.5238260305961470E-002
   2.5257630743476901E-002
   2.5289827459617161E-002
   2.5319007260026779E-002
   2.5330710810646001E-002
   2.5398773702093147E-002
   2.5407011905086142E-002
   2.5430920186354542E-002
   2.5446402241266187E-002
   2.5467009584105370E-002
   2.5517490702330014E-002
   2.5536440950401088E-002
   2.5555853000153221E-002
   2.5580423888150086E-002
   2.5609972500072246E-002
   2.5649211191723538E-002
   2.5658008238732627E-002
   2.5677118506675763E-002
   2.5701758989399488E-002
   2.5734713272960744E-002
   2.5772234492978562E-002
   2.5821940191654624E-002
   2.5840662793173708E-002
   2.5845939192689755E-002
   2.5891676037990387E-002
   2.5904663893469973E-002
   2.5936158408219601E-002
   2.5955578645709906E-002
   2.5982527600946027E-002
   2.5990627536810300E-002
   2.6049178702477020E-002
   2.6103268251920449E-002
   2.6123109802408291E-002
   2.6157163633806248E-002
   2.6191143071876161E-002
   2.6199970991064751E-002
   2.6267897473850544E-002
   2.6316987985010865E-002
   2.6352445297355830E-002
   2.6378643599053397E-002
   2.6389836673991109E-002
   2.6392718601803984E-002
   2.6431293865888595E-002
   2.6451336835216974E-002
   2.6498144207620842E-002
   2.6512101692639602E-002
   2.6550071332945319E-002
   2.6588371684780825E-002
   2.6619763739645520E-002
   2.6643006352288234E-002
   2.6682644940847274E-002
   2.6706495769967378E-002
   2.6746615802641094E-002
   2.6762954647588214E-002
   2.6771936339270583E-002
   2.6796797807480927E-002
   2.6860289485886531E-002
   2.6918062739947703E-002
   2.6953660808875960E-002
   2.6963675364385976E-002
   2.6990930410109741E-002
   2.7021385248255928E-002
   2.7028666516164316E-002
   2.7057389538657411E-002
   2.7101648939064013E-002
   2.7125476661556812E-002
   2.7161436777842718E-002
   2.7234949482922769E-002
   2.7272774146184536E-002
   2.7307180527358001E-002
   2.7336011197855989E-002
   2.7344772244977385E-002
   2.7372909369672186E-002
   2.7429851697042023E-002
   2.7438931592615783E-002
   2.7482641455618781E-002
   2.7539714882407917E-002
   2.7553938143339982E-002
   2.7560635602138474E-002
   2.7631595437286282E-002
   2.7647281633932125E-002
   2.7668254705645320E-002
   2.7760490427959954E-002
   2.7807968929141388E-002
   2.7834968503875655E-002
   2.7887071596951619E-002
   2.7949173986495136E-002
   2.8028268546115363E-002
   2.8062476353837178E-002
   2.8075718227171528E-002
   2.8127373663584098E-002
   2.8164581611358722E-002
   2.8168792141893433E-002
   2.8214880648496771E-002
   2.8245501420728979E-002
   2.8288339202156964E-002
   2.8324812060720284E-002
   2.8329337994034941E-002
   2.8411971546294761E-002
   2.8454779827826005E-002
   2.8499851376290009E-002
   2.8519622458005208E-002
   2.8600418497575216E-002
   2.8624082439824318E-002
   2.8654930554077928E-002
   2.8699642840654717E-002
   2.8728710803127458E-002
   2.8778543192980902E-002
   2.8826972090646389E-002
   2.8849592106051845E-002
   2.8893137803390461E-002
   2.8950787413358051E-002
   2.8973910233239124E-002
   2.9040171330179054E-002
   2.9091673473334568E-002
   2.9151642064973105E-002
   2.9198730428039294E-002
   2.9219128122181096E-002
   2.9294818226227620E-002
   2.9328699404760555E-002
   2.9357282853445112E-002
   2.9419645286343266E-002
   2.9462657480299685E-002
   2.9483341934963898E-002
   2.9505562938665710E-002
   2.9576287738228582E-002
   2.9645162452086808E-002
   2.9692161873233404E-002
   2.9717468932860574E-002
   2.9723704877474045E-002
   2.9803342763902091E-002
   2.9882339267938637E-002
   2.9922557584572310E-002
   2.9997771533354416E-002
   3.0023878256498309E-002
   3.0067213768135252E-002
   3.0141254835932323E-002
   3.0192102870941793E-002
   3.0201659207255777E-002
   3.0256413297776383E-002
   3.0306218194368330E-002
   3.0375867770549868E-002
   3.0408561518743715E-002
   3.0481111284780083E-002
   3.0495064677162245E-002
   3.0577978710882119E-002
   3.0643195178326588E-002
   3.0662351875230941E-002
   3.0682840276807500E-002
   3.0712015174047629E-002
   3.0774133838707588E-002
   3.0798293024616952E-002
   3.0907224231076860E-002
   3.0923696076858395E-002
   3.0964587348972498E-002
   3.0987044957887296E-002
   3.1077725180517407E-002
   3.1132572670696752E-002
   3.1239771161047467E-002
   3.1315898634472518E-002
   3.1367322163947775E-002
   3.1443296182727641E-002
   3.1451775545660698E-002
   3.1481173858303034E-002
   3.1577766206546461E-002
   3.1688869645796883E-002
   3.1702079885179639E-002
   3.1817165186227687E-002
   3.1922708667364637E-002
   3.1966073732628539E-002
   3.2006704901678021E-002
   3.2058402269875552E-002
   3.2092115299061814E-002
   3.2182214671984601E-002
   3.2243432460328583E-002
   3.2380808029997793E-002
   3.2417722205486298E-002
   3.2481652855598016E-002
   3.2625038931100414E-002
   3.2658546956073523E-002
   3.2715026950847770E-002
   3.2746025034198357E-002
   3.2800165206718628E-002
   3.2972868850379693E-002
   3.3000482414997194E-002
   3.3062003581020759E-002
   3.3101973111179510E-002
   3.3125017786747382E-002
   3.3315270187457821E-002
   3.3334154845651512E-002
   3.3440789716244791E-002
   3.3511574151300988E-002
   3.3619834804941649E-002
   3.3713402695452879E-002
   3.3730943034041672E-002
   3.3787038594911577E-002
   3.3895572957399665E-002
   3.3967227620348324E-002
   3.4046730715785990E-002
   3.4058000100527216E-002
   3.4179644045564200E-002
   3.4198089666054102E-002
   3.4302192013094757E-002
   3.4355674701840110E-002
   3.4449233875454489E-002
   3.4546599871208318E-002
   3.4649630804559468E-002
   3.4657533552292202E-002
   3.4735463115500714E-002
   3.4909817371034726E-002
   3.4968425060860668E-002
   3.5006345007366144E-002
   3.5032624195850355E-002
   3.5118864902634175E-002
   3.5292691913392148E-002
   3.5474466234588727E-002
   3.5488410219164386E-002
   3.5576794868470416E-002
   3.5584855641881991E-002
   3.5690073361973378E-002
   3.5853085889850624E-002
   3.5945204246364382E-002
   3.6048764539940506E-002
   3.6127295258180023E-002
   3.6395898256061571E-002
   3.6506962191204591E-002
   3.6672432442236398E-002
   3.6845881717818545E-002
   3.6919736875679149E-002
   3.7058175545297584E-002
   3.7115433170568556E-002
   3.7147128067867942E-002
   3.7219506120266588E-002
   3.7241925411824271E-002
   3.7365403976516325E-002
   3.7389345726904076E-002
   3.7455498716858285E-002
   3.7540147734159868E-002
   3.7740778090955690E-002
   3.8002163326161215E-002
   3.8170323017597450E-002
   3.8340842937596827E-002
   3.8810534547901600E-002
   3.8988563262995879E-002
   3.9300128934416582E-002
   3.9476432569861393E-002
   3.9676448042831103E-002
   3.9820289042496904E-002
   4.0006343412777645E-002
   4.0025274869870398E-002
   4.0446518252878698E-002
   4.0675732558933177E-002
   4.1238826531806487E-002
   4.1668649779999171E-002
   4.1934613328592794E-002
   4.2070769067663903E-002
   4.2726251508416260E-002
   4.2813874843542946E-002
   4.3292888349430896E-002
   4.3313344092933560E-002
   4.3459198872650470E-002
   4.3589986834695928E-002
   4.3903661833004246E-002
   4.4930307448544621E-002
   4.5261765189516467E-002
   4.5533274005458577E-002
   4.5787789767920722E-002
   4.5803696274371017E-002
   4.6119418944937068E-002
   4.6343001058688695E-002
   4.6402099388448824E-002
   4.6666226998158679E-002
   4.7264528770505979E-002
   4.7804719566044561E-002
   4.9686271418875563E-002
   4.9849400422379675E-002
   4.9898948556957937E-002
   5.0068343053867072E-002
   5.1171800058061705E-002
   5.1780764707793324E-002
   5.2275689595560261E-002
   5.3585283376106886E-002
   5.6946802351431673E-002
   5.8855952544835798E-002
   5.9945092520423279E-002
   6.0338600851528854E-002
   6.3381272170490846E-002
   7.5448256493805932E-002
   7.6699510137823598E-002
   8.1631974432705368E-002
   8.1762502411622126E-002
   8.3339172090998628E-002
   8.5041475865581723E-002
   8.6369584091531643E-002
   8.7364455629336410E-002
   8.9083958467681759E-002
   8.9714902029613686E-002
   9.0872215360289055E-002
   9.2024776859278026E-002
   9.3119756557604141E-002
   9.3571443482598590E-002
   9.4663835232211432E-002
   9.5488682103674852E-002
   9.6871282931266220E-002
   9.8166285470099007E-002
   9.9940300505777360E-002
  0.10002012673793516     
  0.10195228799131469     
  0.10234130711940834     
  0.10274766347317496     
  0.10325296082227646     
  0.10475959813674138     
  0.10490224798697304     
  0.10546767507517335     
  0.10592069574667844     
  0.10668847548146904     
  0.10839987609666943     
  0.10935676429563514     
  0.10974857007027099     
  0.11040255231117233     
  0.11267513531473121     
  0.11396884548795060     
  0.11490571384462388     
  0.11536877168720902     
  0.11615443608033019     
  0.11657330379709371     
  0.11691260800930123     
  0.11763134679131822     
  0.12053806058319108     
  0.12098666890653355     
  0.12110584687360136     
  0.12129798182090439     
  0.12189353407177157     
  0.12235394002835720     
  0.12473513243455751     
  0.12488901440506467     
  0.12493271770411737     
  0.12527669367745853     
  0.12578000236812287     
  0.12643425059997460     
  0.12742567204578586     
  0.12744929060065682     
  0.12908125278735552     
  0.12973922461071494     
  0.12981815994088280     
  0.12989549371521489     
  0.13139470134421627     
  0.13179215449556231     
  0.13213475600759464     
  0.13227594153934477     
  0.13248896150478812     
  0.13337373440306902     
  0.13428067523357964     
  0.13813052496935296     
  0.13896448776409981     
  0.14097210829373055     
  0.14149630140582117     
  0.14173655509304003     
  0.14301132115057871     
  0.14309856476696572     
  0.14439022869350737     
  0.14481117013273531     
  0.14581066734463488     
  0.14617881798244983     
  0.14680765385140812     
  0.14799399500476154     
  0.14818660791256510     
  0.15006260743443520     
  0.15194634174307531     
  0.15226126761333858     
  0.15757157691101917     
  0.15842186775937814     
  0.15881514705372571     
  0.15962452982414896     
  0.16176034317476051     
  0.16202327563129543     
  0.16372905986677150     
  0.16501791958617290     
  0.16545183317672912     
  0.16561425253240100     
  0.16857345800992821     
  0.17114175511672283     
  0.17337534534501975     
  0.17369048739660584     
  0.17418384458742109     
  0.17670415161347772     
  0.17699447604484236     
  0.17900516093607788     
  0.17941183026936941     
  0.17973169120108817     
  0.18217395066899891     
  0.18308075924767239     
  0.18348346046430689     
  0.18407812090151840     
  0.18463342400613786     
  0.18658645653122011     
  0.18664782698975449     
  0.18806104981421354     
  0.18946952212399229     
  0.19268233376925395     
  0.19334634295742395     
  0.19444483069122134     
  0.19529156635715944     
  0.19531008586362256     
  0.19602243475728343     
  0.19689603180341853     
  0.19786472552319090     
  0.19997599375942524     
  0.20033220504018476     
  0.20116333712976811     
  0.20271162240878859     
  0.20336354801586540     
  0.20445976598540183     
  0.20463768415654052     
  0.20564986199509575     
  0.20575024280764109     
  0.20628557860876351     
  0.20788280659455058     
  0.20924461433867839     
  0.21423384975841772     
  0.21573949902558726     
  0.21837760098945011     
  0.21972166368223819     
  0.22184771827374897     
  0.22205978311337549     
  0.22387197844425383     
  0.22422348768145434     
  0.22788499993873373     
  0.22941319851833636     
  0.22968843341282122     
  0.23058341162954415     
  0.23092402510300519     
  0.23430486955899937     
  0.24419393976738671     
  0.24751802635537118     
  0.26105591159546371     
  0.27411849572503266     
  0.69005115212296297     
  0.69084915290565796     
  0.69329918360425535     
  0.69579775969028124     
  0.69636248205724383     
  0.70087886338952010     
  0.70097097104012784     
  0.70182319406746618     
  0.70210790358092423     
  0.70832482288674703     
  0.70866154504923085     
  0.70873325561667433     
  0.70923734964157226     
  0.71287902207256593     
  0.71320470916641399     
  0.71398977011301945     
  0.71587787542646431     
  0.71635390602990412     
  0.71731402704655745     
  0.71802559427038826     
  0.71873798803804934     
  0.71949955380293429     
  0.72271458922554799     
  0.72367238496223218     
  0.72393179869074997     
  0.72580175952788850     
  0.72677115764963440     
  0.72854326066489339     
  0.72958925571230482     
  0.72979687316895470     
  0.73011089926473205     
  0.73072771414820492     
  0.73189247376749511     
  0.73320073542069808     
  0.73399654249014268     
  0.73540362596809983     
  0.73733135805763950     
  0.73997588505581013     
  0.74105388482837353     
  0.74194709366213840     
  0.74345408308878846     
  0.74450419193888029     
  0.74496213567768488     
  0.74673261263284252     
  0.74794972942742410     
  0.74922771585947567     
  0.74976198382316217     
  0.75048105164918177     
  0.75219966761788182     
  0.75523320426693863     
  0.75657378780093354     
  0.75807108516676736     
  0.75847050391043003     
  0.76371430457841916     
  0.76442554517661154     
  0.76518839230942959     
  0.76706588073826354     
  0.76768272564133988     
  0.76834749002817038     
  0.77170578752564267     
  0.77260346740834152     
  0.77428391559180199     
  0.77467717609997122     
  0.77523420371245610     
  0.77716104661677377     
  0.77874956104740156     
  0.77966979782480561     
  0.77974871246574995     
  0.78109311221299382     
  0.78272017342386746     
  0.78335751748577342     
  0.78595720281608628     
  0.78761131031955833     
  0.78924101482447928     
  0.79084342126263296     
  0.79153335177901651     
  0.79602717699728254     
  0.79686502608726228     
  0.79841845427983693     
  0.80030188949923919     
  0.80267691648405504     
  0.80457634731812500     
  0.80708667895190078     
  0.80893108418368997     
  0.81015106589455510     
  0.81120919698194305     
  0.81255455868298887     
  0.81560609446428911     
  0.81693140708065815     
  0.81968197588459268     
  0.82270136963448715     
  0.82436459863204026     
  0.82615219126612827     
  0.82812491582420911     
  0.82925460866771850     
  0.83137116035030112     
  0.83238305186762407     
  0.83474908436459805     
  0.83495537520130925     
  0.83601715651247055     
  0.84138228115842617     
  0.84189054802882868     
  0.84512186897836739     
  0.84814326567487586     
  0.84887623021902769     
  0.85266439157800034     
  0.85335439514863554     
  0.85398547566542848     
  0.85680249646984730     
  0.85822436318577622     
  0.86122039810725803     
  0.86216965967306736     
  0.86445665226760826     
  0.87137893717281700     
  0.87262877823291507     
  0.87609823467584713     
  0.87654300231767479     
  0.87821966110964900     
  0.88130199798491227     
  0.88278777344931902     
  0.88527533822958837     
  0.88771972433619561     
  0.88889692212458904     
  0.88939693788674568     
  0.89101221222098870     
  0.89249089022229156     
  0.89368965210361750     
  0.90092616969585115     
  0.90358393596426534     
  0.90378465968117172     
  0.90602937691544660     
  0.90692574404912263     
  0.91102835421347894     
  0.91146870226775678     
  0.91700152939497803     
  0.91707070766323051     
  0.91897788118202395     
  0.92076659047497833     
  0.92240317041113462     
  0.92727269590466588     
  0.92757296535351719     
  0.92807629202740749     
  0.93203716480492127     
  0.93288189103617547     
  0.93570135291690437     
  0.93806229703365152     
  0.94254792816869515     
  0.94515891206228764     
  0.94537367580239129     
  0.94683648751445537     
  0.95083049349677840     
  0.95143275907916003     
  0.95273565773773394     
  0.95336381717436391     
  0.95395695630543031     
  0.95546436222231779     
  0.95731668405443460     
  0.96102878371669198     
  0.96144522536741406     
  0.96200100803684452     
  0.96218141306412230     
  0.96310063179904748     
  0.96468915637802088     
  0.96689332757960200     
  0.96724574560269805     
  0.96887913419786020     
  0.97007798671231049     
  0.97062123700090808     
  0.97114827200933418     
  0.97167865214979887     
  0.97284229730165628     
  0.97337486866820933     
  0.97400984433874027     
  0.97626479836852964     
  0.97647478946831745     
  0.98230115363002746     
  0.98623484018342922     
  0.98999489576594935     
  0.99140997566064770     
  0.99349878811324832     
  0.99728797948144610     
  0.99860013095749833     
   1.0034231944966943     
   1.0126893261821668     
   1.0717297977687281     
   1.0978977977932340     
   1.1203132134870279     
   1.1221550070698409     
   1.1231654939771210     
   1.1329935156179847     
   1.1386091874119513     
   1.1441601790415172     
   1.1489329958332175     
   1.1544691041715520     
   1.1562782329937218     
   1.1595948305378434     
   1.1614426147050982     
   1.1645733850870552     
   1.1719291465648374     
   1.1743380727889219     
   1.1768363850071637     
   1.1776974243462093     
   1.1789199244808530     
   1.1812354587806115     
   1.1826856263911945     
   1.1829222692098984     
   1.1833626572965041     
   1.1861198377918081     
   1.1898482058390851     
   1.1943051242048903     
   1.1968926104494697     
   1.1974879538244343     
   1.1991527319981263     
   1.1993135901550755     
   1.2008506189716810     
   1.2016112878421064     
   1.2017565216480741     
   1.2060405667372311     
   1.2084898714214907     
   1.2116552550617854     
   1.2159913797272586     
   1.2221896052217709     
   1.2234728125530852     
   1.2236441133894544     
   1.2269682611598336     
   1.2313107284471880     
   1.2335482724524358     
   1.2356515359058859     
   1.2434911690113990     
   1.2472187329503643     
   1.2500168864425540     
   1.2515421788966623     
   1.2560248812174089     
   1.2578755308644172     
   1.2581664242512594     
   1.2653877238407092     
   1.2671139393953510     
   1.2748052608214404     
   1.2800701585609338     
   1.2816310785585985     
   1.2821916058310587     
   1.2859710083572780     
   1.2876976376489286     
   1.2891325508350304     
   1.3034567484906037     
   1.3037352448092043     
   1.3093058595912630     
   1.3098420368609600     
   1.3120097330440403     
   1.3126340613623864     
   1.3143990586275405     
   1.3145415387301183     
   1.3179841613313104     
   1.3189552813486569     
   1.3199288699534304     
   1.3330240487058207     
   1.3348993775685616     
   1.3358980450065239     
   1.3368510832813065     
   1.3377606043165844     
   1.3380720208425207     
   1.3507208809285667     
   1.3539260398904811     
   1.3554771077996988     
   1.3594690548083332     
   1.3612723312644432     
   1.3617827556552171     
   1.3618971693718296     
   1.3662050076239634     
   1.3674083467503952     
   1.3687207638278436     
   1.3783584562223508     
   1.3802926846326167     
   1.3807916221875587     
   1.3817624109165898     
   1.3829954071399500     
   1.3840033757275216     
   1.3871338726552735     
   1.3878497092960216     
   1.3884604584563507     
   1.3917401868945818     
   1.3924496226780407     
   1.3928321473680927     
   1.3931887966465391     
   1.3976297878765971     
   1.4030361810986121     
   1.4052737842667204     
   1.4071363155687711     
   1.4156220375743243     
   1.4200046388783585     
   1.4220733374855661     
   1.4234912945380578     
   1.4247445521453210     
   1.4250687191435334     
   1.4265326654526171     
   1.4293666791667994     
   1.4407683056335667     
   1.4425244385348281     
   1.4460819301617194     
   1.4562083820790885     
   1.4613401697195518     
   1.4630912327399013     
   1.4673397303353739     
   1.4717529171268076     
   1.4728897106688588     
   1.4732750380915163     
   1.4763120056402750     
   1.4796116480041939     
   1.4810142733480973     
   1.4814643821434830     
   1.4859116475855447     
   1.4862351433311243     
   1.4887150955153245     
   1.4945433723205432     
   1.4947494309205414     
   1.4970980841601471     
   1.4991792103938848     
   1.5051447524641584     
   1.5132267030551070     
   1.5156339820172267     
   1.5177681624602153     
   1.5180318697612938     
   1.5182437877318160     
   1.5207163807642230     
   1.5239080466616446     
   1.5251529636351819     
   1.5260730811165977     
   1.5266836659570822     
   1.5393120056193212     
   1.5433381804892334     
   1.5503886837350944     
   1.5507531216299102     
   1.5514724399130218     
   1.5542632592663652     
   1.5561435314092955     
   1.5562939493454040     
   1.5663444479242872     
   1.5691173912207785     
   1.5694151576217847     
   1.5705436890539790     
   1.5716430478915304     
   1.5768711826359989     
   1.5826439055294619     
   1.5832094138490924     
   1.5915314277480783     
   1.6015039884141522     
   1.6015187955117818     
   1.6032413267243826     
   1.6091814999116250     
   1.6163411396624461     
   1.6183986900239093     
   1.6238832697142507     
   1.6288274427172884     
   1.6311314370631314     
   1.6327846622232978     
   1.6337823853901470     
   1.6367843599468268     
   1.6369541641149494     
   1.6373691070312137     
   1.6401544348757644     
   1.6613025384587479     
   1.6644578700226558     
   1.6950931391175532     
   1.7011087050837088     
   1.7052492683879703     
   1.7103231821326041     
   1.7111036952597742     
   1.7124073159900832     
   1.7152864620560433     
   1.7225775638797360     
   1.7255265543339158     
   1.7346922303564913     
   1.7368211344602560     
   1.7380093568602970     
   1.7437898048555083     
   1.7552184301780505     
   1.7642781427448562     
   1.7648601754841440     
   1.7686719568292333     
   1.7737196324839439     
   1.7767165179604827     
   1.7823598863226970     
   1.7846611140074926     
   1.7876438511031250     
   1.7971560718543882     
   1.7984645745981607     
   1.7995131023537849     
   1.8000193445507284     
   1.8002454863401898     
   1.8019744202561596     
   1.8022081489853732     
   1.8029436655559119     
   1.8059246731286562     
   1.8115044361354371     
   1.8136358927500273     
   1.8139660735864880     
   1.8145591872250246     
   1.8150548317954898     
   1.8151553769629998     
   1.8152518212916020     
   1.8163322871572987     
   1.8165397960637997     
   1.8171993996572415     
   1.8217045484449470     
   1.8222678909432597     
   1.8245332818204971     
   1.8270471378522757     
   1.8330022690075238     
   1.8362006300125198     
   1.8376844250273374     
   1.8385814851799962     
   1.8391498159125095     
   1.8420001696306942     
   1.8498549562785334     
   1.8503725104646194     
   1.8516922666566067     
   1.8557780322854927     
   1.8565004024347176     
   1.8567026492150247     
   1.8571244702740353     
   1.8574357435854476     
   1.8577882966356396     
   1.8584400216144117     
   1.8606665267423150     
   1.8634068732254025     
   1.8639372841675446     
   1.8641561359065038     
   1.8648419198790214     
   1.8695025623451098     
   1.8730452797764081     
   1.8765875550681144     
   1.8772812090997084     
   1.8785654910036758     
   1.8829643115386596     
   1.8835749893309239     
   1.8855518155133153     
   1.8859549615050444     
   1.8863326572026056     
   1.8897600120163298     
   1.8903361304973596     
   1.8910029354636333     
   1.8939500007367485     
   1.8952608262743931     
   1.8955992409627791     
   1.8967401937295429     
   1.8970606934217016     
   1.8989712875265483     
   1.9040106031923782     
   1.9059712995473619     
   1.9086339358184969     
   1.9101450380393878     
   1.9154584793942344     
   1.9180789952395878     
   1.9185767088264174     
   1.9199722789799212     
   1.9248084590533454     
   1.9254324487622170     
   1.9276271862481271     
   1.9308032541749334     
   1.9313726123472614     
   1.9322665530248031     
   1.9346203042647487     
   1.9347544732409350     
   1.9354762155736080     
   1.9361306024735732     
   1.9393657595138707     
   1.9395723124473685     
   1.9397998018071703     
   1.9411613794557459     
   1.9415373488151364     
   1.9443266738459732     
   1.9453581131553512     
   1.9497486835809499     
   1.9514865427477270     
   1.9515308278250920     
   1.9552363314487264     
   1.9605287189502418     
   1.9609874502615998     
   1.9655114839534287     
   1.9657133174668022     
   1.9668913728158204     
   1.9675940898205884     
   1.9686687230807378     
   1.9695323815255537     
   1.9709144366014326     
   1.9722492288153857     
   1.9726646109096337     
   1.9734023008061139     
   1.9760835682154694     
   1.9761184156738110     
   1.9784885129257104     
   1.9795368241872051     
   1.9798505425406789     
   1.9822145041606387     
   1.9831223009225569     
   1.9836940645339907     
   1.9846535035197292     
   1.9863451242555785     
   1.9882697496058626     
   1.9896576013066511     
   1.9910158822369937     
   1.9930024312772163     
   1.9934170454712923     
   1.9945934717477067     
   1.9947246739996092     
   1.9965595905551694     
   1.9968803545429739     
   1.9978764221081438     
   2.0011841699397679     
   2.0022853621211536     
   2.0024124945573623     
   2.0037767768162107     
   2.0039437650953187     
   2.0071323036046111     
   2.0081172036900838     
   2.0083483339222830     
   2.0089064633244065     
   2.0102013019922387     
   2.0102674777944416     
   2.0106093734541277     
   2.0113852363884961     
   2.0121324030174450     
   2.0122307575289979     
   2.0127657230008946     
   2.0132776290980661     
   2.0144467065106282     
   2.0146191147616412     
   2.0150806575507900     
   2.0164310770916889     
   2.0230347779077174     
   2.1311682537666794     
   2.1354522855988698     
   2.1759903927237327     
   2.1830597317662801     
   2.1834778963819663     
   2.1838591753081258     
   2.1849882742446209     
   2.1879400770753019     
   2.1884671557877744     
   2.1897995315252770     
   2.1948756939940766     
   2.1950497862231160     
   2.1952475855760567     
   2.1974183431474184     
   2.1999457314034689     
   2.2009877674509220     
   2.2044958136685433     
   2.2059182626538112     
   2.2131399640997871     
   2.2137563980605375     
   2.2154539895042134     
   2.2159265738042273     
   2.2228835321585838     
   2.2231503769070344     
   2.2231856673639201     
   2.2291047774786206     
   2.2335010598246550     
   2.2337556772703815     
   2.2368293862703115     
   2.2381185729462576     
   2.2415366902042670     
   2.2445306053506977     
   2.2461797754396846     
   2.2883954905780124     
   2.3268046585172160     
   2.3272548897284300     
   2.3328762977114601     
   2.3335144390400462     
   2.3336017076397275     
   2.3339386773551527     
   2.3340923190190028     
   2.3357649887177008     
   2.3358622168971652     
   2.3360249515861411     
   2.3388200277176092     
   2.3393460396134298     
   2.3398624806300177     
   2.3400931418096449     
   2.3402466514820297     
   2.3429988282795104     
   2.3461229428804713     
   2.3467476631153930     
   2.3493253194299362     
   2.3494904129498257     
   2.3537259452686929     
   2.3540357806361234     
   2.3543132062440852     
   2.3566017099506245     
   2.3592485700734898     
   2.3595416599133818     
   2.3615113383316269     
   2.3617404538597286     
   2.3633522849005253     
   2.3679027802507950     
   2.3684302149533836     
   2.3694527677632560     
   2.3702249120169476     
   2.3761634529153879     
   2.3771343007336441     
   2.3812268889534312     
   2.3862486526906874     
   2.3864108727169491     
   2.3874103916884835     
   2.3876931410834965     
   2.3901306625610430     
   2.3960345536492742     
   2.3989026108939209     
   2.4014805614308816     
   2.4020772403204700     
   2.4026067185657971     
   2.4037007694807757     
   2.4054356445494665     
   2.4104740479724778     
   2.4113641109640005     
   2.4121049053693020     
   2.4123686287026427     
   2.4141474635036353     
   2.4141788599131768     
   2.4158667259451394     
   2.4161520494003548     
   2.4171287011469738     
   2.4179716055530824     
   2.4204986893744294     
   2.4219379876020350     
   2.4251312842758579     
   2.4272384555792854     
   2.4273482920001688     
   2.4277721587669734     
   2.4287443259509427     
   2.4296380563589528     
   2.4311134777610071     
   2.4321417709632538     
   2.4339709911914906     
   2.4373327265977527     
   2.4376631254844536     
   2.4397856401649802     
   2.4405445326391924     
   2.4421738216389270     
   2.4428436121878949     
   2.4440015208506685     
   2.4442547507209222     
   2.4462640330939620     
   2.4482305474675496     
   2.4494185140521854     
   2.4505230243870724     
   2.4506305998723064     
   2.4514690202202765     
   2.4541855494228741     
   2.4559697739226030     
   2.4565532001534529     
   2.4668440311311595     
   2.4697769597555372     
   2.4699070822017521     
   2.4703255509494921     
   2.4714371725967732     
   2.4738916471851597     
   2.4790396782589883     
   2.4791998376712305     
   2.4812636145542357     
   2.4847464734128146     
   2.4853730996341499     
   2.4859134715305164     
   2.4873535174046655     
   2.4876455533166992     
   2.4893309599767357     
   2.4904390036955104     
   2.4943427540688310     
   2.4948845964783248     
   2.4951956347689319     
   2.4960970282250066     
   2.4977824861289837     
   2.4979185868548885     
   2.5020480449339537     
   2.5041114875565036     
   2.5041810914958980     
   2.5049019329310327     
   2.5050286786183449     
   2.5055547835216396     
   2.5077527108769484     
   2.5079243341787660     
   2.5083826934288340     
   2.5090589479047365     
   2.5092155557010640     
   2.5108561911303138     
   2.5112668957715112     
   2.5144644672266439     
   2.5160532043155062     
   2.5164224737046390     
   2.5192046392466869     
   2.5193105376424731     
   2.5199020334599962     
   2.5201949545109463     
   2.5209152571397970     
   2.5226703539242443     
   2.5235664381215961     
   2.5239691471574779     
   2.5281843369113566     
   2.5295356879386057     
   2.5298304985310476     
   2.5311519001815377     
   2.5323688959999151     
   2.5324554783645024     
   2.5347041827793522     
   2.5354702677884311     
   2.5391505032062911     
   2.5394090021965043     
   2.5395014642448968     
   2.5400909849355933     
   2.5413866049141407     
   2.5422650650288925     
   2.5456311818619577     
   2.5491753790490406     
   2.5524675538547159     
   2.5589675827045473     
   2.5590534739815292     
   2.5608894491067238     
   2.5657483332575794     
   2.5666010333502198     
   2.6110941500174873     
   2.6148947149446400     
   2.6174046265704889     
   2.6175500798965463     
   2.6187493587404798     
   2.6221036525555204     
   2.6224041789591506     
   2.6230082339526071     
   2.6233007315108430     
   2.6234438575995354     
   2.6235445073151231     
   2.6252299852233936     
   2.6268287819388991     
   2.6269750145144606     
   2.6275586544193548     
   2.6281605410593287     
   2.6285961795995574     
   2.6308513082820100     
   2.6315066990631020     
   2.6327058614504284     
   2.6334545218217338     
   2.6362809738404862     
   2.6383325821867194     
   2.6387833828108849     
   2.6437471696148558     
   2.6443714920340606     
   2.6450735902695164     
   2.6491246719229142     
   2.6525919001106240     
   2.6543876879559054     
   2.6558943466734601     
   2.6561773963969375     
   2.6562032055754954     
   2.6565746794941369     
   2.6574893541058575     
   2.6586881869457963     
   2.6608851422292297     
   2.6636358998260774     
   2.6658512103535621     
   2.6660433973894686     
   2.6663588310109745     
   2.6666628786181916     
   2.6668708145915359     
   2.6669806935637275     
   2.6680141995503455     
   2.6685028227557606     
   2.6690327586622469     
   2.6692262957167379     
   2.6697148802534421     
   2.6710098545410226     
   2.6727396213719303     
   2.6739572723339067     
   2.6739686428527314     
   2.6740716258937591     
   2.6748686622355149     
   2.6752951575046220     
   2.6772106298755274     
   2.6776791214217930     
   2.6784896469378592     
   2.6788250403704268     
   2.6799548082340081     
   2.6805009642991786     
   2.6806589325501635     
   2.6818627735310856     
   2.6828200297853790     
   2.6828636686268137     
   2.6833767318299278     
   2.6838085360209272     
   2.6839867430770799     
   2.6846521818503275     
   2.6847537065836251     
   2.6848564955083267     
   2.6854751532773786     
   2.6855755969241506     
   2.6859969789159375     
   2.6862998022974192     
   2.6872979507384849     
   2.6875187443926087     
   2.6875466360410161     
   2.6891752070285846     
   2.6893461083226837     
   2.6896714251308649     
   2.6898662186301907     
   2.6901093279015016     
   2.6918078548995288     
   2.6920057384947196     
   2.6927644481845432     
   2.6944403386215727     
   2.6947256365221324     
   2.6971586557921969     
   2.7025530611667894     
   2.7032918420769474     
   2.7036938100514276     
   2.7053174255987136     
   2.7055271317358045     
   2.7100014198934241     
   2.7130285723586427     
   2.7228953255992230     
   2.7308039434528495     
   2.7336734849709892     
   2.7394538051712742     
   2.7402044987612277     
   2.7435233979892097     
   2.7450644547170695     
   2.7457385168826507     
   2.7459639999246668     
   2.7489880525723476     
   2.7606002741573010     
   2.7608440189246841     
   2.7646146304043819     
   2.7709939592385715     
   2.7719174317072386     
   2.7723540043986601     
   2.7729350578263743     
   2.7734705764109964     
   2.7735535936689568     
   2.7737772775009075     
   2.7749283983663742     
   2.7756887022657644     
   2.7759650063761510     
   2.7774944961348282     
   2.7797983947152467     
   2.7798485747253365     
   2.7821207355210160     
   2.7832909366191463     
   2.7842470935993973     
   2.7848311925582205     
   2.7883165696558008     
   2.7902400599885770     
   2.7915852502887364     
   2.7930995824790137     
   2.7940601332719726     
   2.7961611917599485     
   2.7983515017150191     
   2.7991366949429750     
   2.8067312940562834     
   2.8072962357922004     
   2.8090075521048261     
   2.8098617528814689     
   2.8104131669537820     
   2.8144395781422422     
   2.8155017459263307     
   2.8163840715723918     
   2.8174876185834412     
   2.8183162077983686     
   2.8190836780524369     
   2.8193618424512858     
   2.8206838501325731     
   2.8209006447437757     
   2.8210855480135453     
   2.8219982090143674     
   2.8230562456631305     
   2.8243957507381956     
   2.8244655530023572     
   2.8252318385083650     
   2.8256354026318919     
   2.8266482393964010     
   2.8268227711032372     
   2.8270850530099163     
   2.8278628333651268     
   2.8286864130658498     
   2.8287873966062791     
   2.8289173834760639     
   2.8302521010180719     
   2.8311230200702870     
   2.8315038574327649     
   2.8318200490456458     
   2.8328072079937332     
   2.8337048475799236     
   2.8337468160420287     
   2.8372499790723520     
   2.8383675853505062     
   2.8393255965204198     
   2.8405865599627687     
   2.8417863491754147     
   2.8422299805248921     
   2.8426487610434572     
   2.8433416896680530     
   2.8443659768045837     
   2.8448524275340374     
   2.8448871552812061     
   2.8453836395981029     
   2.8458563715122875     
   2.8466434506572864     
   2.8479890763375226     
   2.8484080253257051     
   2.8484730832984826     
   2.8491583490674275     
   2.8493057672271944     
   2.8494066784523562     
   2.8495131216143124     
   2.8503982580917153     
   2.8506853896792297     
   2.8511904223302822     
   2.8512877183377721     
   2.8528810895870458     
   2.8531620400606919     
   2.8538451566479233     
   2.8541315031493406     
   2.8551516838124202     
   2.8570225858204013     
   2.8580593399622409     
   2.8585330304316980     
   2.8596413614550782     
   2.8599862689838007     
   2.8634082705064929     
   2.8634444504470262     
   2.8653127150820166     
   2.8658738396375179     
   2.8659360383444454     
   2.8664022623828629     
   2.8665572384594005     
   2.8681696973019393     
   2.8689763771532348     
   2.8699146858076490     
   2.8699274417768601     
   2.8699594058341380     
   2.8701238913825255     
   2.8705658467265129     
   2.8716945803969067     
   2.8717530530868105     
   2.8732666020450695     
   2.8735761708295531     
   2.8740482462386532     
   2.8745753362494333     
   2.8758093244843708     
   2.8758259560010786     
   2.8758599490550880     
   2.8763200224886072     
   2.8764690971624129     
   2.8771190875232766     
   2.8773736723816103     
   2.8776435732282155     
   2.8787998414873752     
   2.8800175799066663     
   2.8800632870023262     
   2.8806016335238187     
   2.8817617726802203     
   2.8820961045613438     
   2.8826124275788829     
   2.8843361714366331     
   2.8843755498646702     
   2.8845304662596156     
   2.8850010164282973     
   2.8858425850854461     
   2.8865615376806288     
   2.8873436170971813     
   2.8878314311136637     
   2.8889857101559815     
   2.8897091751552555     
   2.8898277314682064     
   2.8905826234265155     
   2.8909904819143994     
   2.8923159490053996     
   2.8926252883337229     
   2.8929060490207004     
   2.8941341626725188     
   2.8948802505515658     
   2.8955311351042097     
   2.8975785250423134     
   2.8975984542866580     
   2.8977201975077467     
   2.8979261312479605     
   2.8990196045828909     
   2.8991284201330103     
   2.8998503378886213     
   2.9010394484348345     
   2.9012283130100540     
   2.9015960318893268     
   2.9018764978567937     
   2.9027556106152956     
   2.9031781864623052     
   2.9035138672597602     
   2.9039244288400936     
   2.9047390537812592     
   2.9051589125203678     
   2.9054223906897176     
   2.9058284640359777     
   2.9068211872049061     
   2.9073570404155178     
   2.9079536797674956     
   2.9082716348447351     
   2.9083880860805422     
   2.9095184215361796     
   2.9096653690636431     
   2.9098525227348526     
   2.9099205363207115     
   2.9099580154660614     
   2.9101420517318242     
   2.9108215845506997     
   2.9109763583937114     
   2.9112318838151285     
   2.9121389760199272     
   2.9122961067200670     
   2.9123618486842773     
   2.9129643113760855     
   2.9131931553463306     
   2.9134738744124764     
   2.9139401618350877     
   2.9142095686646954     
   2.9144350364935669     
   2.9147966454686967     
   2.9151309494040727     
   2.9163191467630671     
   2.9163308600245594     
   2.9173401218341133     
   2.9181601691982659     
   2.9182644011138721     
   2.9184632636405641     
   2.9192694313613292     
   2.9192907455692869     
   2.9198331104738080     
   2.9202480318272457     
   2.9218022646611095     
   2.9223932651517064     
   2.9238077892341363     
   2.9245582410668329     
   2.9250637792909608     
   2.9369611584346895     
   2.9419301280160295     
   2.9431501420633577     
   2.9457360956816125     
   2.9539777136436602     
   2.9548253953629398     
   2.9548670843234355     
   2.9565938332397956     
   2.9568996637187288     
   2.9592032607772540     
   2.9593482063319638     
   2.9599958355553664     
   2.9607897881627361     
   2.9624291753440355     
   2.9628323702321926     
   2.9637278516054275     
   2.9650328563897088     
   2.9652300631261923     
   2.9658864274866641     
   2.9675730257688651     
   2.9755127575144833     
   2.9774275057111113     
   2.9795703193314620     
   2.9797399786598353     
   2.9827839871046460     
   2.9837803863611536     
   2.9844628236035837     
   2.9844858590299070     
   2.9849171693191336     
   2.9850406478389266     
   2.9857297863773393     
   2.9869416483550535     
   2.9883466341252678     
   2.9884431256965951     
   2.9890508733629200     
   2.9905073424380397     
   2.9913243299726484     
   2.9916439485039472     
   2.9927050656255827     
   2.9954329588427395     
   3.0057451618963986     
   3.0066478245130921     
   3.0347236298400198     
   3.0375773885627226     
