 beta=   0.0000000000000000     
  -4.4152341991090733E-016
  -1.9059475751695325E-016
  -1.3979770894669457E-016
  -8.7175385161774219E-017
   4.3975351151567225E-017
   9.4325135676304323E-016
   5.3493478718106779E-005
   6.2143973293753133E-005
   6.9820889793821122E-005
   8.4190172445578859E-005
   1.0474931614164880E-004
   1.2115442022291517E-004
   1.2682303350221611E-004
   1.3672739727462442E-004
   1.4803637846998879E-004
   1.5885553100128858E-004
   1.7161582546428020E-004
   1.8839874970562771E-004
   1.9968772392683199E-004
   2.1417581214473706E-004
   2.2779867056967119E-004
   2.3506532460808530E-004
   2.4072924278895080E-004
   2.4769883743302090E-004
   2.5855244233943987E-004
   2.7046043747942414E-004
   2.7690208782813250E-004
   2.8918861346038509E-004
   3.0820325945634568E-004
   3.2149640202386553E-004
   3.3159961170175985E-004
   3.3776834430331959E-004
   3.6715118466068092E-004
   3.8003777199749258E-004
   3.8565031497232884E-004
   3.9563263861084832E-004
   4.0579164296892080E-004
   4.1149736605139035E-004
   4.1298312047163252E-004
   4.3016357068278728E-004
   4.4845486227977524E-004
   4.5127796578274206E-004
   4.6261128958170945E-004
   4.7206382797631641E-004
   4.8262573616451621E-004
   4.9731633019884671E-004
   5.1338380061675807E-004
   5.3383222587521689E-004
   5.3840966062056780E-004
   5.4244885021580722E-004
   5.4810350059839431E-004
   5.5723763627520129E-004
   5.9723002802955722E-004
   6.1232800720215465E-004
   6.1711454484805826E-004
   6.2807650329196549E-004
   6.3916578723658183E-004
   6.5536763733410359E-004
   6.6893261887911420E-004
   6.8730576413947395E-004
   7.0326845109021971E-004
   7.1936187479517148E-004
   7.4350335612717372E-004
   7.6155721254627762E-004
   7.6373046810122923E-004
   7.7231052488592282E-004
   8.0185366231292146E-004
   8.1547812602986440E-004
   8.2535551948275960E-004
   8.3922620959433569E-004
   8.4694953751267440E-004
   8.5869589153078716E-004
   8.8087338394027292E-004
   8.9311158063831914E-004
   8.9859611433894487E-004
   9.0654950544302281E-004
   9.3021597900576933E-004
   9.4540058717825556E-004
   9.5247887712663444E-004
   9.6686392557393942E-004
   9.8313736669252425E-004
   1.0011087165247776E-003
   1.0125351798158781E-003
   1.0303919638824286E-003
   1.0405054399603778E-003
   1.0726270082541567E-003
   1.0914737989897003E-003
   1.0987432129405100E-003
   1.1115568978827580E-003
   1.1298293058105084E-003
   1.1403038637095441E-003
   1.1542628558514597E-003
   1.1667350752410668E-003
   1.1890604144832013E-003
   1.1948303998582279E-003
   1.2142029679518928E-003
   1.2233294818041203E-003
   1.2273859036745877E-003
   1.2383787377827768E-003
   1.2572385103694678E-003
   1.2671067132291884E-003
   1.2987715931478605E-003
   1.3097053040423128E-003
   1.3191759965248493E-003
   1.3319390371228420E-003
   1.3502221504755527E-003
   1.3643074319042569E-003
   1.3733677236170956E-003
   1.3845468198678968E-003
   1.3995208655316314E-003
   1.4037439026207119E-003
   1.4214412393357197E-003
   1.4320487295570092E-003
   1.4447326545713561E-003
   1.4552835382564625E-003
   1.4650259854634949E-003
   1.4833667174353130E-003
   1.4882519865303467E-003
   1.5198975304484218E-003
   1.5347744621114418E-003
   1.5486593465953490E-003
   1.5566023152945563E-003
   1.5750601413688304E-003
   1.5888768304397661E-003
   1.6129360628307119E-003
   1.6342860122154608E-003
   1.6516980493477597E-003
   1.6647224465179363E-003
   1.6782444387909371E-003
   1.7011516130939523E-003
   1.7037409656889806E-003
   1.7221351756593034E-003
   1.7254850439024499E-003
   1.7355650969727147E-003
   1.7530055465127604E-003
   1.7717520710510413E-003
   1.7908700263794459E-003
   1.7930575324243017E-003
   1.8093388956537473E-003
   1.8324949347273524E-003
   1.8490193861279503E-003
   1.8687000578584724E-003
   1.8722232068006802E-003
   1.8788678304176645E-003
   1.9008784199926482E-003
   1.9118474816601043E-003
   1.9228948708762570E-003
   1.9556707770597495E-003
   1.9579886129712115E-003
   1.9712221629637938E-003
   1.9822216778918301E-003
   2.0016082369330602E-003
   2.0215452108449036E-003
   2.0336844284962285E-003
   2.0512622478892034E-003
   2.0703170194645063E-003
   2.0880346048891946E-003
   2.0983721364059601E-003
   2.0997063747588800E-003
   2.1368169906108981E-003
   2.1515991721186858E-003
   2.1698055422755365E-003
   2.1764732025238028E-003
   2.1836727556929854E-003
   2.2043955197081693E-003
   2.2215937976826907E-003
   2.2339077693122066E-003
   2.2412189543147909E-003
   2.2476424740041846E-003
   2.2581049409012063E-003
   2.2895968030625306E-003
   2.3083852306230650E-003
   2.3306295670981595E-003
   2.3473249173899236E-003
   2.3573083259658270E-003
   2.3848521659280367E-003
   2.3945974434668167E-003
   2.4073281582103678E-003
   2.4213589148845685E-003
   2.4331146247750495E-003
   2.4398572355440393E-003
   2.4664422011958366E-003
   2.4725693967724001E-003
   2.4909203315521553E-003
   2.5024471607535347E-003
   2.5158330373836243E-003
   2.5209365984957283E-003
   2.5315657865849933E-003
   2.5583142708444210E-003
   2.5659156212088220E-003
   2.5713577939778048E-003
   2.5962196148441486E-003
   2.6067197381055393E-003
   2.6122098511346470E-003
   2.6240711039141390E-003
   2.6270963377103013E-003
   2.6619556312766938E-003
   2.6664405773754122E-003
   2.7008564539447743E-003
   2.7111434542857063E-003
   2.7237212591599211E-003
   2.7369954120743537E-003
   2.7474031609378202E-003
   2.7685742990095461E-003
   2.7783167770924905E-003
   2.7871831104168588E-003
   2.8016699258814979E-003
   2.8232961313914935E-003
   2.8264525044001463E-003
   2.8483916929355618E-003
   2.8537090083563979E-003
   2.8695127981918072E-003
   2.8775289013364120E-003
   2.8813727911020381E-003
   2.8845153610140371E-003
   2.9030336859071086E-003
   2.9200082792762566E-003
   2.9265870826790242E-003
   2.9326985269946832E-003
   2.9423933416560773E-003
   2.9540402075537496E-003
   2.9657288961624853E-003
   2.9875244713314371E-003
   2.9907264526859920E-003
   3.0155345171472637E-003
   3.0259133483964461E-003
   3.0367499733624354E-003
   3.0491516388031475E-003
   3.0547033842186900E-003
   3.0599189141589009E-003
   3.0711934087544667E-003
   3.0976200994308738E-003
   3.1099377958036744E-003
   3.1257616120455218E-003
   3.1312644937275761E-003
   3.1386196307173530E-003
   3.1582187651822808E-003
   3.1764235364417082E-003
   3.1850545095960235E-003
   3.2057402268985125E-003
   3.2168713884432524E-003
   3.2221763683454581E-003
   3.2450330729890653E-003
   3.2620461079040644E-003
   3.2828577206955793E-003
   3.2897184120458732E-003
   3.2977560757937591E-003
   3.3112991262581643E-003
   3.3161502213034334E-003
   3.3371492711870500E-003
   3.3510971867491426E-003
   3.3558551237514917E-003
   3.3643270131957143E-003
   3.3740023855026047E-003
   3.3938872070174882E-003
   3.3967920309100775E-003
   3.4059378145227222E-003
   3.4136062734158755E-003
   3.4324831804712864E-003
   3.4581254620559944E-003
   3.4615621656835737E-003
   3.4713490715807338E-003
   3.4742017380267457E-003
   3.4961632533418033E-003
   3.5107595094922006E-003
   3.5312609045591555E-003
   3.5393247372695049E-003
   3.5475892339521821E-003
   3.5571107858595775E-003
   3.5632773534963547E-003
   3.5767512138403443E-003
   3.6028580367565258E-003
   3.6080670527810781E-003
   3.6300295238644803E-003
   3.6374373742887271E-003
   3.6646320116104497E-003
   3.6702520382854609E-003
   3.6822548607381039E-003
   3.6960479722072657E-003
   3.7048260465035458E-003
   3.7103604927198734E-003
   3.7248320284108349E-003
   3.7363028115367934E-003
   3.7492121717430317E-003
   3.7619498349170696E-003
   3.7642957924663338E-003
   3.7833834278760757E-003
   3.7926688308962584E-003
   3.8174207871752189E-003
   3.8296232841893256E-003
   3.8318690582455741E-003
   3.8417266402735735E-003
   3.8428648769366258E-003
   3.8668328235973658E-003
   3.8756743848412482E-003
   3.8882806235099555E-003
   3.9134346379022548E-003
   3.9218078482873599E-003
   3.9385162592479733E-003
   3.9485816034100637E-003
   3.9701844933489709E-003
   3.9814918924624592E-003
   3.9959159460559758E-003
   4.0046331874421786E-003
   4.0105983402211097E-003
   4.0288572567537557E-003
   4.0408365386610271E-003
   4.0485233011273184E-003
   4.0636662121999716E-003
   4.0782702893027763E-003
   4.0830853255497445E-003
   4.0981135585827491E-003
   4.1121570670824056E-003
   4.1385862898558872E-003
   4.1576354819342623E-003
   4.1734703850344751E-003
   4.1772088893517762E-003
   4.1843651611935965E-003
   4.2012481597380408E-003
   4.2100476872452266E-003
   4.2144802107764922E-003
   4.2341578545769861E-003
   4.2554107770798755E-003
   4.2725529864938898E-003
   4.2768438893619788E-003
   4.2842022073529360E-003
   4.3010713211819205E-003
   4.3060236938995376E-003
   4.3222584332455391E-003
   4.3272982451508157E-003
   4.3293798531631898E-003
   4.3438061625275370E-003
   4.3486538308751778E-003
   4.3643131333170751E-003
   4.3684129660394632E-003
   4.3882955930730286E-003
   4.3982884309449891E-003
   4.4061414184794938E-003
   4.4110736805259062E-003
   4.4225085909909726E-003
   4.4351063556332783E-003
   4.4392458146620154E-003
   4.4443167420302717E-003
   4.4465018357694132E-003
   4.4662751722437310E-003
   4.4730055275030477E-003
   4.4779954302036325E-003
   4.4968752219750269E-003
   4.5029789333207865E-003
   4.5103737039715944E-003
   4.5180332786623513E-003
   4.5416874885148666E-003
   4.5454700072907108E-003
   4.5605437075287129E-003
   4.5759575954677917E-003
   4.5853667196563593E-003
   4.5966458442846915E-003
   4.6162514586391519E-003
   4.6217250782221346E-003
   4.6329366596040145E-003
   4.6382873658232307E-003
   4.6426855079692696E-003
   4.6533648655410443E-003
   4.6692751301427721E-003
   4.6840523274809141E-003
   4.6990770738251217E-003
   4.7074378895980698E-003
   4.7124164823537070E-003
   4.7314551969295029E-003
   4.7420653854359889E-003
   4.7591123941297534E-003
   4.7718199127453681E-003
   4.7803772726754566E-003
   4.7923808066914261E-003
   4.8195093058265824E-003
   4.8331977863165787E-003
   4.8367545538497156E-003
   4.8451426065828423E-003
   4.8556678679400854E-003
   4.8656102759821159E-003
   4.8853872659496552E-003
   4.8934104600785620E-003
   4.9042406469458413E-003
   4.9089169696710415E-003
   4.9153688506388786E-003
   4.9208787235857860E-003
   4.9273741686333252E-003
   4.9438544293835445E-003
   4.9490870245343871E-003
   4.9635103743490326E-003
   4.9719463234633617E-003
   4.9785237715212465E-003
   4.9854593855054290E-003
   5.0038288270181797E-003
   5.0136961292388841E-003
   5.0235149248965454E-003
   5.0298402060546870E-003
   5.0304582308466949E-003
   5.0605055340716817E-003
   5.0674896435471033E-003
   5.0824765701323275E-003
   5.0875685016805450E-003
   5.0938085124945616E-003
   5.1099387494142586E-003
   5.1302537389947781E-003
   5.1414486723474527E-003
   5.1548922306926346E-003
   5.1600059711572124E-003
   5.1615125714425140E-003
   5.1878027766821570E-003
   5.1971565940139991E-003
   5.1989971924600812E-003
   5.2089371655199409E-003
   5.2148910562303703E-003
   5.2201691605182152E-003
   5.2245467149994859E-003
   5.2487545769155011E-003
   5.2569554190330407E-003
   5.2709496054925324E-003
   5.2839621337835187E-003
   5.2905556346952726E-003
   5.2970371762827585E-003
   5.2992009815902115E-003
   5.3022297863675790E-003
   5.3184738440395177E-003
   5.3274411804278684E-003
   5.3365732901548583E-003
   5.3435597661891029E-003
   5.3484711039775094E-003
   5.3546368302501693E-003
   5.3787269965952936E-003
   5.3816417642376371E-003
   5.3985472798488057E-003
   5.4016921965793782E-003
   5.4152774715716390E-003
   5.4214370006882128E-003
   5.4260546267712864E-003
   5.4381662321743313E-003
   5.4440628249442210E-003
   5.4519261922634536E-003
   5.4571361627863083E-003
   5.4669231310806778E-003
   5.4752968400839106E-003
   5.4810308205420887E-003
   5.4878039378376134E-003
   5.4953900759687540E-003
   5.5133877753448255E-003
   5.5300800047487922E-003
   5.5350151513600086E-003
   5.5496195490782330E-003
   5.5501303502828413E-003
   5.5559270068700328E-003
   5.5711823536229027E-003
   5.5734723420858296E-003
   5.5873278715724613E-003
   5.5962817431368340E-003
   5.5999397633906094E-003
   5.6107165353586471E-003
   5.6201102251012989E-003
   5.6256448514388317E-003
   5.6325447813844335E-003
   5.6427709594510890E-003
   5.6553268059553082E-003
   5.6589245609394295E-003
   5.6679365314648480E-003
   5.6760544957131457E-003
   5.6929471336705948E-003
   5.6978824463251969E-003
   5.7041508686492635E-003
   5.7109783151198185E-003
   5.7247787717873604E-003
   5.7258914543743102E-003
   5.7397611060031866E-003
   5.7463660569556140E-003
   5.7585880131709542E-003
   5.7634273046619239E-003
   5.7668793516691529E-003
   5.7859671519659107E-003
   5.7878801149385461E-003
   5.7941609601436421E-003
   5.8151159943922110E-003
   5.8308105097476309E-003
   5.8358814506136256E-003
   5.8484931018792513E-003
   5.8499604053233725E-003
   5.8510653901445520E-003
   5.8647154322412891E-003
   5.8710320769306571E-003
   5.8944258269490752E-003
   5.9000666102239111E-003
   5.9035283104551823E-003
   5.9099338898539935E-003
   5.9171848166714907E-003
   5.9249955364049818E-003
   5.9383558428888327E-003
   5.9433821673094602E-003
   5.9473895260686279E-003
   5.9565808758632148E-003
   5.9735444068176932E-003
   5.9768978802911535E-003
   5.9781640223281196E-003
   5.9881230947331984E-003
   5.9961845438156599E-003
   6.0065996760760585E-003
   6.0093855618846299E-003
   6.0188700193778942E-003
   6.0257049196338107E-003
   6.0307685300754459E-003
   6.0427904828552273E-003
   6.0572032310998889E-003
   6.0653661990737870E-003
   6.0679831400951524E-003
   6.0730678680243448E-003
   6.0805544460199659E-003
   6.0886867950167957E-003
   6.1015636206020671E-003
   6.1129909948147172E-003
   6.1172659065247756E-003
   6.1205287358382975E-003
   6.1365191114557179E-003
   6.1422748237280854E-003
   6.1511140991881178E-003
   6.1571898062832810E-003
   6.1644009691809798E-003
   6.1728205054849949E-003
   6.1776374781097243E-003
   6.1840443927948848E-003
   6.1857910188667861E-003
   6.1942339550562558E-003
   6.2009353498738984E-003
   6.2189534065162245E-003
   6.2260253975854477E-003
   6.2319003255480497E-003
   6.2484970866236705E-003
   6.2551838026656797E-003
   6.2591869674627982E-003
   6.2623785857908220E-003
   6.2694531707780891E-003
   6.2892519223282720E-003
   6.2940409142074830E-003
   6.3058146836587857E-003
   6.3092096499696940E-003
   6.3144425723323655E-003
   6.3216953540428831E-003
   6.3260870410578119E-003
   6.3318013848018525E-003
   6.3475923361521009E-003
   6.3516727016339515E-003
   6.3649500197515765E-003
   6.3715474284043077E-003
   6.3739354507112433E-003
   6.3817132213308363E-003
   6.3882646190708105E-003
   6.3900577403872847E-003
   6.3985672253305459E-003
   6.4107362067327613E-003
   6.4224177240289598E-003
   6.4309380709582373E-003
   6.4407408235143586E-003
   6.4566864655734232E-003
   6.4609427667338239E-003
   6.4673909332960558E-003
   6.4762283078359430E-003
   6.4811357870529470E-003
   6.4957806834198151E-003
   6.5084328865173567E-003
   6.5092973655453577E-003
   6.5241948489450415E-003
   6.5278293126420387E-003
   6.5339652294347716E-003
   6.5457170921497110E-003
   6.5501380940477414E-003
   6.5624682310334373E-003
   6.5703301794010644E-003
   6.5731189053349114E-003
   6.5835669576777408E-003
   6.5839348718823272E-003
   6.5892112059823659E-003
   6.6074906408306478E-003
   6.6110298984636507E-003
   6.6133170454264721E-003
   6.6173853326105571E-003
   6.6205488564026497E-003
   6.6332019245982990E-003
   6.6439584764549581E-003
   6.6486418121198976E-003
   6.6518906363361207E-003
   6.6617576654007769E-003
   6.6693033990690084E-003
   6.6748881898563489E-003
   6.6867721350159035E-003
   6.6944010912111532E-003
   6.7067779954242315E-003
   6.7100594755585405E-003
   6.7223205084566869E-003
   6.7235962246909933E-003
   6.7283216845668500E-003
   6.7404382289937472E-003
   6.7478031126023937E-003
   6.7536611062616516E-003
   6.7634717886069359E-003
   6.7657092215670633E-003
   6.7787140108188822E-003
   6.7862349220190413E-003
   6.7896014020724649E-003
   6.7937464031498874E-003
   6.8001073361859243E-003
   6.8178486223953961E-003
   6.8213513272382138E-003
   6.8299425568246466E-003
   6.8353193245185928E-003
   6.8464417431685501E-003
   6.8559115968430950E-003
   6.8654820992961590E-003
   6.8690501239131747E-003
   6.8704258075904159E-003
   6.8808961315421262E-003
   6.8934013010485103E-003
   6.9108691660372005E-003
   6.9125230044822430E-003
   6.9252531903174729E-003
   6.9286646483259998E-003
   6.9328350589033345E-003
   6.9411050126077052E-003
   6.9473321316339794E-003
   6.9556165374612669E-003
   6.9707989149617490E-003
   6.9763535556017992E-003
   6.9835930366030259E-003
   6.9908357201701509E-003
   6.9935145726277648E-003
   7.0031675453309378E-003
   7.0097806297588772E-003
   7.0136805387686820E-003
   7.0204618624851089E-003
   7.0291312075736198E-003
   7.0400956022929617E-003
   7.0452998839673252E-003
   7.0480411304727564E-003
   7.0520448484226806E-003
   7.0599634902738326E-003
   7.0634856060969196E-003
   7.0709293229416154E-003
   7.0784226660681702E-003
   7.0933969547038274E-003
   7.1013515889417006E-003
   7.1067280795963890E-003
   7.1078402409624443E-003
   7.1197171708601526E-003
   7.1277293244447299E-003
   7.1337038299534783E-003
   7.1399737613887420E-003
   7.1429146214865629E-003
   7.1556780630991712E-003
   7.1591642047675692E-003
   7.1635378021451214E-003
   7.1722927504786925E-003
   7.1783544393905392E-003
   7.1902605870300812E-003
   7.1958193612173026E-003
   7.1968099656730894E-003
   7.2002616494841552E-003
   7.2130781513012948E-003
   7.2141873046733850E-003
   7.2262770151685241E-003
   7.2342133700569024E-003
   7.2377337494614969E-003
   7.2463346408006496E-003
   7.2505104315692334E-003
   7.2659497686411211E-003
   7.2714612679474723E-003
   7.2761768076474824E-003
   7.2803995523436811E-003
   7.2878705247406946E-003
   7.2982427563041416E-003
   7.3005097179492549E-003
   7.3062235757678593E-003
   7.3097921722140085E-003
   7.3142415637805032E-003
   7.3223133566176378E-003
   7.3287358048078890E-003
   7.3438972831340495E-003
   7.3453568015660938E-003
   7.3510456152983284E-003
   7.3599785709006866E-003
   7.3662606448081777E-003
   7.3706511091325621E-003
   7.3782288426200143E-003
   7.3857946176811157E-003
   7.3966301461319177E-003
   7.4013202618138088E-003
   7.4028280721610308E-003
   7.4082550560657491E-003
   7.4159440217146455E-003
   7.4276082752491113E-003
   7.4380436389572735E-003
   7.4442837733070420E-003
   7.4534414081941702E-003
   7.4587409833445336E-003
   7.4679459666261013E-003
   7.4704821512879913E-003
   7.4763987998679822E-003
   7.4841180256739488E-003
   7.4893989824615041E-003
   7.4927199919799879E-003
   7.5059274243350193E-003
   7.5122860717116010E-003
   7.5199757840155581E-003
   7.5290653331811412E-003
   7.5342623843683105E-003
   7.5378019674724349E-003
   7.5507994952621052E-003
   7.5545459514263129E-003
   7.5575860029213531E-003
   7.5631076411250865E-003
   7.5718074532270703E-003
   7.5924681967868028E-003
   7.5983762117236182E-003
   7.5986413778022519E-003
   7.6014769027750034E-003
   7.6100119553148540E-003
   7.6207046893810989E-003
   7.6274290300422098E-003
   7.6404662222719633E-003
   7.6479726904618156E-003
   7.6547836111961459E-003
   7.6603986928113219E-003
   7.6669677370202844E-003
   7.6709847095537114E-003
   7.6820582453514469E-003
   7.6935272606566364E-003
   7.7009737601696510E-003
   7.7118808993658092E-003
   7.7156361657390324E-003
   7.7233392238441360E-003
   7.7331603716493079E-003
   7.7405333510846214E-003
   7.7441385676196321E-003
   7.7519696016596380E-003
   7.7574824110214421E-003
   7.7630510564904486E-003
   7.7746256648884154E-003
   7.7790340689820924E-003
   7.7893635279210277E-003
   7.7922614649036867E-003
   7.8068784244222835E-003
   7.8115567341398425E-003
   7.8189543717457222E-003
   7.8234777594936196E-003
   7.8263399019594670E-003
   7.8296016221667281E-003
   7.8435088662807701E-003
   7.8464640800612641E-003
   7.8574055067615941E-003
   7.8684711125893980E-003
   7.8714776613635785E-003
   7.8803719549106737E-003
   7.8808829515805007E-003
   7.8902667849288163E-003
   7.8935656442510709E-003
   7.9016442220679693E-003
   7.9100069858379900E-003
   7.9192911849263244E-003
   7.9226466482012949E-003
   7.9292239655684611E-003
   7.9401184798212066E-003
   7.9501446736663962E-003
   7.9593722980507136E-003
   7.9674213717526084E-003
   7.9760719707602928E-003
   7.9775132892354189E-003
   7.9882364215660227E-003
   7.9911032468479356E-003
   7.9973969366913533E-003
   8.0033284120565335E-003
   8.0131878307372253E-003
   8.0185284912957164E-003
   8.0255456680874051E-003
   8.0348148637182874E-003
   8.0453599084885207E-003
   8.0511940295798015E-003
   8.0587095915772306E-003
   8.0710172196614156E-003
   8.0794081695905757E-003
   8.0893271893976403E-003
   8.0932425126067579E-003
   8.0974328747492660E-003
   8.1001345899218789E-003
   8.1112430503602617E-003
   8.1228891660918377E-003
   8.1275507462623495E-003
   8.1391497513734409E-003
   8.1431075722384130E-003
   8.1466124024260241E-003
   8.1515434589514730E-003
   8.1598014761381839E-003
   8.1727268669377889E-003
   8.1820661015252864E-003
   8.1830395340174878E-003
   8.1877304552437288E-003
   8.1999250746624102E-003
   8.2085457950155701E-003
   8.2174078080372373E-003
   8.2207137997707160E-003
   8.2292621856450976E-003
   8.2389536145757621E-003
   8.2454764579255949E-003
   8.2595701146973340E-003
   8.2647210942797672E-003
   8.2726637769483507E-003
   8.2809332187824911E-003
   8.2866473877085192E-003
   8.2997907324362328E-003
   8.3017935499312273E-003
   8.3052913334265357E-003
   8.3111768068325088E-003
   8.3179929270621369E-003
   8.3269218564014681E-003
   8.3348171777450110E-003
   8.3431089955356783E-003
   8.3557366397578291E-003
   8.3597593582430772E-003
   8.3610076215652473E-003
   8.3622720629247718E-003
   8.3719156225916056E-003
   8.3831983837897896E-003
   8.3840263211576969E-003
   8.3995788289947630E-003
   8.4011347568070226E-003
   8.4096067243669328E-003
   8.4139364859604684E-003
   8.4245923256796966E-003
   8.4289146828786625E-003
   8.4342653123265950E-003
   8.4419713828564388E-003
   8.4468644579457890E-003
   8.4574325033915723E-003
   8.4688879366913335E-003
   8.4701230904034204E-003
   8.4755713007357500E-003
   8.4791321782205862E-003
   8.4979483193513856E-003
   8.5030725196263545E-003
   8.5060757654648027E-003
   8.5178469227689610E-003
   8.5238601247759060E-003
   8.5342102744978138E-003
   8.5397025110561069E-003
   8.5417546419781620E-003
   8.5504483442613716E-003
   8.5610463047100845E-003
   8.5637580479040222E-003
   8.5687531816240042E-003
   8.5803758840940700E-003
   8.5812249429691907E-003
   8.5904593057320785E-003
   8.5994545546589207E-003
   8.6058616796582197E-003
   8.6145092361466120E-003
   8.6187908765190720E-003
   8.6304505844115153E-003
   8.6344681669079052E-003
   8.6398114069173165E-003
   8.6531779051832111E-003
   8.6552502432640128E-003
   8.6610222301050140E-003
   8.6684538390316528E-003
   8.6711094597113885E-003
   8.6803231929265257E-003
   8.6842070356696333E-003
   8.6890127403841631E-003
   8.6945570240968099E-003
   8.7029142855159104E-003
   8.7101169990880870E-003
   8.7166005665580502E-003
   8.7256769403537011E-003
   8.7308985830771065E-003
   8.7362492902268388E-003
   8.7423140661937199E-003
   8.7434627975710513E-003
   8.7504870526596643E-003
   8.7515724125207302E-003
   8.7668185514362014E-003
   8.7733878013542960E-003
   8.7751999374318743E-003
   8.7839976544271496E-003
   8.7916653694484030E-003
   8.7987975295006106E-003
   8.8085909456569172E-003
   8.8146988098627473E-003
   8.8187503253862078E-003
   8.8210120506346957E-003
   8.8396933150228802E-003
   8.8474000822512926E-003
   8.8554042501365095E-003
   8.8603580877930667E-003
   8.8649556538060639E-003
   8.8722937770029479E-003
   8.8787866474429843E-003
   8.8815705520334486E-003
   8.8850108117169441E-003
   8.8860988472013284E-003
   8.8951817598442711E-003
   8.9000082059533161E-003
   8.9097719273826762E-003
   8.9191886627158160E-003
   8.9239981435093457E-003
   8.9330590523809140E-003
   8.9371875004569893E-003
   8.9462814244863423E-003
   8.9520066891613567E-003
   8.9554041802635594E-003
   8.9620577846165912E-003
   8.9676239371328150E-003
   8.9846665644162677E-003
   8.9909672603620244E-003
   8.9941521257584818E-003
   8.9995551152486589E-003
   9.0054012403150106E-003
   9.0110633638558080E-003
   9.0180875560980367E-003
   9.0198527996742071E-003
   9.0293244447773625E-003
   9.0382862238323376E-003
   9.0536192287674691E-003
   9.0553145640531879E-003
   9.0603469081132360E-003
   9.0636393008078266E-003
   9.0740466673201545E-003
   9.0810753772397074E-003
   9.0930691759228913E-003
   9.0988011185362139E-003
   9.1044710463933174E-003
   9.1063114248663632E-003
   9.1152188664854906E-003
   9.1207366617335299E-003
   9.1267926830237781E-003
   9.1355369049924279E-003
   9.1475058173665601E-003
   9.1489779161759207E-003
   9.1550470670797354E-003
   9.1653192905298952E-003
   9.1673833330882127E-003
   9.1728180000036109E-003
   9.1923680315489885E-003
   9.1934470811576036E-003
   9.1996092430616690E-003
   9.2146993465103497E-003
   9.2267379371574389E-003
   9.2310656882080896E-003
   9.2389101703223304E-003
   9.2517117178357450E-003
   9.2578744578671879E-003
   9.2595347009266533E-003
   9.2651276524997588E-003
   9.2808642175812636E-003
   9.2868141384194868E-003
   9.2947108967344049E-003
   9.3055729180637776E-003
   9.3071721172209819E-003
   9.3117407051525984E-003
   9.3309264297746844E-003
   9.3383466967969543E-003
   9.3476752308335829E-003
   9.3540406117518880E-003
   9.3598567563752018E-003
   9.3745503172615232E-003
   9.3880696174670729E-003
   9.3941121890557637E-003
   9.4027091162159140E-003
   9.4076344366035448E-003
   9.4128733468399218E-003
   9.4199674423446414E-003
   9.4253883913011476E-003
   9.4422552150808491E-003
   9.4500301726232108E-003
   9.4625783251284356E-003
   9.4645680675768777E-003
   9.4670106409117140E-003
   9.4817040426087660E-003
   9.4888971899049733E-003
   9.4985512340851723E-003
   9.5076207053902840E-003
   9.5160564497694736E-003
   9.5193306804995381E-003
   9.5298572280506314E-003
   9.5386216219217074E-003
   9.5418465560155735E-003
   9.5515756211312693E-003
   9.5566404148229710E-003
   9.5613557581708634E-003
   9.5675916274322106E-003
   9.5735419902343247E-003
   9.5809950077946279E-003
   9.5850518347400659E-003
   9.5917473313458478E-003
   9.5975414136737890E-003
   9.6047223766697609E-003
   9.6092250918048770E-003
   9.6158761436870820E-003
   9.6181453018569577E-003
   9.6284385734672073E-003
   9.6346006931576113E-003
   9.6410329154641289E-003
   9.6521530806212546E-003
   9.6551681120395933E-003
   9.6762731731182463E-003
   9.6790935922365061E-003
   9.6875756171555666E-003
   9.6931335890151505E-003
   9.7075678971831007E-003
   9.7172814252310096E-003
   9.7221063725061087E-003
   9.7301146290222542E-003
   9.7358765691969197E-003
   9.7529771749391113E-003
   9.7563118758076522E-003
   9.7598268159939782E-003
   9.7755423178214947E-003
   9.7927726012304647E-003
   9.7968126866914765E-003
   9.8079436434376742E-003
   9.8135635808023845E-003
   9.8286353557116221E-003
   9.8345010538972849E-003
   9.8505568245265181E-003
   9.8553206669285045E-003
   9.8648935688878860E-003
   9.8689810393231478E-003
   9.8740625013793003E-003
   9.8836636187330500E-003
   9.8902105287135642E-003
   9.8972593571548199E-003
   9.9115295155349607E-003
   9.9217241362377050E-003
   9.9345950325578965E-003
   9.9402722496811282E-003
   9.9450870223747791E-003
   9.9559444077575200E-003
   9.9609497622014011E-003
   9.9744818260519268E-003
   9.9904922136211730E-003
   9.9913866205211567E-003
   9.9954813665394764E-003
   1.0000279883662373E-002
   1.0007619214898527E-002
   1.0017442405104080E-002
   1.0022810079724515E-002
   1.0025903349754095E-002
   1.0037990500928570E-002
   1.0055740816731050E-002
   1.0060608825287228E-002
   1.0066904524772371E-002
   1.0080233008417169E-002
   1.0087426122957242E-002
   1.0096307643519695E-002
   1.0104688273201492E-002
   1.0110846996367197E-002
   1.0115094658496554E-002
   1.0121100953064472E-002
   1.0131543769189085E-002
   1.0135951031033834E-002
   1.0139752234026665E-002
   1.0146141907140372E-002
   1.0165575757978546E-002
   1.0169589020448818E-002
   1.0178772587253580E-002
   1.0187414881016101E-002
   1.0193360521198741E-002
   1.0209672991867463E-002
   1.0211277178887989E-002
   1.0222134401949698E-002
   1.0230744740666426E-002
   1.0233972372991023E-002
   1.0242608712183179E-002
   1.0256485939011104E-002
   1.0268369180203131E-002
   1.0271294924732517E-002
   1.0280464617790220E-002
   1.0288774839984150E-002
   1.0294781408444354E-002
   1.0305855507713960E-002
   1.0311372641611378E-002
   1.0319568012600758E-002
   1.0324639162680010E-002
   1.0336155128367577E-002
   1.0342959742242855E-002
   1.0351868913273887E-002
   1.0373398387596515E-002
   1.0377949662232596E-002
   1.0388751031263020E-002
   1.0403157157375846E-002
   1.0403609701764084E-002
   1.0409672776714327E-002
   1.0422383445564344E-002
   1.0429176419509627E-002
   1.0436914467247167E-002
   1.0443793578343328E-002
   1.0447557702781995E-002
   1.0453144514050210E-002
   1.0462143920526542E-002
   1.0467400857352338E-002
   1.0476913887009828E-002
   1.0486574191865739E-002
   1.0491630394023857E-002
   1.0498993188372937E-002
   1.0511461144638265E-002
   1.0515524713223704E-002
   1.0520184751040426E-002
   1.0536083780080838E-002
   1.0548566233765901E-002
   1.0558702894675644E-002
   1.0561517149925086E-002
   1.0570407928921098E-002
   1.0577562872912893E-002
   1.0582999236201622E-002
   1.0592496949622563E-002
   1.0601697645553618E-002
   1.0609940872320697E-002
   1.0612478879426252E-002
   1.0619428377325992E-002
   1.0622032362108498E-002
   1.0626068038811078E-002
   1.0647587463952441E-002
   1.0654948417406338E-002
   1.0663921442638082E-002
   1.0674966119007106E-002
   1.0677466794316814E-002
   1.0686171397431238E-002
   1.0698387183142023E-002
   1.0706275027443170E-002
   1.0710283445014049E-002
   1.0725996993371763E-002
   1.0727836683769226E-002
   1.0736911617086791E-002
   1.0739849899493472E-002
   1.0744923465801599E-002
   1.0754751928236644E-002
   1.0759134097408604E-002
   1.0766619474472055E-002
   1.0772674525334933E-002
   1.0800904659025792E-002
   1.0804106976401327E-002
   1.0807935748006941E-002
   1.0815409172201626E-002
   1.0822225226016821E-002
   1.0827915635913218E-002
   1.0839641961620107E-002
   1.0844525105019110E-002
   1.0857078907983847E-002
   1.0864642767993359E-002
   1.0878982088221153E-002
   1.0882949609225090E-002
   1.0891747231169613E-002
   1.0894879140616215E-002
   1.0904803449499687E-002
   1.0912158692397873E-002
   1.0917961374681691E-002
   1.0925512676848170E-002
   1.0938478350071924E-002
   1.0947659004372969E-002
   1.0951875468517381E-002
   1.0968587520023042E-002
   1.0969013686950994E-002
   1.0975614484029030E-002
   1.0980139039022355E-002
   1.0990631382554043E-002
   1.0996106541649153E-002
   1.1016566877997246E-002
   1.1027424619397302E-002
   1.1029686902994350E-002
   1.1035224375000284E-002
   1.1042392020598882E-002
   1.1050993035565228E-002
   1.1061398517423290E-002
   1.1069734710867399E-002
   1.1080794459908647E-002
   1.1083804768248240E-002
   1.1090921656676973E-002
   1.1107218444594388E-002
   1.1110756437513586E-002
   1.1115447158578486E-002
   1.1122454152789545E-002
   1.1129516044599224E-002
   1.1135222575608495E-002
   1.1143834653694090E-002
   1.1166353999249722E-002
   1.1168869346150594E-002
   1.1185573015334226E-002
   1.1187851029324798E-002
   1.1200455926171837E-002
   1.1205558966569900E-002
   1.1218545309810736E-002
   1.1221038661823873E-002
   1.1229501985682939E-002
   1.1238396005341567E-002
   1.1245375132958152E-002
   1.1252416736115298E-002
   1.1259432582560036E-002
   1.1270696354315339E-002
   1.1274114686195536E-002
   1.1279643324749412E-002
   1.1290025651656554E-002
   1.1304022152541384E-002
   1.1309517990338429E-002
   1.1317948402512776E-002
   1.1324058103973042E-002
   1.1332618585014359E-002
   1.1336448281311771E-002
   1.1340511121731135E-002
   1.1348641778013346E-002
   1.1366903755425798E-002
   1.1367679275171738E-002
   1.1381189230154415E-002
   1.1389621476991133E-002
   1.1394112642810646E-002
   1.1404603767217471E-002
   1.1411278127465407E-002
   1.1425489522817828E-002
   1.1430258221581465E-002
   1.1442324195074089E-002
   1.1447775499725199E-002
   1.1451004544366414E-002
   1.1464903956332120E-002
   1.1484787642379554E-002
   1.1495412448463041E-002
   1.1502472479678442E-002
   1.1517815201458724E-002
   1.1523360360060696E-002
   1.1529161405841018E-002
   1.1540044981385887E-002
   1.1545607026397767E-002
   1.1557573122182960E-002
   1.1561777777179866E-002
   1.1565948854698612E-002
   1.1578444897926993E-002
   1.1585996334247740E-002
   1.1590768264420754E-002
   1.1606904319184565E-002
   1.1608428833639462E-002
   1.1622329945169258E-002
   1.1637828816128466E-002
   1.1639535669975649E-002
   1.1654512716606804E-002
   1.1657717109196032E-002
   1.1670965946777185E-002
   1.1674821782183672E-002
   1.1681389524359685E-002
   1.1696278791309715E-002
   1.1714042317393654E-002
   1.1720914877479428E-002
   1.1727694015213811E-002
   1.1732195868865314E-002
   1.1753606191590911E-002
   1.1756742414273375E-002
   1.1765225125756713E-002
   1.1778511027469440E-002
   1.1781955699654494E-002
   1.1785036241052083E-002
   1.1791179624468986E-002
   1.1799250651330131E-002
   1.1813280652278463E-002
   1.1822296112789770E-002
   1.1836782239581923E-002
   1.1842075983296776E-002
   1.1853094568624588E-002
   1.1858712907032680E-002
   1.1863084163724971E-002
   1.1878386450793747E-002
   1.1889096484722689E-002
   1.1901616870209223E-002
   1.1906548725891548E-002
   1.1919965502032911E-002
   1.1935554777797718E-002
   1.1943947621485349E-002
   1.1947068070341979E-002
   1.1957129854904507E-002
   1.1964769390438772E-002
   1.1979088814733110E-002
   1.1987687379944743E-002
   1.1991561749393422E-002
   1.2000538817518152E-002
   1.2008400738593028E-002
   1.2014981578310656E-002
   1.2025320493931289E-002
   1.2029072762048601E-002
   1.2040217904054086E-002
   1.2046991352072803E-002
   1.2063882295153266E-002
   1.2068571142178207E-002
   1.2070394231710670E-002
   1.2081462410075497E-002
   1.2088080646275133E-002
   1.2098024199567873E-002
   1.2103893769177046E-002
   1.2111793152697576E-002
   1.2126879651833776E-002
   1.2143383069132929E-002
   1.2146043813309417E-002
   1.2164130484838670E-002
   1.2171189069929041E-002
   1.2179966089609513E-002
   1.2188134859889411E-002
   1.2198598727116551E-002
   1.2206791798289226E-002
   1.2212450091962245E-002
   1.2218773132685405E-002
   1.2221879761524479E-002
   1.2225613635515296E-002
   1.2242628344909801E-002
   1.2246938486919856E-002
   1.2255686205482487E-002
   1.2272844116359805E-002
   1.2281833523839688E-002
   1.2292241114280631E-002
   1.2306293240252581E-002
   1.2314797574064838E-002
   1.2320458393785771E-002
   1.2333068306846209E-002
   1.2335973550299927E-002
   1.2348490362311426E-002
   1.2359691543567876E-002
   1.2381610479501426E-002
   1.2390021266563588E-002
   1.2405221777393520E-002
   1.2410629879072240E-002
   1.2415205277452282E-002
   1.2423248809031975E-002
   1.2435559943459957E-002
   1.2451288747535861E-002
   1.2455599723755133E-002
   1.2463708498307901E-002
   1.2470867571489668E-002
   1.2478329126498532E-002
   1.2496973227116201E-002
   1.2508111183760379E-002
   1.2526141927004757E-002
   1.2531557662413923E-002
   1.2540248005685959E-002
   1.2546375237028959E-002
   1.2567556142913973E-002
   1.2580542536677649E-002
   1.2583217511065505E-002
   1.2585199793814599E-002
   1.2591808565803284E-002
   1.2597035112178722E-002
   1.2605112598775682E-002
   1.2613939522227766E-002
   1.2615608104459808E-002
   1.2620913941125295E-002
   1.2647789426036065E-002
   1.2654557857613984E-002
   1.2661720109524009E-002
   1.2674257830095988E-002
   1.2675501222063280E-002
   1.2682509636603469E-002
   1.2694645536057621E-002
   1.2711183737633441E-002
   1.2715900324499377E-002
   1.2728645726752657E-002
   1.2742502838192586E-002
   1.2751177766796054E-002
   1.2756656804471382E-002
   1.2770273693968506E-002
   1.2779740749003720E-002
   1.2781707699104940E-002
   1.2800320714882265E-002
   1.2806507913610175E-002
   1.2817279994401519E-002
   1.2819563921867536E-002
   1.2823010289060924E-002
   1.2826265028220540E-002
   1.2843732906778007E-002
   1.2863898467519733E-002
   1.2874268101765632E-002
   1.2886392912436016E-002
   1.2896803590310637E-002
   1.2905749306215325E-002
   1.2909680174883899E-002
   1.2917215670321466E-002
   1.2926745175353027E-002
   1.2941976241565007E-002
   1.2945957912873313E-002
   1.2963484346830503E-002
   1.2972992828547797E-002
   1.2982722940753108E-002
   1.2988045130521627E-002
   1.3013521869235732E-002
   1.3021671666963318E-002
   1.3023856625046926E-002
   1.3026459463065616E-002
   1.3042597336716515E-002
   1.3044830172465716E-002
   1.3058833458905086E-002
   1.3061699768749688E-002
   1.3068311565583995E-002
   1.3082776860058537E-002
   1.3104787638317617E-002
   1.3108899640948904E-002
   1.3121161529089714E-002
   1.3131139892509733E-002
   1.3148746746051465E-002
   1.3155184893094939E-002
   1.3163161841687390E-002
   1.3178048218473048E-002
   1.3192409976785969E-002
   1.3198062456929963E-002
   1.3204228568910181E-002
   1.3213329211636289E-002
   1.3218116058203782E-002
   1.3237949446830008E-002
   1.3239949976310384E-002
   1.3261721484385718E-002
   1.3271811242769896E-002
   1.3278622820056037E-002
   1.3283999423069877E-002
   1.3304732002048207E-002
   1.3306276667235155E-002
   1.3313830197605804E-002
   1.3333598482538947E-002
   1.3346277624704342E-002
   1.3352960354483943E-002
   1.3363496333534045E-002
   1.3366915217815387E-002
   1.3378168072804069E-002
   1.3392334591361726E-002
   1.3410815436984719E-002
   1.3417468237197314E-002
   1.3422722786055531E-002
   1.3426895914310814E-002
   1.3444729690037342E-002
   1.3457198061526768E-002
   1.3469331609203744E-002
   1.3472186927621777E-002
   1.3476771516613117E-002
   1.3483934340302820E-002
   1.3495869426908523E-002
   1.3506534392190192E-002
   1.3515848006136583E-002
   1.3526055967185679E-002
   1.3535260208869575E-002
   1.3547089045487643E-002
   1.3559561777782435E-002
   1.3571920789299622E-002
   1.3573145830441214E-002
   1.3589484949796896E-002
   1.3594476636832999E-002
   1.3599502818380885E-002
   1.3608419463376983E-002
   1.3623818138501800E-002
   1.3636006794175259E-002
   1.3660734286750530E-002
   1.3669395698932812E-002
   1.3673577301214804E-002
   1.3687828500596664E-002
   1.3709739908341123E-002
   1.3715331672113090E-002
   1.3720775891419087E-002
   1.3730672398446223E-002
   1.3744193823755579E-002
   1.3754636080304720E-002
   1.3766390096552863E-002
   1.3771723503184846E-002
   1.3784468802353851E-002
   1.3793646771745586E-002
   1.3796488964348761E-002
   1.3806339069425360E-002
   1.3816104300251746E-002
   1.3835130871317334E-002
   1.3839925480955443E-002
   1.3855265268543381E-002
   1.3860993705324154E-002
   1.3865066052325856E-002
   1.3870043329263866E-002
   1.3891307725795429E-002
   1.3895147588079753E-002
   1.3901090581177113E-002
   1.3914841613333768E-002
   1.3923959021238785E-002
   1.3932254661210437E-002
   1.3940406112531641E-002
   1.3952542236526477E-002
   1.3965990755557819E-002
   1.3977563979881497E-002
   1.3983478214333381E-002
   1.3992531429514147E-002
   1.3999295979170495E-002
   1.4016051155856586E-002
   1.4020556575366739E-002
   1.4027783193813054E-002
   1.4039249782155193E-002
   1.4045859982320063E-002
   1.4066648494111276E-002
   1.4070022317500989E-002
   1.4084540461581455E-002
   1.4101557302576154E-002
   1.4119636028180164E-002
   1.4129660135441084E-002
   1.4139229124977521E-002
   1.4140925396819611E-002
   1.4164968420609367E-002
   1.4175688526629425E-002
   1.4186465787441805E-002
   1.4191371572716919E-002
   1.4206915504475764E-002
   1.4225153007716819E-002
   1.4233644949059716E-002
   1.4242655004921560E-002
   1.4245555368045148E-002
   1.4254572456542365E-002
   1.4275175182331850E-002
   1.4282575040058500E-002
   1.4298548771865229E-002
   1.4307142901056611E-002
   1.4308133447175735E-002
   1.4318013984958900E-002
   1.4335702888350869E-002
   1.4341822905762452E-002
   1.4344485584358050E-002
   1.4353154184811054E-002
   1.4371050648148174E-002
   1.4392013927551527E-002
   1.4402124833938466E-002
   1.4414052879675034E-002
   1.4419748382291946E-002
   1.4425740575104323E-002
   1.4437688018921341E-002
   1.4446733336321875E-002
   1.4464540115363972E-002
   1.4467501817631659E-002
   1.4478110336822047E-002
   1.4492106863391554E-002
   1.4504264797509036E-002
   1.4518954221233782E-002
   1.4539361810738763E-002
   1.4553860633820873E-002
   1.4555618430550518E-002
   1.4575664274142230E-002
   1.4578068133539984E-002
   1.4590314373068137E-002
   1.4595997779050287E-002
   1.4616942503161061E-002
   1.4622110055957692E-002
   1.4629292789298032E-002
   1.4637250554129002E-002
   1.4649465485085856E-002
   1.4657679533539013E-002
   1.4673718773520968E-002
   1.4690111007757968E-002
   1.4700085160850878E-002
   1.4714930906582305E-002
   1.4719004102441707E-002
   1.4722490109466212E-002
   1.4753906009555610E-002
   1.4763907067664383E-002
   1.4770450051187468E-002
   1.4786333219850145E-002
   1.4795142218705464E-002
   1.4816890325830183E-002
   1.4824355213951649E-002
   1.4834506391916052E-002
   1.4860357653360412E-002
   1.4871594326873147E-002
   1.4880928129021687E-002
   1.4884446376335184E-002
   1.4892781449435202E-002
   1.4897800062381799E-002
   1.4923531796737964E-002
   1.4943802188205667E-002
   1.4948812468966828E-002
   1.4963503784557321E-002
   1.4980642081339196E-002
   1.4995575256837411E-002
   1.5010306468621556E-002
   1.5016917208521198E-002
   1.5020660629373890E-002
   1.5037798423196738E-002
   1.5043677666610711E-002
   1.5050640026090344E-002
   1.5059816862820985E-002
   1.5063185424934119E-002
   1.5081987488234461E-002
   1.5085709282490544E-002
   1.5097595580841497E-002
   1.5102406560369706E-002
   1.5122933820993278E-002
   1.5141014400311219E-002
   1.5150820862411150E-002
   1.5163399625870315E-002
   1.5173345560906522E-002
   1.5186852540989833E-002
   1.5191719501008524E-002
   1.5193797290178120E-002
   1.5205680094435183E-002
   1.5212234158856919E-002
   1.5227748075943456E-002
   1.5240228548385745E-002
   1.5262330935002793E-002
   1.5265098884324951E-002
   1.5278211768430612E-002
   1.5299132889100250E-002
   1.5320512794842955E-002
   1.5329046618972716E-002
   1.5345102026681729E-002
   1.5351408134329024E-002
   1.5364662154727588E-002
   1.5371863760622355E-002
   1.5389266947221718E-002
   1.5397776065089158E-002
   1.5423412438240473E-002
   1.5434848233335742E-002
   1.5440018661368583E-002
   1.5454968070954096E-002
   1.5475002967291205E-002
   1.5481743722894296E-002
   1.5490411581307033E-002
   1.5505899504487816E-002
   1.5533545518289105E-002
   1.5535657587768027E-002
   1.5556684200009815E-002
   1.5561931603219753E-002
   1.5571633638126067E-002
   1.5580881694965259E-002
   1.5597189924633076E-002
   1.5612713854777293E-002
   1.5627379249091602E-002
   1.5635518625856121E-002
   1.5658947794673063E-002
   1.5671927069589153E-002
   1.5692759108329742E-002
   1.5704700542191804E-002
   1.5708350643660107E-002
   1.5732760862352795E-002
   1.5746785160814302E-002
   1.5757409568193589E-002
   1.5763343443399625E-002
   1.5771475611410835E-002
   1.5799370172052785E-002
   1.5834979841718073E-002
   1.5838100961268281E-002
   1.5845061858809868E-002
   1.5855048257243685E-002
   1.5875813494532546E-002
   1.5888271593507187E-002
   1.5900098118022614E-002
   1.5913029732276943E-002
   1.5921294016673627E-002
   1.5954543451142115E-002
   1.5979957265996984E-002
   1.6002584042849231E-002
   1.6008647071795612E-002
   1.6023002852825801E-002
   1.6032773473483981E-002
   1.6054494032890981E-002
   1.6056532470220174E-002
   1.6070430847442686E-002
   1.6086942532280119E-002
   1.6107954001257786E-002
   1.6136025892949782E-002
   1.6143632854485324E-002
   1.6163999218778848E-002
   1.6173563972131842E-002
   1.6194945348852567E-002
   1.6231222344544018E-002
   1.6237906821154106E-002
   1.6251381108061524E-002
   1.6264685724333268E-002
   1.6292498341585984E-002
   1.6299358625895242E-002
   1.6318723064505800E-002
   1.6324340157680826E-002
   1.6336099272539244E-002
   1.6357412284632718E-002
   1.6381238289490403E-002
   1.6407465945682043E-002
   1.6413039741489551E-002
   1.6437013260922083E-002
   1.6461316162627439E-002
   1.6483766604941615E-002
   1.6499784559413047E-002
   1.6515922120489714E-002
   1.6523870461664533E-002
   1.6539048910664760E-002
   1.6580014979920895E-002
   1.6585521007959611E-002
   1.6604955965637311E-002
   1.6608445272552352E-002
   1.6645666929928037E-002
   1.6664185500692513E-002
   1.6673469416350027E-002
   1.6693867351964289E-002
   1.6700122572884987E-002
   1.6730990769426763E-002
   1.6743282711908839E-002
   1.6757528816956642E-002
   1.6767491755536459E-002
   1.6789154272261252E-002
   1.6792170911573014E-002
   1.6799288137670138E-002
   1.6827528800097004E-002
   1.6856183916447498E-002
   1.6874662204554032E-002
   1.6913308471117407E-002
   1.6936980163063303E-002
   1.6946497242878552E-002
   1.6963496823840681E-002
   1.6974531884727136E-002
   1.6993066045209570E-002
   1.7014209838911075E-002
   1.7041406276802794E-002
   1.7066345831406784E-002
   1.7093916990131502E-002
   1.7098482007162574E-002
   1.7124878694225572E-002
   1.7140742502401267E-002
   1.7175921292253139E-002
   1.7183014812375604E-002
   1.7197738865461498E-002
   1.7247511266213184E-002
   1.7258939049405043E-002
   1.7278944347035953E-002
   1.7302593717394350E-002
   1.7306518413314632E-002
   1.7338918106298028E-002
   1.7347361762849994E-002
   1.7382625618484630E-002
   1.7394277990868703E-002
   1.7427300280351745E-002
   1.7453344615006042E-002
   1.7460441258306991E-002
   1.7507065769561445E-002
   1.7517753885301236E-002
   1.7521655042997551E-002
   1.7538871928618568E-002
   1.7582862463342744E-002
   1.7614058223799887E-002
   1.7629093441671514E-002
   1.7689186102247751E-002
   1.7695736032316833E-002
   1.7699617838310647E-002
   1.7722380577483585E-002
   1.7751960636024994E-002
   1.7771403292969980E-002
   1.7802055162386317E-002
   1.7812777768675396E-002
   1.7837241377952503E-002
   1.7862025783026859E-002
   1.7871621007883601E-002
   1.7927326032922387E-002
   1.7938745333099596E-002
   1.7948369405378389E-002
   1.7981094401489636E-002
   1.8008243832531030E-002
   1.8022515017715401E-002
   1.8073828233808507E-002
   1.8090900242257523E-002
   1.8113782104416443E-002
   1.8120954577251998E-002
   1.8173116495141289E-002
   1.8185207676878323E-002
   1.8190664722875630E-002
   1.8229225633398259E-002
   1.8261847001750552E-002
   1.8287283701261363E-002
   1.8302081972216323E-002
   1.8315140456940673E-002
   1.8318036459433716E-002
   1.8374577359962608E-002
   1.8393435785503422E-002
   1.8407675558023105E-002
   1.8415919995845607E-002
   1.8427415869270901E-002
   1.8448282417996446E-002
   1.8478848453364796E-002
   1.8487448510461069E-002
   1.8532432717772447E-002
   1.8535221875274340E-002
   1.8546328984629729E-002
   1.8561275111952352E-002
   1.8579141316132558E-002
   1.8611672728422651E-002
   1.8623967457659787E-002
   1.8649148661086027E-002
   1.8662657659647929E-002
   1.8717572729899559E-002
   1.8768173101508277E-002
   1.8810660160308950E-002
   1.8839425321502474E-002
   1.8848360199420433E-002
   1.8905241204578371E-002
   1.8914608342162166E-002
   1.8949779241657437E-002
   1.8985606162372586E-002
   1.9027941768917027E-002
   1.9060286669466787E-002
   1.9086350134016942E-002
   1.9110659008069346E-002
   1.9115841766701797E-002
   1.9232689461829926E-002
   1.9289288138325665E-002
   1.9307246078384063E-002
   1.9332317013101032E-002
   1.9396348432199697E-002
   1.9418124491539287E-002
   1.9462167858258484E-002
   1.9503958311871510E-002
   1.9540096110992632E-002
   1.9548299934204295E-002
   1.9560789619122266E-002
   1.9633369459469793E-002
   1.9654003492241608E-002
   1.9689892989499649E-002
   1.9718286350235315E-002
   1.9757027773545020E-002
   1.9775289427607697E-002
   1.9838690672272969E-002
   1.9849777487611218E-002
   1.9886512238735762E-002
   1.9912300763492961E-002
   1.9936833912134026E-002
   1.9950403730482846E-002
   1.9985657973469829E-002
   2.0016361722772241E-002
   2.0039357003289578E-002
   2.0103419164817581E-002
   2.0159918085061002E-002
   2.0179988604046507E-002
   2.0198899588635615E-002
   2.0228054010997951E-002
   2.0251264863574897E-002
   2.0304253517387703E-002
   2.0321679430422814E-002
   2.0337429316366985E-002
   2.0362147317357762E-002
   2.0401998936230181E-002
   2.0446168223990813E-002
   2.0464938573481799E-002
   2.0494850932639194E-002
   2.0554105546691612E-002
   2.0566324511461679E-002
   2.0614457811457806E-002
   2.0724942605041291E-002
   2.0740883195232873E-002
   2.0775997889281392E-002
   2.0805670488362557E-002
   2.0846830862392900E-002
   2.0860352021518203E-002
   2.0895606616982181E-002
   2.0940661052156875E-002
   2.0949711104613182E-002
   2.0969367363359252E-002
   2.1046122298377063E-002
   2.1086159103646224E-002
   2.1092504062775009E-002
   2.1137422993195033E-002
   2.1151612953831302E-002
   2.1190202626193359E-002
   2.1232405839135229E-002
   2.1258333948789721E-002
   2.1303733967302889E-002
   2.1310160968147196E-002
   2.1374468776207450E-002
   2.1381878951547872E-002
   2.1424101799248401E-002
   2.1439289118282204E-002
   2.1466014756632543E-002
   2.1504454191420389E-002
   2.1570626465287249E-002
   2.1616408426263785E-002
   2.1627450169013039E-002
   2.1694886329640693E-002
   2.1721396527172622E-002
   2.1742468248737250E-002
   2.1821693700556460E-002
   2.1840886864106138E-002
   2.1942765152321533E-002
   2.1966228674211805E-002
   2.2023316962869646E-002
   2.2040724267961595E-002
   2.2070655132704328E-002
   2.2100738585222199E-002
   2.2134563789285903E-002
   2.2175525864723551E-002
   2.2207989642605664E-002
   2.2260270997285746E-002
   2.2331978464831169E-002
   2.2362725017013477E-002
   2.2397030782260723E-002
   2.2434763451022129E-002
   2.2467148700604841E-002
   2.2542820813646960E-002
   2.2583137338871406E-002
   2.2588642000209710E-002
   2.2649996416113101E-002
   2.2670421047622697E-002
   2.2705482520003119E-002
   2.2758807926983336E-002
   2.2784165484926445E-002
   2.2826785810020799E-002
   2.2881172226794796E-002
   2.2904852106115949E-002
   2.2950859642850589E-002
   2.3023140682305369E-002
   2.3062022089910796E-002
   2.3074856121706306E-002
   2.3205060792340700E-002
   2.3230904819729916E-002
   2.3300884668248478E-002
   2.3345380440394942E-002
   2.3409835837213126E-002
   2.3461374795717263E-002
   2.3502406093739818E-002
   2.3573326832039002E-002
   2.3645215661424995E-002
   2.3703636846055122E-002
   2.3725756569245623E-002
   2.3736427712724564E-002
   2.3843231739675921E-002
   2.3922036985855748E-002
   2.3952842638534030E-002
   2.4122246042756972E-002
   2.4131503523825492E-002
   2.4207649850352880E-002
   2.4221977586233432E-002
   2.4245367547864202E-002
   2.4250286443614748E-002
   2.4315802993107174E-002
   2.4363039784407965E-002
   2.4412564255079351E-002
   2.4464232459376449E-002
   2.4507123438013326E-002
   2.4547193386008810E-002
   2.4597761773350168E-002
   2.4613096872562867E-002
   2.4664558810193339E-002
   2.4700832437777872E-002
   2.4740138569122536E-002
   2.4745786313625111E-002
   2.4795980742527743E-002
   2.4848658491594164E-002
   2.4864278159419145E-002
   2.4946555571822886E-002
   2.5008453881184251E-002
   2.5054139238974763E-002
   2.5199064298340949E-002
   2.5256799351367310E-002
   2.5278169560567915E-002
   2.5307713408939527E-002
   2.5340962622261230E-002
   2.5374550547382725E-002
   2.5381970085507511E-002
   2.5470394363383331E-002
   2.5513163895440911E-002
   2.5569855049695393E-002
   2.5617935019071281E-002
   2.5677903629332532E-002
   2.5762239482110177E-002
   2.5777944715204525E-002
   2.5798008729536692E-002
   2.5820497708449405E-002
   2.5999132995916226E-002
   2.6026000485043478E-002
   2.6071916493356086E-002
   2.6115033058309114E-002
   2.6236649452717826E-002
   2.6285459699179579E-002
   2.6340774605708377E-002
   2.6369619244319780E-002
   2.6462657787329282E-002
   2.6490722835750911E-002
   2.6607645339080149E-002
   2.6625496473902544E-002
   2.6663978977744404E-002
   2.6738845668218280E-002
   2.6779040373134059E-002
   2.6808474867564470E-002
   2.6957893414362465E-002
   2.6994004724304566E-002
   2.7068148835793067E-002
   2.7248879762018726E-002
   2.7272215937665885E-002
   2.7298346637559270E-002
   2.7346338442012799E-002
   2.7568225707738220E-002
   2.7579681170790557E-002
   2.7602934588550641E-002
   2.7648179699719420E-002
   2.7687769892796792E-002
   2.7705741317752903E-002
   2.7747280889367728E-002
   2.7867735177905952E-002
   2.8019227157747358E-002
   2.8092016089112177E-002
   2.8275462677798336E-002
   2.8293189410483793E-002
   2.8322391170910677E-002
   2.8513907344415869E-002
   2.9024174033212037E-002
   2.9192772231150129E-002
   2.9204553799796855E-002
   2.9246758591674492E-002
   2.9342824969582907E-002
   2.9643079490650093E-002
   2.9740531798266481E-002
   2.9798670298823288E-002
   2.9903972540958910E-002
   2.9939286632013569E-002
   3.0003079109280222E-002
   3.0176423575675321E-002
   3.0199895218954782E-002
   3.0273123033863786E-002
   3.1093842734539169E-002
   3.1209572891040618E-002
   3.1229986809198199E-002
   3.1474067879383776E-002
   3.1863790937634230E-002
   3.1896073339752008E-002
   3.1934706792071325E-002
   3.2030109714219053E-002
   3.2228721310004593E-002
   3.2289978308868886E-002
   3.2481678077858789E-002
   3.2791533605938297E-002
   3.2873113186994464E-002
   3.2987632894147516E-002
   3.2988426340446339E-002
   3.3485748807169771E-002
   3.3624526390248911E-002
   3.3898789667900893E-002
   3.4171696212814850E-002
   3.4619569316985850E-002
   3.5306808287759589E-002
   3.5632596030500299E-002
   3.5714900443261706E-002
   3.5914910022841633E-002
   3.6010931019018672E-002
   3.6136459335846680E-002
   3.6511275446595964E-002
   3.6647393927907543E-002
   3.6860130533058567E-002
   3.7022312802953754E-002
   3.7578228638294985E-002
   3.7763885585938343E-002
   3.7803642186423916E-002
   3.9046914540203655E-002
   3.9618755396485315E-002
   3.9712721876444028E-002
   4.0202508767848331E-002
   4.1083758109270077E-002
   4.1426506888348397E-002
   4.2068613282794390E-002
   4.3133734298302175E-002
   4.3935148092747706E-002
   4.4656240786395039E-002
   4.4802110307512827E-002
   4.5007506766440615E-002
   4.5570980932966174E-002
   4.5993199524134540E-002
   4.6884563223185231E-002
   4.7623547681813427E-002
   5.0617994638879379E-002
   6.9187129477524797E-002
   7.2142950724427904E-002
   7.4466455416812724E-002
   7.6427790536797338E-002
   7.6663813471078771E-002
   7.8032911576758637E-002
   8.0722168257494217E-002
   8.0883209578788751E-002
   8.1720541250697554E-002
   8.3772583590269276E-002
   8.4304949577286931E-002
   8.4482691355314318E-002
   8.5815535215003819E-002
   8.8263464831799157E-002
   8.9353095362401297E-002
   9.0041903319040911E-002
   9.1354000837285565E-002
   9.1449827105164347E-002
   9.2642858822560306E-002
   9.3000556815440186E-002
   9.3323492082028475E-002
   9.3987919553320781E-002
   9.5848210178951523E-002
   9.6330263196074878E-002
   9.7315096977125912E-002
   9.7417869068074384E-002
   9.9917771698603747E-002
  0.10022165288734289     
  0.10155922408010074     
  0.10236698158891071     
  0.10316923108222002     
  0.10529459056643051     
  0.10684903904422979     
  0.10753615916681580     
  0.10778154840631410     
  0.11030787670110723     
  0.11037553691525026     
  0.11103736251143896     
  0.11164999065024148     
  0.11286272544277745     
  0.11314687248966776     
  0.11346894048529202     
  0.11514516208976390     
  0.11554508033678990     
  0.11570136031929250     
  0.11581230739742271     
  0.11599080659125693     
  0.11706910341803396     
  0.11707029476334516     
  0.11718691246332921     
  0.11813222542715637     
  0.11956383585163376     
  0.12088856911796859     
  0.12135479149868683     
  0.12181068322210653     
  0.12258234136149025     
  0.12335902680362590     
  0.12393223620882991     
  0.12476560242100775     
  0.12590711793857193     
  0.12600312062422372     
  0.12714502571940126     
  0.12795245405164479     
  0.12855557496388501     
  0.13138239120996983     
  0.13144420431418455     
  0.13152450365577323     
  0.13236547362921045     
  0.13273943599709323     
  0.13383197904442629     
  0.13585936950701294     
  0.13774861374596067     
  0.14241833919501493     
  0.14333342373844654     
  0.14336896392161494     
  0.14502745279850598     
  0.14549055870896765     
  0.14639912109674477     
  0.14673314462998072     
  0.14854457299682183     
  0.14908087979321535     
  0.15005077686954202     
  0.15329299141372188     
  0.15399740268561149     
  0.15580551192701061     
  0.15683233000250402     
  0.15702660222753248     
  0.15761588527522191     
  0.16093248644161026     
  0.16103237846415891     
  0.16142894235009206     
  0.16258742711850538     
  0.16617589561234353     
  0.16649622413707083     
  0.16859469954136719     
  0.16958354160362935     
  0.16966129023114018     
  0.17178930563194683     
  0.17256067668851491     
  0.17393984528160747     
  0.17571030634345705     
  0.17861709444849688     
  0.17877627627317028     
  0.18088302998173120     
  0.18236322123748203     
  0.18487655930551986     
  0.18764176618134978     
  0.18774193401448000     
  0.18775181997260168     
  0.18802602969064869     
  0.18914927412101248     
  0.18922624822888359     
  0.19226807974665383     
  0.19333608102255084     
  0.19373589993705692     
  0.19478433281434127     
  0.19506501225769898     
  0.19587986146065836     
  0.19624826635666642     
  0.19660944570806702     
  0.19708781764671704     
  0.19895269117732603     
  0.19907069401610730     
  0.20064338934755202     
  0.20362919853440664     
  0.20499017438608258     
  0.20677830189905627     
  0.20678926772662176     
  0.20716419787066723     
  0.20867752113026317     
  0.21087103568030396     
  0.21090699066925936     
  0.21135473329694762     
  0.21405326233560379     
  0.21466770085733708     
  0.21617600582530405     
  0.22065985476322342     
  0.22067547601284207     
  0.22273965115005315     
  0.22280765752632370     
  0.22479716742988434     
  0.22878147352822761     
  0.23052596522962049     
  0.23386848020218837     
  0.24013451398070354     
  0.24124388395667559     
  0.25423493007737846     
  0.68763010148714954     
  0.68879380256643052     
  0.68902976910346114     
  0.69183102505835359     
  0.69363976150362361     
  0.69943574008300602     
  0.69957030233018469     
  0.69969385586109489     
  0.70060448051694224     
  0.70148068837667310     
  0.70219622425416595     
  0.70356291830735973     
  0.70369949082073424     
  0.70373885985912599     
  0.70619241789759546     
  0.70636944373119981     
  0.70671461716644923     
  0.70705530864470290     
  0.70948844770333874     
  0.71031862998502604     
  0.71172915234722423     
  0.71217603940143570     
  0.71374431464506338     
  0.71598056335058935     
  0.71723273859614212     
  0.71763576979338262     
  0.71882341821614415     
  0.72210240640260759     
  0.72273906943921462     
  0.72334120618913311     
  0.72405314456223135     
  0.72411414883571712     
  0.72536911382872682     
  0.72733978459823323     
  0.72817630505368058     
  0.72985391278260936     
  0.73004464487592979     
  0.73362187438525694     
  0.73379697858511617     
  0.73512140481090549     
  0.73600601718220227     
  0.73872948104634184     
  0.73993160598925534     
  0.74210211120306402     
  0.74262427267594500     
  0.74418952130667315     
  0.74549548508388019     
  0.74639013362435380     
  0.74723031501797932     
  0.74871038785914812     
  0.75072029419965181     
  0.75140944807043486     
  0.75243871064269419     
  0.75354668505807176     
  0.75784785458813753     
  0.75861554297522804     
  0.76035356527922471     
  0.76083765946390225     
  0.76224607179175563     
  0.76322282904704197     
  0.76438139926684245     
  0.76760023128308319     
  0.76830790888178568     
  0.76853254875625954     
  0.77088172771537744     
  0.77159143397568053     
  0.77187282746979335     
  0.77400893696988626     
  0.77417825073414170     
  0.77546742962392545     
  0.77710988782981449     
  0.77941666133166709     
  0.77991449089092579     
  0.78414078679895982     
  0.78544182454911116     
  0.78610979853708784     
  0.78738278798302830     
  0.78878171522814733     
  0.79133979117418185     
  0.79282528063718005     
  0.79324457385152913     
  0.79561786214442931     
  0.79602906407235718     
  0.79837667970438242     
  0.80044639124917116     
  0.80189653624616297     
  0.80338883226747682     
  0.80408444491390973     
  0.80554646184189971     
  0.80756093495032510     
  0.80843861306283593     
  0.81495968409346464     
  0.81513886247401679     
  0.81738667092962936     
  0.82167806679358735     
  0.82288540938342636     
  0.82540009804768677     
  0.82638780817556678     
  0.82810993187302462     
  0.83055836192635146     
  0.83147285284006134     
  0.83348443328911603     
  0.83706479303052450     
  0.83866427393005571     
  0.84020798147763409     
  0.84213834307457602     
  0.84234263217704819     
  0.84655130813089430     
  0.84857077101011535     
  0.84896691705912819     
  0.85476902938528043     
  0.86178547025470831     
  0.86489758459158628     
  0.86655675828754763     
  0.87026604389961038     
  0.87188328320814668     
  0.87472300813982606     
  0.87689176660579848     
  0.87786941569417065     
  0.87977661048208577     
  0.88225141835305187     
  0.88232411148451306     
  0.88401071756889227     
  0.88586195814837765     
  0.88744629316834567     
  0.88866470664814923     
  0.89213896401760717     
  0.89381211125682059     
  0.90009737033784776     
  0.90079175206964013     
  0.90087804117093839     
  0.90182074200893891     
  0.90227155054272590     
  0.90631068167608586     
  0.90918888887089933     
  0.90931712055541536     
  0.91307289252404578     
  0.91371040065462983     
  0.91389071962747581     
  0.91827548998707664     
  0.91947389483688957     
  0.92055153410839385     
  0.92192055401178163     
  0.92214064553189423     
  0.92215348386324802     
  0.92834493878273061     
  0.93101658256087294     
  0.93276848883529184     
  0.93865277573466410     
  0.94041851834048840     
  0.94241900505632270     
  0.94364227524363065     
  0.94709945492719849     
  0.94764402936703440     
  0.94864465931641595     
  0.94950937031968463     
  0.95180912136141460     
  0.95248901476092607     
  0.95666479464374798     
  0.95824254490352800     
  0.95941912252521233     
  0.96007060366506214     
  0.96150648331779587     
  0.96266391193239020     
  0.96297863815977836     
  0.96537978353191034     
  0.96591393811381399     
  0.96646549442749363     
  0.96731469300297857     
  0.96862698800816383     
  0.96963765723281226     
  0.97000170696240806     
  0.97191194464800301     
  0.97248849245416069     
  0.97285874542357309     
  0.97696286851635616     
  0.97791963703928153     
  0.97938419225498241     
  0.97982008050218505     
  0.98121199602688824     
  0.98390942202872500     
  0.98772231348280859     
  0.99560202403194020     
   1.0081961357200997     
   1.0759321714559438     
   1.0924577555582597     
   1.0954948988109097     
   1.1205452048317166     
   1.1227465960319174     
   1.1257845899466004     
   1.1348914682949065     
   1.1358546991410867     
   1.1425155879487878     
   1.1464555480086958     
   1.1486518428839534     
   1.1498649347660364     
   1.1520673551598630     
   1.1550326783973743     
   1.1554083594901701     
   1.1661137574298934     
   1.1699285929987724     
   1.1722820113995309     
   1.1723351150491432     
   1.1743544323569490     
   1.1790142629878413     
   1.1804882397073293     
   1.1822121108422836     
   1.1835559399979343     
   1.1851639639670228     
   1.1879981670173538     
   1.1910870839655170     
   1.1920553098408344     
   1.1941521642080939     
   1.1950853906953320     
   1.1958954393694288     
   1.1990523558618649     
   1.2053547219977998     
   1.2056694462526518     
   1.2079085543230275     
   1.2080902090285270     
   1.2129944548658096     
   1.2141330703668247     
   1.2192567078332452     
   1.2205003093112645     
   1.2207282262577035     
   1.2243848768011643     
   1.2263771675869601     
   1.2268348927478996     
   1.2390244967355322     
   1.2429088428100408     
   1.2491890775787973     
   1.2504442578196464     
   1.2512141328721638     
   1.2532292474307891     
   1.2535528212377460     
   1.2537029305063749     
   1.2589641409609365     
   1.2666385722350217     
   1.2675673137167858     
   1.2739652841968003     
   1.2739910043558178     
   1.2786216935720272     
   1.2851910241448914     
   1.2858455100973545     
   1.2985144380165921     
   1.2991341913538421     
   1.2997292508026046     
   1.3008710245021662     
   1.3017572454760054     
   1.3040267303926403     
   1.3052503791669312     
   1.3055363135407148     
   1.3091414647274484     
   1.3124481988346381     
   1.3146800663158007     
   1.3152864330577563     
   1.3157393420366164     
   1.3250638545156870     
   1.3267176909238230     
   1.3303600831756339     
   1.3315617268981819     
   1.3333490647062654     
   1.3379546451876443     
   1.3474476785967902     
   1.3478837225726237     
   1.3510739949360744     
   1.3529428184408487     
   1.3554257114669468     
   1.3563297517837831     
   1.3614247889127864     
   1.3635014562903118     
   1.3652429275025864     
   1.3653647171500269     
   1.3676624710265679     
   1.3748595871154778     
   1.3807709059756077     
   1.3849880310381681     
   1.3861780802783363     
   1.3869231669639239     
   1.3888003365727830     
   1.3889342726865648     
   1.3890705045992906     
   1.3905758292451749     
   1.3942754698321096     
   1.3945528545926569     
   1.3999350007650389     
   1.4015882341373407     
   1.4042660089203560     
   1.4048336423988883     
   1.4081211346855329     
   1.4101288446475078     
   1.4129088172082211     
   1.4157788478675688     
   1.4163169818229338     
   1.4179251841298344     
   1.4192872466991118     
   1.4233143749334267     
   1.4244608059562278     
   1.4370213569730179     
   1.4414453343435742     
   1.4494420685483567     
   1.4557850847987088     
   1.4560705623174606     
   1.4623403621899518     
   1.4629461033321700     
   1.4662029422241423     
   1.4663619408587154     
   1.4687074916378999     
   1.4699501462265978     
   1.4742055667389837     
   1.4747641621180212     
   1.4771613688589103     
   1.4774215077187760     
   1.4813346531437848     
   1.4856160632804560     
   1.4863283005780401     
   1.4936293928391153     
   1.4938923836614937     
   1.5048980538483878     
   1.5050681629539773     
   1.5060168482998406     
   1.5076468026213539     
   1.5080032760899609     
   1.5105701591140954     
   1.5188090305437043     
   1.5213796410778404     
   1.5241662250414847     
   1.5344265987137162     
   1.5412448593627717     
   1.5429693423852247     
   1.5447960198572459     
   1.5456969193548122     
   1.5478590513658679     
   1.5483470398359069     
   1.5484703900734558     
   1.5516370511266737     
   1.5529832036334181     
   1.5542700358923272     
   1.5571680223317623     
   1.5585820319656194     
   1.5607910568126797     
   1.5634400312291297     
   1.5641768001124483     
   1.5725962475969957     
   1.5802207713638741     
   1.5818797057991809     
   1.5882489480023081     
   1.5885987202679772     
   1.5994780178705053     
   1.6012452142286759     
   1.6107964830828725     
   1.6108101109185056     
   1.6164681642088188     
   1.6256107680795342     
   1.6293184357878887     
   1.6305178496577903     
   1.6324678899425982     
   1.6474397135713004     
   1.6484935379881283     
   1.6498260920740109     
   1.6630436053651012     
   1.6698675238604861     
   1.6989177205069022     
   1.6997929265847875     
   1.7006761648791939     
   1.7015311158889719     
   1.7027000268479457     
   1.7040481977026023     
   1.7041139263061809     
   1.7120169510805028     
   1.7262132121607903     
   1.7293739146865221     
   1.7301332563798439     
   1.7317554122297145     
   1.7342335325658456     
   1.7374428783710161     
   1.7598833512128016     
   1.7637169483378721     
   1.7648167141563893     
   1.7650807417959726     
   1.7684759836433490     
   1.7688804745153359     
   1.7701967208992300     
   1.7851803177258883     
   1.7867503577155239     
   1.7909776517984322     
   1.7928889683718463     
   1.7969137838435556     
   1.7970468681582858     
   1.7971982000025022     
   1.7986403713889656     
   1.8019501270126974     
   1.8034261608338551     
   1.8040402700237295     
   1.8055497008083212     
   1.8059341736915095     
   1.8063684017599808     
   1.8068649804025858     
   1.8086975044479094     
   1.8088451133757881     
   1.8095327966756127     
   1.8137861323931017     
   1.8143382308841869     
   1.8167694619286223     
   1.8181478395252268     
   1.8195315377928480     
   1.8263633842050713     
   1.8268432849747560     
   1.8287336041081157     
   1.8311458952641726     
   1.8320620991383132     
   1.8331741077989587     
   1.8334915599824286     
   1.8337412446269308     
   1.8341415630722280     
   1.8385269825304207     
   1.8430710754974275     
   1.8438339896151510     
   1.8442297313459013     
   1.8508842529218550     
   1.8510705880039584     
   1.8515426103852046     
   1.8524553384983773     
   1.8583648180178514     
   1.8599821078119736     
   1.8617265976947117     
   1.8668604509087319     
   1.8677703521690974     
   1.8689773410907937     
   1.8715052586966878     
   1.8724160849974529     
   1.8751668130936616     
   1.8759075778306153     
   1.8760360270693184     
   1.8780141416309890     
   1.8782501302671946     
   1.8792404268362561     
   1.8813390722889212     
   1.8830218137243042     
   1.8836642851433119     
   1.8842186751615340     
   1.8851135140788127     
   1.8856827946379204     
   1.8869832544002256     
   1.8877023905034334     
   1.8908271717215950     
   1.8909726018683168     
   1.8942271736438592     
   1.8949728268904111     
   1.8973579821801152     
   1.9013229792133708     
   1.9064358133672836     
   1.9082633903892188     
   1.9096940586943620     
   1.9107751094975285     
   1.9135082067291902     
   1.9147139951077723     
   1.9159789916786099     
   1.9167729042682133     
   1.9183911079677665     
   1.9220289074722929     
   1.9224407502436476     
   1.9231490875014554     
   1.9277593398432245     
   1.9284426858836101     
   1.9289046834495958     
   1.9293999585175592     
   1.9316038053067723     
   1.9368554542839769     
   1.9389563699643848     
   1.9390001473317007     
   1.9402867264069836     
   1.9414343867325070     
   1.9433907408384081     
   1.9476752213490274     
   1.9482021746439020     
   1.9506892070085686     
   1.9540782926654143     
   1.9564454528231541     
   1.9580553109049237     
   1.9581260421348090     
   1.9594103344549358     
   1.9599771442131610     
   1.9658225929510771     
   1.9678471352872422     
   1.9681396243682399     
   1.9715908204381853     
   1.9719273600661877     
   1.9736925602639781     
   1.9740914032094738     
   1.9747689944831222     
   1.9778375037106131     
   1.9783774808862307     
   1.9792455798848334     
   1.9807792775004176     
   1.9811769173082663     
   1.9832700123637292     
   1.9838953323051849     
   1.9857571027938790     
   1.9880652619471550     
   1.9894105202795462     
   1.9906343168123588     
   1.9915774597494988     
   1.9920196408612225     
   1.9927453709622798     
   1.9949948101892585     
   1.9950050753748083     
   1.9963286738870614     
   1.9971127892253500     
   1.9994170432987726     
   2.0002408403486158     
   2.0011752021148483     
   2.0016490103542739     
   2.0018294726571777     
   2.0023257181235730     
   2.0037269110236275     
   2.0047034729476310     
   2.0052256481978521     
   2.0053388585249983     
   2.0063642216656556     
   2.0069432421053586     
   2.0070963173355811     
   2.0076596565278173     
   2.0092294034851514     
   2.0115101389276795     
   2.0119117629685226     
   2.0127135822878968     
   2.0134962971249855     
   2.0137361328344303     
   2.0177961924258367     
   2.1244288861863092     
   2.1275136599226525     
   2.1653719908625204     
   2.1701538674706522     
   2.1713351009962718     
   2.1777023596336593     
   2.1795510398456535     
   2.1798354240280799     
   2.1813235921143681     
   2.1833666297306777     
   2.1834035597614534     
   2.1871020374985748     
   2.1902899191902585     
   2.1950694366616155     
   2.1974344306614437     
   2.2005840917999211     
   2.2015609569983967     
   2.2064981805378592     
   2.2074632383505679     
   2.2091998472232461     
   2.2096128482611732     
   2.2108275839810627     
   2.2125970959421597     
   2.2156904304588148     
   2.2166860660890926     
   2.2246877390471034     
   2.2294770032307190     
   2.2321786946005906     
   2.2332372069530191     
   2.2369810076856265     
   2.2387439717089381     
   2.2516420334305174     
   2.2933726870215496     
   2.3046969102880652     
   2.3151827530355247     
   2.3172797711550159     
   2.3177623176237589     
   2.3203851948908838     
   2.3226559237977931     
   2.3241834517483699     
   2.3251617728521734     
   2.3262907189517019     
   2.3305467882671476     
   2.3311961614878602     
   2.3318256476807435     
   2.3348639044055970     
   2.3380603758284653     
   2.3400767954851509     
   2.3422678957725935     
   2.3441882392839015     
   2.3447588235780952     
   2.3468886940559424     
   2.3479178862394754     
   2.3484534648456878     
   2.3499421554659308     
   2.3515772639295229     
   2.3540946626702057     
   2.3554110180843493     
   2.3564998822832823     
   2.3594515447648341     
   2.3617740127203435     
   2.3618547448555631     
   2.3618836422595297     
   2.3623625243672048     
   2.3682913051376668     
   2.3707199643427366     
   2.3726885792747816     
   2.3760401885735023     
   2.3768478050749748     
   2.3802299297348450     
   2.3803982954587712     
   2.3813158823626734     
   2.3816392679624667     
   2.3818956272786527     
   2.3884590093238685     
   2.3897348828281602     
   2.3899247021294081     
   2.3921041879255078     
   2.3931312892386729     
   2.3945586870708788     
   2.3952409493326652     
   2.3984894866082160     
   2.3985372833031176     
   2.4002444022648248     
   2.4010276898144833     
   2.4023870583983551     
   2.4044713764199814     
   2.4048380509380105     
   2.4063679299935781     
   2.4088791136590499     
   2.4092751629011935     
   2.4099639197701546     
   2.4103835024531226     
   2.4134044683942983     
   2.4155918137573757     
   2.4171967936518195     
   2.4219544099879537     
   2.4233622137400430     
   2.4252678055866483     
   2.4260934699909051     
   2.4284502347845933     
   2.4289337482620414     
   2.4313674795214353     
   2.4353062006934354     
   2.4360595927202895     
   2.4382129447118235     
   2.4414409141102009     
   2.4421574858368538     
   2.4424784924282799     
   2.4426779544846022     
   2.4449486236187670     
   2.4454385179895244     
   2.4472991668346715     
   2.4485245592914802     
   2.4486479759113968     
   2.4536542565628454     
   2.4569739660040448     
   2.4586593627858058     
   2.4600383776379928     
   2.4604827220444427     
   2.4639352111880157     
   2.4660505382620928     
   2.4665953770366680     
   2.4676100018909635     
   2.4688297592465118     
   2.4688597175154157     
   2.4740377125136064     
   2.4747553939426044     
   2.4761718272700874     
   2.4763609119578525     
   2.4777727768128308     
   2.4778823120728108     
   2.4786378449939943     
   2.4891000167236266     
   2.4891882836233763     
   2.4925708515058820     
   2.4925777454105567     
   2.4938924855833138     
   2.4943307185754349     
   2.4950496284798684     
   2.4951471111671784     
   2.4972778839881347     
   2.4982633828364667     
   2.4990491538806721     
   2.4995245193106439     
   2.5009081709048755     
   2.5015602697783201     
   2.5017210694662175     
   2.5038014421063801     
   2.5042036443020610     
   2.5043226963615162     
   2.5045387315900745     
   2.5054243651886314     
   2.5055888300335392     
   2.5061382237545886     
   2.5070655462239588     
   2.5087662975551153     
   2.5089907603740773     
   2.5109365722589367     
   2.5110045731646555     
   2.5119815951864055     
   2.5122736386839422     
   2.5147581187951027     
   2.5160038145383119     
   2.5160862862284539     
   2.5198170992282942     
   2.5249946239995595     
   2.5282444946620473     
   2.5311799313066459     
   2.5314133646215131     
   2.5314739786469884     
   2.5332529204965373     
   2.5333089923541374     
   2.5353638374996903     
   2.5357703365119497     
   2.5391664926543038     
   2.5395688080843177     
   2.5410510378345559     
   2.5427455629764815     
   2.5441753331436008     
   2.5492854095798507     
   2.5509015699255766     
   2.5549713796882521     
   2.5551783403108201     
   2.5602802608115569     
   2.5620000792623516     
   2.6095899944294523     
   2.6098397520062910     
   2.6113397837104908     
   2.6126400808718451     
   2.6129892746774752     
   2.6153941962828839     
   2.6170706632771656     
   2.6172265720499372     
   2.6172507402539513     
   2.6173972678329029     
   2.6195472331896856     
   2.6198890730987809     
   2.6212542905218754     
   2.6225950212673932     
   2.6237852533877422     
   2.6239765378017594     
   2.6243004542934334     
   2.6247969338599169     
   2.6263046194585629     
   2.6264344676401268     
   2.6265652321788391     
   2.6267174615437865     
   2.6268101456276205     
   2.6295547820164451     
   2.6320288973193375     
   2.6340127064036372     
   2.6352148187202316     
   2.6392631909130708     
   2.6408648749299202     
   2.6441216394609754     
   2.6447479922357240     
   2.6475023680347833     
   2.6499962819806862     
   2.6506738669391319     
   2.6519732990329419     
   2.6519849422605786     
   2.6520675045391333     
   2.6585834590520654     
   2.6595959322374285     
   2.6596214900301822     
   2.6600373412554577     
   2.6617937383060855     
   2.6618444939086849     
   2.6641394037055774     
   2.6650298718642214     
   2.6655027582894326     
   2.6655569769258567     
   2.6666396004470991     
   2.6703605712202827     
   2.6715781946720756     
   2.6721739170001517     
   2.6726153782398456     
   2.6730617961292205     
   2.6731021344988029     
   2.6740261337405489     
   2.6741298458792775     
   2.6742719362753724     
   2.6743094461639849     
   2.6744018830776319     
   2.6747547778969389     
   2.6753201297874734     
   2.6771485016188890     
   2.6777561526347045     
   2.6783203938689719     
   2.6794840409114138     
   2.6795964175807812     
   2.6800713356088592     
   2.6801575808660707     
   2.6803133559766508     
   2.6805299649142711     
   2.6813189657734635     
   2.6818669237671409     
   2.6820995711661548     
   2.6825555094722167     
   2.6825747507053821     
   2.6831718861199518     
   2.6834539754653446     
   2.6835428379044006     
   2.6835927444278171     
   2.6849870560339553     
   2.6855992515766736     
   2.6867919116962109     
   2.6892019313183626     
   2.6901155626117692     
   2.6904123596370964     
   2.6909491699541155     
   2.6912052779180597     
   2.6920589289146046     
   2.6920803213063560     
   2.6925760921213135     
   2.6938374997538648     
   2.6966180638662749     
   2.6985286279415663     
   2.7002910897111825     
   2.7012206116407884     
   2.7031646874682926     
   2.7043204854966105     
   2.7079842081953589     
   2.7101670841785710     
   2.7133489961629937     
   2.7158755837201003     
   2.7200882066072767     
   2.7275896686296428     
   2.7296033748405040     
   2.7327720393530006     
   2.7345664487501637     
   2.7404989427747917     
   2.7439671683370861     
   2.7440394073270333     
   2.7533137474918781     
   2.7618007318826296     
   2.7622570250866829     
   2.7624849331810535     
   2.7635851492134829     
   2.7654571902293106     
   2.7673066322133306     
   2.7686444416176781     
   2.7694419660193992     
   2.7705806400767892     
   2.7714928667660033     
   2.7718802846657531     
   2.7731038592751704     
   2.7741700574306303     
   2.7742594260322750     
   2.7743168756576306     
   2.7756075595298264     
   2.7782300695318116     
   2.7789145325416240     
   2.7796657591880924     
   2.7801765100849618     
   2.7823083733576492     
   2.7879243535764977     
   2.7888958944495816     
   2.7899737076676221     
   2.7921667736602971     
   2.7936266815501010     
   2.7943746475104700     
   2.7960267342840348     
   2.7971867655886435     
   2.8023177075293102     
   2.8107888280938602     
   2.8108947110478018     
   2.8109659672110361     
   2.8136343505812857     
   2.8146092649836714     
   2.8150578635771630     
   2.8151184970153516     
   2.8156677272222059     
   2.8156744048439797     
   2.8157454628153529     
   2.8161180323040185     
   2.8161405434701954     
   2.8163060859876246     
   2.8165811630398694     
   2.8166301067011230     
   2.8169823040764639     
   2.8182381814025650     
   2.8187235186226736     
   2.8187758878300797     
   2.8193821267223003     
   2.8200494597371097     
   2.8230996312380312     
   2.8243347857769630     
   2.8265914912145007     
   2.8266420827045655     
   2.8287051972954900     
   2.8298085504631274     
   2.8301227787726075     
   2.8310758928254973     
   2.8316929878675454     
   2.8329711987689574     
   2.8330840389198335     
   2.8339796177817540     
   2.8344291850303573     
   2.8356267195264837     
   2.8364687065930281     
   2.8366416053158829     
   2.8366426816014183     
   2.8381512174138308     
   2.8383367060827922     
   2.8412753868031917     
   2.8435172360710115     
   2.8441058220934088     
   2.8445063373997468     
   2.8449023393681112     
   2.8453090106530938     
   2.8455020256553016     
   2.8463504520046143     
   2.8467580287243530     
   2.8469162745936547     
   2.8469585744295034     
   2.8469893672982058     
   2.8478360868144650     
   2.8479660994308813     
   2.8484215829589559     
   2.8484735218664423     
   2.8487664240050581     
   2.8504491358160049     
   2.8504810380379570     
   2.8512737613189678     
   2.8524829460608983     
   2.8525611306658472     
   2.8529080764727017     
   2.8549803760732608     
   2.8566714024050790     
   2.8569064494155767     
   2.8570045587296247     
   2.8576192396915867     
   2.8586798962174407     
   2.8594125936371317     
   2.8611005568691215     
   2.8613093483816989     
   2.8615146163238845     
   2.8624212849096717     
   2.8629744813545295     
   2.8632402409477025     
   2.8639578857786443     
   2.8649467757479541     
   2.8650303669123405     
   2.8650790582391847     
   2.8656420498547193     
   2.8658312728011639     
   2.8663385411896658     
   2.8675821371403822     
   2.8679738699272130     
   2.8684356530872490     
   2.8695726883684451     
   2.8705112095680314     
   2.8708175910204838     
   2.8709808444721427     
   2.8717542074504010     
   2.8721300929430451     
   2.8721733764396777     
   2.8730899228723374     
   2.8756042086961000     
   2.8757384863284541     
   2.8758711368889900     
   2.8763689538662707     
   2.8767962188299978     
   2.8769876148586278     
   2.8773558841402247     
   2.8790095618543869     
   2.8794866933118639     
   2.8803907424936845     
   2.8809663444837099     
   2.8828236494919146     
   2.8828545504904222     
   2.8833846366671074     
   2.8841734584120164     
   2.8851684215355036     
   2.8857141124916987     
   2.8859290081432865     
   2.8859855810710235     
   2.8865799967465966     
   2.8871149080436234     
   2.8876601168275782     
   2.8881423837492211     
   2.8893463852977477     
   2.8893941743212150     
   2.8896041016241534     
   2.8908462125105463     
   2.8916691395131795     
   2.8917137216695785     
   2.8920852336776615     
   2.8922113273455765     
   2.8929732490464226     
   2.8930094779018649     
   2.8933896323365826     
   2.8953273460085116     
   2.8963051230914605     
   2.8964920821677049     
   2.8969691813770906     
   2.8972658651292629     
   2.8974515380777897     
   2.8975281627095910     
   2.8983380740491160     
   2.8993967165209460     
   2.9002006570744654     
   2.9003865288631614     
   2.9007195763380107     
   2.9015059568129340     
   2.9017855599543214     
   2.9022203875984047     
   2.9027050937280130     
   2.9040045363075309     
   2.9042851268324146     
   2.9046514195776885     
   2.9050644772435685     
   2.9055513710465268     
   2.9055713040649458     
   2.9058231026010217     
   2.9063141210980215     
   2.9072482625551781     
   2.9080855200143287     
   2.9087736649205351     
   2.9090006420297989     
   2.9091461809212795     
   2.9095464266242339     
   2.9100098455689496     
   2.9100739775904136     
   2.9103431475942836     
   2.9106846376192594     
   2.9112303618378172     
   2.9112553832817119     
   2.9112657425376938     
   2.9121297127672126     
   2.9122344659288402     
   2.9130020945055581     
   2.9139794750545538     
   2.9139812114536823     
   2.9141906947076990     
   2.9144272473590487     
   2.9145386315632411     
   2.9152884127903089     
   2.9153565297080015     
   2.9180648969128362     
   2.9195368788738927     
   2.9199836706026123     
   2.9211488913009402     
   2.9213241903785021     
   2.9239235080278143     
   2.9309281417491508     
   2.9341471713061420     
   2.9405738509703365     
   2.9425086564488172     
   2.9425103462834041     
   2.9485170062278963     
   2.9487877076571420     
   2.9498052722139492     
   2.9525599351627294     
   2.9525743101511326     
   2.9533468750310701     
   2.9550152568878612     
   2.9570173280811822     
   2.9587245207187145     
   2.9592265566112452     
   2.9608655402897810     
   2.9610176188342514     
   2.9703760451442247     
   2.9723067378146526     
   2.9738148724913644     
   2.9738608562033857     
   2.9752674186960149     
   2.9776683266160817     
   2.9780259217353420     
   2.9792574635204825     
   2.9796175721249090     
   2.9803207936462730     
   2.9810052748806841     
   2.9814901716908975     
   2.9816512505603092     
   2.9820696113850720     
   2.9827505017048761     
   2.9834149588173609     
   2.9839710177840808     
   2.9841583477299469     
   2.9856100727695631     
   2.9859302795266114     
   2.9966357991659871     
   2.9998040107735515     
   3.0008578732562645     
   3.0032937598877365     
   3.0344504669503154     
   3.0681850505079660     
