 beta=   0.0000000000000000     
  -1.4009855367909595E-015
  -3.6762360450465855E-016
  -2.9218553734983686E-016
  -1.5795977306618448E-016
  -9.1362435989724940E-018
   4.4529587264300570E-017
   5.3067589951008684E-005
   5.9045311612555646E-005
   6.3295958690896400E-005
   7.7735356667433151E-005
   8.5643636462142666E-005
   9.9724309988882636E-005
   1.3656735852031430E-004
   1.4375381722098881E-004
   1.5290012079671356E-004
   1.5895799823165837E-004
   1.6135820087670214E-004
   1.6685671769209342E-004
   1.7700579253783144E-004
   1.8881179115908252E-004
   1.9322739333945562E-004
   2.2100962727886956E-004
   2.2339403975355464E-004
   2.4253582076742432E-004
   2.4596215782444065E-004
   2.6611675461878196E-004
   2.7008053666801332E-004
   2.7627259975558096E-004
   2.8803954738799569E-004
   2.9165960229594060E-004
   3.0101844237491861E-004
   3.0275100392359428E-004
   3.2957079421148223E-004
   3.4499311149013319E-004
   3.5292393561752816E-004
   3.8348083349844134E-004
   3.9329937723814497E-004
   3.9752969847633334E-004
   4.1317291672303500E-004
   4.2211814487809360E-004
   4.2817275435533074E-004
   4.4190314087549074E-004
   4.5584264347561814E-004
   4.6314216141915977E-004
   4.7321536719630405E-004
   4.8054029559456082E-004
   4.8566464196732312E-004
   5.1104711411115145E-004
   5.1547792761843657E-004
   5.3138346159672673E-004
   5.5188494485405339E-004
   5.7479887139740948E-004
   5.8850149942034672E-004
   6.0743288031514823E-004
   6.2795803092919841E-004
   6.3887919004819861E-004
   6.5103007612456426E-004
   6.6457374604240169E-004
   6.7770628823933228E-004
   6.8130794776955655E-004
   6.8849652730634391E-004
   7.0674146677411197E-004
   7.3505443209575388E-004
   7.6325447145234656E-004
   7.6661205353269722E-004
   7.8287050253486839E-004
   8.0266804842526063E-004
   8.1720568046177492E-004
   8.2779984976594895E-004
   8.3500356367944000E-004
   8.5338111620436715E-004
   8.6014996556589747E-004
   8.7841568617923335E-004
   8.8999743464634247E-004
   8.9581492944643549E-004
   9.0951343389876905E-004
   9.2384197083300861E-004
   9.2899282163697993E-004
   9.4730941833463421E-004
   9.5007388970658538E-004
   9.7183743685420041E-004
   9.8798386154522232E-004
   1.0118307915750913E-003
   1.0212428901488035E-003
   1.0236415581665549E-003
   1.0566813998099166E-003
   1.0663294830705156E-003
   1.0692389467600884E-003
   1.0947987319626911E-003
   1.0986610558715026E-003
   1.1121609251345671E-003
   1.1237205294586732E-003
   1.1382982119225204E-003
   1.1590451603037733E-003
   1.1670656297285077E-003
   1.1686053518432948E-003
   1.1842248847833111E-003
   1.1940948037212119E-003
   1.2102343534918084E-003
   1.2229210998505281E-003
   1.2396718214866113E-003
   1.2620976421045531E-003
   1.2842029783947278E-003
   1.3012052442450764E-003
   1.3150579520026563E-003
   1.3328873552912216E-003
   1.3399677172152265E-003
   1.3543153033500203E-003
   1.3629806364948056E-003
   1.3714078185836176E-003
   1.3915844315506526E-003
   1.3948110071651375E-003
   1.4275751181994443E-003
   1.4369177697150324E-003
   1.4469905144435123E-003
   1.4672843989080061E-003
   1.4793851629333842E-003
   1.4881406597537044E-003
   1.5002656057865223E-003
   1.5218783704694541E-003
   1.5354637874678413E-003
   1.5515467251937848E-003
   1.5575897544458871E-003
   1.5647952027008900E-003
   1.5864414156352407E-003
   1.6143106870204901E-003
   1.6306264053284410E-003
   1.6555831562108064E-003
   1.6686310382678603E-003
   1.6741901790649782E-003
   1.6828035102084426E-003
   1.7127537294845997E-003
   1.7200009727455401E-003
   1.7294331109194022E-003
   1.7529665469804070E-003
   1.7644119013404804E-003
   1.7769526995221380E-003
   1.7888174459822330E-003
   1.8037885875703220E-003
   1.8158913947852854E-003
   1.8444204290146099E-003
   1.8495052431754411E-003
   1.8710728721139159E-003
   1.8898519618191169E-003
   1.8956176169746641E-003
   1.9081233402019127E-003
   1.9347074672826036E-003
   1.9493563502316856E-003
   1.9840251464351114E-003
   1.9909624430397895E-003
   2.0004779979236587E-003
   2.0203043250367203E-003
   2.0310518352985177E-003
   2.0419653753897390E-003
   2.0485694969609035E-003
   2.0557889987141567E-003
   2.0690709415002728E-003
   2.0942260854709981E-003
   2.1212028422306112E-003
   2.1272272131386692E-003
   2.1562791301368272E-003
   2.1736335307453837E-003
   2.1817444614304453E-003
   2.1979570853407509E-003
   2.2063040939247778E-003
   2.2091512270988206E-003
   2.2302079240329956E-003
   2.2610375648217580E-003
   2.2648046121730649E-003
   2.2809236629180349E-003
   2.2931794626686900E-003
   2.3231834532277651E-003
   2.3278168816164087E-003
   2.3531949608886910E-003
   2.3702581331296602E-003
   2.3757939676068789E-003
   2.4017875246057935E-003
   2.4257392937582275E-003
   2.4468428717203381E-003
   2.4563068098727684E-003
   2.4737283636810884E-003
   2.4816146348681186E-003
   2.5000586114252770E-003
   2.5204286315077709E-003
   2.5253985106853650E-003
   2.5329648673650630E-003
   2.5444563199606058E-003
   2.5607969238055930E-003
   2.5697712929352422E-003
   2.5865965912924022E-003
   2.5920979233657877E-003
   2.6246139673392066E-003
   2.6258527366966084E-003
   2.6379910524452310E-003
   2.6549502709573500E-003
   2.6648367624181549E-003
   2.6725571276587957E-003
   2.6792278405520661E-003
   2.6979036013970066E-003
   2.7000971482763719E-003
   2.7257941063546899E-003
   2.7349798889188932E-003
   2.7393506253335356E-003
   2.7539949882658841E-003
   2.7639104308681060E-003
   2.7796740349397245E-003
   2.7850433136462774E-003
   2.8025437040792149E-003
   2.8243189375209213E-003
   2.8462558098657168E-003
   2.8562928791388367E-003
   2.8739027927314636E-003
   2.8894071359488473E-003
   2.8932218738363306E-003
   2.9085155429331060E-003
   2.9348489474830858E-003
   2.9553940677630730E-003
   2.9630789074707583E-003
   2.9690967056999829E-003
   2.9990034532651395E-003
   3.0069376484432573E-003
   3.0188036080117451E-003
   3.0213475729508380E-003
   3.0459441005496126E-003
   3.0566020537999110E-003
   3.0653234646551980E-003
   3.0858186704697029E-003
   3.1053827208124057E-003
   3.1164242939334115E-003
   3.1197187259866706E-003
   3.1298431038441110E-003
   3.1411847792805706E-003
   3.1488048445975770E-003
   3.1639026255304344E-003
   3.1825522654165580E-003
   3.1933197599326789E-003
   3.2171278505045472E-003
   3.2294365713593726E-003
   3.2408669073399868E-003
   3.2526018565638992E-003
   3.2627272874661060E-003
   3.2759025237080312E-003
   3.2846683676882953E-003
   3.3040588807648750E-003
   3.3201064655965875E-003
   3.3236684911992927E-003
   3.3362453593594249E-003
   3.3417294911730921E-003
   3.3735498769526251E-003
   3.3907268039280601E-003
   3.4010899070169688E-003
   3.4107485765436647E-003
   3.4333934566052895E-003
   3.4423716301506349E-003
   3.4537495489076662E-003
   3.4689548093607345E-003
   3.4853236443034307E-003
   3.4984917556128534E-003
   3.5086584589458362E-003
   3.5270944008851091E-003
   3.5357555012989978E-003
   3.5792989904101652E-003
   3.5906359069950225E-003
   3.6037803501103374E-003
   3.6100121503909637E-003
   3.6203246791905565E-003
   3.6369907689617347E-003
   3.6434457042334978E-003
   3.6592733764711388E-003
   3.6706777143866698E-003
   3.6766317522086006E-003
   3.6913727402730890E-003
   3.6943532095665391E-003
   3.7016657739318494E-003
   3.7230053177460137E-003
   3.7380139561349291E-003
   3.7560275784776745E-003
   3.7660108796451226E-003
   3.7804806248646146E-003
   3.7941132974965786E-003
   3.8035170807055622E-003
   3.8196133786175201E-003
   3.8210180025405392E-003
   3.8322599353559834E-003
   3.8608930148095492E-003
   3.8744930268355079E-003
   3.8793203017699635E-003
   3.8875189032105380E-003
   3.9075441772024946E-003
   3.9122980577849624E-003
   3.9154054478934787E-003
   3.9277761962544181E-003
   3.9571204348979446E-003
   3.9638944244644488E-003
   3.9687271276479530E-003
   3.9834684308424732E-003
   3.9908203920835392E-003
   4.0091975171299378E-003
   4.0266313126696915E-003
   4.0419033614692975E-003
   4.0517190270406090E-003
   4.0732964661913248E-003
   4.0901400612463517E-003
   4.0913185185627917E-003
   4.1187776576774816E-003
   4.1217841382812049E-003
   4.1280944306852987E-003
   4.1364788040785796E-003
   4.1427761056975956E-003
   4.1540318353607388E-003
   4.1721615279348813E-003
   4.1804012346093730E-003
   4.1908669232948665E-003
   4.2158050439875406E-003
   4.2216884690515046E-003
   4.2305317740691881E-003
   4.2372681864023525E-003
   4.2536449983366720E-003
   4.2618083003694799E-003
   4.2709572047513033E-003
   4.2720900245450241E-003
   4.2824429441470314E-003
   4.2982362198303722E-003
   4.3117744592963492E-003
   4.3258928186860187E-003
   4.3293188825204833E-003
   4.3383088778088594E-003
   4.3662182540481417E-003
   4.3821494322529861E-003
   4.3917904733520108E-003
   4.4033055534754839E-003
   4.4158892732407296E-003
   4.4201930212147732E-003
   4.4347444773268707E-003
   4.4630225500031815E-003
   4.4672239805293610E-003
   4.4808200084445939E-003
   4.4815572089610470E-003
   4.4978477213649063E-003
   4.5050263403493655E-003
   4.5146426907374691E-003
   4.5281296752314876E-003
   4.5370603790236691E-003
   4.5471929443992726E-003
   4.5539489091606855E-003
   4.5761307473690368E-003
   4.5953320260828752E-003
   4.6097685277508285E-003
   4.6163303295617721E-003
   4.6306579435914184E-003
   4.6406441217215653E-003
   4.6561539449384744E-003
   4.6637176833917299E-003
   4.6685170998533067E-003
   4.6874337212229307E-003
   4.6979408792884921E-003
   4.7122519472705812E-003
   4.7272591436997597E-003
   4.7389016390020607E-003
   4.7532157613939209E-003
   4.7674827062051768E-003
   4.7751875742395693E-003
   4.7931916804993960E-003
   4.8080887276335310E-003
   4.8138705638043179E-003
   4.8153835152926067E-003
   4.8311223724948043E-003
   4.8391703145029179E-003
   4.8464372976857574E-003
   4.8542331506582709E-003
   4.8612498321278490E-003
   4.8778400455099652E-003
   4.8937506360922063E-003
   4.9076193169995796E-003
   4.9157073332536131E-003
   4.9205873038257993E-003
   4.9304328053907673E-003
   4.9416996658424141E-003
   4.9495242456890727E-003
   4.9666325275747420E-003
   4.9729062547178180E-003
   4.9769844434439216E-003
   4.9817523859241736E-003
   5.0079996527877440E-003
   5.0146990464434308E-003
   5.0153051158593458E-003
   5.0274640528399526E-003
   5.0351412480871818E-003
   5.0480107365917428E-003
   5.0625949247017884E-003
   5.0705792468216425E-003
   5.0821957307729615E-003
   5.0933971517520696E-003
   5.1076663268353750E-003
   5.1195181199501097E-003
   5.1292841121800921E-003
   5.1426993245541524E-003
   5.1559636606887255E-003
   5.1690632911497785E-003
   5.1779901127743336E-003
   5.1809651530006539E-003
   5.1979220810508767E-003
   5.2037367331065039E-003
   5.2086780677341789E-003
   5.2115189135972153E-003
   5.2202596308854651E-003
   5.2336060473215590E-003
   5.2421663943210467E-003
   5.2481736391947241E-003
   5.2623751284886873E-003
   5.2650874126058643E-003
   5.2823438582673115E-003
   5.2881764948186933E-003
   5.2955073611657142E-003
   5.3004517933577695E-003
   5.3139481758412372E-003
   5.3304248746767931E-003
   5.3351199045479723E-003
   5.3427719171154622E-003
   5.3499395994865053E-003
   5.3559439164672937E-003
   5.3620218637789258E-003
   5.3749882820595040E-003
   5.3886718152481037E-003
   5.3933373964649761E-003
   5.3976185562519584E-003
   5.4059580500492631E-003
   5.4197377908909551E-003
   5.4374284494200630E-003
   5.4490021367724099E-003
   5.4560021689069463E-003
   5.4658031525183061E-003
   5.4714817208133017E-003
   5.4844719738229410E-003
   5.4976276220008039E-003
   5.5006505221615485E-003
   5.5112249137016078E-003
   5.5240544520953278E-003
   5.5294813206737299E-003
   5.5384073770060631E-003
   5.5522909821902134E-003
   5.5571905594616706E-003
   5.5686262799093016E-003
   5.5789404813232782E-003
   5.5850064426510269E-003
   5.5936084541324130E-003
   5.5989101820830244E-003
   5.6135519554581176E-003
   5.6208094064951570E-003
   5.6287634935372277E-003
   5.6379157702821647E-003
   5.6478151137887306E-003
   5.6512719864906524E-003
   5.6609075517152661E-003
   5.6690386369067603E-003
   5.6765893328098250E-003
   5.6887178333745814E-003
   5.6904129714424618E-003
   5.7074171266846925E-003
   5.7184159116636570E-003
   5.7319546996600816E-003
   5.7381168890593449E-003
   5.7432089630521082E-003
   5.7522167397208307E-003
   5.7538539671603585E-003
   5.7667182413040780E-003
   5.7760455000596357E-003
   5.7780333392525897E-003
   5.7924778652380495E-003
   5.8088745563282286E-003
   5.8207873830871740E-003
   5.8217506254490368E-003
   5.8310072301846691E-003
   5.8381501288491573E-003
   5.8623124624721324E-003
   5.8625339918038010E-003
   5.8733561753660218E-003
   5.8821648616375743E-003
   5.8872881980055729E-003
   5.9012436844873102E-003
   5.9090014850840282E-003
   5.9147136426927031E-003
   5.9245939227050345E-003
   5.9349891555264258E-003
   5.9404316846457831E-003
   5.9467003334783648E-003
   5.9557600582167284E-003
   5.9615214283309514E-003
   5.9684879081034837E-003
   5.9830931399323150E-003
   5.9918350554139990E-003
   6.0057113979404353E-003
   6.0092269255745540E-003
   6.0095885396914536E-003
   6.0130261198419986E-003
   6.0212891010542760E-003
   6.0302743307144926E-003
   6.0387033795814586E-003
   6.0461845930970762E-003
   6.0514131711422187E-003
   6.0634281978048273E-003
   6.0641720147841770E-003
   6.0775603245707514E-003
   6.0877696385949103E-003
   6.0904766190797051E-003
   6.0994305732684599E-003
   6.1105705998658845E-003
   6.1153612225343483E-003
   6.1282184111203812E-003
   6.1377723364405088E-003
   6.1524248882236614E-003
   6.1571546837346676E-003
   6.1673500315152481E-003
   6.1758953727333640E-003
   6.1805068631499782E-003
   6.1951280183198676E-003
   6.2070792994871997E-003
   6.2188671233585138E-003
   6.2255912661905062E-003
   6.2311435626984726E-003
   6.2460619877451823E-003
   6.2518821994665243E-003
   6.2561270005774645E-003
   6.2685277005630731E-003
   6.2726717528797148E-003
   6.2770222837021045E-003
   6.2816231661379038E-003
   6.2890901385352950E-003
   6.2924461811778515E-003
   6.3104620288241030E-003
   6.3117834855439458E-003
   6.3328819847574668E-003
   6.3359822146546356E-003
   6.3422907337018419E-003
   6.3543499425992040E-003
   6.3602256298239774E-003
   6.3664155302664517E-003
   6.3792095290249162E-003
   6.3835224072916145E-003
   6.3973786113180027E-003
   6.4119353071810277E-003
   6.4164605850619873E-003
   6.4252974428908802E-003
   6.4283037631893787E-003
   6.4352769147460786E-003
   6.4495036792858677E-003
   6.4542245011635418E-003
   6.4649548145652757E-003
   6.4812022826307028E-003
   6.4904055470859168E-003
   6.4943044557055898E-003
   6.5018488395221482E-003
   6.5080319148650458E-003
   6.5106865558319741E-003
   6.5252037675526649E-003
   6.5280074794451769E-003
   6.5405086589246410E-003
   6.5448815272176469E-003
   6.5614080034771512E-003
   6.5687069786531469E-003
   6.5772984174015279E-003
   6.5815325515336679E-003
   6.5972828398593360E-003
   6.6057053881482157E-003
   6.6130322599361477E-003
   6.6133411177394701E-003
   6.6285489126963887E-003
   6.6347706094697428E-003
   6.6411506584412930E-003
   6.6439726231819233E-003
   6.6521535367518930E-003
   6.6598655349314820E-003
   6.6649903788124172E-003
   6.6753357285104049E-003
   6.6782949219824934E-003
   6.6929998087945156E-003
   6.6995271848593564E-003
   6.7154216970297040E-003
   6.7174549558694429E-003
   6.7191688960535449E-003
   6.7238798937056697E-003
   6.7323023985049251E-003
   6.7345322114797891E-003
   6.7417970643206902E-003
   6.7642753912156364E-003
   6.7664366717042962E-003
   6.7666953354446578E-003
   6.7757587365725701E-003
   6.7820773381690545E-003
   6.7886310838125652E-003
   6.7999506126372126E-003
   6.8114604061908128E-003
   6.8197153928278732E-003
   6.8233829170983844E-003
   6.8278451413717545E-003
   6.8425798490423387E-003
   6.8463096934394266E-003
   6.8514825324950072E-003
   6.8534178303142710E-003
   6.8630978359638679E-003
   6.8697361273851263E-003
   6.8742700203150335E-003
   6.8821616199463186E-003
   6.8836811940127772E-003
   6.8884138378106788E-003
   6.9071940152743471E-003
   6.9091541403265063E-003
   6.9282605568810728E-003
   6.9365842438622012E-003
   6.9422418068814801E-003
   6.9516873230073472E-003
   6.9576736820512082E-003
   6.9631044389201497E-003
   6.9699513697425147E-003
   6.9740192844517553E-003
   6.9809524612909771E-003
   6.9909939996710552E-003
   6.9937605735326380E-003
   7.0046735151364573E-003
   7.0067636527613624E-003
   7.0131602936966504E-003
   7.0180008276551457E-003
   7.0192314082137006E-003
   7.0268433710177968E-003
   7.0314727825235013E-003
   7.0345644872680767E-003
   7.0435382739505161E-003
   7.0509549388074510E-003
   7.0578215828089024E-003
   7.0642381883138095E-003
   7.0739377310558337E-003
   7.0828333816854482E-003
   7.0904578096584068E-003
   7.0928813339932268E-003
   7.1065074239721965E-003
   7.1095725037856831E-003
   7.1182965509495166E-003
   7.1206203291214144E-003
   7.1236955611581991E-003
   7.1409027849487113E-003
   7.1445882841540522E-003
   7.1475799187354846E-003
   7.1537828624855526E-003
   7.1725269406206545E-003
   7.1753790370306814E-003
   7.1777539483154863E-003
   7.1847643810250099E-003
   7.2004355320304508E-003
   7.2057548375461210E-003
   7.2085625627599575E-003
   7.2154903455926142E-003
   7.2296638918853224E-003
   7.2309834726334956E-003
   7.2474899342116145E-003
   7.2483981612131224E-003
   7.2495766695088509E-003
   7.2621997315868280E-003
   7.2650733726400954E-003
   7.2702499075071132E-003
   7.2807743117297031E-003
   7.2864887019154752E-003
   7.2958748415203273E-003
   7.3008205709006457E-003
   7.3062567766890895E-003
   7.3162213906524266E-003
   7.3236724727181067E-003
   7.3269445811051060E-003
   7.3352355236591853E-003
   7.3448404457965326E-003
   7.3529746029309334E-003
   7.3644904422590701E-003
   7.3670536717544413E-003
   7.3739716960206604E-003
   7.3832018589992353E-003
   7.3927655356522343E-003
   7.3974299974525898E-003
   7.4043973773027473E-003
   7.4062222034141948E-003
   7.4130554561154666E-003
   7.4165362275921765E-003
   7.4265480299080949E-003
   7.4397202886406395E-003
   7.4494047644739370E-003
   7.4572405486640668E-003
   7.4614227097501793E-003
   7.4656777560803880E-003
   7.4767434452025529E-003
   7.4778503662647289E-003
   7.4898928291455653E-003
   7.5013221479546125E-003
   7.5097772343707698E-003
   7.5139184688763298E-003
   7.5207175244052992E-003
   7.5254712366440712E-003
   7.5324773234236447E-003
   7.5358656006661992E-003
   7.5434085842685829E-003
   7.5513411923146794E-003
   7.5563082016025492E-003
   7.5651173062152932E-003
   7.5679437527957040E-003
   7.5756253977777013E-003
   7.5771121223348215E-003
   7.5875202575246235E-003
   7.5911950870812287E-003
   7.5969639608718066E-003
   7.6015661201402915E-003
   7.6186300850846662E-003
   7.6235190333257029E-003
   7.6285683306472236E-003
   7.6360923263811085E-003
   7.6468532186522858E-003
   7.6493083427317402E-003
   7.6547323312407215E-003
   7.6585492440229830E-003
   7.6624162097652581E-003
   7.6654908764690393E-003
   7.6758505184269851E-003
   7.6885448294086792E-003
   7.6890136710845965E-003
   7.6990867693137724E-003
   7.7059403411408886E-003
   7.7141676171534829E-003
   7.7244466912774938E-003
   7.7296224262017503E-003
   7.7343114669787298E-003
   7.7450734256364045E-003
   7.7479829137570245E-003
   7.7531397494283354E-003
   7.7677803963268404E-003
   7.7702013627331205E-003
   7.7760978944196747E-003
   7.7855297958069475E-003
   7.7953306512476518E-003
   7.8058981459390780E-003
   7.8078850769447991E-003
   7.8120614347377904E-003
   7.8189721120973041E-003
   7.8282694092313178E-003
   7.8391150023731423E-003
   7.8498160600576627E-003
   7.8575339818159045E-003
   7.8593306656658327E-003
   7.8635763149797321E-003
   7.8683791174629352E-003
   7.8754071503553368E-003
   7.8820486162861237E-003
   7.8925166186855997E-003
   7.9018181173859479E-003
   7.9059110498666332E-003
   7.9093070417459652E-003
   7.9200567005714931E-003
   7.9261810470880514E-003
   7.9317996955213226E-003
   7.9448444541621588E-003
   7.9474907109672831E-003
   7.9600742759547687E-003
   7.9651630443341240E-003
   7.9665058552506954E-003
   7.9805976816340069E-003
   7.9813142088567702E-003
   7.9907312321827757E-003
   7.9963032483097059E-003
   8.0068631491464065E-003
   8.0156207487737559E-003
   8.0340079034546871E-003
   8.0363859561541854E-003
   8.0400468686374765E-003
   8.0465524910786016E-003
   8.0567569148467695E-003
   8.0611892946830885E-003
   8.0652724132217954E-003
   8.0771470949700264E-003
   8.0819931527841837E-003
   8.0862273901869276E-003
   8.0986323412007896E-003
   8.1011550208070129E-003
   8.1164228101659585E-003
   8.1171723516740880E-003
   8.1189458234684018E-003
   8.1268019969689236E-003
   8.1355632929890273E-003
   8.1373810915704101E-003
   8.1453222679762818E-003
   8.1539351076998935E-003
   8.1607827243968846E-003
   8.1652544818907481E-003
   8.1714128239437096E-003
   8.1764404995397048E-003
   8.1866950967600313E-003
   8.1930892604906436E-003
   8.2037372178001434E-003
   8.2144906560766805E-003
   8.2248825550916439E-003
   8.2330438478628414E-003
   8.2426815346939679E-003
   8.2452346995001684E-003
   8.2502825657315496E-003
   8.2575564544950485E-003
   8.2646759243305383E-003
   8.2745487652220503E-003
   8.2868389375151969E-003
   8.2910325394207843E-003
   8.2937157145716867E-003
   8.3018216217319949E-003
   8.3105633219220550E-003
   8.3199058392382057E-003
   8.3229030322798624E-003
   8.3247036308062242E-003
   8.3283020247807375E-003
   8.3328736671122727E-003
   8.3451560177445691E-003
   8.3523811233301975E-003
   8.3612353516134778E-003
   8.3709723047218892E-003
   8.3759794101273283E-003
   8.3786558197776369E-003
   8.3871670835393465E-003
   8.3948379169375056E-003
   8.4060965870897536E-003
   8.4123813417361429E-003
   8.4157699764867699E-003
   8.4249192332846896E-003
   8.4286038603985421E-003
   8.4390510648220864E-003
   8.4396548113166350E-003
   8.4457184254191891E-003
   8.4538975514040077E-003
   8.4634348863590857E-003
   8.4808168280231869E-003
   8.4834619036240014E-003
   8.4864760773496715E-003
   8.4939427302229576E-003
   8.4970322733558378E-003
   8.4994581952773339E-003
   8.5040494405386382E-003
   8.5248701929434706E-003
   8.5260920197597866E-003
   8.5274013964990545E-003
   8.5333175350688680E-003
   8.5477922599872941E-003
   8.5495146177061564E-003
   8.5557822838936443E-003
   8.5605767277838109E-003
   8.5643456244161049E-003
   8.5766549724226870E-003
   8.5846986564343166E-003
   8.5951993389729586E-003
   8.6066100625820478E-003
   8.6211431412700577E-003
   8.6243108065349686E-003
   8.6299223258958363E-003
   8.6371673105082175E-003
   8.6453745337973630E-003
   8.6474554591803414E-003
   8.6511047036929734E-003
   8.6601977304129850E-003
   8.6701980450835572E-003
   8.6741692826740584E-003
   8.6841184179793016E-003
   8.6877161407427784E-003
   8.6967841398210653E-003
   8.7172237214790168E-003
   8.7264340928792528E-003
   8.7319684059914970E-003
   8.7393918855218928E-003
   8.7467676422194104E-003
   8.7520852170643558E-003
   8.7589852207545470E-003
   8.7643484001325017E-003
   8.7702654061522535E-003
   8.7781683393922585E-003
   8.7836181222720137E-003
   8.7875642832901443E-003
   8.8050331200193767E-003
   8.8107175195657715E-003
   8.8175920384179554E-003
   8.8186067869770839E-003
   8.8282710373635328E-003
   8.8337827394601338E-003
   8.8480483776561553E-003
   8.8510629187809730E-003
   8.8554960864926317E-003
   8.8608802887621494E-003
   8.8659841169655192E-003
   8.8692201815766813E-003
   8.8801213738246842E-003
   8.8850594977445945E-003
   8.8960735906639752E-003
   8.9019080923776871E-003
   8.9059520573243553E-003
   8.9184738386643824E-003
   8.9214668466119154E-003
   8.9281902941672851E-003
   8.9336527346774927E-003
   8.9416937424009295E-003
   8.9459722555258990E-003
   8.9556730872581043E-003
   8.9588506994582873E-003
   8.9787035785031805E-003
   8.9792456936056506E-003
   8.9881245834963000E-003
   8.9929316423292254E-003
   8.9947359211879890E-003
   9.0144487205131157E-003
   9.0189285458686132E-003
   9.0288178779581243E-003
   9.0318978340607741E-003
   9.0459495848894192E-003
   9.0511899271856315E-003
   9.0566479699112201E-003
   9.0717723668013988E-003
   9.0763492229814675E-003
   9.0791294752484049E-003
   9.0899371569536976E-003
   9.1000777214882388E-003
   9.1044072082891777E-003
   9.1082045825551586E-003
   9.1147474422030167E-003
   9.1198313998564415E-003
   9.1230742196247404E-003
   9.1256734551576849E-003
   9.1356392121010686E-003
   9.1429180119277434E-003
   9.1520604553301729E-003
   9.1617626230370910E-003
   9.1732657926028773E-003
   9.1770247204894760E-003
   9.1850659896108491E-003
   9.1902087150654913E-003
   9.1975181796894057E-003
   9.2026417827081961E-003
   9.2033470915166924E-003
   9.2153844833113389E-003
   9.2229338125451640E-003
   9.2359077728158667E-003
   9.2456664261560875E-003
   9.2535893106678174E-003
   9.2562198735210797E-003
   9.2635636227647120E-003
   9.2668645705108587E-003
   9.2691547852666017E-003
   9.2865975122078427E-003
   9.2903437130140223E-003
   9.3006829088135481E-003
   9.3123102268877697E-003
   9.3204888960386114E-003
   9.3210810312359844E-003
   9.3274684089165606E-003
   9.3432262490671138E-003
   9.3462160565080318E-003
   9.3530989481860217E-003
   9.3627654034984537E-003
   9.3634055908992306E-003
   9.3710894903357173E-003
   9.3789590952712276E-003
   9.3918263737264081E-003
   9.3996078577781375E-003
   9.4082735648885231E-003
   9.4161857171659834E-003
   9.4172687291909241E-003
   9.4293947006445153E-003
   9.4339240102703226E-003
   9.4396618068287638E-003
   9.4431982836318314E-003
   9.4527939882015199E-003
   9.4639529573078054E-003
   9.4738975202943408E-003
   9.4794812126049663E-003
   9.4881911929039133E-003
   9.4893663773452409E-003
   9.4926509642673709E-003
   9.5055358947900119E-003
   9.5075879437455466E-003
   9.5193613639803724E-003
   9.5239109270819477E-003
   9.5303695774093637E-003
   9.5403485898164619E-003
   9.5477856029701890E-003
   9.5526207230932098E-003
   9.5542906718678339E-003
   9.5634238820681127E-003
   9.5672831822391294E-003
   9.5815493924410744E-003
   9.5931643140606329E-003
   9.5977364115932429E-003
   9.6004835022253879E-003
   9.6118240184614699E-003
   9.6195942760509863E-003
   9.6300004279956195E-003
   9.6393151511206445E-003
   9.6451918878013455E-003
   9.6488214909097470E-003
   9.6543594158722320E-003
   9.6610845093876400E-003
   9.6697450523193073E-003
   9.6750437051219759E-003
   9.6856918698155527E-003
   9.6911318123078308E-003
   9.6958588888793572E-003
   9.7065617956099970E-003
   9.7188108487372797E-003
   9.7313620502639375E-003
   9.7360143249907820E-003
   9.7453849234388507E-003
   9.7517256354610598E-003
   9.7666967162608979E-003
   9.7717609417457881E-003
   9.7781058684057870E-003
   9.7823686832271065E-003
   9.7898318243836383E-003
   9.7919905273148242E-003
   9.8074504589630972E-003
   9.8127249005064109E-003
   9.8212962257030190E-003
   9.8276644143646848E-003
   9.8305789613775691E-003
   9.8335402928688073E-003
   9.8404778981783514E-003
   9.8545452337216958E-003
   9.8591255559736333E-003
   9.8664568124307173E-003
   9.8715301804956374E-003
   9.8750327402620380E-003
   9.8831136870039180E-003
   9.8877282235736857E-003
   9.8920848344693554E-003
   9.9088974949652908E-003
   9.9110605313353518E-003
   9.9194398696635967E-003
   9.9258311308390319E-003
   9.9304197796031817E-003
   9.9356710651711342E-003
   9.9457406620871054E-003
   9.9508472933266326E-003
   9.9666881546939066E-003
   9.9755480045010756E-003
   9.9787222100726335E-003
   9.9894796473415769E-003
   9.9986952498440571E-003
   1.0005828791321390E-002
   1.0012579475182547E-002
   1.0020546318462557E-002
   1.0025376424065402E-002
   1.0035865366641555E-002
   1.0044389629806912E-002
   1.0056713569751838E-002
   1.0061511004305879E-002
   1.0070725467479736E-002
   1.0076426703840779E-002
   1.0083556861589004E-002
   1.0093440036819097E-002
   1.0103076571926077E-002
   1.0117553465734001E-002
   1.0122830751942632E-002
   1.0128726652144591E-002
   1.0141978662056303E-002
   1.0142701404878574E-002
   1.0153977286515403E-002
   1.0163760558107878E-002
   1.0169398673045997E-002
   1.0173335454661482E-002
   1.0186512070635655E-002
   1.0188740394049723E-002
   1.0202447446018611E-002
   1.0211325622706440E-002
   1.0221367294211236E-002
   1.0221962662778417E-002
   1.0233541756102945E-002
   1.0242193650127008E-002
   1.0251271321028547E-002
   1.0254282429337876E-002
   1.0262610318981237E-002
   1.0275282502117263E-002
   1.0278576976555027E-002
   1.0298383259923296E-002
   1.0301113961103685E-002
   1.0302829267562387E-002
   1.0316219081461209E-002
   1.0318419498549667E-002
   1.0325127431977077E-002
   1.0332978043005621E-002
   1.0343910659687081E-002
   1.0351829878252970E-002
   1.0360434812275322E-002
   1.0368133931639736E-002
   1.0382071887749481E-002
   1.0396326616567300E-002
   1.0400509832240265E-002
   1.0401439562506476E-002
   1.0411787515106942E-002
   1.0418862297641425E-002
   1.0423674021137594E-002
   1.0430755657868180E-002
   1.0438209980235990E-002
   1.0443778191717738E-002
   1.0456304466348865E-002
   1.0459125636171861E-002
   1.0471677022763189E-002
   1.0474860922771771E-002
   1.0488866317993293E-002
   1.0496089621622878E-002
   1.0506167452208707E-002
   1.0520272438234482E-002
   1.0528342459276068E-002
   1.0535639994273576E-002
   1.0543509802783867E-002
   1.0548659216417627E-002
   1.0563100751389940E-002
   1.0570051912634520E-002
   1.0584701948148317E-002
   1.0596446426358304E-002
   1.0605083684273771E-002
   1.0608125121724757E-002
   1.0616039739692183E-002
   1.0618816298007759E-002
   1.0634897877902977E-002
   1.0643120870654364E-002
   1.0649191849389370E-002
   1.0659353880228262E-002
   1.0666314014990561E-002
   1.0671344459043205E-002
   1.0683787247595304E-002
   1.0696075262250998E-002
   1.0702513344796537E-002
   1.0715307315408703E-002
   1.0719074249241648E-002
   1.0729258159836597E-002
   1.0744343734978781E-002
   1.0754498291202034E-002
   1.0757051794391393E-002
   1.0771213553604135E-002
   1.0779412151319664E-002
   1.0784605109665184E-002
   1.0787167071821039E-002
   1.0792480171752319E-002
   1.0800680601517041E-002
   1.0811325664167112E-002
   1.0815346954728468E-002
   1.0828526630833704E-002
   1.0839396934152657E-002
   1.0857671261308323E-002
   1.0861183183599236E-002
   1.0865838163997037E-002
   1.0870966725899963E-002
   1.0873799390974576E-002
   1.0878040193865415E-002
   1.0894732946240470E-002
   1.0900677898043878E-002
   1.0909780325923622E-002
   1.0920173773845894E-002
   1.0932139924872129E-002
   1.0937769214769875E-002
   1.0948993060689355E-002
   1.0957234431558526E-002
   1.0964308180685804E-002
   1.0969503716292120E-002
   1.0978297517736706E-002
   1.0984264736351569E-002
   1.0985715119844299E-002
   1.1002045340165603E-002
   1.1014143280840006E-002
   1.1020269304448802E-002
   1.1028436917943753E-002
   1.1043486199729563E-002
   1.1047384265890334E-002
   1.1051610381067100E-002
   1.1063006217196502E-002
   1.1065277372725961E-002
   1.1071288424140366E-002
   1.1086450180917312E-002
   1.1090542746179207E-002
   1.1094971756016264E-002
   1.1103080128287226E-002
   1.1114059871013991E-002
   1.1133080289453628E-002
   1.1138601315357934E-002
   1.1145258621004996E-002
   1.1158517729265622E-002
   1.1164177442472140E-002
   1.1169530197981699E-002
   1.1174490674596931E-002
   1.1185720432050352E-002
   1.1195961183694685E-002
   1.1203869462168727E-002
   1.1217535269083452E-002
   1.1224667825782157E-002
   1.1227014684954866E-002
   1.1232430958671378E-002
   1.1240945737978026E-002
   1.1242636315777085E-002
   1.1247979833999102E-002
   1.1252530899620130E-002
   1.1268690026533639E-002
   1.1277408369040457E-002
   1.1280166571203410E-002
   1.1281872541865951E-002
   1.1289480881185754E-002
   1.1300972107756321E-002
   1.1305000546643925E-002
   1.1305837119676249E-002
   1.1317331153792892E-002
   1.1334121969775695E-002
   1.1345305880221769E-002
   1.1351106428951383E-002
   1.1357513035858472E-002
   1.1368385346937387E-002
   1.1376766418198341E-002
   1.1389693355968735E-002
   1.1395559948699152E-002
   1.1398421805097460E-002
   1.1405904268775571E-002
   1.1408438930048604E-002
   1.1421335080381886E-002
   1.1426946553099605E-002
   1.1433691594181930E-002
   1.1438597595207899E-002
   1.1450579992038887E-002
   1.1454888926949732E-002
   1.1464541281583021E-002
   1.1472209325347302E-002
   1.1476352580333650E-002
   1.1484778140249565E-002
   1.1499256240167290E-002
   1.1506362304646953E-002
   1.1506567704060153E-002
   1.1516547968969532E-002
   1.1525037630920951E-002
   1.1529898969096156E-002
   1.1545191491115818E-002
   1.1551921736668930E-002
   1.1561666235084584E-002
   1.1567232650325615E-002
   1.1578644254612037E-002
   1.1592897892477394E-002
   1.1600308437397139E-002
   1.1606814507107380E-002
   1.1616451171064053E-002
   1.1625785770356655E-002
   1.1634975211068080E-002
   1.1638854963649551E-002
   1.1646723399602998E-002
   1.1654973722066191E-002
   1.1655311001382089E-002
   1.1672522004607902E-002
   1.1674773423998816E-002
   1.1680222802972045E-002
   1.1691607350692671E-002
   1.1698255136652201E-002
   1.1701665271763001E-002
   1.1717215149356378E-002
   1.1721338397291135E-002
   1.1733653607621413E-002
   1.1736544007544753E-002
   1.1741504626402154E-002
   1.1760819802711153E-002
   1.1777524675993524E-002
   1.1785677718287254E-002
   1.1796661415332478E-002
   1.1806581583704913E-002
   1.1808113502390499E-002
   1.1816736526170194E-002
   1.1828356134494893E-002
   1.1835171236838863E-002
   1.1841325296255643E-002
   1.1852059968944157E-002
   1.1873515349449471E-002
   1.1881391757936528E-002
   1.1901490906890667E-002
   1.1908891874661154E-002
   1.1923544598103164E-002
   1.1927716447056569E-002
   1.1934123155782569E-002
   1.1949853212184541E-002
   1.1954969595338977E-002
   1.1963244976482587E-002
   1.1974368945763984E-002
   1.1981583628529314E-002
   1.1986247384942571E-002
   1.1999784313295582E-002
   1.2010630325345571E-002
   1.2012924750413838E-002
   1.2019101420583529E-002
   1.2038709612158676E-002
   1.2042498367733205E-002
   1.2059352869222811E-002
   1.2072065396026252E-002
   1.2083585724755661E-002
   1.2092534354552813E-002
   1.2095638465694697E-002
   1.2105077598286884E-002
   1.2115079809334902E-002
   1.2123111707583144E-002
   1.2128365168427800E-002
   1.2140447435923530E-002
   1.2148197585657735E-002
   1.2148299324096751E-002
   1.2156087186634646E-002
   1.2158292712710328E-002
   1.2171853639485496E-002
   1.2187025273349238E-002
   1.2191387007686731E-002
   1.2204704606300184E-002
   1.2209458375236135E-002
   1.2229596178369223E-002
   1.2243851180924087E-002
   1.2253960386069735E-002
   1.2259026063963018E-002
   1.2270729586140285E-002
   1.2278397896070247E-002
   1.2293752892883461E-002
   1.2295660646360411E-002
   1.2301162407870539E-002
   1.2311877925641975E-002
   1.2324756738739090E-002
   1.2332813681326523E-002
   1.2340658400774055E-002
   1.2350565140743029E-002
   1.2360207349047175E-002
   1.2373640291798341E-002
   1.2378493642934833E-002
   1.2387610973715442E-002
   1.2393900968412476E-002
   1.2402930671343786E-002
   1.2405235532853050E-002
   1.2416256554265721E-002
   1.2424250552446777E-002
   1.2429985655276839E-002
   1.2441176209950706E-002
   1.2448066400472038E-002
   1.2452573262164519E-002
   1.2476311902460638E-002
   1.2486231324268408E-002
   1.2496089188786742E-002
   1.2498607466372456E-002
   1.2506181992256622E-002
   1.2507822774150048E-002
   1.2516687360275652E-002
   1.2520988303861235E-002
   1.2531108310148448E-002
   1.2541269162393624E-002
   1.2547769445966452E-002
   1.2566517415038773E-002
   1.2570501547881772E-002
   1.2584378880908327E-002
   1.2590520832867703E-002
   1.2597667167155163E-002
   1.2605258976979230E-002
   1.2618487633261856E-002
   1.2622569928725388E-002
   1.2631706376213865E-002
   1.2642564341071668E-002
   1.2648768514735179E-002
   1.2661970803513504E-002
   1.2668085164969823E-002
   1.2680074733520967E-002
   1.2692824462447698E-002
   1.2694867719092475E-002
   1.2713670241879657E-002
   1.2717641709756157E-002
   1.2720781751387095E-002
   1.2729831099525852E-002
   1.2737077189323093E-002
   1.2740178633257321E-002
   1.2762454725143627E-002
   1.2764388063375317E-002
   1.2774298819100893E-002
   1.2784223315378660E-002
   1.2792078950009679E-002
   1.2803196458203062E-002
   1.2804871871011682E-002
   1.2830422828986922E-002
   1.2833639811822766E-002
   1.2849576035506492E-002
   1.2856727208054716E-002
   1.2860978972802792E-002
   1.2874394687681411E-002
   1.2883034585090710E-002
   1.2901154810448148E-002
   1.2904374915844018E-002
   1.2913512628542260E-002
   1.2917696504350056E-002
   1.2926452250198278E-002
   1.2933773042795112E-002
   1.2945391875769697E-002
   1.2958792176460579E-002
   1.2971599123452433E-002
   1.2980853762689504E-002
   1.2988637193776293E-002
   1.3001753434402408E-002
   1.3006886135662709E-002
   1.3017347740583801E-002
   1.3024076217235338E-002
   1.3030899834359715E-002
   1.3043578742207461E-002
   1.3053277320702588E-002
   1.3062746676644844E-002
   1.3066923283988010E-002
   1.3079142581687417E-002
   1.3100742822060623E-002
   1.3113902125190400E-002
   1.3116395888128555E-002
   1.3126842949821320E-002
   1.3143522918418407E-002
   1.3161911024565084E-002
   1.3168661439991697E-002
   1.3173666385029589E-002
   1.3195920925182038E-002
   1.3203491848168462E-002
   1.3204797119801657E-002
   1.3207969231232115E-002
   1.3215840309350425E-002
   1.3231608094412857E-002
   1.3235012578144573E-002
   1.3246596312854887E-002
   1.3262400777101044E-002
   1.3268209633979332E-002
   1.3278950679538009E-002
   1.3289754378547781E-002
   1.3306862733927192E-002
   1.3313389507302483E-002
   1.3318683975111266E-002
   1.3333131514902305E-002
   1.3343744974420341E-002
   1.3354339723910062E-002
   1.3366408204062461E-002
   1.3372961761568176E-002
   1.3388794569608729E-002
   1.3395055185909477E-002
   1.3406891578391731E-002
   1.3414394495323183E-002
   1.3430874258793725E-002
   1.3434589311644747E-002
   1.3441598508345436E-002
   1.3451688479483985E-002
   1.3461781033628250E-002
   1.3476986742120873E-002
   1.3483652085341521E-002
   1.3501761373099963E-002
   1.3505078578814451E-002
   1.3513061464609000E-002
   1.3521146290818518E-002
   1.3526734058126119E-002
   1.3531160562550083E-002
   1.3541080257106245E-002
   1.3563262860056864E-002
   1.3569934211008806E-002
   1.3585508684093632E-002
   1.3588360623690860E-002
   1.3600069988239540E-002
   1.3610951965599727E-002
   1.3626603576822391E-002
   1.3633048501260859E-002
   1.3638281773600332E-002
   1.3646021349077768E-002
   1.3664866718840474E-002
   1.3666103089187254E-002
   1.3673248299776810E-002
   1.3686075270429147E-002
   1.3699105112384247E-002
   1.3705702524153755E-002
   1.3707803446005666E-002
   1.3726889718408004E-002
   1.3736317815140890E-002
   1.3744760894390277E-002
   1.3754183599872346E-002
   1.3756978975430293E-002
   1.3762695468128696E-002
   1.3770620622309902E-002
   1.3784660899113024E-002
   1.3804338689699564E-002
   1.3807503596474757E-002
   1.3829597692993653E-002
   1.3836011612283098E-002
   1.3848360799803703E-002
   1.3858119845606726E-002
   1.3868639451837578E-002
   1.3879790582576509E-002
   1.3884833047909795E-002
   1.3901833002123042E-002
   1.3907945325589279E-002
   1.3921279780447096E-002
   1.3933620241979664E-002
   1.3937731146529624E-002
   1.3945645242690225E-002
   1.3963534630495414E-002
   1.3969222402127513E-002
   1.3989936501268953E-002
   1.4001950179594673E-002
   1.4004854920625866E-002
   1.4021782983107533E-002
   1.4031992153935231E-002
   1.4034021474536862E-002
   1.4045204733561587E-002
   1.4066547884335182E-002
   1.4081365145317272E-002
   1.4084025803686900E-002
   1.4088530493961119E-002
   1.4098032639760585E-002
   1.4105977748546607E-002
   1.4120159592369759E-002
   1.4128543345816034E-002
   1.4133614509663269E-002
   1.4153047000715541E-002
   1.4159430820845925E-002
   1.4172185092596544E-002
   1.4179071972179302E-002
   1.4183837343375430E-002
   1.4194936483807534E-002
   1.4204461869212500E-002
   1.4214171249924247E-002
   1.4229863521331092E-002
   1.4235549802077823E-002
   1.4244112783848606E-002
   1.4255793481699756E-002
   1.4262981735933062E-002
   1.4279117944094720E-002
   1.4280620652020574E-002
   1.4293013969744355E-002
   1.4306835412881832E-002
   1.4315375874333316E-002
   1.4324746129908549E-002
   1.4347426326761736E-002
   1.4351749067603619E-002
   1.4355776134657858E-002
   1.4371859064641378E-002
   1.4380845014452958E-002
   1.4400819848474971E-002
   1.4418061526171365E-002
   1.4431140391347835E-002
   1.4440538710514195E-002
   1.4444154017926741E-002
   1.4452916610607061E-002
   1.4468644245630262E-002
   1.4496819562306069E-002
   1.4512573986772175E-002
   1.4521735156337156E-002
   1.4530006627141608E-002
   1.4543164481221400E-002
   1.4559023200306904E-002
   1.4576511997225018E-002
   1.4592745140888564E-002
   1.4593700978065735E-002
   1.4599923615275965E-002
   1.4616730527812849E-002
   1.4623743241469516E-002
   1.4631933417361170E-002
   1.4639065521766918E-002
   1.4648901418949561E-002
   1.4659820818900830E-002
   1.4676024765775848E-002
   1.4694676427376383E-002
   1.4697365439753347E-002
   1.4702617957347541E-002
   1.4718899035906518E-002
   1.4729196665539113E-002
   1.4736661808028250E-002
   1.4746029794268757E-002
   1.4755684643520625E-002
   1.4773419136254245E-002
   1.4798171727384879E-002
   1.4801854146811261E-002
   1.4805109913830165E-002
   1.4831764930283547E-002
   1.4842331187425858E-002
   1.4850419266174010E-002
   1.4861205051331379E-002
   1.4872999078397437E-002
   1.4889016027115174E-002
   1.4903153420860358E-002
   1.4903954924003170E-002
   1.4912939604189063E-002
   1.4919433866802743E-002
   1.4928300129129934E-002
   1.4947078083174112E-002
   1.4964887138113595E-002
   1.4980217326412150E-002
   1.5001761749376065E-002
   1.5018554582692290E-002
   1.5034441155995294E-002
   1.5040389719802880E-002
   1.5048780743440366E-002
   1.5073438807834044E-002
   1.5079945623260324E-002
   1.5086568218194676E-002
   1.5103654499675300E-002
   1.5124928271680344E-002
   1.5130256876274322E-002
   1.5138791439567157E-002
   1.5149603221584628E-002
   1.5167321873225916E-002
   1.5180579344214639E-002
   1.5190167197190527E-002
   1.5201026612312254E-002
   1.5207243120741129E-002
   1.5223975091786385E-002
   1.5229637593821741E-002
   1.5244259390498375E-002
   1.5255265989567295E-002
   1.5272720855207766E-002
   1.5277677757880439E-002
   1.5288387508683023E-002
   1.5293961879201111E-002
   1.5324501571062613E-002
   1.5331489490206364E-002
   1.5344196424316425E-002
   1.5353957684637697E-002
   1.5361815897458218E-002
   1.5376153133408779E-002
   1.5388463490311361E-002
   1.5406197183427955E-002
   1.5419232588702068E-002
   1.5434548890455689E-002
   1.5434822536799689E-002
   1.5463382237840911E-002
   1.5468369431315849E-002
   1.5473240629674255E-002
   1.5487795963982054E-002
   1.5503416057437850E-002
   1.5513548827382062E-002
   1.5543440960764024E-002
   1.5547752673634129E-002
   1.5558115566688721E-002
   1.5564883519106190E-002
   1.5571616201345792E-002
   1.5597816394145819E-002
   1.5599872844719330E-002
   1.5636317716264045E-002
   1.5646707719610374E-002
   1.5659629590360283E-002
   1.5669290495176538E-002
   1.5700950631513135E-002
   1.5703891825426811E-002
   1.5715489897758429E-002
   1.5733559434476824E-002
   1.5741751359004751E-002
   1.5766097399387089E-002
   1.5779632307191479E-002
   1.5789044544951905E-002
   1.5808394103502588E-002
   1.5823232759855130E-002
   1.5833233838910468E-002
   1.5857397900643017E-002
   1.5860798481399502E-002
   1.5879324178256087E-002
   1.5882900916653481E-002
   1.5886748625265526E-002
   1.5909502739650097E-002
   1.5923612436313572E-002
   1.5946126986139102E-002
   1.5958505400194049E-002
   1.5975390355435722E-002
   1.5989175128657478E-002
   1.5989618712877192E-002
   1.5995610414159318E-002
   1.6014424526961651E-002
   1.6029660351917437E-002
   1.6040083372808468E-002
   1.6073047899883508E-002
   1.6087154995410056E-002
   1.6097580776761860E-002
   1.6118926851143699E-002
   1.6142849067680952E-002
   1.6149816008072203E-002
   1.6172063667824539E-002
   1.6185132872393301E-002
   1.6186316969101080E-002
   1.6217876161549283E-002
   1.6238378872822055E-002
   1.6251305081279959E-002
   1.6260121623094339E-002
   1.6265694311733588E-002
   1.6272534737603424E-002
   1.6297746701586617E-002
   1.6349584796322689E-002
   1.6358556689868711E-002
   1.6376420034664371E-002
   1.6383292845359651E-002
   1.6390854619055047E-002
   1.6407555941513174E-002
   1.6422527034956228E-002
   1.6439251434434501E-002
   1.6477399890002877E-002
   1.6489876158425901E-002
   1.6493977872156378E-002
   1.6514563400818270E-002
   1.6546603511470543E-002
   1.6558356836504223E-002
   1.6570149317776450E-002
   1.6576784034778465E-002
   1.6591947066659916E-002
   1.6608079907417625E-002
   1.6640893260924848E-002
   1.6670585241186666E-002
   1.6686700859818163E-002
   1.6690026183331041E-002
   1.6711979799962497E-002
   1.6723881898842604E-002
   1.6730495184004088E-002
   1.6759585361526573E-002
   1.6776773790391785E-002
   1.6788889177418071E-002
   1.6810637871218677E-002
   1.6834256316740247E-002
   1.6837225168801154E-002
   1.6875611784184886E-002
   1.6892617000107614E-002
   1.6905188320596384E-002
   1.6914114856619492E-002
   1.6951317357599166E-002
   1.6960840809164015E-002
   1.6987982866005440E-002
   1.7012888093460354E-002
   1.7024607816732453E-002
   1.7040517416511212E-002
   1.7057439194442175E-002
   1.7078374674361307E-002
   1.7128107207746573E-002
   1.7134376087303949E-002
   1.7146667730252162E-002
   1.7161839726180197E-002
   1.7192213381129150E-002
   1.7247032545583955E-002
   1.7256150978787514E-002
   1.7276338388623611E-002
   1.7318560567257280E-002
   1.7324776245603909E-002
   1.7347372476084491E-002
   1.7382746103276926E-002
   1.7394811530605046E-002
   1.7415355394519078E-002
   1.7438185321252384E-002
   1.7475703558502802E-002
   1.7514884299180973E-002
   1.7526962941960718E-002
   1.7551084033143375E-002
   1.7560073452377221E-002
   1.7580491719573536E-002
   1.7590463915101100E-002
   1.7630448165847124E-002
   1.7661788373751562E-002
   1.7681885490707171E-002
   1.7696009251344187E-002
   1.7728078180580097E-002
   1.7748667720150890E-002
   1.7789082935707964E-002
   1.7812772294288081E-002
   1.7830714967009123E-002
   1.7859326002926442E-002
   1.7874562223191944E-002
   1.7877022630183557E-002
   1.7899224683627302E-002
   1.7927285057507642E-002
   1.7957604942023579E-002
   1.7997899032886056E-002
   1.8025802080983335E-002
   1.8041129235121217E-002
   1.8061168701786215E-002
   1.8073761113676201E-002
   1.8077962124792603E-002
   1.8124224876865588E-002
   1.8145344744082886E-002
   1.8165330538289726E-002
   1.8195503359667242E-002
   1.8206144046476386E-002
   1.8237124190548456E-002
   1.8243381076928453E-002
   1.8261937873454766E-002
   1.8265629569179584E-002
   1.8294250340072895E-002
   1.8314602541317226E-002
   1.8341073746757388E-002
   1.8350580639637470E-002
   1.8378208656435042E-002
   1.8388783715762413E-002
   1.8399845223287123E-002
   1.8475705803251682E-002
   1.8490508192452841E-002
   1.8542149864294130E-002
   1.8564407518818365E-002
   1.8595111802956931E-002
   1.8611739413077352E-002
   1.8637754214992384E-002
   1.8660895776888654E-002
   1.8743012496966378E-002
   1.8771777196750140E-002
   1.8791370066837877E-002
   1.8828919785154379E-002
   1.8858123680816730E-002
   1.8882207473908376E-002
   1.8898018193415765E-002
   1.8944323028876248E-002
   1.8957940118474039E-002
   1.9000390693957894E-002
   1.9034411094328289E-002
   1.9053380513935722E-002
   1.9127761118970989E-002
   1.9171828433070106E-002
   1.9198274735233455E-002
   1.9259085660738872E-002
   1.9306024379992019E-002
   1.9325690337303553E-002
   1.9390369648941388E-002
   1.9402369031699292E-002
   1.9437506300925413E-002
   1.9464542061971350E-002
   1.9486949230290894E-002
   1.9521812953594911E-002
   1.9568501141930237E-002
   1.9597208709656724E-002
   1.9638482930410681E-002
   1.9666934746313501E-002
   1.9723176274483663E-002
   1.9775234987949891E-002
   1.9786984174927875E-002
   1.9868462263844342E-002
   1.9888598596017677E-002
   1.9897356601989446E-002
   1.9937797504944697E-002
   1.9963455466116050E-002
   1.9983873758360280E-002
   2.0046369206143201E-002
   2.0072116468817083E-002
   2.0116544188295615E-002
   2.0139817353594738E-002
   2.0144247999162809E-002
   2.0194605191988280E-002
   2.0210671242352797E-002
   2.0236076849837602E-002
   2.0258112982202751E-002
   2.0274896356416185E-002
   2.0314512233898092E-002
   2.0353738603117226E-002
   2.0364868674522356E-002
   2.0379972005181081E-002
   2.0443008779655159E-002
   2.0505799887162748E-002
   2.0523890442382162E-002
   2.0555958897382064E-002
   2.0623475177931269E-002
   2.0642158570850246E-002
   2.0660824390936416E-002
   2.0682701681711706E-002
   2.0756534341257717E-002
   2.0792339397493548E-002
   2.0823230920230210E-002
   2.0862327127178955E-002
   2.0915921824019384E-002
   2.0948732019747042E-002
   2.0980820589146371E-002
   2.0996578920062309E-002
   2.1032638109975181E-002
   2.1042052859643494E-002
   2.1101313189665242E-002
   2.1121296365704634E-002
   2.1143111402897641E-002
   2.1209147734617330E-002
   2.1233462666614265E-002
   2.1255109508271267E-002
   2.1292516461706823E-002
   2.1303847291334742E-002
   2.1332489547384724E-002
   2.1389396991532229E-002
   2.1489306171261276E-002
   2.1528168347589124E-002
   2.1572928716276040E-002
   2.1631394559836255E-002
   2.1748887954314441E-002
   2.1812479536265063E-002
   2.1856086138445256E-002
   2.1912042683247930E-002
   2.1968537934229895E-002
   2.1994560546757979E-002
   2.2028089015507662E-002
   2.2050040183247407E-002
   2.2060480234506477E-002
   2.2107982806525879E-002
   2.2210905306920218E-002
   2.2254282953522154E-002
   2.2298405994953998E-002
   2.2330606421486043E-002
   2.2379371516674858E-002
   2.2409582165282774E-002
   2.2470783366970656E-002
   2.2494638506321891E-002
   2.2536161331056851E-002
   2.2604573714888519E-002
   2.2621604557205906E-002
   2.2636937009474341E-002
   2.2669487412391741E-002
   2.2728820940701534E-002
   2.2741982827078535E-002
   2.2849380943730669E-002
   2.2881293467588819E-002
   2.3014292962310133E-002
   2.3110222044004165E-002
   2.3151079475829939E-002
   2.3183842441311699E-002
   2.3201280033982866E-002
   2.3287814434583148E-002
   2.3368859471000484E-002
   2.3400884812259923E-002
   2.3466697248051869E-002
   2.3488601662924651E-002
   2.3501454985506664E-002
   2.3524093363339788E-002
   2.3585117771851859E-002
   2.3665377793490566E-002
   2.3707412977211854E-002
   2.3755405737109905E-002
   2.3780862602800157E-002
   2.3862058062371658E-002
   2.3876043157587786E-002
   2.3967635112763078E-002
   2.4010001733556229E-002
   2.4040598841301806E-002
   2.4129831803871887E-002
   2.4268189641320600E-002
   2.4289774187466983E-002
   2.4349835806858230E-002
   2.4383075145453705E-002
   2.4454054558024501E-002
   2.4466733080107925E-002
   2.4489637476103932E-002
   2.4500077875183750E-002
   2.4564088166777721E-002
   2.4613530042376607E-002
   2.4780374687967031E-002
   2.4854997998563472E-002
   2.4882984116912348E-002
   2.4934394853886988E-002
   2.5030235765327456E-002
   2.5045450363675989E-002
   2.5056855261176902E-002
   2.5153943393074345E-002
   2.5216107413397013E-002
   2.5312378314369003E-002
   2.5391362077504882E-002
   2.5409386261587157E-002
   2.5507015844266807E-002
   2.5583643542269299E-002
   2.5599062971396937E-002
   2.5621545404858764E-002
   2.5636016106984464E-002
   2.5698484084756709E-002
   2.5715341914195014E-002
   2.5739429121965786E-002
   2.5782797530720630E-002
   2.5799907508810158E-002
   2.5850326854138496E-002
   2.5878247519189424E-002
   2.6044390232540390E-002
   2.6121304178849693E-002
   2.6153574209034559E-002
   2.6226126739053144E-002
   2.6334395101752988E-002
   2.6361579003722956E-002
   2.6423933480891611E-002
   2.6524969399701850E-002
   2.6544602262060794E-002
   2.6589462480675539E-002
   2.6601149989076554E-002
   2.6675883369146614E-002
   2.6963003515182892E-002
   2.7004486848895053E-002
   2.7035907907629681E-002
   2.7076973738274709E-002
   2.7082655518829494E-002
   2.7110115166938006E-002
   2.7120308422347267E-002
   2.7198445734396521E-002
   2.7241222243673469E-002
   2.7269234681078204E-002
   2.7470342888191942E-002
   2.7562198714585633E-002
   2.7622543975403386E-002
   2.7655691292957963E-002
   2.7720062767872724E-002
   2.7752269216475108E-002
   2.7834026649096406E-002
   2.7870104998203492E-002
   2.8057601868754282E-002
   2.8136656672567099E-002
   2.8139787557462090E-002
   2.8149229451547818E-002
   2.8160228772224571E-002
   2.8220365847001314E-002
   2.8399150845758957E-002
   2.8489578259669086E-002
   2.8580738347962351E-002
   2.8642848470735015E-002
   2.8897342077574776E-002
   2.8990246769409304E-002
   2.9019245158637571E-002
   2.9051057972896886E-002
   2.9264998779596482E-002
   2.9402026613310518E-002
   2.9531209105523603E-002
   2.9592351889816969E-002
   2.9648973324358414E-002
   2.9671168565162970E-002
   2.9801657693192256E-002
   3.0199493876290888E-002
   3.0412322022794886E-002
   3.0629893987489470E-002
   3.0638019249637907E-002
   3.1018130923570943E-002
   3.1082609252078796E-002
   3.1091823249639022E-002
   3.1315775116128930E-002
   3.1655977345791245E-002
   3.1742823786812521E-002
   3.1984996161269277E-002
   3.2094531323494248E-002
   3.2183030332213633E-002
   3.2329695545371739E-002
   3.2409370737450517E-002
   3.2520998234716034E-002
   3.2664626553894412E-002
   3.2772984589149172E-002
   3.2802168632975651E-002
   3.2858504208262515E-002
   3.3406231949005244E-002
   3.3500053184742681E-002
   3.3548996269008126E-002
   3.3942180912288164E-002
   3.4218368913500746E-002
   3.4233653606841621E-002
   3.4301044229123244E-002
   3.4555162717734803E-002
   3.4656281952417642E-002
   3.4700750502301592E-002
   3.4992377507575431E-002
   3.5218066753922049E-002
   3.5553869641709909E-002
   3.5639445011937027E-002
   3.5799154880769887E-002
   3.6008719933438904E-002
   3.7030044865986135E-002
   3.7525061165136174E-002
   3.8874472657504343E-002
   3.8928902411684299E-002
   3.9019132083001451E-002
   3.9091319350225549E-002
   3.9172876249975792E-002
   3.9355593941605475E-002
   3.9537426765778677E-002
   4.0822379388842270E-002
   4.1515478160452812E-002
   4.1631270193811340E-002
   4.2139567234850239E-002
   4.2412370269641966E-002
   4.4378649554115294E-002
   4.4924319020575122E-002
   4.5091110791391283E-002
   4.5328553995306935E-002
   4.5978667249969407E-002
   4.6057825089918458E-002
   5.2417715721243797E-002
   5.3821286313394827E-002
   6.9602162081957367E-002
   7.1907808650725366E-002
   7.6227094681856566E-002
   7.7356863576161283E-002
   7.7832410182536421E-002
   8.1542704144515657E-002
   8.1700928090450528E-002
   8.3528456105841045E-002
   8.3889257710925258E-002
   8.4801937538114991E-002
   8.6026863599209483E-002
   8.7582930305457149E-002
   8.7799547508010584E-002
   8.8230968972976984E-002
   8.8556396763843456E-002
   9.1021326683309534E-002
   9.1103113265831440E-002
   9.2398133533726889E-002
   9.4422837628028958E-002
   9.4944582552556570E-002
   9.5685800107692162E-002
   9.5785845641302339E-002
   9.6249821098440241E-002
   9.7427650738890509E-002
   9.7587085032061996E-002
   9.7972518718190280E-002
   9.9171813214614213E-002
  0.10037678914873922     
  0.10151630959023461     
  0.10253093119372653     
  0.10268002833847537     
  0.10338683638858898     
  0.10351349650955229     
  0.10422194710009355     
  0.10542656162733455     
  0.10601666456276186     
  0.10772935567448158     
  0.10786206770891926     
  0.10820044789347728     
  0.10901712819427832     
  0.10920492741691282     
  0.10941676674726618     
  0.10998123823584996     
  0.11025987890898060     
  0.11122093516291222     
  0.11164619028986404     
  0.11200637664238186     
  0.11436478817756852     
  0.11581036612936547     
  0.11602065174124132     
  0.11699047490270681     
  0.11854576413462892     
  0.11862236424278513     
  0.11871377408561848     
  0.11942029896310852     
  0.12028813212798610     
  0.12040534282647040     
  0.12126900034045639     
  0.12535417371585469     
  0.12558330028868966     
  0.12739121287701327     
  0.12746412595093817     
  0.12758271625838721     
  0.12819749803303926     
  0.13076801876199551     
  0.13094186012287665     
  0.13158191727186158     
  0.13412304377980841     
  0.13428941477315509     
  0.13489135695767640     
  0.13501891484006220     
  0.13521818545704553     
  0.13601710939228223     
  0.13958023743552836     
  0.13984388802091505     
  0.14048642313807286     
  0.14137046214329452     
  0.14281405421696614     
  0.14288019088794127     
  0.14352896585564481     
  0.14412405492286451     
  0.14421955778396914     
  0.14531205420375831     
  0.14641585786111186     
  0.14742447690150054     
  0.15062714193189145     
  0.15123132690848914     
  0.15449848314731773     
  0.15669739640860086     
  0.15786195883885784     
  0.16007499072825848     
  0.16037571233957970     
  0.16115190869693316     
  0.16343326236035655     
  0.16592096623043309     
  0.16629524169336932     
  0.16817190239477006     
  0.16930897859225455     
  0.17132962943306007     
  0.17371753031622178     
  0.17472030071883182     
  0.17485931233586910     
  0.17794473163631352     
  0.17903646468549531     
  0.18042687059086893     
  0.18155759229639823     
  0.18304201196870240     
  0.18482528910831938     
  0.18795185218878244     
  0.18834117719036192     
  0.18853239365075036     
  0.18862984334644378     
  0.18954266813103463     
  0.19014773785765968     
  0.19061001322457144     
  0.19292304675453528     
  0.19397264796086519     
  0.19522098659818740     
  0.19550344391138275     
  0.19682344806903768     
  0.19726247221258608     
  0.19936163464889481     
  0.19940310611087153     
  0.20224973248640524     
  0.20310669601859874     
  0.20321143379094142     
  0.20411670316929326     
  0.20454162863715319     
  0.20495111043427211     
  0.20607678406496643     
  0.20661328700836365     
  0.20688847935881940     
  0.20724403948728831     
  0.20871810088517920     
  0.21461906978902306     
  0.21670370291008426     
  0.21767813472790920     
  0.21843694259454013     
  0.21961733819506085     
  0.22164248104719500     
  0.22334801561145079     
  0.22542765107693000     
  0.22789342095546494     
  0.23289722727685830     
  0.23310728077467843     
  0.24115194628022041     
  0.24448768529071996     
  0.25194763947478688     
  0.68417690552314425     
  0.68608446419836888     
  0.68609618111994009     
  0.68834308487052975     
  0.69098860499848613     
  0.69196575119375237     
  0.69344597826821974     
  0.69663844213220538     
  0.69674003517362915     
  0.69841269184916432     
  0.70181924350704106     
  0.70319507430770267     
  0.70387988959326564     
  0.70413292594844024     
  0.70561474052664697     
  0.70581753484612519     
  0.70746877736640801     
  0.70803696631220747     
  0.70878309610418577     
  0.71231030449016697     
  0.71256751248325390     
  0.71353262632350056     
  0.71461418911006047     
  0.71629984432103910     
  0.71727809776119589     
  0.71906604530277785     
  0.71985494184791632     
  0.72085688971055084     
  0.72127938153092785     
  0.72212027586397198     
  0.72392842953823444     
  0.72460277039627408     
  0.72555554531951250     
  0.72767451061209631     
  0.72831783277003803     
  0.73062641295163344     
  0.73110154353422230     
  0.73234881570711075     
  0.73391721686425537     
  0.73469752220625262     
  0.73697010442096422     
  0.73785428678916631     
  0.74008317030574677     
  0.74144769897610352     
  0.74163527460015211     
  0.74328754474719827     
  0.74501756417624798     
  0.74576312445283710     
  0.74700568846331550     
  0.75161602776390679     
  0.75369626345841134     
  0.75592241495640500     
  0.75621445729548831     
  0.75833184942315990     
  0.75958479073143614     
  0.75976378716770399     
  0.76037695473493183     
  0.76164067019124404     
  0.76427471361488675     
  0.76489041518147649     
  0.76543408205649177     
  0.76744532144462529     
  0.76877991418615077     
  0.77137984780281554     
  0.77329034437115651     
  0.77474781760019695     
  0.77525468001770270     
  0.77611348539001235     
  0.77634965364513220     
  0.77727001641859661     
  0.77934055666887980     
  0.78025757887248215     
  0.78377335572415319     
  0.78441965140993297     
  0.78592661357473748     
  0.78611518172304340     
  0.78900726337067117     
  0.79047822479457808     
  0.79224848304828099     
  0.79417035902764666     
  0.79575463758950238     
  0.79600577350214474     
  0.79721904476945593     
  0.79918535499490950     
  0.80181595915417969     
  0.80421441827388174     
  0.80647608256464365     
  0.80823742256265385     
  0.80963503462014141     
  0.81253426766068659     
  0.81502638994993071     
  0.81582560376152113     
  0.81868639161134482     
  0.81927743569396794     
  0.82019748459615960     
  0.82247256485712805     
  0.82418931737627998     
  0.82791059343491036     
  0.82879322957821289     
  0.83406559395833424     
  0.83450965856907000     
  0.83734878673709856     
  0.84059162913946683     
  0.84411364042300863     
  0.84523394372420402     
  0.84868372199922670     
  0.84888793812266183     
  0.84975432298306552     
  0.85037185745211397     
  0.85131955393969805     
  0.85309358712085082     
  0.85686818347353533     
  0.86080865304743726     
  0.86441863051308632     
  0.86537731790816275     
  0.86835401332442075     
  0.87052846461933020     
  0.87352977056172976     
  0.87647252236687401     
  0.88050411869921630     
  0.88140675232107890     
  0.88358436011305985     
  0.88490974021213653     
  0.88550956208936360     
  0.88742665339653537     
  0.89020839268318919     
  0.89396055219169757     
  0.89589617250214815     
  0.89679322274376505     
  0.89726915260045803     
  0.90076974070773697     
  0.90286710227678013     
  0.90593415849287906     
  0.90648898563381253     
  0.90676623488549479     
  0.90979037892862968     
  0.91305642147788735     
  0.91681095129820234     
  0.91995482267798856     
  0.92056179278409200     
  0.92256496185553127     
  0.92706166854548888     
  0.92779268818366201     
  0.92899669953534270     
  0.93042908806500924     
  0.93116211200095911     
  0.93721889768973743     
  0.93831733038255583     
  0.93915431963954776     
  0.94074359930862661     
  0.94146980640834477     
  0.94302305224771876     
  0.94570467476151343     
  0.94681119658862711     
  0.94913449503918379     
  0.95069957817983186     
  0.95097834390648528     
  0.95372469839934459     
  0.95551590445712398     
  0.95591356532077554     
  0.96122001960155112     
  0.96269788037592829     
  0.96279012797633956     
  0.96303773312352980     
  0.96396164383168659     
  0.96520346878519858     
  0.96607827240948119     
  0.96800748029409833     
  0.96898657924615783     
  0.96959356813918240     
  0.97050189310203405     
  0.97078687887385240     
  0.97121944894180046     
  0.97251299453286488     
  0.97367576789006183     
  0.97578095104646423     
  0.97937488601476097     
  0.98208498321927606     
  0.98258564314630925     
  0.98502100593856945     
  0.98796560196746697     
  0.98865436872583723     
  0.99463765633270051     
  0.99499999852096188     
   1.0732867480770256     
   1.0952071981249831     
   1.0969507461714507     
   1.1069847231558829     
   1.1177786199321269     
   1.1184334196961083     
   1.1218850360200285     
   1.1288328967464147     
   1.1294808228660491     
   1.1358109152799913     
   1.1374155582980405     
   1.1385399962526705     
   1.1429288706205754     
   1.1457929286655977     
   1.1473132627262734     
   1.1496548351200044     
   1.1523570113504837     
   1.1556537875769251     
   1.1575599841086459     
   1.1611874176743167     
   1.1705319149295099     
   1.1735044258724636     
   1.1755866210189652     
   1.1767241196570764     
   1.1767352927333468     
   1.1784059111161556     
   1.1785009188572877     
   1.1805077607542172     
   1.1826448986281943     
   1.1872934029382638     
   1.1930980086111438     
   1.1956675835915531     
   1.1963816306729353     
   1.1964707458044850     
   1.1984804779669949     
   1.2011305304827451     
   1.2014547468661176     
   1.2039954321575586     
   1.2089196464568630     
   1.2089917920313715     
   1.2127011381626944     
   1.2177329387396718     
   1.2239046871814396     
   1.2249652873586006     
   1.2252895481201029     
   1.2292186050072340     
   1.2295876450639147     
   1.2439842329763744     
   1.2468002262456790     
   1.2490090379191423     
   1.2499428946721141     
   1.2511076950558695     
   1.2564937654841404     
   1.2794712162649597     
   1.2795893069909365     
   1.2806722429439388     
   1.2809431935424371     
   1.2871435415822070     
   1.2980730700234635     
   1.2997904352578562     
   1.3001342738528376     
   1.3012613359481928     
   1.3038070395803121     
   1.3042297081032808     
   1.3055900297315590     
   1.3059223554676442     
   1.3098490445025839     
   1.3104698887510897     
   1.3110338137843665     
   1.3142559591059866     
   1.3160243302906598     
   1.3261499127833940     
   1.3278680637408229     
   1.3281901858163474     
   1.3286566999704181     
   1.3306417211852033     
   1.3319476782457218     
   1.3384743506060572     
   1.3407907718634713     
   1.3493569360286479     
   1.3507892415108451     
   1.3513269994430046     
   1.3553174090085025     
   1.3573988414282021     
   1.3578763777989196     
   1.3581544721883050     
   1.3608970671947749     
   1.3625195624728996     
   1.3711563502278896     
   1.3743617094551561     
   1.3761392464795121     
   1.3808099204334026     
   1.3830577697817417     
   1.3863062297839146     
   1.3882033304352643     
   1.3893526869590829     
   1.3908456865166912     
   1.3950926703727888     
   1.3957398255988109     
   1.3965561923702878     
   1.3997368921395463     
   1.4004446627501617     
   1.4066231182540030     
   1.4072230491483881     
   1.4131121984174528     
   1.4146538339555659     
   1.4173656795555774     
   1.4181683852453546     
   1.4184649927589261     
   1.4194975558203935     
   1.4201997439520424     
   1.4209727138542227     
   1.4351328942273132     
   1.4375991531163932     
   1.4390769458319106     
   1.4392556139044594     
   1.4415636593379790     
   1.4430646947337193     
   1.4554460716821773     
   1.4627032686685280     
   1.4636424191367778     
   1.4639750608459310     
   1.4659181478382783     
   1.4666302986968389     
   1.4688388543673461     
   1.4726688913037167     
   1.4781776223159091     
   1.4792499239545924     
   1.4821825928081467     
   1.4857799499067252     
   1.4860801094056373     
   1.4906112036699204     
   1.4914442937429102     
   1.4980956318017340     
   1.5060103832167300     
   1.5091515419251076     
   1.5107590714067520     
   1.5165610141870089     
   1.5167982367588493     
   1.5241664859553234     
   1.5328948228811834     
   1.5356535833787446     
   1.5412241423482376     
   1.5436691939001261     
   1.5442421486032665     
   1.5452967379769451     
   1.5468849116172334     
   1.5483653930298391     
   1.5494389109806865     
   1.5510842527669157     
   1.5523154299932058     
   1.5542779100338495     
   1.5603497972159135     
   1.5610556536882167     
   1.5622176017979534     
   1.5719373749472569     
   1.5723988817166872     
   1.5752347684860382     
   1.5762230759528073     
   1.5779736625781480     
   1.5901214603339997     
   1.5918301456267547     
   1.5936354176479361     
   1.6021960622953617     
   1.6041500916073663     
   1.6071256819377437     
   1.6099224808075037     
   1.6151575981032351     
   1.6262881010602135     
   1.6266866340065065     
   1.6277664550038062     
   1.6321468658037612     
   1.6364422023252911     
   1.6375042764117036     
   1.6455440689862078     
   1.6478460901799319     
   1.6545713832834901     
   1.6565172454431953     
   1.6898911701160009     
   1.6923803083438380     
   1.6990111287093685     
   1.6998592473833976     
   1.7004963423748927     
   1.7033579312198714     
   1.7047979330227949     
   1.7104788064094270     
   1.7235393273432258     
   1.7344827991459382     
   1.7426081295294282     
   1.7505393171992070     
   1.7568627390297040     
   1.7574481130316431     
   1.7620018529612909     
   1.7627525652947098     
   1.7634283913945785     
   1.7692922578019032     
   1.7701266417050019     
   1.7709309696910491     
   1.7753770494366021     
   1.7808243244180642     
   1.7845554092663736     
   1.7850451117324477     
   1.7868541179027633     
   1.7876614503799690     
   1.7933677043556857     
   1.7938088053533916     
   1.7945984064289180     
   1.7961519220967894     
   1.7993865255277226     
   1.8002511657497988     
   1.8019129081027740     
   1.8036487721922549     
   1.8037583760259950     
   1.8039388172874340     
   1.8042155340118569     
   1.8063477414344182     
   1.8064489038566418     
   1.8077526661372922     
   1.8108696892896767     
   1.8189339679241914     
   1.8196936518097169     
   1.8198649138819909     
   1.8274923943561157     
   1.8318572014831638     
   1.8334423693377346     
   1.8368943327463845     
   1.8394750059516232     
   1.8431067383155766     
   1.8434156656308702     
   1.8438142649115241     
   1.8447577518975331     
   1.8466837104014053     
   1.8479880322160214     
   1.8489450845478652     
   1.8495810130365522     
   1.8509619279283271     
   1.8522993556391609     
   1.8527205962828071     
   1.8567843593650577     
   1.8575041054600903     
   1.8592486439158034     
   1.8614941142792605     
   1.8655303381677453     
   1.8675874983818697     
   1.8685345246696721     
   1.8702577778086527     
   1.8713738215222462     
   1.8722366510654493     
   1.8723662744544280     
   1.8753015314653299     
   1.8756563622642330     
   1.8758652593226934     
   1.8818459309517230     
   1.8824350476487899     
   1.8864481793527470     
   1.8864993252206739     
   1.8874289761501160     
   1.8887155124238704     
   1.8896541592340663     
   1.8901085234412460     
   1.8935163519760805     
   1.8942735533484860     
   1.8960002881156928     
   1.8970718653147818     
   1.8990052753083724     
   1.9015365283023304     
   1.9045383887451011     
   1.9075039390225601     
   1.9117829468716285     
   1.9123119302972345     
   1.9142468934036037     
   1.9151982279569615     
   1.9172247403422236     
   1.9182563456683708     
   1.9214571559669116     
   1.9251417292835500     
   1.9283419022367834     
   1.9294221904366229     
   1.9294547305994150     
   1.9296295335389766     
   1.9301021485843270     
   1.9311951091188269     
   1.9370696074381240     
   1.9383618560834497     
   1.9397175567444345     
   1.9412161765752363     
   1.9436115316883404     
   1.9444007693822649     
   1.9464419798069141     
   1.9471851611686426     
   1.9489937217182984     
   1.9494549025355707     
   1.9544847845226441     
   1.9546244382806643     
   1.9559702369268575     
   1.9586369587050119     
   1.9625516351506140     
   1.9638371085065511     
   1.9646289271689668     
   1.9648792902804397     
   1.9652165142168432     
   1.9670702097212454     
   1.9695837213490213     
   1.9716283017855543     
   1.9717659091140982     
   1.9728668124048347     
   1.9752008705732575     
   1.9754962077776288     
   1.9756253100002310     
   1.9759888633570732     
   1.9771527433852523     
   1.9809857314031376     
   1.9814091509178604     
   1.9840808570055191     
   1.9841734610505759     
   1.9847416876514345     
   1.9862648113752546     
   1.9878683729555502     
   1.9899436371677364     
   1.9913531786387162     
   1.9931768020120113     
   1.9937370211916661     
   1.9937490160931124     
   1.9957571194580315     
   1.9963029384132662     
   1.9973731620143986     
   1.9978400108159933     
   1.9992808468853778     
   1.9999216195664344     
   2.0017964254017948     
   2.0031845767661469     
   2.0034151188101070     
   2.0042766799013898     
   2.0050447261157349     
   2.0051988798060889     
   2.0056871459232313     
   2.0061681537889138     
   2.0069116271231997     
   2.0070102729688881     
   2.0077778984097168     
   2.0084734562945918     
   2.0099210511574581     
   2.0110334969213057     
   2.0112735980319765     
   2.0128474668402521     
   2.0147416492281049     
   2.1304397544953986     
   2.1330172990462715     
   2.1728122244257468     
   2.1762081019223363     
   2.1774170324419204     
   2.1781253298616212     
   2.1790729957458290     
   2.1822422311228467     
   2.1832265286441723     
   2.1861960958102507     
   2.1873567516007961     
   2.1880508206586455     
   2.1885378298937370     
   2.1890654282545063     
   2.1966032349257834     
   2.1982930051991407     
   2.2025415625432170     
   2.2025927583196254     
   2.2061543157709309     
   2.2069792783472826     
   2.2084009620903093     
   2.2086831755447198     
   2.2136990084750430     
   2.2215559967309906     
   2.2222450751945293     
   2.2237261040145033     
   2.2254425417126553     
   2.2337327524734398     
   2.2355226844081852     
   2.2361358859244942     
   2.2413247805385716     
   2.2417747226442333     
   2.2496656828600021     
   2.2965676211070334     
   2.2980865831101385     
   2.3085466771252774     
   2.3092754179271302     
   2.3174158540694254     
   2.3196167442891982     
   2.3197760014819324     
   2.3251124277924240     
   2.3270810149740773     
   2.3280427716310590     
   2.3282655772139216     
   2.3307339453256142     
   2.3311561498156972     
   2.3341431772499073     
   2.3352044580117779     
   2.3394350004498241     
   2.3408725916986612     
   2.3413511373892204     
   2.3439657091571089     
   2.3472427498369610     
   2.3511658236309039     
   2.3521308076660743     
   2.3532281470676262     
   2.3567029117750717     
   2.3573608508646062     
   2.3581736843110770     
   2.3595341704883910     
   2.3607152179228099     
   2.3610939269746578     
   2.3615897144937681     
   2.3618337019701761     
   2.3636018483874786     
   2.3638885313980160     
   2.3679645279386912     
   2.3693365400093280     
   2.3709592890079780     
   2.3750580999862461     
   2.3760530844291621     
   2.3785626287948816     
   2.3787410982734873     
   2.3789814151872490     
   2.3791321388879703     
   2.3799848033456081     
   2.3801548278554305     
   2.3812949588061194     
   2.3837881214799106     
   2.3861622729322387     
   2.3890959162247865     
   2.3904295603454764     
   2.3905359616814930     
   2.3909045236898745     
   2.3935716628307326     
   2.3945751885690649     
   2.4015376867912543     
   2.4016390666878120     
   2.4022853141403981     
   2.4046730830117129     
   2.4079520412925888     
   2.4083351467769085     
   2.4084413238695586     
   2.4086140755747394     
   2.4098203263041920     
   2.4104105419959998     
   2.4122328504398634     
   2.4158607079180547     
   2.4167201158154552     
   2.4198547377046804     
   2.4245400994367334     
   2.4253159050210962     
   2.4272335888882233     
   2.4277766027248973     
   2.4295587761014676     
   2.4297752915365853     
   2.4303420905145439     
   2.4353064197056975     
   2.4355181730159221     
   2.4357095450567359     
   2.4384196646175518     
   2.4387223214231959     
   2.4395854882629155     
   2.4397841309850459     
   2.4406268051287130     
   2.4447363513630300     
   2.4474170143772409     
   2.4497586388102706     
   2.4501649714362763     
   2.4507445562527250     
   2.4531722734011394     
   2.4612872291950154     
   2.4647203614345332     
   2.4674585321065399     
   2.4701760193786177     
   2.4716586802143699     
   2.4718076417077000     
   2.4744180718464017     
   2.4751156780158552     
   2.4752297290704268     
   2.4757523353532123     
   2.4771852536433081     
   2.4779456984508625     
   2.4853500574546668     
   2.4861947435506591     
   2.4874770692370265     
   2.4907300105202723     
   2.4932698967822180     
   2.4935798457746903     
   2.4957830831050836     
   2.4986618785271530     
   2.4992718765038093     
   2.5014098118463122     
   2.5016837560017890     
   2.5027227316096092     
   2.5034886152191604     
   2.5035681812827151     
   2.5040374974948252     
   2.5054631777898138     
   2.5055415071035276     
   2.5061956757961692     
   2.5082300997096709     
   2.5083091158495439     
   2.5086098751138746     
   2.5091474476113733     
   2.5093842473456371     
   2.5093916193261574     
   2.5109316858566593     
   2.5142679546106006     
   2.5146698999696557     
   2.5165913627634233     
   2.5166197833514521     
   2.5167778592917545     
   2.5169884989099831     
   2.5189787698573918     
   2.5248579118287866     
   2.5253470830010487     
   2.5263078131806322     
   2.5281612705141425     
   2.5297981941684720     
   2.5322305288458575     
   2.5336795374491072     
   2.5338949563897648     
   2.5345713809584098     
   2.5357839846774417     
   2.5368661620275175     
   2.5372584552524096     
   2.5386451671333710     
   2.5400733212733346     
   2.5452369828069261     
   2.5452431773707134     
   2.5453156864654596     
   2.5537203850396120     
   2.5597416344848454     
   2.5628941793145201     
   2.5632663106713678     
   2.6076569231343996     
   2.6078912119153603     
   2.6106816492453357     
   2.6154566505867405     
   2.6157310313176176     
   2.6158633551227224     
   2.6170772972875840     
   2.6182743756122937     
   2.6189807072134110     
   2.6201149052298112     
   2.6213907972771104     
   2.6218573661752220     
   2.6221925291817691     
   2.6225801515569551     
   2.6225859338929318     
   2.6227642647616993     
   2.6231330832324407     
   2.6239778571274792     
   2.6244050780897874     
   2.6250141927506867     
   2.6266966087902781     
   2.6271273537488558     
   2.6313189315254428     
   2.6317605908900963     
   2.6340055588692932     
   2.6356738366858408     
   2.6383503335742668     
   2.6409667906571586     
   2.6421374749282194     
   2.6426899531734542     
   2.6483644533008768     
   2.6493805708867377     
   2.6505148357166841     
   2.6509035947936805     
   2.6515914708585848     
   2.6530443153041681     
   2.6537529650952045     
   2.6547200591158568     
   2.6566756314140187     
   2.6568012904378513     
   2.6583455583619577     
   2.6584331993055166     
   2.6593589061133969     
   2.6594456671774966     
   2.6601499229256231     
   2.6610881263472326     
   2.6611631136590304     
   2.6624093479647044     
   2.6627859363725856     
   2.6635115346874279     
   2.6640696718347323     
   2.6660618623565346     
   2.6671862160848114     
   2.6682031150907952     
   2.6692527397569288     
   2.6694987805687478     
   2.6695080074389037     
   2.6701432707659740     
   2.6704165232570087     
   2.6705271512685527     
   2.6708306272661670     
   2.6724898885342783     
   2.6729509691391322     
   2.6729916813829839     
   2.6732362560374221     
   2.6735557675445829     
   2.6737177052183960     
   2.6780912579190601     
   2.6786057691815883     
   2.6798111218025737     
   2.6804672043710900     
   2.6806195230041538     
   2.6808951592685082     
   2.6809484776538963     
   2.6817571920669145     
   2.6820790230341141     
   2.6821654678324505     
   2.6822115461477427     
   2.6830138523571909     
   2.6840322883318355     
   2.6847107526194991     
   2.6849872180725027     
   2.6861562930851481     
   2.6863280629877018     
   2.6865236441935298     
   2.6874755547081630     
   2.6877266965685140     
   2.6894830809841919     
   2.6896676971354947     
   2.6898712794708657     
   2.6903293329740938     
   2.6904299638523659     
   2.6923178328385284     
   2.6927351866585436     
   2.6934944537101697     
   2.6947425910578069     
   2.6960272995089776     
   2.7041307323217705     
   2.7055281806917559     
   2.7149993713285512     
   2.7166577329954484     
   2.7179401964408973     
   2.7257343157497131     
   2.7310963618762893     
   2.7323720298982885     
   2.7353780191059176     
   2.7359868911794307     
   2.7383140709235794     
   2.7433524248378469     
   2.7484882207371597     
   2.7574986208038061     
   2.7576663550189737     
   2.7583330975334253     
   2.7606778430759862     
   2.7621775502894410     
   2.7661015282071304     
   2.7666307570194850     
   2.7679865985594430     
   2.7691828649263512     
   2.7715369875534956     
   2.7719679614737749     
   2.7734296837777990     
   2.7738187076494847     
   2.7752669935543639     
   2.7759846930852121     
   2.7764894429189733     
   2.7767633757472403     
   2.7777052912590396     
   2.7819338257574464     
   2.7854197523132602     
   2.7876249635791859     
   2.7896824830930469     
   2.7917655130639076     
   2.7922654816888151     
   2.7952652080317431     
   2.8015732073933304     
   2.8019132528168593     
   2.8066825290976856     
   2.8076378480895046     
   2.8115803252079119     
   2.8144108813647364     
   2.8145288635778121     
   2.8146300995778586     
   2.8148922538171188     
   2.8151647250650189     
   2.8163569799989747     
   2.8164237404147410     
   2.8167096598817660     
   2.8170867458819799     
   2.8175253216735308     
   2.8182324814725481     
   2.8189383330562836     
   2.8199153557248211     
   2.8199358698512764     
   2.8208564368836462     
   2.8211421141047546     
   2.8212865904702151     
   2.8216695568657411     
   2.8220350639003096     
   2.8228673012086833     
   2.8234037285754745     
   2.8237960356953713     
   2.8247007125450199     
   2.8252241853875959     
   2.8264946747593735     
   2.8269923184834957     
   2.8286432401408947     
   2.8291794507607317     
   2.8292399285277035     
   2.8316968586446771     
   2.8317378804682893     
   2.8330138680600956     
   2.8343741953390857     
   2.8344863378269292     
   2.8347589911094602     
   2.8360517011104074     
   2.8364795641079676     
   2.8368127301354260     
   2.8378916553736180     
   2.8381054075891892     
   2.8393133810372926     
   2.8398179535395425     
   2.8401522166859530     
   2.8406362426982779     
   2.8430508945268307     
   2.8433850925480448     
   2.8437164902943102     
   2.8444742722531862     
   2.8444797604699974     
   2.8448043997123120     
   2.8451035657644073     
   2.8456313865296599     
   2.8470038096030272     
   2.8493975814601922     
   2.8497711205757010     
   2.8498744701535244     
   2.8503872835849720     
   2.8507739734713238     
   2.8511599312252867     
   2.8516045851067870     
   2.8519763099202451     
   2.8545766100244090     
   2.8554687341601248     
   2.8556257747521840     
   2.8558524177450915     
   2.8559267553616716     
   2.8571207337358979     
   2.8573836400074253     
   2.8581398484908509     
   2.8591389108837291     
   2.8591876023068834     
   2.8598918726572431     
   2.8609374835773900     
   2.8619635863742707     
   2.8629772108474203     
   2.8637561836736674     
   2.8652372166423588     
   2.8653704157804576     
   2.8655347149730273     
   2.8664675148955054     
   2.8665836061540424     
   2.8666187388302680     
   2.8670950039587422     
   2.8671053577512495     
   2.8676521515738305     
   2.8693736754997023     
   2.8700875859509596     
   2.8703292770997528     
   2.8711800412996782     
   2.8712732267660384     
   2.8717720024961904     
   2.8734122342662474     
   2.8737332498395602     
   2.8737807366220354     
   2.8745453760657345     
   2.8759374264557236     
   2.8762215586070212     
   2.8763793590724407     
   2.8772853951363513     
   2.8777920916881863     
   2.8782444438899364     
   2.8783716175786345     
   2.8786565374728696     
   2.8798656832149137     
   2.8804729326656733     
   2.8817809389327080     
   2.8822128048666524     
   2.8829805254896641     
   2.8842557603361718     
   2.8843121491152104     
   2.8850233930602625     
   2.8851506387704431     
   2.8856772167449352     
   2.8877181863173713     
   2.8888183800128076     
   2.8891622291955779     
   2.8897966408995077     
   2.8903261300213301     
   2.8904446367936192     
   2.8909945516186180     
   2.8913578581285702     
   2.8917158691105995     
   2.8931864074424070     
   2.8936393820595345     
   2.8938531888679320     
   2.8946025127289761     
   2.8948765182281644     
   2.8957444117758304     
   2.8963521256443823     
   2.8966235107181224     
   2.8972057701823917     
   2.8977102976583415     
   2.8989467480857596     
   2.8994515451704652     
   2.8995482386656799     
   2.9002541649830325     
   2.9003270233011351     
   2.9007233613578043     
   2.9010877131499315     
   2.9012717326146586     
   2.9014191188215137     
   2.9020760922923046     
   2.9024087394809182     
   2.9029517687014814     
   2.9041086659650546     
   2.9054056929443486     
   2.9058890478787354     
   2.9060096877478490     
   2.9063387159503895     
   2.9065320267293360     
   2.9067073103489047     
   2.9068600011730918     
   2.9070431944997850     
   2.9073788880226954     
   2.9076324542031680     
   2.9086811885358701     
   2.9092691376181037     
   2.9093070837220583     
   2.9094493891822539     
   2.9096533478357900     
   2.9100880195290064     
   2.9105406189438949     
   2.9110392433343066     
   2.9111819525707969     
   2.9122289221607223     
   2.9123416586902069     
   2.9125771632996309     
   2.9131004455387863     
   2.9132022317462809     
   2.9135799556139252     
   2.9138515035274568     
   2.9140319535786641     
   2.9152055863263588     
   2.9152304414752996     
   2.9169521053856440     
   2.9171579229541944     
   2.9178036436248145     
   2.9208510529217215     
   2.9215413292355841     
   2.9393587303622493     
   2.9396701232636562     
   2.9523631599922506     
   2.9530061745712697     
   2.9534862697730309     
   2.9537167346741078     
   2.9548378645413718     
   2.9558038539638272     
   2.9570046411151973     
   2.9570752194117049     
   2.9575191980923479     
   2.9591903235756924     
   2.9608168165508952     
   2.9716270665714384     
   2.9727531178543161     
   2.9732404717504224     
   2.9763658595094586     
   2.9780405599551916     
   2.9782737959591312     
   2.9790475122805380     
   2.9792667346133479     
   2.9795072587030096     
   2.9806003818110791     
   2.9806568698426577     
   2.9814404557713625     
   2.9823346467906426     
   2.9825548166025011     
   2.9826198523300476     
   2.9826852281806531     
   2.9851978420104222     
   2.9862411339774435     
   2.9867701783013034     
   2.9898853234877674     
   2.9900526433663788     
   2.9902391696900867     
   2.9953004015405948     
   2.9991104352227875     
   3.0011593574269582     
   3.0185695765085212     
   3.0237836369981470     
   3.0297196890325164     
   3.0343748247252504     
   3.0476922282807006     
   3.0500276865034071     
   3.0616564127461370     
