 1.4605E+000
 1.1454E+000
-1.7354E+000
 1.2880E+000
 8.7583E-001
-1.5806E+000
 1.2174E+000
 9.0656E-001
-1.7393E+000
 1.1161E+000
 1.0206E+000
-2.0633E+000
 1.0285E+000
 6.4776E-001
-1.6962E+000
 1.8386E+000
 2.0811E+000
-2.1097E+000
 1.2821E+000
 8.1158E-001
-1.5567E+000
 1.1385E+000
 7.6603E-001
-1.6590E+000
 1.1217E+000
 7.3434E-001
-1.6906E+000
 1.4101E+000
 6.7619E-001
-1.9387E+000
 1.0296E+000
 7.5696E-001
-1.7123E+000
 1.2377E+000
-4.7367E-002
-2.6389E+000
 7.4803E-001
 7.4821E-001
-1.3882E+000
 6.8051E-001
 7.3730E-001
-1.3267E+000
 5.5114E-001
 6.1715E-001
-1.2146E+000
 4.2245E-001
 6.1245E-001
-1.0648E+000
 6.8241E-001
 9.4718E-001
-1.3077E+000
 6.8411E-001
 1.0981E+000
-1.3697E+000
 5.7390E-001
 5.0802E-001
-1.3071E+000
 4.1269E-001
 3.4535E-001
-1.2528E+000
 1.1165E-001
 4.3570E-001
-1.1286E+000
 2.2526E-001
 4.4934E-001
-1.1853E+000
 4.8252E-001
 1.4813E-001
-1.2317E+000
 4.5124E-001
 3.5759E-001
-1.1599E+000
-2.5301E-001
 4.9333E-001
-9.3575E-001
-6.8497E-001
 5.7283E-001
-7.5676E-001
-9.0411E-001
-1.4509E-002
-3.7037E-001
-1.1765E+000
-5.7984E-001
 7.0724E-002
-1.1878E+000
 1.1075E+000
-7.0760E-001
 1.4336E-001
 2.1084E-001
 1.3778E-001
-7.4182E-001
 6.4170E-002
-6.2011E-001
-9.2353E-001
-5.4777E-001
-3.1056E-001
-1.5166E+000
-4.9509E-001
-4.3701E-002
-2.1695E+000
-5.3002E-001
-8.9413E-002
-3.5613E-001
-1.0660E+000
-4.0877E-001
-1.5927E+000
-6.4263E-001
-1.1271E+000
-1.3618E+000
-4.6864E-001
 2.0680E-001
-1.9083E+000
-4.8227E-001
 3.9088E-001
-1.7713E+000
-4.2071E-001
 4.1398E-001
-1.5033E+000
-3.5962E-001
 3.2053E-001
-1.9386E+000
-4.7271E-001
 5.3998E-001
-1.8458E+000
-4.5697E-001
 5.6909E-001
-1.6667E+000
-5.9498E-001
 3.7039E-001
-1.7282E+000
-8.5981E-001
 3.7419E-001
-1.9647E+000
-4.1845E-001
 6.3121E-001
-1.5050E+000
-4.1587E-001
 1.2691E-001
-1.5226E+000
-3.8112E-001
-2.1032E-002
-1.4678E+000
-5.2840E-001
-4.9631E-002
-1.4801E+000
-7.2399E-001
-1.1235E-001
-1.6145E+000
-2.5504E-001
-2.5908E-001
-1.4524E+000
-2.5833E-001
 2.4547E-002
-1.4477E+000
-2.9612E-001
 6.9943E-002
-1.3849E+000
-3.6233E-001
 8.1362E-002
-1.3805E+000
-5.3611E-001
 2.7695E-001
-1.3623E+000
-5.6462E-001
 2.8816E-001
-1.3925E+000
-4.9102E-001
 4.2189E-001
-1.4455E+000
-6.5143E-001
 5.6603E-001
-1.5005E+000
-7.5775E-001
 5.3103E-001
-1.5530E+000
-1.1881E+000
 8.8743E-001
-1.4517E+000
-5.6695E-001
 7.6007E-001
-1.4837E+000
-3.7235E-001
 1.5368E-001
-1.5015E+000
-4.5482E-001
 1.5067E-001
-1.4545E+000
-1.9322E-001
 5.8862E-001
-1.7001E+000
-6.0696E-001
 6.6312E-001
-1.2349E+000
 4.4608E-001
 8.4192E-001
-1.1788E+000
 7.3510E-001
 1.2867E+000
-1.1822E+000
 1.0239E+000
 1.0942E+000
-9.6944E-001
 1.2035E+000
 1.0121E+000
-1.0641E+000
 1.2119E+000
 1.5197E+000
-2.3178E+000
 1.0406E+000
-4.1444E-001
-1.4538E+000
 1.1117E+000
 1.0568E+000
-1.4798E+000
 1.4134E+000
 8.6805E-001
-1.5880E+000
 1.5822E+000
 7.2678E-001
-1.6285E+000
 1.3847E+000
 5.9965E-001
-1.5971E+000
 1.9751E+000
 8.2906E-001
-1.7588E+000
 2.0931E+000
 6.9948E-001
-1.7932E+000
 2.0819E+000
 4.6025E-001
-1.7303E+000
 2.1084E+000
 7.0706E-001
-1.9633E+000
 2.2064E+000
 8.8837E-001
-9.1251E-001
 2.5431E+000
 4.5709E-001
-1.8879E+000
 2.0345E+000
 1.1173E-002
-1.8375E+000
 2.0506E+000
-1.6764E-001
-1.6933E+000
 2.0735E+000
-2.7663E-001
-1.4072E+000
 2.2535E+000
-5.0217E-001
-1.8135E+000
 2.0292E+000
-1.0341E-001
-1.7586E+000
 2.1217E+000
-1.5869E-002
-2.0056E+000
 1.7615E+000
-7.6960E-002
-1.8498E+000
 1.7308E+000
-1.5151E-001
-1.8526E+000
 2.0911E+000
-3.4866E-001
-1.5424E+000
 2.1624E+000
-5.9612E-001
-1.9911E+000
 1.4978E+000
-1.1401E-002
-2.2217E+000
 2.3280E+000
-3.1571E-001
-2.2753E+000
 2.8065E+000
-5.7758E-001
-1.9944E+000
 3.0353E+000
-7.9253E-001
-1.9646E+000
 3.0747E+000
-7.7008E-001
-2.8109E+000
 2.9623E+000
-5.9213E-001
-5.5728E+000
 5.1602E+000
-2.2245E+000
-1.7562E+000
 3.1483E+000
-9.7826E-001
-1.3977E+000
 3.3820E+000
-1.1590E+000
-8.9180E-001
 3.2277E+000
-1.4002E+000
-5.6507E-001
 3.6696E+000
-1.4731E+000
-1.3331E+000
 3.2995E+000
-1.2124E+000
-1.8022E+000
-1.0665E+000
-1.3145E-002
-8.0265E-001
 2.5887E+000
-1.5378E+000
-2.7009E-001
 2.3440E+000
-1.8333E+000
-1.5434E-001
 2.5300E+000
-1.9396E+000
 2.7557E-001
 2.6842E+000
-2.1753E+000
-1.5719E-001
 1.7079E+000
-1.7268E+000
-8.4992E-002
 1.5376E+000
-1.7967E+000
-5.3407E-001
 2.5357E+000
-1.7932E+000
-5.5002E-001
 2.7449E+000
-1.8476E+000
-4.7846E-001
 3.2599E+000
-1.9532E+000
-2.7024E-001
 3.2834E+000
-2.1791E+000
-1.0048E+000
 2.7049E+000
-1.7532E+000
 5.7376E-001
 2.4515E+000
-1.1013E+000
-6.2449E-001
 3.6997E+000
-1.7637E+000
-5.6083E-001
 4.2213E+000
-1.8090E+000
-1.9737E-001
 4.4200E+000
-2.1232E+000
-6.7806E-002
 4.7226E+000
-2.1899E+000
-8.2919E-001
 4.5800E+000
-1.5397E+000
-2.1084E+000
 3.3268E+000
-2.9229E+000
-2.7191E-002
 4.2080E+000
-2.2600E+000
 3.3131E-001
 4.3871E+000
-2.6337E+000
 3.9791E-001
 4.0189E+000
-3.0151E+000
 3.2810E-001
 4.0691E+000
-3.4417E+000
 5.8088E-001
 4.5166E+000
-2.9599E+000
 1.9975E+000
 1.4487E+000
-2.1543E+000
 5.1000E-001
 3.6258E+000
-2.8836E+000
 6.7293E-001
 3.2129E+000
-3.2720E+000
 5.6897E-001
 3.1037E+000
-3.1901E+000
 8.8257E-001
 2.9070E+000
-3.4340E+000
 7.0104E-001
 2.7261E+000
-3.5073E+000
 1.2749E+000
 3.7338E+000
-4.2604E+000
 1.3133E-001
 3.2185E+000
-2.8779E+000
 2.6954E-002
 3.2087E+000
-2.8118E+000
 6.4183E-002
 3.3489E+000
-2.8184E+000
 3.1993E-002
 4.8387E+000
-3.3115E+000
 1.1862E-001
 1.6986E+000
-2.2687E+000
 1.4398E-001
 1.5435E+000
-2.1950E+000
-3.7780E-002
 1.4927E+000
-1.9815E+000
-7.2194E-001
 1.4946E+000
-1.9224E+000
 2.1881E-001
 1.4342E+000
-2.2216E+000
 1.7532E-001
 1.5418E+000
-2.2055E+000
 3.6158E-001
 1.3757E+000
-1.8685E+000
 2.2833E-001
 1.3216E+000
-1.5561E+000
 2.5101E-001
 1.2777E+000
-1.5571E+000
 2.8119E-001
 1.2643E+000
-1.5681E+000
 1.7085E-001
 1.0179E+000
-1.4717E+000
 3.3308E-001
 9.5124E-001
-1.9559E+000
 2.2164E-001
 1.2611E+000
-1.5469E+000
 2.1454E-001
 1.2164E+000
-1.4920E+000
 1.3263E-001
 1.1115E+000
-1.4576E+000
-7.5285E-002
 1.2551E+000
-1.5461E+000
 1.7168E-001
 1.3364E+000
-1.4030E+000
 3.2422E-001
 2.0990E+000
-5.2811E-001
 3.6275E-001
 8.2793E-001
-1.1957E+000
 2.8480E-001
 7.6165E-001
-1.2002E+000
 3.0665E-001
 8.1805E-001
-1.2875E+000
 1.8526E-001
 7.8302E-001
-9.2646E-001
 2.5282E-001
 6.8222E-001
-1.3057E+000
 2.7293E-001
 6.2205E-001
-1.3858E+000
 5.5340E-001
 9.1406E-001
-1.8470E+000
 6.6405E-001
 1.0682E+000
-2.0293E+000
 5.3628E-001
 1.4119E+000
-2.2431E+000
 2.0852E-001
 2.1337E+000
-2.6246E+000
 8.8582E-001
 8.7812E-001
-2.1469E+000
-1.0967E+000
 7.0260E-001
-2.9479E+000
 6.7678E-001
 9.6826E-001
-2.0985E+000
 4.7457E-001
 1.2128E+000
-2.2670E+000
 1.2347E-001
 1.1659E+000
-2.5496E+000
 1.6137E-001
 1.5522E+000
-2.8003E+000
 6.0325E-001
 1.0325E+000
-2.2504E+000
 7.4195E-001
 8.8364E-001
-2.1883E+000
-2.4387E-001
 7.4211E-001
-2.6409E+000
-6.2699E-001
 6.9199E-001
-2.8143E+000
-7.8065E-001
 1.1933E+000
-3.2366E+000
-8.2141E-001
 1.6007E+000
-3.8018E+000
-7.5885E-001
 1.1479E+000
-3.1311E+000
-8.8401E-001
 1.5191E+000
-3.5297E+000
-6.7520E-001
 2.2294E+000
-3.5086E+000
-1.0343E+000
 2.5614E+000
-3.8871E+000
-7.9818E-001
 1.3697E+000
-3.3120E+000
-2.7213E+000
 1.0951E+000
-5.5518E+000
-3.4384E-001
 2.4286E+000
-3.0645E+000
-3.4091E-002
 3.2887E+000
-2.8916E+000
-3.6731E-001
 3.4198E+000
-3.2874E+000
-4.9557E-001
 4.2494E+000
-3.5318E+000
 6.4442E-001
 3.2350E+000
-2.0752E+000
 2.3074E+000
 2.4604E+000
-3.4783E+000
-5.9673E-001
 2.6754E+000
-3.3288E+000
-8.2275E-001
 2.7469E+000
-3.6364E+000
-1.2567E+000
 2.8983E+000
-4.0446E+000
-1.5340E+000
 3.3557E+000
-4.2460E+000
-8.4914E-001
 2.2474E+000
-3.6404E+000
-6.4103E-001
 2.2224E+000
-3.1601E+000
-1.3763E+000
 2.4588E+000
-4.2459E+000
-1.7857E+000
 2.5589E+000
-4.6520E+000
-1.7785E+000
 3.3170E+000
-4.7934E+000
-2.0388E+000
 3.6545E+000
-5.2808E+000
-2.0111E+000
 2.1875E+000
-4.7365E+000
-2.4128E+000
 9.3108E-001
-4.2646E+000
-1.4710E+000
 3.5370E+000
-4.4833E+000
-1.4265E+000
 4.1948E+000
-4.5334E+000
-1.5492E+000
 4.8590E+000
-4.6115E+000
-2.1034E+000
 5.4492E+000
-4.9380E+000
-1.1193E+000
 4.1706E+000
-3.8794E+000
-1.1033E+000
 4.6771E+000
-4.3078E+000
-1.2179E+000
 5.2252E+000
-4.3288E+000
-1.7145E+000
 5.2995E+000
-4.9958E+000
-1.6972E+000
 6.0804E+000
-5.3350E+000
-8.5512E-001
 5.0209E+000
-3.9471E+000
-2.0460E+000
 4.5264E+000
-5.3099E+000
-2.4592E+000
 4.5097E+000
-5.8503E+000
-2.9081E+000
 5.0005E+000
-6.1885E+000
-3.4857E+000
 5.5570E+000
-6.6589E+000
-2.5652E+000
 3.7661E+000
-6.0936E+000
-2.6505E+000
 3.5719E+000
-6.2053E+000
-2.6548E+000
 4.7866E+000
-5.9484E+000
-3.0387E+000
 5.1852E+000
-6.1760E+000
-2.7783E+000
 5.8092E+000
-6.3053E+000
-2.8213E+000
 6.1301E+000
-6.6907E+000
-3.1465E+000
 5.2310E+000
-6.2329E+000
-3.8123E+000
 4.0621E+000
-6.2210E+000
-2.5292E+000
 5.9640E+000
-5.9559E+000
-2.2478E+000
 6.4895E+000
-6.0648E+000
-1.8779E+000
 7.0997E+000
-5.6862E+000
-7.4836E-001
 8.1683E+000
-4.6821E+000
-2.3864E+000
 6.2715E+000
-5.6836E+000
-3.9470E+000
 5.6973E+000
-6.4387E+000
-2.7841E+000
 6.3096E+000
-6.4650E+000
-2.5524E+000
 6.6779E+000
-6.2716E+000
-2.5332E+000
 6.7996E+000
-6.1017E+000
-3.6042E+000
 7.0957E+000
-5.6180E+000
-1.3589E+000
 6.5964E+000
-6.3875E+000
-1.0950E+000
 6.7239E+000
-6.1695E+000
-8.8978E-001
 6.4723E+000
-5.8976E+000
-1.2340E+000
 5.9146E+000
-5.9982E+000
-1.1222E+000
 6.5426E+000
-5.9718E+000
 9.3870E-001
 6.7769E+000
-6.0601E+000
-3.2959E-001
 6.8062E+000
-5.6093E+000
-7.1124E-002
 6.6038E+000
-5.2754E+000
 7.2135E-002
 5.3883E+000
-4.7137E+000
-4.6538E-001
 4.4376E+000
-4.4798E+000
 6.8890E-001
 7.5348E+000
-4.6758E+000
 2.6226E-001
 7.6631E+000
-5.1478E+000
 6.9963E-001
 5.3753E+000
-4.5109E+000
 7.9535E-001
 4.3462E+000
-3.9408E+000
 4.1461E-001
 3.3263E+000
-4.6133E+000
 2.0691E+000
 2.2181E+000
-5.4476E+000
 1.1341E+000
 4.0965E+000
-2.8705E+000
 7.1383E-001
 4.2730E+000
-3.3087E+000
-1.7838E+000
 3.7428E+000
-4.3068E+000
-2.3458E+000
 2.7826E+000
-4.9256E+000
-2.2738E+000
 2.9739E+000
-5.8657E+000
-2.7876E+000
 2.1734E+000
-6.0867E+000
-1.7226E+000
 4.0241E+000
-6.4850E+000
-1.5807E+000
 4.3660E+000
-7.5357E+000
-1.5479E+000
 4.8083E+000
-7.4239E+000
-1.2938E+000
 4.8544E+000
-7.8870E+000
-1.4233E+000
 5.3547E+000
-7.9508E+000
-1.2757E+000
 4.1319E+000
-7.7577E+000
-1.8164E+000
 5.1616E+000
-6.7560E+000
-1.8127E+000
 5.4945E+000
-6.4986E+000
-2.0402E+000
 4.9295E+000
-6.4388E+000
-1.9961E+000
 4.9601E+000
-6.5855E+000
-1.9340E+000
 5.8687E+000
-5.7952E+000
 2.2037E-003
 6.8449E+000
-6.1301E+000
-2.2514E+000
 4.3958E+000
-6.2655E+000
-2.4077E+000
 3.7214E+000
-6.1990E+000
-2.7381E+000
 3.4300E+000
-6.8332E+000
-2.7256E+000
 2.8463E+000
-7.0915E+000
-2.3848E+000
 3.4229E+000
-5.9240E+000
-3.0878E+000
 3.8638E+000
-7.0608E+000
-3.4185E+000
 3.6391E+000
-7.7160E+000
-3.6410E+000
 3.2490E+000
-8.8443E+000
-3.4461E+000
 2.1930E+000
-9.5084E+000
-4.1050E+000
 4.3601E+000
-7.6373E+000
-4.8631E+000
 4.7032E+000
-8.5188E+000
-4.0888E+000
 4.1419E+000
-9.1019E+000
-4.3319E+000
 3.9150E+000
-1.0240E+001
-3.8182E+000
 2.9153E+000
-1.0262E+001
-3.8495E+000
 2.2490E+000
-1.1093E+001
-4.9379E+000
 5.0215E+000
-1.0394E+001
-5.3592E+000
 5.7978E+000
-1.0542E+001
-3.3857E+000
 2.8699E+000
-9.3656E+000
-2.8591E+000
 1.9805E+000
-9.2411E+000
-2.4089E+000
 9.6575E-001
-9.4587E+000
-2.3109E+000
 2.0407E-001
-1.0111E+001
-2.3565E+000
 2.1422E+000
-8.1157E+000
-2.1592E+000
 2.5915E+000
-7.4134E+000
-2.1867E+000
 8.9784E-001
-8.9518E+000
-1.7204E+000
-6.0366E-003
-9.0805E+000
-2.0701E+000
-4.2172E-001
-1.0239E+001
-1.8550E+000
-1.4576E+000
-1.0585E+001
-1.4981E+000
 3.3792E-001
-8.3377E+000
-6.6541E-001
 9.3768E-001
-6.2341E+000
-2.6688E+000
 3.8932E-001
-1.0824E+001
-2.9995E+000
 1.4746E-001
-1.1951E+001
-3.0809E+000
-1.2800E-001
-1.2617E+001
-3.1476E+000
-4.5269E-001
-1.3230E+001
-3.4548E+000
 1.1096E+000
-1.2425E+001
-3.3204E+000
 1.2143E+000
-1.1722E+001
-3.0727E+000
-4.3939E-002
-1.2509E+001
-3.1432E+000
-3.5649E-001
-1.3038E+001
-2.5523E+000
-1.3406E+000
-1.2814E+001
-2.4680E+000
-1.4533E+000
-1.3512E+001
-3.3503E+000
 3.6892E-001
-1.2814E+001
-2.1430E+000
-1.9760E+000
-1.1848E+001
-1.5709E+000
-2.9042E+000
-1.1560E+001
-1.0896E+000
-2.8810E+000
-1.0837E+001
-1.3389E-001
-3.8919E+000
-1.0744E+001
-1.7189E+000
-1.7488E+000
-1.0354E+001
-1.4075E+000
-1.5765E+000
-9.6455E+000
-9.6991E-001
-1.4764E+000
-8.4169E+000
-9.9612E-001
-1.2087E+000
-8.0297E+000
-1.9897E+000
-6.4315E-001
-9.8187E+000
-3.1482E+000
 1.2463E-001
-1.1441E+001
-5.9160E-001
-1.6570E+000
-7.8731E+000
-1.5537E-001
-1.5898E+000
-6.6441E+000
-5.4732E-001
-3.6202E-001
-6.0757E+000
-9.3529E-001
 4.2418E-001
-6.4208E+000
 3.8633E-001
-2.2700E+000
-5.9961E+000
 1.3295E+000
-4.1438E+000
-5.9983E+000
-4.1533E-001
-1.6640E-001
-5.2191E+000
-7.5867E-001
 9.7440E-001
-4.6319E+000
-3.5953E-001
 1.0217E+000
-4.0282E+000
-3.3286E-002
 4.7378E-001
-3.6410E+000
-5.9928E-001
 1.5478E+000
-3.9774E+000
-9.5766E-001
 1.9930E+000
-3.7924E+000
-4.3426E-001
 1.6708E+000
-3.9263E+000
-1.0644E-001
 1.8007E+000
-3.3481E+000
 9.3661E-002
 1.7348E+000
-2.7374E+000
 8.8909E-002
 1.8932E+000
-2.5573E+000
-2.0057E-001
 2.5300E+000
-3.3888E+000
-6.8053E-002
 3.8682E+000
-3.4281E+000
 3.0068E-001
 1.4707E+000
-2.3318E+000
 4.8674E-001
 1.3686E+000
-1.7399E+000
 7.5489E-001
 2.0019E+000
-1.7327E+000
 1.0386E+000
 2.4536E+000
-1.6863E+000
 7.1926E-001
 1.0007E+000
-9.6124E-001
 2.1080E-002
 2.0412E-001
-5.3064E-001
 7.2756E-001
 2.0211E+000
-1.7325E+000
 9.8307E-001
 2.5154E+000
-1.7275E+000
 8.3514E-001
 2.7327E+000
-1.9789E+000
 1.0051E+000
 2.9827E+000
-1.9418E+000
 1.0807E+000
 2.5785E+000
-1.6765E+000
 2.4842E+000
 4.5701E+000
-1.2593E+000
 5.0564E-001
 2.6872E+000
-2.2519E+000
 3.2999E-001
 2.9325E+000
-2.4885E+000
 5.1223E-001
 2.8157E+000
-2.3412E+000
 6.4108E-001
 3.2525E+000
-2.2506E+000
-4.9326E-002
 2.7894E+000
-2.9565E+000
-6.1085E-001
 3.2074E+000
-2.7259E+000
 5.3445E-001
 2.2239E+000
-2.3020E+000
 6.2916E-001
 2.0606E+000
-2.1738E+000
 7.1362E-001
 2.1183E+000
-1.9063E+000
 6.8613E-001
 2.0340E+000
-1.9431E+000
 7.1297E-001
 1.8704E+000
-2.2603E+000
 7.8038E-001
 1.7462E+000
-2.3185E+000
 7.6091E-001
 2.2348E+000
-1.6769E+000
 8.2244E-001
 2.2937E+000
-1.4092E+000
 9.1368E-001
 2.6034E+000
-1.5283E+000
 1.0301E+000
 2.6211E+000
-1.3032E+000
 9.3451E-001
 2.3940E+000
-1.0318E+000
-2.8792E-001
 2.6372E+000
-1.0355E+000
 7.8697E-001
 2.8507E+000
-1.7453E+000
 8.3843E-001
 3.1796E+000
-1.8613E+000
 7.6184E-001
 2.8943E+000
-2.1792E+000
 6.6227E-001
 2.7075E+000
-2.4078E+000
 9.0667E-001
 3.6438E+000
-2.2137E+000
 7.3427E-001
 2.8662E+000
-2.2014E+000
 6.4869E-001
 2.6323E+000
-2.4467E+000
 7.1549E-001
 2.3705E+000
-2.1066E+000
 7.0906E-001
 2.1528E+000
-1.8872E+000
 5.0866E-001
 2.2617E+000
-2.9099E+000
 9.7646E-001
 2.5337E+000
-3.9224E+000
 7.4235E-001
 2.3930E+000
-2.1261E+000
 8.4402E-001
 2.1326E+000
-1.7783E+000
 8.9103E-001
 2.3738E+000
-1.4646E+000
 8.5076E-001
 2.2456E+000
-1.4246E+000
 9.3240E-001
 1.7912E+000
-1.6162E+000
 9.7802E-001
 1.5115E+000
-1.6034E+000
 9.6726E-001
 2.7732E+000
-1.2500E+000
 1.0196E+000
 3.0025E+000
-9.8372E-001
 1.0597E+000
 3.0080E+000
-1.1594E+000
 1.0844E+000
 3.0652E+000
-9.4365E-001
 1.0948E+000
 3.3208E+000
-8.2385E-001
-1.0453E+000
 3.7962E+000
-1.3112E+000
 1.0390E+000
 3.0660E+000
-1.5935E+000
 1.0762E+000
 3.0275E+000
-1.7426E+000
 1.0196E+000
 2.9398E+000
-1.7558E+000
 1.0880E+000
 3.2625E+000
-1.6423E+000
 1.1756E+000
 3.0705E+000
-1.8200E+000
-1.0112E+000
 1.3824E+000
 8.2345E-001
 9.4864E-001
 2.4691E+000
-1.8798E+000
 9.2186E-001
 2.3578E+000
-1.9077E+000
 8.5412E-001
 2.3036E+000
-1.7984E+000
 7.4572E-001
 2.4297E+000
-2.2398E+000
 9.4179E-001
 2.3395E+000
-1.9341E+000
 1.4777E+000
 1.1930E-001
-5.2562E+000
 8.8527E-001
 2.1842E+000
-1.2593E+000
 8.7208E-001
 2.0939E+000
-1.0304E+000
 1.1825E+000
 2.5454E+000
-1.0392E+000
 1.6579E+000
 2.8237E+000
-9.9333E-001
 9.3701E-001
 1.9354E+000
-3.6271E-001
 1.1447E+000
 1.6840E+000
-1.3948E+000
 9.7345E-001
 2.6359E+000
-1.0622E+000
 1.2368E+000
 3.0741E+000
-1.0910E+000
 1.1560E+000
 3.0074E+000
-1.4890E+000
 1.2012E+000
 2.6902E+000
-2.0520E+000
 1.4800E+000
 3.5426E+000
-1.2759E+000
 1.0463E+000
 3.3586E+000
-1.1834E+000
 9.4167E-001
 3.4565E+000
-1.6462E+000
 7.7465E-001
 3.1567E+000
-1.3352E+000
 5.8208E-001
 3.1576E+000
-1.0765E+000
 5.0512E-001
 3.1114E+000
-2.2203E+000
-3.7118E-002
 3.9110E+000
-2.9364E+000
 7.8354E-001
 3.0009E+000
-1.5609E+000
 3.8740E-001
 2.5582E+000
-1.3726E+000
 6.1577E-001
 2.4198E+000
-1.3736E+000
 8.6923E-001
 2.4109E+000
-1.2456E+000
 4.0864E-001
 1.8892E+000
-1.2030E+000
 1.1339E+000
 2.6219E+000
-1.3491E+000
 5.6537E-001
 2.3097E+000
-1.5506E+000
 7.8307E-001
 2.0193E+000
-1.5973E+000
 8.9478E-001
 1.7904E+000
-1.5781E+000
 1.1493E+000
 1.2348E+000
-1.4328E+000
 7.6861E-001
 1.9454E+000
-1.8948E+000
-2.4484E+000
 2.0502E+000
-1.4179E+000
 7.6486E-001
 2.1006E+000
-1.6540E+000
 8.1377E-001
 1.9814E+000
-1.5849E+000
 7.1672E-001
 2.0166E+000
-1.3393E+000
 6.4490E-001
 2.1098E+000
-1.1933E+000
 7.8789E-001
 2.1201E+000
-1.7785E+000
 1.0820E+000
 2.1535E+000
-1.7881E+000
 6.6198E-001
 1.9306E+000
-1.2210E+000
 5.3629E-001
 1.9565E+000
-9.5270E-001
 9.6056E-001
 1.6970E+000
-8.3576E-001
 1.5672E+000
 1.5279E+000
-7.4243E-001
 2.9874E-001
 2.0085E+000
-4.3275E-001
 1.7344E+000
 1.9141E+000
-3.1275E+000
 7.1459E-001
 1.7021E+000
-8.6799E-001
 1.0914E+000
 1.4291E+000
-7.4426E-001
 1.2903E+000
 1.3764E+000
-1.2171E+000
 1.6149E+000
 1.3530E+000
-1.3065E+000
 1.4007E+000
 1.1971E+000
-5.0631E-001
 1.2461E+000
 1.5324E+000
 2.8922E-001
 1.0159E+000
 1.3052E+000
-1.4679E+000
 1.1951E+000
 1.2536E+000
-1.9389E+000
 1.1036E+000
 1.2331E+000
-1.8920E+000
 1.1682E+000
 1.3080E+000
-2.1067E+000
 8.9419E-001
 1.1421E+000
-1.4885E+000
 7.8106E-001
 1.1058E+000
-1.4459E+000
 6.2433E-001
 9.9251E-001
-1.3076E+000
 7.8365E-001
 9.0817E-001
-1.3758E+000
 9.7011E-001
 1.1174E+000
-1.3766E+000
 1.3956E+000
 8.4734E-001
-8.1732E-001
 2.9719E-001
 9.8245E-001
-1.0944E+000
 1.9344E-001
 9.0165E-001
-9.6819E-001
 5.8942E-002
 7.5057E-001
-9.3984E-001
-9.8734E-002
 8.1315E-001
-9.0008E-001
 3.6101E-002
 1.1058E+000
-9.5761E-001
 1.3669E-002
 1.2873E+000
-9.0299E-001
 9.3159E-002
 6.1383E-001
-9.9710E-001
 4.6648E-002
 5.6282E-001
-9.9547E-001
 1.3525E-001
 6.0442E-001
-1.0154E+000
 2.7408E-001
 5.4952E-001
-1.0757E+000
-2.8237E-002
 5.1310E-001
-1.1320E+000
 1.4618E+000
-1.1358E+000
-7.9400E-001
 1.1820E-001
 6.2102E-001
-9.8842E-001
 1.5165E-001
 5.9082E-001
-1.0285E+000
 5.6115E-001
 9.6790E-001
-7.9621E-001
 1.0533E+000
 1.1989E+000
-1.2524E+000
 3.5019E-001
 2.0524E-001
-1.3647E+000
 4.8553E-001
 5.6771E-001
-1.0294E+000
 4.4858E-001
 9.6482E-001
-1.2736E-001
 7.7308E-001
 1.2607E+000
 2.1311E-001
 8.4475E-001
 8.4070E-001
 1.2768E-001
 8.4685E-001
 5.7506E-001
 4.0569E-001
 8.3776E-001
 7.3670E-001
-2.5967E-001
 9.9918E-001
 3.5749E-001
-3.6329E-001
 1.0462E+000
 3.5757E-001
-6.1439E-001
 1.0534E+000
 4.6998E-001
-7.5221E-001
 1.1396E+000
 7.8935E-002
-3.5548E-001
 1.7473E+000
-1.0722E+000
-5.9250E-001
 1.1190E+000
 2.2447E-001
-6.2023E-001
 1.1510E+000
 1.2354E-001
-4.5582E-001
 1.0493E+000
 1.8859E-001
-3.1538E-001
 9.0363E-001
 3.6326E-001
-3.3193E-001
 1.3213E+000
 3.4496E-002
-4.4768E-001
 1.3026E+000
 2.0956E-001
-5.6102E-001
 1.0704E+000
 7.5498E-002
-2.0194E-001
 1.0910E+000
 1.4330E-001
-1.0115E-001
 1.1516E+000
 2.6038E-001
 1.9715E-001
 1.0602E+000
 4.5060E-001
 5.4246E-001
 1.2941E+000
 8.3520E-002
-6.1743E-002
-8.2424E-001
 5.5586E-001
-2.6477E+000
 1.3703E+000
 1.9560E-001
 1.6677E-001
 1.4877E+000
 2.3883E-001
 5.2889E-001
 1.5455E+000
 2.4305E-001
 5.1782E-001
 1.6041E+000
 1.6240E-001
 2.1655E-001
 1.7951E+000
 1.8604E-001
 7.2585E-001
 1.8641E+000
 1.4461E-001
 6.7397E-001
 1.5121E+000
 3.4217E-001
 7.8094E-001
 1.4184E+000
 3.5284E-001
 7.7977E-001
 1.7458E+000
 4.3967E-001
 6.4885E-001
 1.8283E+000
 4.5902E-001
 4.6879E-001
 1.2977E+000
 5.1760E-001
 1.0810E+000
 1.5054E+000
 4.6622E-001
 8.4745E-001
 1.9705E+000
 4.8829E-001
 7.0920E-001
 2.2362E+000
 6.3822E-001
 6.3380E-001
 2.2420E+000
 4.6730E-001
 2.3266E-001
 2.3452E+000
 1.5058E-001
-1.6274E-001
 2.5961E+000
 8.7682E-001
 4.9140E-001
 2.2088E+000
 6.4210E-001
 8.0353E-001
 2.0782E+000
 6.3718E-001
 2.8017E-001
 2.0488E+000
 5.4508E-001
-1.0953E-001
 1.8343E+000
 4.9107E-001
-2.0227E-001
 1.8759E+000
 3.8622E-001
-4.1504E-001
 1.9016E+000
 4.8563E-001
-2.5789E-001
 2.0936E+000
 5.0627E-001
-2.9152E-001
 1.6111E+000
 5.2735E-001
-6.3161E-002
 1.4816E+000
 4.6895E-001
-9.9123E-002
 1.6451E+000
 5.3805E-001
-3.9584E-002
 1.6259E+000
 4.7392E-001
-2.7572E-001
 1.2335E+000
 4.0517E-001
 7.9322E-002
 1.7919E+000
 5.8664E-001
 1.6851E-001
 1.9486E+000
 5.8807E-001
 1.9932E-001
 2.2234E+000
 4.4605E-001
-8.2519E-002
 2.3399E+000
 3.8800E-001
-3.8717E-001
 2.1529E+000
 7.8503E-001
 5.7892E-001
 1.0797E+000
 1.4005E+000
-1.4282E+000
 2.3771E+000
 4.2991E-001
-8.1182E-002
 2.6262E+000
 3.4944E-001
-2.9829E-001
 2.4961E+000
 1.1099E-001
-4.6570E-001
 2.5201E+000
-1.8219E-003
-5.3264E-001
 2.8906E+000
 3.7405E-001
-4.3809E-001
 2.3191E+000
 2.0029E-002
-5.1072E-001
 2.1558E+000
-1.8020E-001
-7.7276E-001
 2.0099E+000
-1.9647E-001
-8.0949E-001
 2.0784E+000
-3.9760E-001
-1.3689E+000
 1.8920E+000
-2.7103E-001
-8.2880E-001
 2.0711E+000
-1.1454E+000
-1.1840E+000
 1.7797E+000
-7.0611E-003
-3.5754E-001
 1.6344E+000
-7.7252E-003
-3.6579E-001
 1.9590E+000
-3.3562E-002
-4.5330E-001
 1.9047E+000
-1.2596E-001
-7.0406E-001
 1.4430E+000
 1.5133E-001
 1.2499E-002
 1.3217E+000
-1.0934E+000
 1.3269E+000
 2.2980E+000
 4.7076E-002
-2.9491E-001
 2.5880E+000
 4.8078E-002
-3.2541E-001
 2.7342E+000
-6.2242E-002
-7.3733E-001
 2.8996E+000
-4.9293E-002
-8.3437E-001
 2.9396E+000
 2.1040E-001
-1.0324E-001
 3.1800E+000
 7.2459E-001
 3.0764E-001
 2.6267E+000
-7.0274E-002
-9.3606E-001
 2.6972E+000
-8.3675E-002
-1.2881E+000
 2.4861E+000
-1.6128E-001
-1.4403E+000
 2.5107E+000
-3.5798E-001
-1.5080E+000
 2.6622E+000
-1.1346E-001
-1.4730E+000
 2.2776E+000
-7.3873E-002
-1.4093E+000
 2.0893E+000
-1.6104E-001
-1.5352E+000
 2.0130E+000
-2.0255E-001
-1.6142E+000
 2.0043E+000
-1.7015E-001
-1.6929E+000
 1.8992E+000
-2.4292E-001
-1.6023E+000
 1.8013E+000
-2.0405E-001
-1.5993E+000
 1.6621E+000
-1.1439E-001
-1.5740E+000
 1.6542E+000
-4.4786E-002
-1.4707E+000
 1.7856E+000
-2.1014E-001
-1.5134E+000
 1.8595E+000
-2.1170E-001
-1.5153E+000
 1.7055E+000
-1.2129E-001
-1.5452E+000
 1.6447E+000
-8.6744E-002
-1.5501E+000
 1.5482E+000
 1.5298E-001
-1.4851E+000
 1.5373E+000
 2.1600E-001
-1.5237E+000
 1.9139E+000
-4.8394E-002
-1.8040E+000
 3.4063E+000
-2.2724E-001
-1.5072E+000
 1.4794E+000
 2.3483E-001
-1.4470E+000
 1.3631E+000
 4.3881E-001
-1.4036E+000
 1.5628E+000
 4.5792E-001
-1.4504E+000
 1.7642E+000
 2.6481E-001
-1.4607E+000
 1.0956E+000
 2.9311E-001
-1.2945E+000
 9.7510E-001
 6.7518E-002
-1.2941E+000
 1.5597E+000
 6.4857E-001
-1.4578E+000
 1.6533E+000
 6.3388E-001
-1.4706E+000
 1.4879E+000
 4.8137E-001
-1.4281E+000
 1.6000E+000
 3.5570E-001
-1.3643E+000
 1.6750E+000
 8.4894E-001
-1.5613E+000
 1.8784E+000
 9.1263E-001
-1.6525E+000
 1.2673E+000
 4.6547E-001
-1.4556E+000
 1.0905E+000
 3.7756E-001
-1.3858E+000
 9.2828E-001
 2.5420E-001
-1.2174E+000
 7.9619E-001
 1.9491E-001
-1.0858E+000
 9.5938E-001
 6.9028E-001
-1.4276E+000
 1.4303E+000
 1.2478E+000
-2.0320E+000
 9.2314E-001
 2.0429E-001
-1.2310E+000
 7.4984E-001
 8.2400E-002
-1.0983E+000
 6.0178E-001
 1.1313E-001
-1.0892E+000
 8.8700E-001
-1.2087E-002
-1.1135E+000
 7.7159E-001
-1.9264E-001
-1.1770E+000
 7.7223E-001
-4.8985E-001
-1.0900E+000
 1.2800E-001
 2.9833E-001
-1.0389E+000
-5.4836E-002
 2.8512E-001
-1.0425E+000
-2.8498E-001
 1.1455E-001
-8.9476E-001
-4.2174E-001
 1.4494E-001
-9.0894E-001
-1.7245E-001
 5.9294E-001
-1.1416E+000
 2.4781E-001
 1.1189E+000
-1.0650E+000
-3.3678E-001
-8.9673E-002
-7.7933E-001
-5.9766E-001
-3.0054E-001
-5.5943E-001
-8.9460E-001
-7.7432E-002
-5.0351E-001
-6.9362E-001
-1.4614E-002
-5.5953E-001
-4.5488E-001
-6.4339E-001
-5.2134E-001
-1.8404E+000
-2.3804E+000
-1.9099E+000
-1.3557E+000
 3.9139E-002
-3.7059E-001
-1.7126E+000
 2.3913E-001
-3.4934E-001
-1.9097E+000
-6.0111E-002
-1.8877E-001
-2.1167E+000
-2.2712E-001
-5.3488E-002
-1.9662E+000
 5.1736E-001
-3.8104E-001
-3.9925E-001
-1.5660E+000
 1.8800E+000
-1.8913E+000
-1.6298E-001
-1.7049E-001
-2.0398E+000
-3.8493E-001
-3.3414E-002
-2.1508E+000
-9.0644E-002
 3.0691E-001
-1.9756E+000
 3.3526E-001
 3.3786E-001
-1.7359E+000
-4.6436E-001
-2.5501E-001
-1.9375E+000
-8.2649E-001
-1.9276E-002
-2.4365E+000
-3.1476E-001
 5.4163E-001
-2.4840E+000
-1.0819E-001
 8.5814E-001
-2.4276E+000
-8.2237E-002
 9.9233E-001
-2.4271E+000
-2.8514E-001
 1.0226E+000
-2.4996E+000
-1.4195E-001
 1.0962E+000
-2.5857E+000
 1.1247E-001
 1.1486E+000
-2.3676E+000
 1.4579E-001
 1.0515E+000
-2.3352E+000
 1.5847E-001
 1.0697E+000
-2.3326E+000
 3.0795E-002
 1.3358E+000
-2.4283E+000
 1.5804E-001
 1.4553E+000
-2.1905E+000
 4.4559E-001
 1.0678E+000
-2.2853E+000
 3.8876E-001
 1.0038E+000
-2.3509E+000
-2.3318E-001
 1.4000E+000
-2.4468E+000
-3.7769E-001
 1.6074E+000
-2.5506E+000
-2.0273E-001
 1.8026E+000
-2.6142E+000
-2.6454E-001
 2.0320E+000
-2.4439E+000
-6.6144E-001
 1.6349E+000
-2.2110E+000
-6.7906E-001
 1.6542E+000
-2.4990E+000
 2.1123E-002
 1.7541E+000
-2.5833E+000
 2.0684E-001
 1.9385E+000
-2.5761E+000
 4.7741E-001
 2.0387E+000
-2.7531E+000
 5.5916E-001
 2.0609E+000
-2.5354E+000
 3.6799E-001
 1.8546E+000
-2.5096E+000
-2.5590E+000
 1.8189E+000
-2.3570E+000
 6.4244E-001
 2.0565E+000
-2.3487E+000
 8.9545E-001
 2.1683E+000
-2.4282E+000
 9.5885E-001
 2.1718E+000
-2.4803E+000
 1.0133E+000
 2.2393E+000
-2.0970E+000
 1.0138E+000
 2.1617E+000
-2.1234E+000
 1.1340E+000
 2.1139E+000
-2.5332E+000
 9.6566E-001
 2.1168E+000
-2.6599E+000
 9.1026E-001
 2.1936E+000
-2.1878E+000
 9.2241E-001
 2.4460E+000
-2.0311E+000
 5.9763E-001
 2.5755E+000
-2.9293E+000
 9.4234E-001
 2.1164E+000
-2.5273E+000
 8.3146E-001
 1.5859E+000
-1.9796E+000
 1.2987E+000
 2.5005E+000
-1.5243E+000
 1.2897E+000
 2.8140E+000
-1.2777E+000
 1.1729E+000
 3.0378E+000
-1.0732E+000
 8.3183E-001
 3.2736E+000
-1.2928E+000
 1.7841E+000
 2.8510E+000
-1.2322E+000
 1.7013E+000
 3.0010E+000
-1.2963E+000
 1.5005E+000
 2.9313E+000
-1.0388E+000
 1.4289E+000
 3.1461E+000
-1.1177E+000
 7.8956E-001
 3.0320E+000
-7.6051E-001
 3.9053E-001
 2.8521E+000
-1.2431E+000
 2.0508E+000
 2.9628E+000
-3.6108E+000
 2.3827E+000
 3.8968E+000
-1.5117E+000
 6.7928E-001
 3.0279E+000
-1.6093E+000
 2.7786E-001
 2.9865E+000
-1.3772E+000
 7.5792E-002
 3.0156E+000
-1.5270E+000
 3.9722E-001
 2.8666E+000
-1.9936E+000
 2.5627E-001
 2.9879E+000
-1.7253E+000
 5.0752E-001
 2.5920E+000
-1.1764E+000
-4.2346E-001
 3.3441E+000
-1.0670E+000
-6.4937E-001
 3.4312E+000
-5.2122E-001
-6.1553E-001
 3.6229E+000
-4.3407E-001
-9.0871E-001
 3.8042E+000
-1.2580E+000
-6.7313E-001
 3.3218E+000
-1.4098E+000
-6.9092E-001
 3.2708E+000
-1.8441E-001
-1.8030E-001
 3.4787E+000
 2.5137E-001
-1.8438E-001
 3.6284E+000
 6.3297E-001
-4.7323E-001
 4.0157E+000
 7.4180E-001
-5.6836E-001
 4.1007E+000
 5.8209E-001
 2.6610E-001
 3.3573E+000
 5.0386E-001
-5.9027E-001
 2.5722E+000
 7.9077E-001
-5.4009E-001
 4.1714E+000
 1.1528E+000
-8.4352E-001
 4.5108E+000
 8.4851E-001
-1.4836E+000
 4.5815E+000
 9.9432E-001
-1.2692E+000
 4.6305E+000
 4.1409E-001
-2.3135E+000
 4.5868E+000
 1.2684E-001
-2.8754E+000
 4.6449E+000
 4.4052E-001
-3.2811E+000
 4.8904E+000
 5.7845E-001
-3.1324E+000
 4.8626E+000
-3.9396E-001
-2.8771E+000
 4.4502E+000
-1.5788E+000
-3.0589E+000
 4.2248E+000
 5.4186E-001
-3.7993E+000
 5.1760E+000
 8.4380E-001
-4.2485E+000
 5.3869E+000
 5.1922E-001
-4.8127E+000
 5.1758E+000
 1.2936E-001
-4.7929E+000
 4.8592E+000
 1.2186E+000
-4.3023E+000
 5.5831E+000
 1.3638E-002
-4.3458E+000
 7.4172E+000
 6.0649E-001
-5.3627E+000
 5.4003E+000
 3.1892E-001
-5.9572E+000
 5.2253E+000
 6.9045E-001
-6.5595E+000
 5.4721E+000
 1.2781E+000
-6.4706E+000
 5.5430E+000
 6.8657E-002
-5.9559E+000
 5.1063E+000
 5.4756E-002
-5.7333E+000
 5.0698E+000
 3.5055E-001
-7.1842E+000
 5.5749E+000
 6.3151E-001
-7.8764E+000
 5.8475E+000
 3.8886E-001
-8.3887E+000
 5.7305E+000
-6.8500E-002
-8.7418E+000
 5.4045E+000
 4.9422E-001
-8.2622E+000
 5.8320E+000
 8.9609E-001
-9.6201E+000
 6.6414E+000
 5.9595E-001
-8.4588E+000
 5.9725E+000
 4.0731E-001
-8.8902E+000
 5.8925E+000
 2.2109E-001
-9.4197E+000
 5.7411E+000
-4.5552E-002
-9.5684E+000
 5.4200E+000
 5.8736E-001
-8.9987E+000
 6.2737E+000
 3.3456E-001
-9.6481E+000
 5.9255E+000
 1.8218E-001
-1.0129E+001
 5.7937E+000
-3.8480E-001
-1.0205E+001
 5.4884E+000
-7.4102E-001
-1.0650E+001
 5.4008E+000
 4.0236E-001
-1.0370E+001
 5.8898E+000
 7.1032E-001
-9.8094E+000
 6.3256E+000
-4.5522E-001
-9.7702E+000
 5.3199E+000
-9.8563E-001
-9.8502E+000
 5.0926E+000
-1.3088E+000
-9.2839E+000
 4.7457E+000
-1.8237E+000
-9.2937E+000
 4.4060E+000
-8.8934E-001
-9.9997E+000
 5.1990E+000
-6.7785E-001
-9.5531E+000
 5.2540E+000
-1.0463E+000
-8.8040E+000
 4.8955E+000
-1.2844E+000
-8.2817E+000
 4.6202E+000
-1.4742E+000
-7.8498E+000
 4.4992E+000
-1.8450E+000
-7.2853E+000
 4.2791E+000
-1.2083E+000
-8.1188E+000
 4.6466E+000
-1.4015E+000
-7.7573E+000
 4.5480E+000
-1.2017E+000
-7.0243E+000
 4.7812E+000
-8.5051E-001
-6.9626E+000
 5.3822E+000
-1.1789E+000
-8.1151E+000
 4.6197E+000
-7.1326E-001
-7.9228E+000
 6.5836E+000
-1.5257E+000
-6.4827E+000
 4.3740E+000
-1.4590E+000
-5.7619E+000
 4.5694E+000
-1.5770E+000
-5.7343E+000
 4.5629E+000
-2.2619E+000
-6.2354E+000
 4.4455E+000
-1.9780E+000
-5.2092E+000
 4.8493E+000
-1.7879E+000
-5.5228E+000
 4.1158E+000
-8.3009E-001
-5.1431E+000
 4.6805E+000
-7.1669E-001
-4.9688E+000
 4.7101E+000
-5.6117E-001
-4.2017E+000
 4.6328E+000
-5.4545E-001
-4.1262E+000
 4.6008E+000
-1.5576E-001
-5.2647E+000
 4.8334E+000
-3.0176E-001
-6.7309E+000
 5.0259E+000
-4.5620E-001
-3.5290E+000
 4.5551E+000
-2.9314E-001
-2.7482E+000
 4.4355E+000
 4.7339E-001
-2.2791E+000
 4.7525E+000
 9.1752E-001
-1.9816E+000
 4.8389E+000
-8.5978E-001
-2.3720E+000
 3.7633E+000
-6.1944E-001
-7.8216E-001
 3.7574E+000
 7.7745E-001
-2.1562E+000
 4.8633E+000
 1.5820E+000
-1.8268E+000
 5.1175E+000
 1.6197E+000
-1.3286E+000
 4.9209E+000
 1.9302E+000
-1.2234E+000
 5.1440E+000
 2.1856E+000
-1.3154E+000
 5.1644E+000
 2.2660E+000
-1.1594E+000
 6.1942E+000
 1.2978E+000
-1.0610E+000
 4.5065E+000
 1.2730E+000
-6.5022E-001
 4.2965E+000
 4.9779E-001
-1.0407E+000
 4.2076E+000
 9.2860E-001
-9.7549E-001
 4.4476E+000
 1.1844E+000
 2.3883E-001
 3.8115E+000
 1.9844E+000
 1.6332E+000
 4.1379E+000
-5.6531E-001
-1.4396E+000
 3.8815E+000
-1.4063E+000
-1.8296E+000
 3.7102E+000
-1.4268E+000
-3.1880E+000
 4.2218E+000
-1.4922E+000
-4.8065E+000
 4.8374E+000
-2.4821E+000
-1.7325E+000
 3.1141E+000
-2.6768E+000
 1.3073E+000
 2.5728E+000
-1.3606E+000
-2.6342E+000
 3.9518E+000
-1.4075E+000
-3.7634E+000
 4.2987E+000
-6.5423E-001
-4.1589E+000
 4.7296E+000
-7.9277E-001
-4.5821E+000
 4.8041E+000
-2.3986E+000
-4.2464E+000
 4.1798E+000
-2.5527E+000
-5.6753E+000
 4.4779E+000
 1.3153E-002
-3.9789E+000
 5.0085E+000
 7.6674E-001
-4.2516E+000
 5.2435E+000
 8.4614E-001
-5.0304E+000
 5.2602E+000
 3.5549E-001
-5.4385E+000
 5.3150E+000
 1.1301E+000
-3.8686E+000
 5.3832E+000
 4.5889E-001
-3.6994E+000
 5.1359E+000
 1.4304E+000
-5.2277E+000
 5.2321E+000
 1.4973E+000
-5.8426E+000
 5.3191E+000
 1.9386E+000
-5.9324E+000
 5.5225E+000
 2.3495E+000
-5.6389E+000
 5.4675E+000
 1.8345E+000
-5.9504E+000
 5.4457E+000
 2.0539E+000
-5.1592E+000
 5.2941E+000
 1.8883E+000
-6.2194E+000
 5.8265E+000
 2.2925E+000
-6.2897E+000
 6.0504E+000
 2.8820E+000
-6.2518E+000
 6.1958E+000
 3.6057E+000
-6.0923E+000
 6.2104E+000
 2.1250E+000
-6.8084E+000
 6.2549E+000
 1.0010E+000
-9.9976E+000
 8.2574E+000
 2.6301E+000
-6.3597E+000
 6.2510E+000
 3.0619E+000
-6.3441E+000
 6.2742E+000
 3.2402E+000
-5.9700E+000
 6.4252E+000
 3.1050E+000
-6.1445E+000
 6.3389E+000
 3.3584E+000
-6.5952E+000
 6.1111E+000
 3.4419E+000
-6.6848E+000
 5.9974E+000
 3.5048E+000
-5.4639E+000
 6.5845E+000
 3.6884E+000
-5.0310E+000
 6.6837E+000
 4.0712E+000
-5.3919E+000
 6.8216E+000
 4.6165E+000
-5.6865E+000
 7.0502E+000
 4.0524E+000
-4.4765E+000
 6.9006E+000
 4.2708E+000
-1.8789E+000
 5.7445E+000
 3.8277E+000
-5.3160E+000
 6.6956E+000
 4.1008E+000
-5.5764E+000
 6.8059E+000
 4.0103E+000
-6.3073E+000
 6.7955E+000
 4.2691E+000
-6.3910E+000
 6.7955E+000
 3.6170E+000
-6.7700E+000
 6.7811E+000
 3.4709E+000
-7.4414E+000
 6.8569E+000
 2.6470E+000
-7.6646E+000
 6.6584E+000
 2.3036E+000
-7.3500E+000
 6.4930E+000
 3.9096E+000
-7.9403E+000
 7.0058E+000
 4.2156E+000
-7.9091E+000
 8.7876E+000
 2.2377E+000
-8.2566E+000
 6.7091E+000
 1.4399E+000
-8.6221E+000
 6.4558E+000
 1.4112E+000
-9.1150E+000
 6.5237E+000
 1.6459E+000
-9.3904E+000
 6.3682E+000
 1.3147E+000
-9.1430E+000
 6.4694E+000
 6.1971E-001
-9.5854E+000
 6.1015E+000
 1.1120E+000
-9.2275E+000
 6.7526E+000
 1.0223E+000
-9.6774E+000
 6.8477E+000
 9.1420E-001
-1.0495E+001
 6.8834E+000
 1.1073E+000
-1.1134E+001
 6.8891E+000
 3.4540E-001
-9.4182E+000
 6.6609E+000
 6.5266E-001
-8.4935E+000
 6.4008E+000
 6.2966E-001
-1.0453E+001
 6.8893E+000
 5.4405E-001
-1.1198E+001
 6.8133E+000
 1.2465E+000
-1.1649E+001
 7.0494E+000
 1.8499E+000
-1.2738E+001
 7.8509E+000
 2.4226E-002
-1.1422E+001
 6.5519E+000
-2.3244E-001
-1.1679E+001
 6.4228E+000
 1.2524E+000
-1.0850E+001
 6.4085E+000
 1.8793E+000
-1.1222E+001
 6.5818E+000
 2.4083E+000
-1.0951E+001
 6.9018E+000
 2.6523E+000
-1.1216E+001
 7.3236E+000
 2.0507E+000
-1.1238E+001
 6.6699E+000
 1.0256E+000
-1.1909E+001
 6.2030E+000
 2.6129E+000
-1.0420E+001
 6.6864E+000
 3.1349E+000
-1.0111E+001
 6.9563E+000
 3.6664E+000
-9.6187E+000
 7.1401E+000
 4.7362E+000
-8.7524E+000
 7.5715E+000
 2.9209E+000
-1.0092E+001
 6.8106E+000
 3.3179E+000
-9.6539E+000
 6.8816E+000
 3.2762E+000
-8.6021E+000
 6.8129E+000
 2.6231E+000
-8.1588E+000
 6.4850E+000
 2.9049E+000
-9.9688E+000
 6.8003E+000
 4.7421E+000
-1.0958E+001
 6.4356E+000
 3.9350E+000
-8.2416E+000
 7.1727E+000
 4.0044E+000
-7.3285E+000
 7.1691E+000
 3.5162E+000
-7.1924E+000
 6.7406E+000
 3.4471E+000
-7.7748E+000
 6.5678E+000
 4.7246E+000
-7.1374E+000
 7.7506E+000
 5.9906E+000
-6.6787E+000
 6.3172E+000
 3.2738E+000
-6.5007E+000
 6.5568E+000
 2.8008E+000
-6.2311E+000
 6.2155E+000
 2.9361E+000
-5.8432E+000
 6.0951E+000
 3.6202E+000
-5.5399E+000
 6.3929E+000
 2.6351E+000
-5.8428E+000
 5.9713E+000
 2.2291E+000
-6.2063E+000
 6.1012E+000
 2.2541E+000
-5.8354E+000
 5.6249E+000
 2.2745E+000
-5.4221E+000
 5.4152E+000
 1.7682E+000
-4.8486E+000
 5.2336E+000
 1.2892E+000
-4.9806E+000
 5.3738E+000
 2.0192E+000
-5.7251E+000
 5.4960E+000
 1.9086E+000
-5.8303E+000
 5.6365E+000
 1.8893E+000
-4.2060E+000
 4.9952E+000
 1.4488E+000
-3.5992E+000
 4.8894E+000
 1.1931E+000
-3.6764E+000
 4.8105E+000
 1.2983E+000
-3.8152E+000
 4.8704E+000
 1.7776E+000
-2.8540E+000
 5.0911E+000
 2.1657E+000
-2.7729E+000
 5.3154E+000
 7.2455E-001
-3.5430E+000
 4.6361E+000
 5.0428E-001
-3.6262E+000
 4.5470E+000
 8.1461E-001
-2.9131E+000
 4.6408E+000
 9.0386E-001
-2.1895E+000
 4.6002E+000
-3.8129E-001
-3.6707E+000
 4.2067E+000
-1.0298E+000
-3.8109E+000
 3.2704E+000
 1.0496E+000
-3.2323E+000
 4.7719E+000
 1.3315E+000
-2.6313E+000
 4.8355E+000
 7.2852E-001
-1.8980E+000
 4.7530E+000
 9.1688E-001
-1.0956E+000
 5.0442E+000
 1.4823E+000
-2.8961E+000
 4.8869E+000
 5.8043E+000
-4.6519E+000
 3.5553E+000
-1.1183E-001
-2.1495E+000
 4.4147E+000
-9.1801E-001
-1.3936E+000
 4.2212E+000
-8.0752E-001
-1.1291E+000
 4.0961E+000
-9.2097E-001
-9.2368E-001
 3.8224E+000
-2.1034E+000
-1.6979E+000
 4.5589E+000
-1.0746E+000
-3.2483E+000
 2.2227E+000
-5.9803E-001
-1.0545E+000
 4.2741E+000
-5.0197E-001
-7.6266E-001
 4.1938E+000
-7.5433E-002
-3.1777E-001
 4.1899E+000
 6.9719E-001
 6.7009E-001
 4.7638E+000
-3.9085E-001
-1.1706E+000
 4.4016E+000
-1.1966E+000
-1.7690E+000
 4.2032E+000
-5.7839E-001
-1.0843E+000
 3.5456E+000
-3.1477E-001
-7.2314E-001
 3.5793E+000
-4.9538E-001
-5.1285E-001
 3.6296E+000
-3.6789E-001
-7.2393E-001
 3.4726E+000
 3.2778E-002
-6.6930E-001
 3.6627E+000
-1.8205E-001
-2.3639E+000
 5.0034E+000
-6.9927E-001
-1.1039E-001
 3.8117E+000
-8.7779E-001
 1.0585E-001
 3.9029E+000
-6.6813E-001
-6.8043E-002
 4.0282E+000
-3.5247E-001
-1.5261E-001
 4.0984E+000
-1.0264E+000
 4.1677E-001
 4.2180E+000
-9.9111E-001
 8.7622E-001
 4.1965E+000
-7.8784E-001
-1.5074E-001
 4.0677E+000
-6.1528E-001
-2.2748E-001
 4.2308E+000
-5.9887E-001
-3.7546E-001
 4.0508E+000
-6.8860E-001
-2.9503E-001
 4.0864E+000
-4.3392E-001
-2.8985E-001
 4.4598E+000
-9.4714E-001
-9.6812E-001
 1.8380E+000
-4.8801E-001
-6.4211E-001
 3.9082E+000
-5.1031E-001
-8.6708E-001
 3.6897E+000
-6.6520E-001
-7.7577E-001
 3.4763E+000
-3.6809E-001
-8.9176E-001
 3.4153E+000
-4.5662E-001
-1.0630E+000
 3.6289E+000
-5.6578E-001
-1.6595E+000
 4.7146E+000
-9.2287E-001
-6.4363E-001
 3.3987E+000
-1.0973E+000
-5.8178E-001
 3.2413E+000
-1.1899E+000
-4.0086E-001
 3.3517E+000
-1.2511E+000
-4.6674E-001
 3.0246E+000
-1.3203E+000
-5.0893E-001
 3.1641E+000
-1.3401E+000
-4.8805E-001
 3.0601E+000
-1.1765E+000
-1.7955E-001
 3.7969E+000
-1.3502E+000
 9.4777E-002
 3.9284E+000
-9.3194E-001
-2.0389E-001
 3.9741E+000
-5.5992E-001
-3.5073E-001
 3.8860E+000
-1.3233E+000
 4.9721E-001
 4.4599E+000
-1.9477E+000
 2.4829E+000
 4.9590E+000
-9.5211E-001
-3.1346E-001
 4.0771E+000
-5.3039E-001
-5.0504E-001
 4.1581E+000
-3.9709E-001
-5.9889E-001
 3.6069E+000
-2.4878E-001
-6.1057E-001
 3.6844E+000
-4.8606E-002
-7.2770E-001
 4.3081E+000
 1.2012E+000
-4.4175E-001
 4.8713E+000
-5.2141E-001
-6.7031E-001
 3.0488E+000
-3.9866E-001
-7.3897E-001
 2.4710E+000
-5.8760E-001
-6.2121E-001
 2.4128E+000
-3.9005E-001
-7.7782E-001
 2.2021E+000
-5.4414E-001
-6.6871E-001
 1.9631E+000
 2.3714E-001
-1.5971E+000
 2.3566E+000
-1.0063E+000
-3.6398E-001
 2.5495E+000
-1.2097E+000
-2.6361E-001
 2.4773E+000
-1.0126E+000
-4.3445E-001
 2.7296E+000
-1.0211E+000
-5.0184E-001
 2.3593E+000
-1.6007E+000
-3.6682E-002
 2.6151E+000
-2.1506E+000
-6.3663E-001
 2.2279E+000
-8.6504E-001
-5.0576E-001
 3.3976E+000
-7.2177E-001
-4.9094E-001
 3.6672E+000
-3.0182E-001
-7.7250E-001
 3.4146E+000
-3.4295E-001
-7.8306E-001
 3.2247E+000
-4.2501E-001
-4.3417E-001
 4.2829E+000
-4.7335E-001
-2.0894E-001
 4.4985E+000
-4.4513E-002
-1.0584E+000
 3.4556E+000
 3.4867E-001
-1.3993E+000
 3.1921E+000
 1.3014E-001
-1.3521E+000
 2.4848E+000
 3.5077E-001
-1.4585E+000
 2.3826E+000
 8.3021E-001
-1.7660E+000
 3.0672E+000
-6.5191E-001
-1.2632E+000
 2.8638E+000
-2.9429E-001
-1.1686E+000
 2.0692E+000
-5.4311E-001
-1.1844E+000
 1.4626E+000
-8.3004E-001
-9.9657E-001
 1.6974E+000
-7.8806E-001
-1.0845E+000
 1.5054E+000
-1.0908E+000
-1.1036E+000
 1.0424E+000
-2.3761E+000
-1.3013E+000
-2.8766E-001
-1.1930E+000
-6.8960E-001
 2.1628E+000
-1.5929E+000
-3.9564E-001
 2.3195E+000
-1.1806E+000
-4.4268E-001
 2.6221E+000
-1.5068E+000
-3.7312E-001
 2.4364E+000
-1.9363E+000
 8.7338E-002
 2.8508E+000
-2.8112E+000
 2.7599E-001
 2.4404E+000
-5.1568E-001
-5.9567E-001
 3.1301E+000
-8.9089E-002
-5.4709E-001
 3.4867E+000
 2.7599E-001
-7.4370E-001
 3.0603E+000
 5.2029E-001
-9.4019E-001
 2.7348E+000
 4.3504E-001
-4.8564E-001
 3.9275E+000
 5.2956E-001
-3.4495E-001
 5.0319E+000
 2.5417E-001
-6.9335E-001
 3.0424E+000
 4.4748E-001
-8.7614E-001
 2.7361E+000
 7.5779E-001
-4.5192E-001
 2.4232E+000
 9.2279E-001
-6.3252E-001
 2.0923E+000
 1.7376E-001
-9.1697E-001
 3.1378E+000
 5.8481E-001
-1.5311E+000
 3.3390E+000
 8.9241E-001
 1.1232E-001
 2.6035E+000
 1.1727E+000
 4.5411E-001
 2.4502E+000
 1.4084E+000
 5.5843E-001
 2.1541E+000
 1.2392E+000
 4.9283E-001
 2.3561E+000
 1.0883E+000
 9.0196E-001
 2.7382E+000
 1.6852E+000
 3.7867E-001
 3.3252E+000
 1.7194E+000
 6.8473E-001
 1.7631E+000
 1.8886E+000
 9.0315E-001
 1.3671E+000
 1.7919E+000
 7.3080E-001
 1.0188E+000
 1.9349E+000
 8.5137E-001
 8.7720E-001
 2.0336E+000
 1.0863E+000
 1.2236E+000
 1.6400E+000
 4.6983E-001
 9.0502E-001
 1.5092E+000
 3.5665E-001
 6.0201E-001
 1.4077E+000
 1.2691E-001
 2.5524E-001
 1.1466E+000
 1.2645E-001
 2.5763E-001
 1.7202E+000
 1.7952E-001
 7.3937E-001
 1.0949E+000
 1.7699E-001
 7.2309E-001
 1.5676E+000
-1.1388E-001
-5.0744E-003
 1.4545E+000
-3.9077E-001
-2.1925E-001
 1.2035E+000
-4.3086E-001
-2.3076E-001
 1.3383E+000
-3.5621E-001
-2.9491E-001
 1.6964E+000
-6.5310E-001
-2.5211E-001
 4.5834E-001
 2.7772E-001
 5.5833E-001
 8.8688E-001
-5.2306E-001
-1.7358E-001
 6.8399E-001
-5.5370E-001
-2.2166E-001
 8.4526E-001
-5.9880E-001
 1.2315E-002
 8.8490E-001
-5.7954E-001
 1.5845E-002
 2.3852E-001
-7.3090E-001
-1.2532E-001
-1.2668E-001
-6.5183E-001
-2.1884E-001
 9.5695E-001
-6.6030E-001
 3.1807E-001
 1.0478E+000
-6.5688E-001
 5.7908E-001
 1.3715E+000
-4.9852E-001
 4.7810E-001
 1.5043E+000
-4.9474E-001
 4.8731E-001
 1.5318E+000
-3.5684E-001
 3.2571E-001
 1.7741E+000
-2.0648E-001
 2.8806E-001
 1.7034E+000
-2.5932E-001
 2.3076E-001
 1.7388E+000
-2.1618E-001
 3.1869E-001
 1.9419E+000
-5.1009E-002
 5.6109E-002
 1.8544E+000
 5.0308E-001
 3.2845E-001
 1.5940E+000
-3.5003E-001
 5.4296E-002
 1.5016E+000
-4.2078E-001
 2.7736E-003
 1.3208E+000
-3.3605E-001
-4.7593E-002
 1.4858E+000
-1.9875E-001
-4.2630E-001
 1.6001E+000
-4.7314E-001
 1.2997E-001
 1.3733E+000
-7.9016E-001
 4.8671E-001
 1.0172E+000
-3.8004E-001
 3.0586E-001
 8.1889E-001
-2.9325E-001
 3.0035E-001
 1.1737E+000
-3.1160E-001
 3.8954E-001
 1.3626E+000
-2.2205E-001
 4.1000E-001
 4.7615E-001
-4.0951E-001
 7.7175E-001
-4.6417E-003
-2.6062E-001
 8.4388E-001
 1.3210E+000
-3.6340E-001
 4.9386E-001
 1.6183E+000
-3.2766E-001
 6.6166E-001
 1.8588E+000
-3.2544E-001
 2.7871E-001
 1.9442E+000
-3.5412E-001
 1.7870E-001
 1.9786E+000
-3.0706E-001
 1.0256E+000
 1.6474E+000
-1.1716E+000
 3.9157E+000
 1.9709E+000
-2.9083E-001
 5.7041E-002
 2.2058E+000
-2.4778E-001
-2.9961E-001
 2.0537E+000
-1.0247E-001
-5.4072E-001
 2.1046E+000
-1.3477E-001
-7.6733E-001
 2.2962E+000
-2.4570E-001
-4.5277E-001
-4.0342E-001
-9.1160E-001
 3.2543E-001
 1.8233E+000
 1.9872E-002
-4.9945E-001
 1.6404E+000
 1.0330E-001
-6.4954E-001
 1.6764E+000
 5.3642E-002
-5.6759E-001
 1.6955E+000
 1.7760E-001
-9.1384E-001
 1.3246E+000
 1.4056E-001
-6.2139E-001
 1.6900E+000
-1.2053E-001
-1.2174E-001
 1.7526E+000
-1.6855E-001
-5.6148E-002
 1.9885E+000
-2.8220E-001
-2.4036E-001
 1.9774E+000
-2.6525E-001
-3.7371E-001
 1.7173E+000
-3.1580E-001
 2.7720E-001
 1.3396E+000
-5.1880E-001
 6.3553E-001
 2.2889E+000
-4.1188E-001
-2.4394E-001
 2.5556E+000
-5.8789E-001
-4.4790E-001
 2.6317E+000
-4.1665E-001
-6.4188E-001
 2.8290E+000
-3.7247E-001
-6.4782E-001
 2.5743E+000
-8.6198E-001
-2.7025E-001
 2.4394E+000
-3.5987E-001
-8.2820E-001
 2.4769E+000
-1.7931E-001
-1.0220E+000
 2.5199E+000
 1.6154E-003
-1.1716E+000
 2.5775E+000
 2.7244E-001
-1.3820E+000
 2.4311E+000
-1.7969E-001
-1.0071E+000
 2.4217E+000
-1.3197E-002
-1.1358E+000
 2.1921E+000
 5.0057E-002
-1.3327E+000
 2.2994E+000
 1.0665E-001
-1.5350E+000
 2.4240E+000
-6.7204E-002
-1.0947E+000
 2.5986E+000
-1.1801E-001
-1.0186E+000
 1.9130E+000
 2.5192E-002
-1.2762E+000
 1.6864E+000
 9.7449E-002
-1.4193E+000
 1.6859E+000
 1.5317E-002
-1.4084E+000
 1.8215E+000
-1.1330E-001
-1.4052E+000
 1.4549E+000
 9.2460E-002
-1.4880E+000
 1.2883E+000
 3.0126E-002
-1.4969E+000
 1.5137E+000
 1.9479E-001
-1.3804E+000
 1.5725E+000
 2.3976E-001
-1.3869E+000
 1.2249E+000
 1.2990E-001
-1.3664E+000
 1.0745E+000
 3.1203E-001
-1.5089E+000
 1.7003E+000
 7.2009E-001
-1.3359E+000
 1.2811E+000
 1.3266E+000
-2.8288E+000
 1.0588E+000
-1.8428E-001
-1.1859E+000
 7.5496E-001
-3.1074E-001
-1.1940E+000
 7.6535E-001
-1.7255E-001
-1.1759E+000
 1.1682E+000
-1.5947E-001
-1.2212E+000
 7.4383E-001
-7.2013E-001
-1.2887E+000
 3.9864E-001
-7.9310E-001
-2.6031E-001
 3.1763E-001
-4.3525E-002
-1.0656E+000
 3.4772E-001
 1.2772E-001
-1.0452E+000
 1.6343E-001
 1.0498E-001
-8.4291E-001
 2.1415E-001
 1.2863E-001
-8.6922E-001
 3.8221E-001
 3.8274E-001
-1.0018E+000
 1.4018E-002
 2.0238E-002
-7.3650E-001
-2.6490E-001
-2.0199E-002
-5.6919E-001
-5.9023E-001
 1.2050E-001
-7.7929E-001
-4.8729E-001
 1.6095E-001
-7.7549E-001
-3.4803E-001
-2.4111E-001
-2.8734E-001
 5.4231E-003
 1.5216E+000
-1.5186E+000
-9.3792E-001
 2.0011E-001
-8.9074E-001
-1.2940E+000
 3.5848E-001
-1.1505E+000
-1.4839E+000
 4.6564E-001
-7.6578E-001
-1.6266E+000
 1.7069E-001
-4.8001E-001
-1.0569E+000
 3.2732E-001
-1.6280E+000
-1.4232E+000
 7.6848E-001
-8.1892E-001
-1.3158E+000
 9.3776E-001
-7.4098E-001
-1.5096E+000
 1.0657E+000
-4.0347E-001
-1.8812E+000
 1.3472E+000
-1.3460E-001
-2.0513E+000
 1.9418E+000
-3.2954E-001
-1.3781E+000
 1.4292E+000
-5.3358E-001
-1.8297E+000
 1.4336E+000
-1.4358E-001
-2.0330E+000
 9.4546E-001
 2.5018E-001
-2.4058E+000
 1.1798E+000
 4.7633E-001
-2.6308E+000
 1.2997E+000
 6.1617E-001
-2.7896E+000
 1.3178E+000
 8.1443E-001
-2.6173E+000
 1.4050E+000
 5.6385E-001
-2.7812E+000
 1.6055E+000
 7.5270E-001
-2.8454E+000
 2.0247E+000
 6.2035E-001
-3.1247E+000
 2.2509E+000
 7.5286E-001
-2.7739E+000
 1.6256E+000
 7.4236E-001
-2.7605E+000
 1.6379E+000
 6.9350E-001
-2.6986E+000
 2.0869E+000
 2.6557E-001
-2.7027E+000
 2.3917E+000
 1.3847E-001
-2.8662E+000
 2.5683E+000
 2.1460E-001
-2.9158E+000
 2.3411E+000
 3.5386E-001
-2.3489E+000
 2.4992E+000
-3.4414E-002
-2.6514E+000
 2.2624E+000
-3.6974E-001
-2.8575E+000
 2.7688E+000
 2.4318E-001
-2.9980E+000
 2.9443E+000
 2.8330E-001
-2.8001E+000
 3.0331E+000
 1.4965E-001
-2.5271E+000
 3.0580E+000
-1.8154E-002
-3.0470E+000
 3.1368E+000
 2.6059E-001
-3.2392E+000
 3.6392E+000
 4.8170E-003
-2.9870E+000
 3.0588E+000
 2.5016E-001
-2.7981E+000
 3.1798E+000
 1.4217E-001
-2.6251E+000
 3.3681E+000
-1.2538E-001
-2.6185E+000
 3.1189E+000
-4.5385E-001
-3.0210E+000
 3.3543E+000
 4.1064E-002
-3.0431E+000
 3.3861E+000
 2.7413E-002
-2.5096E+000
 3.7953E+000
-2.3074E-002
-2.3363E+000
 4.0288E+000
-3.3018E-001
-2.0789E+000
 3.8893E+000
-4.7944E-001
-1.8746E+000
 3.9712E+000
-6.1343E-001
-2.5938E+000
 4.4003E+000
-3.7924E-001
-2.0954E+000
 3.6941E+000
-4.6802E-001
-1.8911E+000
 3.5967E+000
-6.3342E-001
-1.6645E+000
 3.2312E+000
-6.9207E-001
-1.1912E+000
 3.1870E+000
-8.7126E-001
-1.9914E+000
 3.5654E+000
-5.2856E-001
-3.8480E+000
 4.6859E+000
-1.0298E+000
-1.9827E+000
 2.9496E+000
-5.5826E-001
-1.8712E+000
 2.5695E+000
-6.2826E-001
-1.7030E+000
 2.7124E+000
-7.5035E-001
-1.4603E+000
 2.6123E+000
-8.6051E-001
-2.0959E+000
 2.2563E+000
-3.3394E-001
-2.1431E+000
 2.0883E+000
-4.1025E-001
-1.8166E+000
 2.9486E+000
-7.7598E-001
-1.6890E+000
 3.1363E+000
-8.8936E-001
-1.4522E+000
 3.2457E+000
-1.0010E+000
-1.1397E+000
 3.2703E+000
-1.0790E+000
-1.9045E+000
 3.3840E+000
-9.8286E-001
-1.9565E+000
 4.2801E+000
-1.4082E+000
-1.5229E+000
 3.2998E+000
-9.9878E-001
-1.2426E+000
 3.3708E+000
-1.0906E+000
-1.0508E+000
 3.0916E+000
-1.1813E+000
-8.1251E-001
 3.1046E+000
-1.3683E+000
-1.2053E+000
 3.4745E+000
-1.0885E+000
-1.1505E+000
 2.8251E+000
-1.0484E+000
-9.5795E-001
 2.5077E+000
-1.1525E+000
-7.6310E-001
 2.4115E+000
-1.2377E+000
-4.1710E-001
 2.3142E+000
-1.3773E+000
-1.1245E+000
 2.2336E+000
-9.5795E-001
-1.4623E+000
 1.9722E+000
-7.8486E-001
-1.0341E+000
 2.4676E+000
-1.1537E+000
-8.6485E-001
 2.4519E+000
-1.2244E+000
-6.7386E-001
 2.6572E+000
-1.5286E+000
-6.0982E-001
 2.3152E+000
-1.9563E+000
-1.0111E+000
 2.4899E+000
-1.2422E+000
-1.3288E+000
 1.9930E+000
-1.1019E+000
-6.7240E-001
 3.1217E+000
-1.4329E+000
-4.7590E-001
 3.3372E+000
-1.7571E+000
-1.5392E-001
 3.2363E+000
-1.9599E+000
 2.7928E-001
 3.2685E+000
-2.3077E+000
-6.5191E-001
 3.7438E+000
-1.7834E+000
-3.6556E-001
 6.1372E+000
-3.4432E+000
-3.2102E-001
 3.0942E+000
-1.7673E+000
-2.0593E-002
 2.9848E+000
-1.9289E+000
 3.5893E-001
 2.5961E+000
-1.9118E+000
 8.1409E-001
 2.5936E+000
-2.0713E+000
-2.8014E-001
 2.9333E+000
-1.7353E+000
-7.7370E-001
 3.7021E+000
-1.6009E+000
 2.2691E-001
 2.3058E+000
-1.6831E+000
 5.0781E-001
 1.9493E+000
-1.6209E+000
 8.3546E-001
 1.8781E+000
-1.8853E+000
 1.1204E+000
 1.6864E+000
-2.0144E+000
 3.7412E-001
 1.6995E+000
-1.2708E+000
 2.9659E-001
 1.5737E+000
-1.1010E+000
 7.5428E-001
 2.0369E+000
-1.9439E+000
 1.0639E+000
 1.9467E+000
-2.1762E+000
 1.1067E+000
 2.1270E+000
-2.7179E+000
 6.9880E-001
 1.3621E+000
-3.6514E+000
 1.0091E+000
 1.9334E+000
-2.0796E+000
 8.5699E-001
 1.7412E+000
-2.0029E+000
 1.6160E+000
 3.1220E+000
-2.1282E+000
 1.7183E+000
 3.4221E+000
-2.5784E+000
 1.4913E+000
 3.7067E+000
-2.6461E+000
 1.6620E+000
 3.8849E+000
-2.5533E+000
 1.1130E+000
 3.7325E+000
-2.7773E+000
