 4.7278E-001
-2.9813E-001
-4.1925E-001
 3.6051E-001
-4.3593E-001
-2.7979E-001
 3.2935E-001
-3.5853E-001
-4.7121E-001
 3.3334E-001
-3.0474E-001
-7.7585E-001
 1.7489E-001
-6.6301E-001
-3.6838E-001
 9.2844E-001
 9.6317E-001
-8.4780E-001
 3.5457E-001
-3.2781E-001
-3.5179E-001
 2.5734E-001
-3.1626E-001
-4.8974E-001
 3.1931E-001
-2.1300E-001
-5.7854E-001
 5.2877E-001
-1.8500E-001
-8.9175E-001
 9.1711E-003
-3.1239E-001
-5.8037E-001
-1.2965E-001
-1.2944E+000
-1.4415E+000
 9.5388E-002
-1.8272E-001
-2.4929E-001
 1.4864E-001
-4.8492E-002
-2.5325E-001
 9.5865E-002
-9.4565E-002
-2.0292E-001
 5.6958E-003
-1.7101E-001
 2.0694E-002
 2.9369E-001
 1.3805E-001
-1.6995E-001
 3.1832E-001
 2.7593E-001
-2.1433E-001
 1.3645E-001
-3.6351E-002
-3.8677E-001
 8.1285E-002
-8.5380E-002
-4.2173E-001
-3.3178E-002
 1.1254E-001
-2.9746E-001
 8.1624E-002
 1.6361E-001
-3.8088E-001
-6.6839E-003
-1.3878E-001
-5.4300E-001
-8.3544E-001
-4.1424E-001
-5.1247E-001
-2.6283E-001
 1.4374E-001
-9.1452E-002
-5.1660E-001
 3.0661E-001
 1.0129E-001
-6.3681E-001
-1.3934E-001
 3.7282E-001
-8.7694E-001
-7.2801E-001
 8.3383E-001
-8.9308E-001
 7.1907E-001
 2.9692E-001
 6.8078E-001
-1.1559E-001
 1.1691E+000
-4.4766E-001
 7.3764E-002
-2.9281E-002
-5.3246E-001
-3.6188E-001
 8.7642E-002
-8.6828E-001
-2.4360E-001
 3.5078E-001
-1.5370E+000
-4.1303E-001
 3.6125E-001
-1.6685E-001
-7.1660E-001
-2.0118E-001
-1.7957E+000
-2.9342E-001
-9.2352E-001
-5.0991E-001
-9.5136E-002
 4.2482E-001
-9.4657E-001
-1.5132E-001
 5.7680E-001
-7.2323E-001
 3.0624E-002
 3.9998E-001
-4.7369E-001
 1.4885E-001
 2.8229E-001
-7.7561E-001
-1.0773E-001
 3.6722E-001
-6.8963E-001
-1.6123E-002
 1.2060E-001
-5.1837E-001
-1.3154E-001
-1.5119E-001
-5.8554E-001
-4.5825E-001
-1.7690E-001
-6.7128E-001
-1.2082E-001
 6.4902E-003
-4.5138E-001
 2.4053E-001
-6.3783E-001
-5.9071E-001
 4.6762E-001
-9.9350E-001
-4.6908E-001
 1.3335E-001
-1.1052E+000
-4.2671E-001
-1.3958E-001
-1.2915E+000
-8.0336E-001
 7.7228E-001
-1.4421E+000
-2.6618E-001
 1.2332E-001
-3.9677E-001
-4.4549E-001
 4.1627E-001
-9.8619E-001
-2.3327E-001
 1.6475E-001
-1.0298E+000
-9.4793E-002
-3.3942E-001
-6.1936E-001
 7.8141E-003
-4.3018E-001
-6.1237E-001
-9.8606E-002
-2.4937E-001
-1.8001E-001
-4.2279E-002
-6.4786E-001
 1.6106E-001
-5.5455E-002
-8.5687E-001
 2.9880E-001
-7.3687E-003
-1.4436E+000
 7.4151E-001
-7.6012E-002
-4.9138E-001
 5.8508E-001
-9.8855E-002
-3.7945E-001
-5.2399E-002
-1.0669E-002
-7.8220E-001
 2.4430E-001
-9.7369E-002
-5.4167E-001
 9.9142E-001
-2.8573E-001
-1.1385E+000
 1.2270E+000
-5.7877E-003
 1.7879E-001
 1.2518E+000
-1.3595E-001
 4.3998E-001
 1.9879E+000
-1.7045E-001
 5.9113E-001
 1.9197E+000
-2.6555E-002
 7.1769E-001
 1.9573E+000
-2.2470E-001
 1.1919E+000
 2.2735E+000
-1.9160E+000
 1.1495E+000
 3.8665E-001
-4.2290E-001
 6.7029E-001
 1.8867E+000
-4.3487E-001
 8.1146E-001
 1.7409E+000
-4.4811E-001
 8.4747E-001
 1.7127E+000
-5.4595E-001
 4.5089E-001
 1.7319E+000
-2.6929E-001
 1.2400E+000
 1.7445E+000
-3.8348E-001
 1.1334E+000
 1.6631E+000
-6.1787E-001
 1.0130E+000
 1.6042E+000
-5.2951E-001
 8.3263E-001
 1.9622E+000
-4.8282E-001
 1.2172E+000
 1.7956E+000
 5.9239E-001
 1.6639E+000
 1.3001E+000
-8.2083E-001
 1.0111E+000
 1.0999E+000
-8.9713E-001
 9.7530E-001
 1.0843E+000
-9.3857E-001
 1.0295E+000
 1.0899E+000
-7.7902E-001
 1.1560E+000
 9.2786E-001
-9.3724E-001
 1.0377E+000
 1.1091E+000
-6.0668E-001
 9.1652E-001
 1.2055E+000
-1.2527E+000
 7.5364E-001
 1.2515E+000
-1.2707E+000
 6.7839E-001
 1.2492E+000
-1.2856E+000
 8.5402E-001
 1.2398E+000
-1.0933E+000
 8.9120E-001
 1.0231E+000
-1.3990E+000
 5.1015E-001
 1.3286E+000
-1.5182E+000
 1.0167E+000
 1.3272E+000
-1.5828E+000
 1.3952E+000
 1.1834E+000
-1.3652E+000
 1.5892E+000
 1.0086E+000
-1.3996E+000
 1.5668E+000
 1.0973E+000
-1.9776E+000
 1.5007E+000
 1.2115E+000
-4.8575E+000
 3.5566E+000
-2.1236E-001
-1.0666E+000
 1.7513E+000
 7.4776E-001
-7.3032E-001
 1.9680E+000
 5.9546E-001
-4.2195E-001
 1.8344E+000
 3.4775E-001
-1.6203E-001
 2.2215E+000
 3.2305E-001
-5.5452E-001
 1.9591E+000
 4.3120E-001
-5.7320E-001
 1.7335E+000
 7.9696E-001
-4.0943E-001
 1.2994E+000
 1.0834E-001
-3.5290E-002
 1.0719E+000
-2.2476E-001
-6.7075E-003
 1.1702E+000
-2.5613E-001
 3.1003E-001
 1.2802E+000
-5.1123E-001
 4.3685E-002
 5.4059E-001
-2.2740E-001
 9.8506E-002
 4.7081E-001
-3.9502E-001
-3.4761E-001
 1.1472E+000
-7.7060E-002
-4.3390E-001
 1.2579E+000
-5.4583E-002
-3.6630E-001
 1.6869E+000
-5.6003E-002
-2.6555E-001
 1.6534E+000
-2.6080E-001
-8.0775E-001
 1.1922E+000
 8.6462E-002
 8.1557E-001
 9.6528E-001
 7.0805E-001
-3.6150E-001
 2.1137E+000
 1.7844E-001
-2.9456E-001
 2.5471E+000
 2.1557E-001
-3.2458E-003
 2.7535E+000
-1.1083E-001
 9.6099E-002
 2.9999E+000
-1.1495E-001
-4.1868E-001
 2.8854E+000
 5.1301E-001
-1.4865E+000
 1.5919E+000
-8.1448E-001
 1.5283E-001
 2.6153E+000
-3.3004E-001
 4.5354E-001
 2.8169E+000
-7.5877E-001
 3.4604E-001
 2.4169E+000
-1.1555E+000
 2.2604E-001
 2.4367E+000
-1.5349E+000
 7.4998E-001
 3.0554E+000
-1.2216E+000
 2.9065E+000
 2.3556E+000
-2.5245E+000
 3.7846E-001
 2.0867E+000
-1.1016E+000
 3.6872E-001
 1.6195E+000
-1.5415E+000
 2.0938E-001
 1.4530E+000
-1.4052E+000
 3.7340E-001
 1.1809E+000
-1.6991E+000
 3.4334E-001
 1.2078E+000
-1.9185E+000
 9.7890E-001
 2.4719E+000
-2.9499E+000
-1.3707E-001
 1.5200E+000
-1.0083E+000
-2.7150E-001
 1.4354E+000
-8.9795E-001
-3.4637E-001
 1.6288E+000
-9.9150E-001
-4.8224E-001
 3.0371E+000
-1.4839E+000
-2.2304E-001
 3.5668E-002
-4.8735E-001
-2.6459E-001
-1.0501E-001
-4.8490E-001
-3.1760E-001
-1.3282E-001
-2.3888E-001
-8.7222E-001
-1.0674E-001
-1.2627E-001
-2.4018E-001
-1.1150E-001
-6.7201E-001
-2.4347E-001
 1.0165E-001
-7.5475E-001
 5.4119E-002
-2.7750E-001
-1.2252E-001
 4.7909E-002
-3.0771E-001
 2.3134E-001
 1.0830E-001
-2.2625E-001
 1.1103E-001
 6.5834E-002
-1.8296E-001
 3.7870E-002
-7.8108E-002
-7.1996E-001
 3.8674E-001
-1.1529E-001
-8.0576E-001
-1.8528E-001
 2.0678E-001
-2.0515E-001
 1.3547E-001
 2.7127E-001
-7.1719E-002
 8.5670E-002
 1.7268E-001
-2.4117E-001
 1.5231E-001
 3.6017E-002
-1.9260E-001
 1.8281E-001
 4.5029E-001
 1.8632E-001
 2.4256E-001
 8.9252E-001
 1.2751E+000
 1.0712E+000
 3.7594E-001
-4.3846E-001
 3.9317E-001
 2.4829E-001
-6.6425E-001
 4.5195E-001
 3.8460E-001
-3.5161E-001
 2.4700E-001
 2.1354E-001
-2.0044E-001
 4.4524E-001
-9.7566E-002
-1.0042E+000
 1.5255E-001
-2.7587E-001
-1.3869E+000
 8.5351E-002
 7.0697E-001
-2.7155E-001
-2.0789E-001
 8.8639E-001
 5.7795E-002
-3.5205E-001
 7.2025E-001
 2.6100E-001
-5.1884E-001
 4.1184E-001
 7.1281E-001
-7.6078E-001
 1.2647E+000
 1.9933E-002
-3.1977E-001
-6.1662E-001
-3.1034E-001
-9.1622E-001
 8.5700E-001
-7.0795E-002
-3.9056E-001
 6.8637E-001
 6.1744E-002
-5.1010E-001
 5.7039E-001
 1.2346E-002
-5.0341E-001
 6.6625E-001
 1.9407E-001
-6.7810E-001
 7.0613E-001
 6.3441E-002
-6.1095E-001
 7.7092E-001
 5.6305E-002
-6.3327E-001
 3.4496E-001
-2.0055E-001
-4.8178E-001
 1.8173E-001
-2.3096E-001
-3.7899E-001
 1.4249E-002
 1.1020E-001
-6.1999E-001
 2.5321E-001
 3.8831E-001
-1.0533E+000
-1.4203E-001
-1.0669E-001
-7.4233E-001
-2.0686E-001
-1.4534E-002
-1.0530E+000
 2.5923E-002
 3.6420E-001
-1.1142E+000
-3.6026E-002
 4.5020E-001
-1.3338E+000
-2.3527E-001
-1.1570E-001
-1.0072E+000
-2.0802E+000
-7.1085E-001
-3.0973E+000
 1.4926E-001
 5.4782E-001
-8.2763E-001
 3.8163E-001
 1.0612E+000
-8.0861E-001
 2.4033E-001
 1.1244E+000
-1.0295E+000
 1.4357E-001
 1.5126E+000
-1.2481E+000
 7.9368E-001
 1.1324E+000
-3.1627E-001
 2.1709E+000
 2.6416E-001
-2.0957E+000
 1.3710E-001
 6.5703E-001
-9.3118E-001
 2.6940E-001
 7.7206E-001
-9.4020E-001
 1.8865E-001
 7.4222E-001
-1.0758E+000
 1.4194E-001
 8.1610E-001
-1.1530E+000
 1.8614E-001
 8.1533E-001
-7.7079E-001
 5.7253E-001
-1.0234E+000
-8.3613E-001
 6.0931E-002
 4.2516E-001
-1.2071E+000
 5.1375E-002
 3.6425E-001
-1.2824E+000
 7.6701E-002
 6.7181E-001
-1.5311E+000
 2.3324E-001
 7.1212E-001
-1.7427E+000
-1.2113E-001
 3.1832E-001
-1.2891E+000
-7.4723E-001
 1.1895E-001
-8.9992E-001
 8.6998E-002
 6.9800E-001
-1.5283E+000
 1.5058E-001
 8.1619E-001
-1.7224E+000
 1.0095E-001
 1.1208E+000
-1.8254E+000
-6.3967E-002
 1.1642E+000
-1.9284E+000
 8.3842E-002
 6.9567E-001
-1.4503E+000
 3.7461E-001
 1.1179E+000
-1.5698E+000
 3.3794E-001
 1.3064E+000
-1.6282E+000
 2.6730E-001
 1.3029E+000
-1.9263E+000
 4.4106E-001
 1.6400E+000
-2.2396E+000
 4.2351E-001
 1.3128E+000
-1.4682E+000
 1.6166E-001
 8.5750E-001
-2.0292E+000
 2.3808E-001
 8.9104E-001
-2.1706E+000
 1.0279E-001
 9.6291E-001
-2.3723E+000
-1.9730E-001
 1.1838E+000
-2.6900E+000
 1.9225E-001
 7.7090E-001
-2.1434E+000
 1.9641E-001
 7.9944E-001
-2.1052E+000
 3.0440E-001
 7.5959E-001
-2.1701E+000
 2.3626E-001
 7.5540E-001
-2.2376E+000
 5.0846E-001
 7.7682E-001
-2.5118E+000
 8.8366E-001
 8.3970E-001
-2.6904E+000
-5.3648E-002
 8.4557E-001
-2.4043E+000
-4.0148E-001
-7.9967E-001
-2.2750E+000
 3.8675E-001
 7.3583E-001
-2.4635E+000
 7.1432E-001
 5.6174E-001
-2.7667E+000
 9.1001E-001
 1.3173E+000
-2.4604E+000
 1.6273E+000
 2.4470E+000
-1.7377E+000
 1.2873E-001
-1.4541E-001
-2.7777E+000
-1.3873E+000
-1.3964E+000
-3.6853E+000
 3.9464E-001
 5.5478E-001
-2.9592E+000
 5.5444E-001
 1.0460E+000
-2.7922E+000
 2.4463E-001
 8.6071E-001
-2.9171E+000
-7.0842E-001
 5.7363E-001
-2.5007E+000
 9.8183E-001
 9.7704E-001
-3.4230E+000
 8.8776E-001
 9.5711E-001
-3.4197E+000
 1.0907E+000
 9.9851E-001
-3.1150E+000
 9.9046E-001
 8.0190E-001
-3.0015E+000
 5.0140E-001
 8.0949E-001
-3.4052E+000
 2.4449E+000
 1.5120E+000
-3.5219E+000
 1.4396E+000
 1.1958E+000
-3.0260E+000
 1.7041E+000
 1.3309E+000
-2.5987E+000
 1.7193E+000
 7.4791E-001
-1.9620E+000
 1.4690E+000
 6.1449E-002
-1.5059E+000
 2.1399E+000
 2.0608E+000
-2.2805E+000
 2.1403E+000
 2.4203E+000
-2.3881E+000
 1.9828E+000
 8.9074E-001
-1.9728E+000
 1.8302E+000
 4.3086E-001
-1.3246E+000
 1.9161E+000
-4.0058E-001
-1.8560E+000
 3.6926E+000
-1.1630E+000
-2.5705E+000
 1.5712E+000
-1.7251E-002
-4.6606E-001
 2.5575E-001
 1.6249E-001
-1.1419E+000
-1.6399E-001
-2.4140E-001
-1.5088E+000
-3.8195E-001
-1.0421E+000
-1.9060E+000
 8.7943E-002
-7.7728E-001
-2.4995E+000
-1.9901E-001
-1.3062E+000
-2.5012E+000
 7.2299E-001
-1.9932E-002
-3.1191E+000
 1.2052E+000
 3.5876E-001
-3.9065E+000
 1.1426E+000
 1.2393E+000
-3.7718E+000
 1.6438E+000
 1.5475E+000
-3.9906E+000
 1.4743E+000
 8.8595E-001
-4.3303E+000
 2.3128E+000
-8.2111E-001
-3.7471E+000
 4.4754E-001
 1.6641E+000
-3.3407E+000
 3.6924E-001
 2.3567E+000
-3.0828E+000
 1.2766E-001
 2.2290E+000
-2.9231E+000
 2.9518E-001
 2.5428E+000
-2.9333E+000
-8.8763E-002
 2.6839E+000
-2.6776E+000
 1.5184E+000
 3.2320E+000
-3.3988E+000
-2.4741E-001
 1.7002E+000
-2.8844E+000
-3.9964E-001
 1.3964E+000
-2.7526E+000
-2.9352E-001
 1.2649E+000
-3.0246E+000
-2.0577E-001
 1.0389E+000
-3.1640E+000
-5.8156E-001
 9.6052E-001
-2.6238E+000
-4.0402E-001
 1.3445E+000
-3.1375E+000
-2.9053E-001
 1.1913E+000
-3.4705E+000
-3.1032E-001
 1.0400E+000
-4.4195E+000
 1.3516E-001
 2.5302E-001
-4.9087E+000
-7.4044E-001
 1.4046E+000
-3.2418E+000
-5.9641E-001
 1.5007E+000
-3.4925E+000
-8.2449E-001
 1.7947E+000
-4.7429E+000
-8.6583E-001
 1.8091E+000
-5.7058E+000
-4.5404E-001
 1.3002E+000
-5.7180E+000
-2.1321E-001
 9.4497E-001
-6.3311E+000
-1.5357E+000
 2.7072E+000
-5.9322E+000
-1.6526E+000
 2.8959E+000
-6.0434E+000
-4.4388E-001
 1.3759E+000
-5.0836E+000
-5.0192E-002
 9.1317E-001
-4.9685E+000
 5.2689E-001
 2.3599E-001
-5.0144E+000
 7.8362E-001
-1.2156E-001
-5.4748E+000
 1.0313E-001
 1.1194E+000
-4.1575E+000
 8.4866E-002
 1.5471E+000
-3.6591E+000
 7.1139E-001
 1.2667E-002
-4.5738E+000
 1.2928E+000
-6.5527E-001
-4.5769E+000
 1.4204E+000
-1.0028E+000
-5.4207E+000
 1.7852E+000
-1.6996E+000
-5.6233E+000
 1.4148E+000
-6.1602E-001
-3.9763E+000
 1.7680E+000
-1.9374E-001
-2.2167E+000
 1.0755E+000
-5.5985E-001
-5.9286E+000
 1.2022E+000
-7.6507E-001
-6.7923E+000
 1.2223E+000
-6.6022E-001
-7.2937E+000
 1.5051E+000
-7.8578E-001
-7.7460E+000
 1.0108E+000
-2.6953E-001
-7.2421E+000
 1.1549E+000
-6.4354E-001
-6.6786E+000
 9.7081E-001
-5.0384E-001
-7.3502E+000
 9.7135E-001
-4.2159E-001
-7.7316E+000
 1.3729E+000
-9.1438E-001
-7.5077E+000
 1.4498E+000
-6.8002E-001
-8.0855E+000
 6.0215E-001
 1.9260E-001
-7.6201E+000
 1.6047E+000
-1.5366E+000
-6.6403E+000
 1.9487E+000
-2.0230E+000
-6.3370E+000
 2.0095E+000
-1.7927E+000
-5.7957E+000
 2.8566E+000
-2.3524E+000
-5.7069E+000
 1.1992E+000
-1.0049E+000
-5.5200E+000
 1.1487E+000
-7.0924E-001
-4.9975E+000
 1.2099E+000
-7.0924E-001
-4.0806E+000
 1.2347E+000
-7.2983E-001
-3.7478E+000
 6.7329E-001
-3.6701E-002
-5.2094E+000
 1.2440E-001
 6.9132E-001
-6.4428E+000
 1.1815E+000
-6.6136E-001
-3.7007E+000
 1.1842E+000
-6.8140E-001
-2.8209E+000
 7.9832E-001
 7.8676E-002
-2.5918E+000
 4.5399E-001
 7.0104E-001
-2.9432E+000
 1.3042E+000
-9.4943E-001
-2.1798E+000
 2.1093E+000
-2.2683E+000
-1.9664E+000
 7.7305E-001
 2.1847E-002
-1.9753E+000
 3.3184E-001
 6.8413E-001
-1.6788E+000
 3.8106E-001
 7.6064E-001
-1.5522E+000
 5.9023E-001
 5.8957E-001
-1.3897E+000
 4.1777E-001
 1.1479E+000
-1.1736E+000
 1.3533E-001
 1.3354E+000
-9.6114E-001
 2.5060E-001
 1.1064E+000
-1.5456E+000
 3.1101E-001
 1.2376E+000
-1.3052E+000
 7.8684E-002
 1.0098E+000
-1.1245E+000
 9.9466E-002
 9.4500E-001
-7.9354E-001
 4.1387E-001
 1.5216E+000
-1.3259E+000
 1.5771E+000
 2.3519E+000
-1.3613E+000
 1.3018E-001
 1.0029E+000
-1.0990E+000
 7.3109E-002
 8.4525E-001
-6.6811E-001
 1.3671E-001
 1.1055E+000
-6.9663E-001
 2.9167E-001
 1.4484E+000
-7.1584E-001
 8.0560E-002
 7.9971E-001
-1.1059E-001
-3.8234E-001
 4.8898E-001
 3.6457E-001
 1.2543E-001
 8.7890E-001
-6.3057E-001
 2.1250E-001
 1.0319E+000
-6.6405E-001
 2.1399E-001
 9.6556E-001
-6.8331E-001
 2.4306E-001
 1.0273E+000
-6.9406E-001
 2.7780E-001
 9.9660E-001
-6.1163E-001
 1.4715E+000
 3.1084E+000
-3.9748E-001
 2.3461E-001
 9.7110E-001
-6.4299E-001
 2.4532E-001
 9.3520E-001
-6.6817E-001
 2.5751E-001
 9.2881E-001
-6.8019E-001
 2.9507E-001
 1.1309E+000
-6.5514E-001
 2.4269E-001
 9.1664E-001
-7.0346E-001
 3.8537E-002
 9.3689E-001
-6.9685E-002
 3.8565E-001
 6.8413E-001
-6.8783E-001
 3.6865E-001
 5.9740E-001
-6.4657E-001
 2.2709E-001
 5.6117E-001
-5.6467E-001
 1.6807E-001
 2.7543E-001
-6.2793E-001
 4.1372E-001
 7.2284E-001
-6.8116E-001
 5.1267E-001
 6.8396E-001
-6.8892E-001
 6.8774E-002
 7.2799E-001
-5.1475E-001
-9.8690E-002
 6.9030E-001
-4.6240E-001
-6.9980E-002
 6.1272E-001
-5.3075E-001
-1.6363E-002
 5.7403E-001
-3.2506E-001
-1.7339E-001
 8.7561E-001
-3.1972E-001
-1.5603E+000
 1.1000E+000
-4.8642E-001
-1.1047E-001
 6.2591E-001
-5.5192E-001
-9.1082E-002
 5.2745E-001
-5.9235E-001
-5.9595E-002
 1.3712E-001
-8.0584E-001
-2.5607E-001
-2.4145E-001
-9.2722E-001
 7.1527E-002
 8.2083E-001
-7.9771E-001
 1.5596E-001
 2.4203E-001
-7.1460E-001
 1.7522E-001
 4.2979E-003
-8.1543E-001
 1.4057E-001
-1.5026E-001
-6.2436E-001
 1.5715E-001
-4.8849E-001
-3.3992E-001
 2.1514E-001
-1.8366E-001
-1.0732E+000
 8.5060E-001
-5.0998E-002
-1.7964E+000
 5.3384E-002
 7.1870E-002
-7.7492E-001
 1.8749E-001
-6.3967E-002
-5.3453E-001
 1.0677E-002
 1.2507E-002
-2.1930E-001
-1.6715E-002
-1.9475E-001
-9.8947E-002
 2.9875E-001
-1.3449E-001
-6.3698E-001
 4.5738E-001
-2.4357E-001
-6.5213E-001
-5.0940E-002
 3.7323E-001
-9.9052E-002
-1.9179E-001
 4.3154E-001
 8.8710E-002
-6.6361E-002
 1.2663E-001
 5.2485E-002
-1.1754E-001
 9.9529E-002
 2.7729E-001
-2.4939E-001
 7.7786E-001
 1.5687E-001
-1.0064E+000
-2.1764E+000
-1.4693E+000
 1.1752E-002
 1.4585E-001
-2.9164E-001
 1.3465E-001
-2.0110E-001
-5.0436E-002
 1.1024E-001
-6.9487E-002
-3.8950E-002
 1.6851E-001
 2.5200E-001
 2.0191E-001
 4.3282E-001
-2.0614E-001
 3.7262E-001
-1.4477E+000
-2.0351E+000
 3.7002E+000
 2.1949E-001
-4.0446E-001
-1.7693E-001
 2.3515E-001
-2.4314E-001
-1.6396E-001
 6.5721E-002
-3.1861E-001
-9.6486E-002
-3.9239E-002
-2.1754E-001
-4.0412E-001
 2.9062E-001
-1.6381E-002
-6.9342E-002
 7.3648E-001
-2.3387E+000
-2.8119E+000
 6.4209E-002
-3.3722E-001
 2.7635E-001
 1.0343E-002
-3.9806E-001
 4.1892E-001
 2.2050E-001
-6.0412E-002
 3.9257E-001
 7.2952E-001
 2.4624E-001
 4.0209E-001
 5.7494E-002
-4.5724E-001
 9.5543E-001
 2.1432E-001
-6.6659E-001
-1.6670E-001
 1.2037E-002
-1.5018E-001
 4.6400E-001
 1.8717E-001
 1.1197E-001
 3.8713E-001
 1.2279E-001
 3.5403E-002
 1.2760E-001
 1.5388E-001
-3.2402E-001
-4.7000E-001
 3.5240E-001
 3.8676E-001
 2.5925E-001
 1.3384E-001
 5.3074E-001
 5.7081E-001
 2.0278E-002
 7.7734E-001
 2.1590E-001
-4.9059E-002
 6.2984E-001
 4.2066E-001
-2.1930E-001
 7.0856E-001
 5.2930E-001
-4.9297E-001
 5.5152E-001
-1.4323E-001
-1.2886E+000
 1.0788E+000
-6.6461E-001
-5.4600E-002
 6.1143E-001
 2.0456E-001
-4.0891E-001
 2.6392E-001
 3.3968E-001
-1.5358E-001
 2.1311E-001
 3.3325E-001
 1.2614E-001
 2.5978E-001
 3.7985E-001
-4.0546E-001
-3.6682E-001
 5.4824E-001
 4.2545E-001
 4.4735E-001
 2.2050E-001
-2.2161E-001
 1.5807E-001
 3.0127E-001
 8.6400E-002
-5.4359E-002
 2.4723E-001
 2.1387E-001
-2.2798E-001
 1.5706E-001
 5.2488E-001
-6.9632E-001
 2.8359E-001
 1.1895E-001
-1.1163E-001
 1.7844E-002
-3.0807E+000
-7.0274E-002
 7.0413E-001
 5.0198E-002
 7.8113E-003
 2.0210E-002
 1.1611E-001
-5.2095E-002
-5.5210E-002
-3.7987E-002
-3.5164E-002
 1.0143E-001
-1.4169E-001
 1.0011E-001
 2.2687E-001
 3.6275E-002
 6.1484E-002
-3.0367E-001
 3.9998E-001
 1.2936E-001
-2.2934E-001
-1.1350E-001
-1.7750E-001
 2.5398E-001
-2.1487E-001
-1.5345E-001
 4.4903E-001
 6.1638E-002
-3.4807E-001
 5.6446E-001
 5.1654E-001
-4.3944E-001
 5.7361E-001
-3.9644E-001
-1.1646E-001
 8.0072E-001
 1.2726E+000
-2.5516E-001
-2.1090E+000
-1.4221E-001
-2.1984E-001
 6.0040E-001
 2.0191E-001
-4.6584E-001
 7.1942E-001
 4.2745E-001
-3.9696E-001
 1.8318E-001
 6.8146E-001
-3.2258E-001
 6.4145E-002
 5.8995E-001
-7.8513E-001
 9.5971E-001
 4.0014E-001
-5.9653E-001
 1.8143E+000
 1.5629E-001
-4.4686E-001
-8.7607E-002
 3.6298E-001
-3.6018E-001
-6.1229E-001
 3.9004E-001
-3.6170E-001
-5.2165E-001
 4.8987E-001
-3.7672E-001
-6.6071E-001
 2.3378E-001
-3.0320E-001
-1.0702E-001
 2.3906E-001
-3.0992E-001
-5.7582E-002
 1.6327E-001
-2.6409E-001
 4.3034E-002
 2.7146E-001
-2.7200E-001
-9.6934E-002
 3.9220E-001
-2.7939E-001
-9.7875E-003
 6.6289E-001
-3.7530E-001
 3.8791E-001
-3.4671E-002
-2.5632E-001
 2.8874E-001
-2.2150E-002
-1.8184E-001
 3.5158E-001
-1.2450E-001
-2.8027E-001
 3.4233E-001
-2.0573E-001
-2.6449E-001
 4.5341E-001
-2.4702E-002
 2.1606E-002
 4.4354E-001
 1.0804E-001
 3.9104E-001
 4.3007E-001
-1.6880E-001
-2.9334E-001
 1.9797E-001
-2.2298E-001
-3.0061E-001
 1.3965E-001
 4.8125E-002
-5.5751E-002
 6.7373E-002
 1.7937E-001
-2.8205E-003
-8.8795E-002
-5.3318E-001
-3.5640E-001
-1.5302E-001
 8.8528E-001
-1.9935E+000
 9.0894E-002
 1.5991E-001
-5.5048E-002
 1.3365E-001
 3.8515E-001
 8.7476E-002
 9.5975E-002
 7.8771E-001
 5.7743E-001
 2.0135E-001
 1.3211E+000
 7.4021E-001
-1.8565E-001
 7.6368E-001
-3.4686E-001
-4.1200E-002
 1.1607E+000
 2.4134E-001
 3.0583E-001
 6.6105E-001
 7.9683E-001
 6.8617E-001
 1.0235E+000
 1.2445E+000
 9.4794E-001
 1.0117E+000
 7.3128E-001
 8.1968E-001
 1.0687E+000
 5.2991E-001
 1.0390E+000
 7.6750E-001
 5.7952E-001
 4.6768E-001
 8.7889E-001
 1.3351E-001
 3.2595E-001
 7.1813E-001
 1.2864E-001
 3.4353E-002
 6.7861E-001
 1.4075E-001
-7.0992E-002
 1.0846E+000
-3.4046E-001
 4.0590E-001
 1.6235E+000
-1.6442E+000
 1.1019E-001
 7.0774E-001
 7.9382E-002
-5.7363E-002
 7.7736E-001
 9.2918E-002
 4.9213E-002
 8.6378E-001
 3.3410E-001
 1.3688E-001
 7.9910E-001
 5.8642E-001
 1.1760E-001
 7.3864E-001
 5.7027E-002
-7.4498E-002
 7.3077E-001
 1.6853E-001
-1.0821E-001
 9.2830E-001
 3.0242E-001
 2.0286E-001
 1.1043E+000
 5.3617E-001
 2.5089E-001
 1.0510E+000
 8.1646E-001
 3.6229E-001
 1.1068E+000
 1.1815E+000
 5.8590E-001
 1.4475E+000
 4.4645E-001
 3.8512E-001
-4.0830E-001
 5.9086E-001
-1.7527E+000
 1.1006E+000
 7.6290E-001
 3.1083E-001
 1.1273E+000
 9.4483E-001
 5.3789E-001
 9.6927E-001
 9.1300E-001
 4.8723E-001
 9.3105E-001
 6.6964E-001
 2.8496E-001
 1.4410E+000
 9.3954E-001
 6.9813E-001
 1.5530E+000
 8.4605E-001
 6.9737E-001
 8.2690E-001
 1.1592E+000
 6.1683E-001
 4.8908E-001
 1.1354E+000
 5.7020E-001
 6.6249E-001
 1.1061E+000
 4.7173E-001
 5.7572E-001
 9.8520E-001
 3.1429E-001
 2.7243E-001
 1.4975E+000
 7.2457E-001
 4.4135E-001
 1.5809E+000
 3.9747E-001
 9.4826E-001
 1.1881E+000
 5.2906E-001
 1.0871E+000
 1.1798E+000
 4.8034E-001
 1.1252E+000
 7.5453E-001
 2.2578E-001
 1.0628E+000
 2.1898E-001
-1.6775E-001
 1.5592E+000
 1.5132E+000
 3.3319E-001
 1.3071E+000
 1.5371E+000
 5.7151E-001
 1.1529E+000
 9.0826E-001
 3.8168E-001
 1.1699E+000
 5.7683E-001
 1.3444E-001
 8.0197E-001
 4.2964E-001
 3.3482E-002
 7.5051E-001
 4.0186E-002
-1.2533E-001
 1.3050E+000
 5.3004E-001
 9.2205E-002
 1.9331E+000
 6.2279E-001
 1.9101E-001
 5.4656E-001
 6.3179E-001
 7.5352E-002
 3.1203E-001
 5.2592E-001
 3.0394E-002
 2.0288E-001
 4.9377E-001
-1.9656E-002
 4.4996E-002
 2.1201E-001
-2.8807E-001
 1.5159E-001
 6.6142E-001
 9.2062E-002
 2.5904E-001
 6.5486E-001
 5.8588E-002
 1.2741E-001
 5.8389E-001
-2.2228E-002
 3.5195E-001
 1.5955E-001
-1.8849E-001
 2.7211E-001
-5.8776E-002
-5.3761E-001
 2.7986E-001
 1.0021E+000
 2.1244E-001
-9.4773E-002
 1.2147E+000
 6.1661E-001
 6.5135E-001
 1.0396E-001
-1.0696E-001
 8.9237E-001
-2.6319E-001
-1.8396E-001
 7.4494E-001
-7.2254E-001
-2.5616E-001
 6.3734E-001
-1.0894E+000
-2.4783E-001
 1.4015E+000
-2.1966E-001
-1.6800E-001
 7.0313E-001
-7.0207E-001
-2.6753E-001
 5.1366E-001
-1.1391E+000
-4.5563E-001
 1.4399E-001
-1.1979E+000
-5.2692E-001
 7.9635E-002
-1.6528E+000
-9.9410E-001
 4.1862E-001
-1.2403E+000
-4.8494E-001
 1.0041E+000
-2.1908E+000
-7.6927E-001
-1.9723E-001
-7.9745E-001
-2.6424E-001
-5.2191E-001
-8.2031E-001
-3.7104E-001
-4.7456E-001
-1.0332E+000
-4.8389E-001
-7.1060E-001
-1.3020E+000
-7.4239E-001
-6.9937E-001
-4.8104E-001
-2.4007E-001
-1.0090E+000
 8.8770E-001
-1.5250E+000
-1.4513E-001
-9.0885E-001
-3.6778E-001
-7.2088E-002
-1.0639E+000
-4.2603E-001
 6.1652E-002
-1.4571E+000
-6.4276E-001
-1.9391E-003
-1.6076E+000
-7.5245E-001
 3.0374E-001
-7.9127E-001
-2.6896E-001
 5.1568E-001
 8.1299E-002
-1.2149E-001
 1.7875E-001
-1.5268E+000
-6.7520E-001
 2.7057E-001
-1.8298E+000
-8.0450E-001
 1.0198E-002
-1.9979E+000
-9.2009E-001
 7.6567E-002
-2.3837E+000
-8.1432E-001
 5.3129E-001
-1.8485E+000
-7.7276E-001
-2.9555E-001
-1.7734E+000
-1.0258E+000
-5.3599E-001
-1.9410E+000
-1.1217E+000
-3.4159E-001
-1.9695E+000
-1.0516E+000
-3.3104E-001
-1.9991E+000
-1.0134E+000
-2.5511E-001
-1.9207E+000
-9.9488E-001
-1.6100E-002
-1.8070E+000
-8.1667E-001
-1.9161E-001
-1.4267E+000
-9.4090E-001
-1.0189E-001
-1.0889E+000
-9.5738E-001
 3.5803E-001
-1.7127E+000
-5.4613E-001
 6.7213E-001
-1.8726E+000
-2.9754E-001
-1.3962E-002
-1.3723E+000
-8.9271E-001
-1.7335E-002
-1.1815E+000
-1.0113E+000
 1.1776E-001
-8.1951E-001
-7.8664E-001
 1.3840E-001
-8.6231E-001
-7.0610E-001
 9.2742E-002
-1.1650E+000
-1.3905E+000
 1.3846E+000
-1.3681E+000
-1.2767E+000
 1.2107E-001
-5.8293E-001
-8.0462E-001
 1.5649E-001
-2.9736E-001
-6.6727E-001
 2.8723E-001
-2.6709E-001
-7.1720E-001
 3.6887E-001
-3.3992E-001
-8.3957E-001
 4.6126E-002
-3.3684E-001
-4.9230E-001
-6.8438E-002
-5.5023E-001
-5.0339E-001
 3.7313E-001
-7.2938E-002
-6.3609E-001
 4.2767E-001
-1.1212E-001
-6.2760E-001
 3.6126E-001
-1.1590E-001
-6.0490E-001
 4.5181E-001
-1.9807E-001
-5.7548E-001
 4.5387E-001
-7.3035E-002
-6.1661E-001
 4.7083E-001
-1.0829E-001
-6.1924E-001
 3.4750E-001
-1.1136E-001
-5.8865E-001
 3.1175E-001
-8.8493E-002
-5.5891E-001
 2.7880E-001
-1.2781E-001
-4.4082E-001
 1.7312E-001
-2.4549E-001
-2.6408E-001
 2.8925E-001
 1.3095E-001
-5.2711E-001
 4.8218E-001
 5.1676E-001
-1.0719E+000
 3.3285E-001
-4.1576E-002
-5.3549E-001
 3.1685E-001
-5.6525E-002
-4.5692E-001
 3.3069E-001
 1.5804E-002
-4.5316E-001
 6.2262E-001
-5.7785E-002
-5.3213E-001
 2.3623E-001
-1.5560E-001
-6.3959E-001
 2.2954E-001
-4.2266E-001
-5.7289E-001
 1.6520E-002
 1.3106E-001
-3.3712E-001
 7.1240E-002
 1.4747E-001
-3.4675E-001
-1.7650E-002
 7.6481E-002
-2.6914E-001
-1.4217E-001
 9.8676E-002
-2.7621E-001
 6.9226E-002
 3.1472E-001
-2.4987E-001
 4.1000E-001
 7.0404E-001
-7.5633E-003
 2.0575E-002
-6.6773E-002
-2.8239E-001
-8.0780E-002
-1.8184E-001
-1.7640E-001
-1.4698E-001
-5.3755E-002
-9.6354E-002
 1.6387E-001
-9.2288E-002
-1.1614E-001
 5.1952E-003
-3.5261E-001
-2.7583E-001
-1.2401E+000
-1.9445E+000
-1.8095E+000
-4.9378E-001
 1.3046E-002
 8.0016E-002
-6.4979E-001
 6.5999E-002
 7.8205E-002
-7.0623E-001
-1.4061E-001
 5.9227E-002
-8.9119E-001
-2.4506E-001
 8.7210E-002
-8.3561E-001
 2.5395E-001
 7.5377E-002
 1.1632E+000
-2.1416E+000
 2.2687E+000
-5.1894E-001
-3.0450E-001
 1.0039E-002
-6.4458E-001
-5.9845E-001
 1.9524E-002
-5.1725E-001
-4.6413E-001
 2.0518E-001
-2.7723E-001
-1.4387E-001
 2.9207E-001
-3.2602E-001
-7.5300E-001
-9.7383E-002
-5.0681E-001
-1.2031E+000
-6.3267E-003
-7.9829E-001
-6.7358E-001
 3.6386E-001
-7.3472E-001
-6.1531E-001
 4.8156E-001
-7.4922E-001
-6.9714E-001
 4.6622E-001
-8.3796E-001
-7.6169E-001
 4.3041E-001
-7.8047E-001
-6.0923E-001
 7.0409E-001
-8.0041E-001
-4.3940E-001
 7.9080E-001
-6.2572E-001
-7.1757E-001
 4.1140E-001
-6.8387E-001
-8.2602E-001
 1.6444E-001
-7.2956E-001
-9.0891E-001
 3.0129E-001
-8.4113E-001
-7.6763E-001
 4.0278E-001
-3.3555E-001
-7.3744E-001
 7.1831E-002
-2.4617E-001
-6.9597E-001
 3.2802E-001
-8.4911E-001
-1.1680E+000
 2.1674E-001
-1.0533E+000
-1.2229E+000
 2.3803E-001
-1.2303E+000
-1.2276E+000
 1.5135E-001
-1.3482E+000
-1.2116E+000
 2.3841E-001
-1.0704E+000
-1.5183E+000
 2.2244E-001
-7.5951E-001
-1.3248E+000
 4.0651E-001
-1.0870E+000
-1.2549E+000
 9.6149E-002
-1.2196E+000
-1.2617E+000
 4.1596E-002
-1.1886E+000
-9.8962E-001
 2.3525E-001
-1.4989E+000
-8.6728E-001
 6.8824E-002
-1.0666E+000
-1.4660E+000
-7.1846E-002
-1.2101E+000
-4.3660E+000
-5.9005E-001
-7.7596E-001
-7.3984E-001
 4.6778E-001
-7.1065E-001
-3.6264E-001
 7.5827E-001
-9.2114E-001
-3.8232E-002
 7.5044E-001
-9.8720E-001
 1.2148E-002
 7.6138E-001
-2.0861E-001
-2.5441E-001
 9.8547E-001
 6.9846E-002
-4.2891E-001
 9.7594E-001
-1.0821E+000
 1.5593E-001
 7.2811E-001
-1.2957E+000
 3.6924E-001
 7.6390E-001
-9.8298E-001
 3.7207E-001
 7.5053E-001
-9.1006E-001
 2.0051E-001
 7.5327E-001
-1.5333E+000
 5.5722E-001
 7.9928E-001
-1.0537E+000
 5.8377E-001
 4.4393E-001
-8.5160E-001
 5.6144E-001
 5.0878E-001
-7.1702E-001
 5.2908E-001
 5.6214E-001
-5.1779E-001
 3.1034E-001
 6.5868E-001
-4.5311E-001
 1.5611E-001
 7.5043E-001
-5.7199E-001
 6.6289E-001
 4.3007E-001
-6.5204E-001
 5.5542E-001
 4.5776E-001
-3.0471E-001
 4.3440E-001
 6.2716E-001
-1.2804E-001
 2.3159E-001
 6.8964E-001
-2.3815E-001
-1.7559E-001
 7.4827E-001
-2.0967E-001
-3.5141E-001
 4.0306E-001
-1.9511E-001
 4.5352E-001
 6.6174E-001
 2.9862E-002
 9.0694E-001
 7.4250E-001
-3.5664E-001
-9.3167E-002
 1.0727E+000
-4.0396E-001
-1.4010E-001
 1.1748E+000
-3.9944E-001
 7.6017E-002
 1.0138E+000
-6.0648E-001
 7.3840E-001
 8.0425E-001
-4.8187E-001
-8.1301E-002
 1.5815E+000
 5.4087E-001
-3.7083E-001
 2.0738E+000
-3.9178E-001
-5.0668E-001
 1.1708E+000
-5.7124E-001
-3.1012E-001
 1.1093E+000
-3.4703E-001
-3.3086E-001
 9.0715E-001
-4.6663E-001
-1.9694E-001
 9.6687E-001
-7.7030E-001
-1.7184E-001
 1.0743E+000
-8.1144E-001
 5.5935E-002
 1.2799E+000
-6.7517E-002
-2.0017E-001
 6.0984E-001
-1.9773E-001
-2.0194E-001
 3.8328E-001
-9.8802E-003
-3.9098E-001
 6.0809E-001
-3.3384E-001
-1.6911E-001
 4.3298E-001
-8.7533E-002
-3.5651E-001
-9.7658E-002
-4.0891E-001
-1.2792E+000
-1.0468E+000
 3.3459E-001
-6.6395E-001
 9.4954E-001
 4.9434E-001
-7.6170E-001
 1.1733E+000
 3.0561E-001
-9.0214E-001
 1.3848E+000
 6.2132E-001
-6.2038E-001
 1.5493E+000
-2.1992E-001
-1.3557E+000
 1.3498E+000
-3.4044E-001
-1.3525E+000
 1.5182E+000
-4.6944E-001
-1.2613E+000
 1.5016E+000
-5.4827E-001
-1.1248E+000
 1.3507E+000
-4.5208E-001
-1.2482E+000
 1.5868E+000
-8.9942E-001
-8.7422E-001
 1.8198E+000
-4.3513E-001
-1.3604E+000
 1.7411E+000
-5.3773E-001
-1.3011E+000
 1.7273E+000
-5.7181E-001
-1.2805E+000
 1.6365E+000
-5.4733E-001
-1.1888E+000
 1.5619E+000
-5.6479E-001
-1.3202E+000
 1.7187E+000
-2.5205E+000
-2.4136E+000
 2.1674E+000
-7.5699E-001
-1.3856E+000
 1.7252E+000
-8.3872E-001
-1.4250E+000
 1.6706E+000
-8.5396E-001
-1.5273E+000
 1.6851E+000
-7.0689E-001
-1.5124E+000
 1.5247E+000
-8.4242E-001
-1.3674E+000
 1.6968E+000
-8.3382E-001
-1.3862E+000
 1.6735E+000
-1.0143E+000
-1.6582E+000
 1.8635E+000
-1.0648E+000
-1.8278E+000
 1.9891E+000
-1.2409E+000
-2.0442E+000
 1.9010E+000
-1.3469E+000
-2.0752E+000
 1.7631E+000
-1.0125E+000
-1.8508E+000
 2.0738E+000
-1.1707E+000
-2.2398E+000
 2.6319E+000
-1.3843E+000
-2.2182E+000
 1.9570E+000
-1.5749E+000
-2.4011E+000
 1.8802E+000
-1.5932E+000
-2.3261E+000
 1.8394E+000
-1.4952E+000
-2.3660E+000
 1.7067E+000
-1.8923E+000
-2.5061E+000
 1.9906E+000
-1.7083E+000
-2.1098E+000
 1.9142E+000
-1.6971E+000
-1.9818E+000
 1.8794E+000
-1.7085E+000
-1.9018E+000
 1.8610E+000
-1.9181E+000
-1.9032E+000
 1.9079E+000
-1.8109E+000
-1.8925E+000
 1.8195E+000
-1.8820E+000
-1.9798E+000
 2.0476E+000
-1.5121E+000
-1.8345E+000
 1.8227E+000
-1.4975E+000
-1.7833E+000
 1.8558E+000
-1.4542E+000
-1.6915E+000
 1.7094E+000
-1.5124E+000
-1.6239E+000
 1.6332E+000
-1.3870E+000
-1.8086E+000
 1.9612E+000
-1.3629E+000
-1.8503E+000
 1.9479E+000
-1.4143E+000
-1.7144E+000
 1.7488E+000
-1.3473E+000
-1.6907E+000
 1.6204E+000
-1.2864E+000
-1.5503E+000
 1.6233E+000
-1.3189E+000
-1.3638E+000
 1.6172E+000
-1.1979E+000
-1.6779E+000
 1.6789E+000
-1.1785E+000
-1.5475E+000
 1.6757E+000
-1.1358E+000
-1.5055E+000
 1.8511E+000
-1.1969E+000
-1.6136E+000
 2.2120E+000
-1.1799E+000
-1.5099E+000
 1.6628E+000
-2.7488E-001
-3.6236E-001
 3.8205E+000
-1.0764E+000
-1.3271E+000
 1.6994E+000
-1.1036E+000
-1.3955E+000
 1.8144E+000
-1.2233E+000
-1.4736E+000
 1.8019E+000
-1.7269E+000
-1.7541E+000
 1.7632E+000
-1.0158E+000
-1.4048E+000
 2.1280E+000
-1.5269E+000
-1.1145E+000
 1.2760E+000
-7.7603E-001
-1.3357E+000
 1.7381E+000
-7.8404E-001
-1.4579E+000
 1.7170E+000
-6.5508E-001
-1.3837E+000
 1.6453E+000
-7.4771E-001
-1.4826E+000
 1.5702E+000
-7.5449E-001
-1.4956E+000
 1.6326E+000
-8.4148E-001
-1.5203E+000
 1.8905E+000
-4.3070E-001
-1.0962E+000
 1.6433E+000
-2.9686E-001
-9.9190E-001
 1.5462E+000
 1.9842E-001
-8.6425E-001
 1.7502E+000
 8.8776E-001
-6.9262E-001
 1.9543E+000
-2.8155E-001
-8.9163E-001
 1.1368E+000
-9.6031E-002
-5.3416E-001
 1.1791E+000
 3.6935E-002
-9.3864E-001
 1.5763E+000
 4.9729E-001
-9.6187E-001
 1.6696E+000
 7.6849E-001
-9.0888E-001
 1.6307E+000
 8.9196E-001
-7.8710E-001
 1.7861E+000
 7.1532E-001
-8.1436E-001
 1.5311E+000
 7.3464E-001
-1.0278E+000
 2.5346E+000
 8.7677E-001
-9.8750E-001
 1.4874E+000
 1.1221E+000
-9.4904E-001
 1.4025E+000
 7.9029E-001
-1.0668E+000
 1.5645E+000
 1.3588E+000
-1.0662E+000
 1.8523E+000
 1.1742E+000
-5.6082E-001
 9.6854E-001
 1.5175E+000
-1.7950E-001
 1.0120E+000
-4.8580E-004
-1.0851E+000
 1.3872E+000
-3.0734E-001
-1.1676E+000
 1.5186E+000
-5.0641E-001
-1.9122E+000
 1.7899E+000
-7.4559E-001
-3.5582E+000
 2.3151E+000
-8.5427E-001
-9.0275E-001
 1.2415E+000
-5.7407E-001
 8.9830E-001
 1.2574E+000
-3.3674E-001
-8.2003E-001
 1.5163E+000
-5.1333E-001
-1.3579E+000
 1.8010E+000
-3.6347E-001
-1.5846E+000
 1.9206E+000
-6.3235E-001
-1.6801E+000
 1.9295E+000
-1.1256E+000
-1.3809E+000
 1.8846E+000
-1.3364E+000
-2.0356E+000
 2.1497E+000
-7.6603E-002
-1.5897E+000
 2.0440E+000
 1.0150E-001
-1.7092E+000
 1.9919E+000
 7.4086E-002
-1.8020E+000
 1.9453E+000
-7.8129E-002
-1.8976E+000
 2.1397E+000
 1.2697E-001
-1.7300E+000
 1.9831E+000
 1.0415E-001
-1.7136E+000
 2.0510E+000
 2.0018E-001
-1.7559E+000
 1.6986E+000
 1.6877E-001
-1.7543E+000
 1.7138E+000
 3.8828E-001
-1.8513E+000
 1.8269E+000
 5.0396E-001
-1.9800E+000
 1.6701E+000
 1.2108E-001
-1.6777E+000
 1.6642E+000
 2.0632E-001
-1.6629E+000
 1.4969E+000
 5.0461E-001
-1.7035E+000
 2.1838E+000
 7.2136E-001
-1.7605E+000
 2.3271E+000
 6.9888E-001
-1.8082E+000
 2.2050E+000
 1.2052E+000
-1.9867E+000
 2.1335E+000
 7.3453E-001
-1.7278E+000
 2.5988E+000
-3.9166E-001
-4.3249E+000
 4.5659E+000
 2.0379E-001
-1.6179E+000
 2.1386E+000
 8.0086E-002
-1.6300E+000
 1.9180E+000
 1.3885E-001
-1.6882E+000
 2.0100E+000
 1.3684E-001
-1.7425E+000
 1.9673E+000
 1.7144E-001
-1.3087E+000
 1.6631E+000
 4.3651E-002
-1.2093E+000
 1.4600E+000
 1.7032E-001
-1.6947E+000
 2.0879E+000
 2.3946E-001
-1.7357E+000
 2.1452E+000
 3.5517E-001
-1.8927E+000
 2.1199E+000
 4.5384E-001
-2.0305E+000
 2.1248E+000
 2.4890E-001
-1.6848E+000
 2.2195E+000
 2.1651E-001
-1.7778E+000
 2.2012E+000
 3.8659E-001
-1.8929E+000
 2.1056E+000
 4.6118E-001
-1.9932E+000
 2.1027E+000
 3.8983E-001
-2.0644E+000
 2.0751E+000
 4.8732E-001
-1.9429E+000
 1.9829E+000
 2.4557E-001
-2.2124E+000
 2.1824E+000
 1.2344E-001
-2.2607E+000
 2.2463E+000
-1.6839E-001
-2.2022E+000
 2.2951E+000
-1.8129E-001
-2.0916E+000
 2.3035E+000
 2.3438E-001
-2.4845E+000
 2.2273E+000
-5.9567E-001
-2.3293E+000
 3.4745E+000
-5.2847E-001
-2.3143E+000
 2.3592E+000
-8.6422E-001
-2.3302E+000
 2.3283E+000
-8.6680E-001
-2.5155E+000
 2.4009E+000
-9.2996E-001
-2.4030E+000
 2.1028E+000
-9.7852E-001
-2.4389E+000
 2.3396E+000
-1.0836E+000
-2.4867E+000
 2.2691E+000
-8.0725E-001
-2.8109E+000
 2.7971E+000
-8.1831E-001
-3.0132E+000
 2.9247E+000
-9.5264E-001
-3.1988E+000
 2.9467E+000
-9.6122E-001
-3.5746E+000
 2.8565E+000
-1.0039E+000
-2.9470E+000
 2.9426E+000
-7.3173E-001
-2.7523E+000
 2.6855E+000
-1.0204E+000
-2.8978E+000
 3.0558E+000
-1.0947E+000
-3.0391E+000
 2.9810E+000
-8.9851E-001
-3.2531E+000
 2.9705E+000
-5.9183E-001
-4.1697E+000
 3.6232E+000
-1.2023E+000
-3.1028E+000
 2.9101E+000
-1.2169E+000
-3.1387E+000
 2.8922E+000
-1.0038E+000
-2.4746E+000
 2.2849E+000
-8.4489E-001
-2.6130E+000
 2.2326E+000
-7.9407E-001
-2.6333E+000
 2.3313E+000
-9.4223E-001
-2.6366E+000
 2.5875E+000
-6.9287E-001
-2.6584E+000
 2.3082E+000
-1.7577E+000
-3.0614E+000
 1.8396E+000
-5.4641E-001
-2.6437E+000
 2.1278E+000
-4.6317E-001
-2.6612E+000
 2.1990E+000
-1.4590E-001
-2.4710E+000
 2.2776E+000
 7.1910E-001
-2.0692E+000
 2.6061E+000
-8.1766E-001
-2.6943E+000
 1.9796E+000
-6.0604E-001
-2.4851E+000
 1.9594E+000
-5.0370E-001
-2.0530E+000
 1.9654E+000
-7.1440E-001
-1.7734E+000
 1.8484E+000
-8.0626E-001
-2.4751E+000
 1.9709E+000
 1.0261E+000
-3.3081E+000
 1.5729E+000
-2.1574E-001
-2.0233E+000
 2.1386E+000
-8.5934E-002
-1.7207E+000
 2.1750E+000
-1.7199E-001
-1.7501E+000
 1.9307E+000
-1.9744E-001
-2.0668E+000
 1.7705E+000
 1.3133E-001
-1.7689E+000
 2.5231E+000
 8.8642E-001
-2.1344E+000
 8.6808E-001
-1.3180E-001
-1.5326E+000
 1.8893E+000
-1.9305E-001
-1.5046E+000
 1.7170E+000
-2.6451E-001
-1.4204E+000
 1.4848E+000
 6.5753E-003
-1.3966E+000
 1.5959E+000
-1.0355E-002
-1.4889E+000
 1.6201E+000
 1.0956E-001
-1.5598E+000
 1.9707E+000
-6.5757E-001
-1.3803E+000
 1.1444E+000
-7.6266E-001
-1.2240E+000
 8.6694E-001
-7.9333E-001
-1.0716E+000
 8.7610E-001
-8.8930E-001
-1.2113E+000
 1.2556E+000
-1.0831E+000
-1.0949E+000
 9.1310E-001
-1.1508E+000
-8.5288E-001
 1.0751E+000
-7.3433E-001
-7.0638E-001
 5.8855E-001
-7.6507E-001
-5.7371E-001
 7.2027E-001
-8.4443E-001
-4.3758E-001
 7.3155E-001
-1.0337E+000
-2.3692E-001
 5.8375E-001
-7.0454E-001
-4.7784E-001
 7.8827E-001
-1.1939E-001
 4.6533E-001
 1.3836E+000
-8.4295E-001
-3.8502E-001
 8.7843E-001
-9.1979E-001
-3.2052E-001
 8.6462E-001
-6.8590E-001
 3.8547E-002
 9.1797E-001
-5.0349E-001
 2.7485E-001
 8.4723E-001
-1.3707E+000
-2.5836E-001
 7.9505E-001
-1.0128E+000
-2.6774E-001
 4.3488E-001
-5.9271E-001
-1.5410E-001
 9.5225E-001
-4.0654E-001
 3.1272E-001
 8.5686E-001
-6.8786E-001
 7.5203E-001
 1.0237E+000
-4.8550E-001
 1.1883E+000
 1.1714E+000
-4.0258E-001
 4.7663E-001
 8.5290E-001
 3.5775E+000
-9.7684E-001
-8.5208E-001
-1.2116E+000
 7.1108E-001
 1.0151E+000
-1.6694E+000
 1.2775E+000
 1.0733E+000
-1.4193E+000
 1.0503E+000
 1.0177E+000
-1.2845E+000
 9.3573E-001
 8.0262E-001
-2.5787E+000
 1.2931E+000
 1.7124E+000
-1.6550E+000
 2.3935E-001
-6.0910E-001
-1.2743E+000
 9.8242E-001
 1.0836E+000
-1.0164E+000
 8.2982E-001
 1.0510E+000
-7.7343E-001
 8.6690E-001
 7.7585E-001
 5.3024E-002
 1.4811E+000
 1.3108E+000
-8.7178E-001
 4.7945E-001
 1.2986E+000
-1.3610E+000
 2.5250E-001
 1.5092E+000
-1.5039E+000
 1.5737E-001
-8.5105E-002
-1.3404E+000
 2.1105E-001
-3.1674E-001
-1.3030E+000
 9.1488E-002
-2.0190E-001
-1.0274E+000
-3.6807E-002
-1.7906E-001
-1.2785E+000
 4.1185E-001
-4.7090E-001
-1.9659E+000
-9.1158E-001
 5.1806E-001
-1.4521E+000
 9.0310E-002
-9.9732E-002
-1.4268E+000
-9.1105E-002
 9.5084E-002
-1.2106E+000
-2.1558E-001
 2.3430E-001
-6.5548E-001
-4.2935E-001
 5.3412E-001
-1.6573E+000
-2.1591E-001
 1.4025E-001
-1.5038E+000
-5.9297E-001
-4.0628E-002
-1.5714E+000
-1.1930E-001
 1.8297E-003
-1.4345E+000
-1.6764E-001
 1.2715E-001
-1.2161E+000
 6.0345E-002
 2.8054E-001
-1.1263E+000
 5.6627E-002
 5.2550E-001
-1.6283E+000
-7.6710E-002
-3.4413E-002
-2.5908E+000
-5.9649E-001
-3.0962E+000
-1.2086E+000
 1.5719E-001
 1.7306E-001
-1.1163E+000
 2.7211E-001
 1.9064E-001
-8.9102E-001
 2.3526E-001
 3.3939E-001
-3.3560E-001
 1.4140E-001
 5.1125E-001
-1.2051E+000
 4.8760E-001
 1.4932E-001
-1.4384E+000
-7.7495E-002
 1.1071E+000
-1.0524E+000
 8.1215E-002
 3.0744E-001
-8.9333E-001
-4.6361E-002
 5.3853E-001
-8.5619E-001
-9.8423E-002
 7.1090E-001
-7.2702E-001
-1.1440E-001
 6.6138E-001
-9.6729E-001
-2.6761E-001
 4.6517E-001
-8.6857E-001
-2.3300E-001
 5.6628E-001
-9.4259E-001
-1.6298E-001
 9.5880E-001
-1.0099E+000
-6.6642E-002
 1.1498E+000
-5.2727E-001
-1.4326E-001
 1.3123E+000
-7.5855E-002
-3.3235E-001
 1.4329E+000
-1.0138E+000
 5.6816E-002
 1.4385E+000
-1.3851E+000
 1.3040E+000
 1.8065E+000
-6.9726E-001
-4.8732E-002
 1.3125E+000
-2.5476E-001
 5.4988E-002
 1.5164E+000
 1.3274E-001
 2.1846E-001
 1.2370E+000
 3.7902E-001
 2.5950E-001
 1.5965E+000
 4.9335E-002
 1.7902E-001
 1.3453E+000
 9.1624E-001
 5.4910E-001
 9.9756E-001
-1.8737E-003
 2.4096E-001
 7.2958E-001
 2.5704E-001
 3.7982E-001
 3.6233E-001
 1.8608E-001
 2.5368E-001
 6.3001E-001
 4.5187E-001
 2.0827E-001
 5.9714E-001
 6.9876E-002
 5.8842E-001
-2.8114E-001
 6.2939E-001
-1.0586E-001
-4.9785E-001
-2.1418E-001
 2.3682E-001
 7.5706E-001
-2.3696E-001
 1.2189E-001
 9.1195E-001
-1.8428E-002
-2.4039E-002
 1.2515E+000
 1.5331E-002
-3.6328E-002
 1.1524E+000
-5.3632E-001
 4.6630E-003
 9.5217E-001
-9.9655E-001
-7.4544E-001
 6.6527E-001
 2.1531E-002
-2.3094E-001
 1.7861E+000
 1.1451E-001
-8.8326E-002
 2.1019E+000
 6.6149E-001
 2.9257E-002
 2.0862E+000
 5.9916E-001
 5.2102E-002
 2.0974E+000
 4.0266E-001
 3.5098E-002
 2.3389E+000
 3.9077E-001
 1.8421E-001
 2.4813E+000
 8.6124E-001
-1.8910E-001
 2.1025E+000
 1.3784E+000
-2.3250E-001
 1.9442E+000
 1.1286E+000
-1.9367E-001
 1.3950E+000
 1.3783E+000
-2.1824E-001
 1.4464E+000
 1.9821E+000
-3.8688E-001
 1.5264E+000
 1.6774E+000
-1.1582E+000
 2.1441E+000
 6.8023E-001
-8.6878E-002
 9.5934E-001
 4.2753E-001
-1.5977E-001
 7.0289E-001
 1.8016E-001
-5.4852E-002
 1.0747E+000
 1.4813E-001
-5.2407E-002
 1.0945E+000
 1.8483E-002
-2.9772E-001
 3.6626E-001
-1.2440E+000
-6.8826E-001
-1.7877E-001
-1.9777E-001
 7.9333E-002
 1.5321E+000
-6.1983E-001
 3.9145E-001
 1.6725E+000
-2.9802E-001
 5.9294E-001
 2.0648E+000
-7.5323E-001
 6.6863E-001
 1.9387E+000
-8.1244E-001
 8.6219E-001
 2.1211E+000
-1.4595E+000
 8.7069E-001
 1.8773E+000
 3.4081E-001
 4.0836E-001
 2.5707E+000
 6.3040E-001
 7.0060E-001
 2.9533E+000
 1.0377E+000
 6.4254E-001
 2.5860E+000
 1.1095E+000
 5.4596E-001
 2.2808E+000
 1.2675E+000
 9.7671E-001
 3.2097E+000
 1.6138E+000
 1.3175E+000
 4.0233E+000
 1.0464E+000
 6.6339E-001
 2.5155E+000
 1.1721E+000
 4.7416E-001
 2.2461E+000
 1.3020E+000
 7.4979E-001
 2.0629E+000
 1.2566E+000
 5.4559E-001
 1.7412E+000
 1.0603E+000
 3.4819E-001
 2.5420E+000
 1.4489E-001
-1.5570E+000
 2.6141E+000
 1.5023E+000
 1.2197E+000
 2.2768E+000
 1.6998E+000
 1.4480E+000
 2.2326E+000
 1.8202E+000
 1.6136E+000
 1.9383E+000
 1.5256E+000
 1.4735E+000
 2.1362E+000
 1.7611E+000
 1.7383E+000
 2.5814E+000
 2.4731E+000
 1.1945E+000
 3.1222E+000
 2.1555E+000
 1.7465E+000
 1.4754E+000
 2.1597E+000
 2.1370E+000
 9.1545E-001
 1.8686E+000
 2.0031E+000
 6.1212E-001
 1.9015E+000
 2.1094E+000
 4.1825E-001
 2.3853E+000
 2.6100E+000
 6.6812E-001
 1.6082E+000
 1.8238E+000
 4.5085E-001
 1.2356E+000
 1.6849E+000
 1.0165E-001
 1.0455E+000
 1.3179E+000
-1.7039E-001
 6.1637E-001
 1.2883E+000
-1.9800E-001
 1.3796E+000
 1.5567E+000
 1.7946E-001
 1.0873E+000
 1.5632E+000
 2.7474E-001
 1.2942E+000
 9.5969E-001
-3.2640E-001
 1.0966E+000
 4.9924E-001
-4.3328E-001
 8.4696E-001
 4.1219E-001
-4.0883E-001
 8.2056E-001
 3.9325E-001
-4.4293E-001
 1.4737E+000
 1.1830E-001
-3.6998E-001
 1.5247E-001
 7.9109E-001
 6.0800E-001
 6.9489E-001
 3.4909E-001
-3.7679E-001
 5.1694E-001
 3.3241E-001
-4.2331E-001
 4.9359E-001
 3.7035E-001
-2.7426E-001
 4.3000E-001
 3.1532E-001
-2.4800E-001
 2.8129E-001
 2.6434E-001
-3.2334E-001
 9.5381E-002
 3.3713E-001
-3.2795E-001
 5.8080E-001
 4.2877E-001
-7.1161E-002
 4.6710E-001
 5.3201E-001
 5.9343E-002
 5.7979E-001
 5.9970E-001
-1.1954E-002
 5.5984E-001
 5.9209E-001
-4.3459E-002
 7.2688E-001
 6.6771E-001
-1.2014E-001
 7.4892E-001
 6.8189E-001
-1.1083E-001
 6.3642E-001
 4.9821E-001
-7.4582E-002
 4.7844E-001
 5.0481E-001
-1.9563E-002
 9.1560E-001
 7.4291E-001
-2.5285E-001
 3.3984E-001
 9.5931E-001
 1.7052E-001
 6.9023E-001
 3.2092E-001
-1.3952E-001
 5.7517E-001
 1.1826E-001
-9.0481E-002
 3.5517E-001
 2.4869E-001
-1.8173E-001
 3.6979E-001
 3.0310E-001
-5.3743E-001
 8.5851E-001
-1.9868E-002
 1.4486E-001
 6.7989E-001
-5.5208E-001
 6.7794E-001
 1.7462E-001
 3.3771E-001
 9.2967E-002
-4.7640E-002
 4.9535E-001
 1.8978E-002
 6.9022E-002
 5.0478E-001
 2.1146E-002
 1.6776E-001
 5.5553E-001
 4.4300E-002
-2.2718E-001
 5.5811E-001
 3.8746E-001
-4.8058E-001
 6.8927E-001
 5.5527E-001
 1.0803E-001
 5.1364E-001
 4.3848E-002
 1.7861E-001
 5.6592E-001
 1.1660E-001
 2.6456E-001
 4.0107E-001
-1.6906E-001
 1.8019E-001
 3.5182E-001
-3.0048E-001
 4.7742E-001
 6.9665E-001
 3.5735E-001
 3.2356E-001
 2.7944E-001
 2.9117E+000
 4.2613E-001
 3.1501E-001
-2.7479E-001
 5.1546E-001
 1.8416E-001
-5.2542E-001
 3.5705E-001
 2.6470E-001
-7.0428E-001
 2.2991E-001
 1.5324E-001
-9.1484E-001
 7.0019E-001
 6.9927E-002
-5.4618E-001
 6.1657E-001
 6.5176E-002
-5.6541E-001
 3.1266E-001
 4.1915E-001
-6.3550E-001
 1.6805E-001
 4.4051E-001
-7.1829E-001
 6.1570E-002
 4.8590E-001
-7.5718E-001
-3.4621E-002
 5.2704E-001
-1.0684E+000
 1.2015E-001
 5.1730E-001
-6.5434E-001
 9.0159E-002
 4.8521E-001
-4.5141E-001
 3.0984E-002
 5.4354E-001
-5.3599E-001
 2.0171E-002
 3.5423E-001
-7.2886E-001
-1.1275E-001
 3.7523E-001
-9.2063E-001
 5.1480E-002
 5.8766E-001
-3.7113E-001
-2.9152E-002
 6.6842E-001
-1.7164E-001
 2.6870E-001
 1.7710E-001
-7.0810E-001
 2.9846E-001
-7.5802E-002
-9.1503E-001
 3.1784E-001
-7.7469E-002
-9.6448E-001
 3.2441E-001
-9.9370E-002
-9.8203E-001
 2.9023E-001
-3.6804E-001
-7.3270E-001
 2.9288E-001
-1.0698E-001
-1.0280E+000
 2.9309E-001
-1.0028E-001
-1.0777E+000
 3.1959E-001
-6.1895E-002
-1.1109E+000
 3.3041E-001
 7.5067E-002
-1.1848E+000
 2.9305E-001
-2.0692E-001
-9.6646E-001
 3.0629E-001
-1.7709E-001
-1.0117E+000
 2.5817E-001
-2.0243E-001
-1.0733E+000
 4.0271E-001
-2.9685E-001
-1.2199E+000
 3.2044E-001
-1.5717E-001
-1.0087E+000
 2.5660E-001
-1.4852E-001
-1.0369E+000
 1.4439E-001
-1.5261E-001
-1.0238E+000
 1.3387E-001
-1.3836E-001
-1.0074E+000
 2.5539E-001
-1.4071E-001
-1.0304E+000
 3.2179E-001
-1.6858E-001
-1.1265E+000
 2.4269E-002
-1.3604E-001
-1.0245E+000
 4.8487E-003
-1.4214E-001
-1.0186E+000
 2.8998E-001
-1.3850E-002
-8.9439E-001
 4.7499E-001
 8.7337E-002
-9.2679E-001
 3.4922E-001
 5.5374E-002
-8.6842E-001
 2.4011E-001
 1.7080E-001
-9.3768E-001
 6.1585E-001
 4.2022E-001
-7.6760E-001
-1.2410E-001
 7.9100E-001
-2.1308E+000
 2.9953E-001
-1.4952E-001
-8.0261E-001
 1.8200E-001
-2.0023E-001
-8.0809E-001
 3.7249E-001
-1.1741E-001
-7.8157E-001
 7.6093E-001
-7.4198E-002
-8.6151E-001
 1.5177E-001
-4.4446E-001
-1.0103E+000
 2.3092E-001
-3.2728E-001
 5.0827E-003
 1.4776E-001
-2.1119E-002
-5.7328E-001
 3.8152E-001
 4.0329E-002
-5.6024E-001
 4.0068E-001
 8.8348E-002
-2.9948E-001
 4.5745E-001
 1.0151E-001
-3.1294E-001
 4.4133E-001
 6.9416E-002
-3.3512E-001
 3.8467E-001
-3.3440E-002
-2.9588E-001
 3.1845E-001
-4.4976E-002
-2.0359E-001
 1.7774E-001
-1.0484E-001
-2.9551E-001
 2.5714E-001
-1.7355E-001
-1.8669E-001
 2.9144E-001
-1.1275E-001
-7.7040E-002
-4.7904E-001
-6.0088E-001
 6.9595E-001
-6.1775E-003
-7.4240E-002
-3.2330E-001
-1.9859E-001
-1.1622E-001
-4.9740E-001
-2.0449E-001
-2.0513E-002
-2.6416E-001
-2.4262E-001
-2.2121E-001
-5.6751E-002
-8.8980E-003
-2.2402E-001
-8.5321E-001
-3.9032E-001
 1.1084E-001
 8.9241E-002
 9.0120E-002
 3.1833E-001
-2.3771E-001
 7.3100E-002
 4.0005E-001
-5.8081E-002
-2.0650E-001
 5.8384E-001
 2.7048E-001
-3.3799E-001
 1.0457E+000
 1.9101E-001
 3.3195E-001
 6.6690E-001
-1.8633E-001
 1.0842E-001
 6.1961E-001
-1.0323E-002
-2.7637E-001
 2.5925E-001
 5.5372E-001
-6.1292E-001
 4.5274E-001
 8.2957E-001
-6.7724E-001
 4.6859E-001
 8.3856E-001
-8.0076E-001
 4.7847E-001
 9.8214E-001
-5.6202E-001
 4.9484E-001
 7.3796E-001
-5.7806E-001
 5.8266E-001
 8.0611E-001
-5.5054E-001
 8.8824E-001
 8.2272E-001
-6.8170E-001
 1.0395E+000
 9.5558E-001
-4.9991E-001
 5.6825E-001
 6.5115E-001
-5.2723E-001
 6.1874E-001
 5.9248E-001
-5.2038E-001
 9.0597E-001
 6.1642E-001
-4.6801E-001
 1.0615E+000
 6.3089E-001
-5.8537E-001
 1.1497E+000
 7.6274E-001
-6.7477E-001
 9.8188E-001
 8.6252E-001
-2.4610E-001
 1.1564E+000
 6.0249E-001
-6.7709E-001
 8.8125E-001
 4.5024E-001
-4.8112E-001
 1.1578E+000
 8.7297E-001
-5.5735E-001
 1.2207E+000
 9.6139E-001
-5.3432E-001
 1.3825E+000
 9.9883E-001
-3.8580E-001
 1.4236E+000
 9.2975E-001
-4.5213E-001
 1.1818E+000
 1.0168E+000
-7.6683E-001
 1.7831E+000
 7.8573E-001
-7.2696E-001
 1.3797E+000
 1.1389E+000
-7.0801E-001
 1.5425E+000
 1.1676E+000
-6.3645E-001
 1.6354E+000
 1.0602E+000
-8.0736E-001
 1.4529E+000
 8.1930E-001
-9.0131E-001
 1.6898E+000
 1.0705E+000
-9.9388E-001
 1.7928E+000
 1.0406E+000
-3.9031E-001
 1.9118E+000
 1.2410E+000
-2.9968E-001
 2.0557E+000
 1.0659E+000
-1.4412E-001
 1.9844E+000
 9.1899E-001
-6.1793E-002
 2.0305E+000
 8.8918E-001
-4.3328E-001
 2.2860E+000
 1.0711E+000
-1.0759E-001
 1.8731E+000
 7.7969E-001
 4.6354E-003
 1.8484E+000
 5.9191E-001
 5.9890E-002
 1.6473E+000
 5.0593E-001
 3.7441E-001
 1.6379E+000
 3.4072E-001
 3.8421E-002
 1.8559E+000
 5.5160E-001
-1.6942E+000
 2.7459E+000
 2.6143E-001
-2.5575E-001
 1.4320E+000
 5.6512E-001
-3.1427E-001
 1.2393E+000
 4.7264E-001
-3.0917E-001
 1.2796E+000
 4.9960E-001
-2.1173E-001
 1.2250E+000
 4.0993E-001
-4.2482E-001
 1.0551E+000
 6.2059E-001
-4.8503E-001
 1.0294E+000
 4.6642E-001
-3.7712E-001
 1.4201E+000
 5.8288E-001
-3.8330E-001
 1.5011E+000
 6.2832E-001
-2.4157E-001
 1.5838E+000
 5.7990E-001
-9.5605E-002
 1.6293E+000
 5.5324E-001
-4.6892E-001
 1.6070E+000
 6.6176E-001
 5.9729E-001
 1.8252E+000
 2.3963E+000
-1.7888E-001
 1.5561E+000
 5.8003E-001
 3.6299E-002
 1.6027E+000
 5.5012E-001
 8.0123E-002
 1.4695E+000
 3.7497E-001
 1.6305E-001
 1.4738E+000
 2.2235E-001
 2.4381E-001
 1.6512E+000
 5.4207E-001
 3.0490E-002
 1.3150E+000
 3.7755E-001
 7.8348E-002
 1.1257E+000
 1.4563E-001
 7.8930E-002
 1.0934E+000
 1.1704E-001
 2.7032E-001
 1.0357E+000
-2.7348E-002
-1.3058E-002
 9.5574E-001
 1.2390E-001
-8.9142E-002
 6.6667E-001
 1.8134E-001
-1.8204E-001
 1.1190E+000
 2.2482E-001
-1.8872E-001
 1.1587E+000
 2.0967E-001
-1.2462E-001
 1.2669E+000
 3.0393E-002
-2.3656E-001
 9.5131E-001
-3.8374E-001
-2.8768E-001
 1.1944E+000
 1.6319E-001
-5.5061E-001
 8.6931E-001
 9.9833E-002
-2.5924E-002
 1.5803E+000
 2.3244E-001
 5.4438E-002
 1.7000E+000
 3.6793E-002
 2.6953E-001
 1.6566E+000
-1.7820E-001
 5.4623E-001
 1.6682E+000
-4.8945E-001
-4.3807E-003
 1.9569E+000
 1.0241E-001
 4.1007E-002
 4.2186E+000
-1.3414E+000
 1.8535E-001
 1.5514E+000
-6.9984E-002
 4.1027E-001
 1.4982E+000
-2.6957E-001
 6.1392E-001
 1.2488E+000
-3.3076E-001
 9.2140E-001
 1.2740E+000
-4.5241E-001
 3.1191E-001
 1.4739E+000
-1.8903E-001
 2.2267E-001
 2.0998E+000
-4.2401E-002
 5.2485E-001
 1.0517E+000
-2.0474E-001
 6.0654E-001
 8.6489E-001
-2.4650E-001
 7.8089E-001
 7.6713E-001
-4.4092E-001
 8.8421E-001
 6.0257E-001
-6.4333E-001
 5.8660E-001
 7.5419E-001
-7.6304E-002
 6.0968E-001
 7.7801E-001
-9.2214E-002
 7.4598E-001
 8.0582E-001
-4.1059E-001
 9.4104E-001
 7.3337E-001
-5.7141E-001
 8.4844E-001
 7.5601E-001
-9.5340E-001
 3.2867E-001
-4.6843E-002
-1.8615E+000
 1.0213E+000
 7.0068E-001
-5.6300E-001
 9.9294E-001
 7.2521E-001
-6.3475E-001
 1.4765E+000
 1.6418E+000
-2.9647E-001
 1.5241E+000
 1.8544E+000
-5.7584E-001
 1.4078E+000
 2.0237E+000
-5.3106E-001
 1.5916E+000
 2.0646E+000
-3.0970E-001
 1.0387E+000
 2.0454E+000
-6.6514E-001
