 beta=   0.0000000000000000     
  -3.4099701594983902E-015
  -1.1697855387833123E-015
  -8.1128960146693930E-016
  -6.9093100897384597E-016
   1.5688813310157368E-016
   7.9381120097958169E-016
   3.0486729649802091E-004
   4.9510448709305568E-004
   5.3401226867928590E-004
   6.0582453686005677E-004
   8.4313637173495139E-004
   1.0752911618277378E-003
   1.2446577880970630E-003
   1.3286278056412980E-003
   1.4438668516334671E-003
   1.5250886512186413E-003
   1.5683324470359597E-003
   1.7434461315038244E-003
   1.8396163919410103E-003
   2.0205253939767458E-003
   2.0623154357577475E-003
   2.1155496836711626E-003
   2.1656385481486720E-003
   2.2434817546311964E-003
   2.3355694588478694E-003
   2.4151341522010996E-003
   2.4590707348531612E-003
   2.6117400834375568E-003
   2.7131942883112251E-003
   2.7995126483505621E-003
   2.8374744437525069E-003
   2.9142507078719648E-003
   2.9781626218945904E-003
   3.0985039692844850E-003
   3.1479365650673220E-003
   3.2271199077574084E-003
   3.3124144392650302E-003
   3.3642423599811958E-003
   3.4540761171375639E-003
   3.5625552616421058E-003
   3.6255516217124492E-003
   3.6391699028279394E-003
   3.6796627880524816E-003
   3.8276937252392298E-003
   3.8415874244270925E-003
   3.9167361666502852E-003
   4.0383336283221043E-003
   4.0740995295625469E-003
   4.1671467677997648E-003
   4.2206498004604739E-003
   4.3372415049324547E-003
   4.3602435415868593E-003
   4.4253165842238025E-003
   4.5057828122245930E-003
   4.6026689962513009E-003
   4.6231907055438509E-003
   4.7194298696822262E-003
   4.7550643245027509E-003
   4.8989765969783237E-003
   4.9405551921079061E-003
   5.0074610105564762E-003
   5.1136739031746783E-003
   5.1640108519290977E-003
   5.2178569661109524E-003
   5.2683499096410000E-003
   5.3475737514480804E-003
   5.3714092263406456E-003
   5.4520952271963317E-003
   5.4730640034346498E-003
   5.5158653094252537E-003
   5.5234610481475358E-003
   5.6401041391964460E-003
   5.6999757963311273E-003
   5.7178594355080719E-003
   5.7750263527807716E-003
   5.8201628888196856E-003
   5.9245192391819924E-003
   5.9405980684115525E-003
   6.0165895531073170E-003
   6.0278949534001659E-003
   6.1349802436186512E-003
   6.2221041857449359E-003
   6.2454895286552610E-003
   6.2761741591705221E-003
   6.3358146055405235E-003
   6.4383589993442653E-003
   6.4855970550556910E-003
   6.5300960517842748E-003
   6.5688033579886750E-003
   6.6266134400093258E-003
   6.6907120023301384E-003
   6.7870510541605056E-003
   6.8169740829200822E-003
   6.8300997054684034E-003
   6.9018717467238949E-003
   6.9199386437641995E-003
   7.0505077409682565E-003
   7.0926397691419771E-003
   7.1276304096021025E-003
   7.1869976456335680E-003
   7.3169845550643290E-003
   7.3456909976984388E-003
   7.3771923643487485E-003
   7.4009129131448054E-003
   7.4210451569273750E-003
   7.4750713286010351E-003
   7.5374376757187207E-003
   7.5578124157214292E-003
   7.5806453978103641E-003
   7.6913148826037786E-003
   7.7396327262054827E-003
   7.8183889060564095E-003
   7.8745027511456633E-003
   7.8768923811262954E-003
   7.9080904988157365E-003
   7.9992564514546512E-003
   8.0219870339343306E-003
   8.0477690650700082E-003
   8.0971739028811891E-003
   8.1698890057260165E-003
   8.1755189883720228E-003
   8.2420071436420262E-003
   8.3465761453728471E-003
   8.3704273549951944E-003
   8.3764857545040421E-003
   8.4258813992563013E-003
   8.4410354905333166E-003
   8.4612028471059055E-003
   8.5269486168460060E-003
   8.5802164207361906E-003
   8.6234049787638628E-003
   8.6659754173668384E-003
   8.7067566598391724E-003
   8.7795433650818943E-003
   8.8077993774511448E-003
   8.8340195047613181E-003
   8.8910543438014897E-003
   8.9427059862139651E-003
   8.9807605695554366E-003
   8.9957978373895638E-003
   9.0239202423675214E-003
   9.0725927759848501E-003
   9.1196309704935363E-003
   9.1496733362946437E-003
   9.1953486395564641E-003
   9.2653515320639847E-003
   9.2768913187273368E-003
   9.3154437213535252E-003
   9.3505030475269767E-003
   9.3973981973899095E-003
   9.4111772425831217E-003
   9.4968757194471998E-003
   9.5028335925922969E-003
   9.5280369647500248E-003
   9.5722729378161960E-003
   9.5841017883088412E-003
   9.6378650914644409E-003
   9.6506042703543987E-003
   9.7107866415583298E-003
   9.7234870770134003E-003
   9.7769264379461585E-003
   9.7959562084657479E-003
   9.8491033219107998E-003
   9.8895731791921512E-003
   9.9314665296361786E-003
   1.0012638966380868E-002
   1.0013167412196700E-002
   1.0090390696261428E-002
   1.0203311581539637E-002
   1.0219187082663837E-002
   1.0253834514309189E-002
   1.0321964966610031E-002
   1.0377386656511771E-002
   1.0411729682155854E-002
   1.0475377390263649E-002
   1.0488112682344735E-002
   1.0514203822861645E-002
   1.0550828864565761E-002
   1.0614730445786539E-002
   1.0636916994569909E-002
   1.0690859686594452E-002
   1.0705247918841762E-002
   1.0731578524435497E-002
   1.0774218350465227E-002
   1.0805115117606226E-002
   1.0854740811874541E-002
   1.0913499539514227E-002
   1.0924231104462466E-002
   1.0972014062882967E-002
   1.1015369729514871E-002
   1.1079766650619653E-002
   1.1095380332378491E-002
   1.1137160589750873E-002
   1.1187471785621994E-002
   1.1263477426128089E-002
   1.1300577628770103E-002
   1.1336435617923534E-002
   1.1371579498095792E-002
   1.1389505601270142E-002
   1.1429259331466459E-002
   1.1452247831146832E-002
   1.1479988424486257E-002
   1.1553218016303858E-002
   1.1570373393672803E-002
   1.1571200387724160E-002
   1.1619052100073433E-002
   1.1639051364395579E-002
   1.1669972561007963E-002
   1.1707515330843797E-002
   1.1744812190583872E-002
   1.1783434169544705E-002
   1.1794584590763263E-002
   1.1824020467882165E-002
   1.1866240491139129E-002
   1.1883885271145918E-002
   1.1900206157778016E-002
   1.1944000795690527E-002
   1.1970658904749805E-002
   1.1990059523084922E-002
   1.2024909945188169E-002
   1.2066843314427408E-002
   1.2110524500411444E-002
   1.2121862077407298E-002
   1.2158235123282389E-002
   1.2181093759030270E-002
   1.2241844442426847E-002
   1.2265525379085474E-002
   1.2293741259914982E-002
   1.2351879009529956E-002
   1.2366575948372104E-002
   1.2395761094106894E-002
   1.2419791514207369E-002
   1.2458636708394906E-002
   1.2470173041966940E-002
   1.2489604367692211E-002
   1.2535207956230258E-002
   1.2546308722666849E-002
   1.2576869437785762E-002
   1.2637540317101473E-002
   1.2659428104961840E-002
   1.2705184157973635E-002
   1.2717344932867631E-002
   1.2734071413500053E-002
   1.2755655264923968E-002
   1.2773317476097992E-002
   1.2798952671135731E-002
   1.2835643063912595E-002
   1.2861502500365980E-002
   1.2882502232410265E-002
   1.2890618325581875E-002
   1.2945650936478635E-002
   1.2977204620963112E-002
   1.2992278520209732E-002
   1.2997523940856041E-002
   1.3009910566748162E-002
   1.3048427782092524E-002
   1.3057324737840497E-002
   1.3100727099698123E-002
   1.3120327091241337E-002
   1.3175999076124659E-002
   1.3186268436497650E-002
   1.3196860193187349E-002
   1.3208886249100256E-002
   1.3238076721036626E-002
   1.3297275158677846E-002
   1.3303506320471300E-002
   1.3326197644693021E-002
   1.3343685251155505E-002
   1.3384210978944834E-002
   1.3407367777892615E-002
   1.3419828377243462E-002
   1.3438019687028084E-002
   1.3463042641188989E-002
   1.3521310259831359E-002
   1.3533791063529333E-002
   1.3559329791141760E-002
   1.3590018182666593E-002
   1.3615269925544161E-002
   1.3636172889772410E-002
   1.3671260265457064E-002
   1.3689679663355230E-002
   1.3727089572346826E-002
   1.3745889761334198E-002
   1.3764405892244477E-002
   1.3822315517186282E-002
   1.3853027399968527E-002
   1.3893215596528090E-002
   1.3905584862246837E-002
   1.3939579385840027E-002
   1.3956138845766188E-002
   1.3959927654018153E-002
   1.3979011679657810E-002
   1.4006897864099983E-002
   1.4022224741091346E-002
   1.4069639431441770E-002
   1.4082949156547083E-002
   1.4124966186208168E-002
   1.4141284384878995E-002
   1.4153281060363874E-002
   1.4175190261785100E-002
   1.4214942065117146E-002
   1.4234431104549302E-002
   1.4256400077685230E-002
   1.4293696442981701E-002
   1.4314621537825640E-002
   1.4338362236174511E-002
   1.4402093955260119E-002
   1.4421128279020017E-002
   1.4438486392588337E-002
   1.4452691015596073E-002
   1.4474173661300830E-002
   1.4508368389801083E-002
   1.4551718260398016E-002
   1.4585485786126489E-002
   1.4605377222252443E-002
   1.4633545067953896E-002
   1.4642558334685489E-002
   1.4663325475730420E-002
   1.4681097389125361E-002
   1.4703625435879542E-002
   1.4730567141535334E-002
   1.4743661455609951E-002
   1.4781148808643070E-002
   1.4799245398598388E-002
   1.4823013864583011E-002
   1.4831941926677708E-002
   1.4863164214781526E-002
   1.4928210803501121E-002
   1.4959817831888532E-002
   1.4980826215728625E-002
   1.4988505610768565E-002
   1.5038633583369128E-002
   1.5051656124638737E-002
   1.5065446074790791E-002
   1.5076431967200472E-002
   1.5089055433854406E-002
   1.5125426255143367E-002
   1.5157535824132849E-002
   1.5191367592338374E-002
   1.5224270742212123E-002
   1.5264861786732120E-002
   1.5270100100150457E-002
   1.5292836669924618E-002
   1.5300694449255281E-002
   1.5341867461203182E-002
   1.5369750735228609E-002
   1.5375267100928293E-002
   1.5434242286460407E-002
   1.5495110699305391E-002
   1.5531840396875560E-002
   1.5546033852816549E-002
   1.5566952215947198E-002
   1.5598050184069146E-002
   1.5608165359348791E-002
   1.5641463239207988E-002
   1.5658397329095623E-002
   1.5699504218298049E-002
   1.5707253130559817E-002
   1.5726614001645468E-002
   1.5744105161363375E-002
   1.5772066683777473E-002
   1.5778420709271684E-002
   1.5800605668723943E-002
   1.5831706205898188E-002
   1.5862175043314778E-002
   1.5893531077268361E-002
   1.5915618685533761E-002
   1.5946627399598075E-002
   1.5956685659665328E-002
   1.5967983394355019E-002
   1.5982958103638041E-002
   1.6013953196628048E-002
   1.6033145324182343E-002
   1.6057581707450360E-002
   1.6089437077684825E-002
   1.6100663295265875E-002
   1.6126384554648189E-002
   1.6179796910520267E-002
   1.6214515544866262E-002
   1.6226405188590420E-002
   1.6235590599835269E-002
   1.6248124300073996E-002
   1.6281990029209409E-002
   1.6318689899624473E-002
   1.6352003041636226E-002
   1.6360465490261607E-002
   1.6390189733098338E-002
   1.6428144258801389E-002
   1.6444154731139082E-002
   1.6456101732961879E-002
   1.6478440242881143E-002
   1.6495458278245601E-002
   1.6552214688138348E-002
   1.6563151482355702E-002
   1.6591201298309939E-002
   1.6600110977592439E-002
   1.6620224122574714E-002
   1.6630463735174204E-002
   1.6645626813811546E-002
   1.6697413305678130E-002
   1.6698263084716728E-002
   1.6712506253993769E-002
   1.6729483981910313E-002
   1.6770992941314001E-002
   1.6802752722027598E-002
   1.6812194329565839E-002
   1.6816730615658495E-002
   1.6853346148572146E-002
   1.6857797356003394E-002
   1.6870203306238441E-002
   1.6912916730630757E-002
   1.6932611325645726E-002
   1.6946321166717904E-002
   1.6959837346553330E-002
   1.6982845109536859E-002
   1.7004160839147305E-002
   1.7031009435653669E-002
   1.7051785429255110E-002
   1.7058840980943825E-002
   1.7097156814395827E-002
   1.7102795320051337E-002
   1.7135701077322329E-002
   1.7149340096784406E-002
   1.7178889931785870E-002
   1.7204486170028718E-002
   1.7237054772034240E-002
   1.7244264698814991E-002
   1.7275740358467323E-002
   1.7298151822767074E-002
   1.7318061341065321E-002
   1.7333058504668031E-002
   1.7349272556764956E-002
   1.7388890513131538E-002
   1.7423810675206361E-002
   1.7428483536192505E-002
   1.7445208269720139E-002
   1.7501306116329132E-002
   1.7529998096329918E-002
   1.7554657624241517E-002
   1.7562676056624180E-002
   1.7588653117634193E-002
   1.7603435700945649E-002
   1.7611553258668880E-002
   1.7642586625385218E-002
   1.7670446259715825E-002
   1.7711005251088728E-002
   1.7715321484675594E-002
   1.7730131086679261E-002
   1.7744851761948885E-002
   1.7763481286648290E-002
   1.7792933863123032E-002
   1.7818210584795730E-002
   1.7833642871166944E-002
   1.7852758165717186E-002
   1.7884495403940923E-002
   1.7891100564475151E-002
   1.7911813035191043E-002
   1.7930670686631765E-002
   1.7952832383077415E-002
   1.7987314865844928E-002
   1.7994208150471147E-002
   1.8024248748151308E-002
   1.8040164166037532E-002
   1.8054734215840331E-002
   1.8088006678785507E-002
   1.8114955867100491E-002
   1.8134684364321512E-002
   1.8153315726959031E-002
   1.8161224274700596E-002
   1.8191669252595827E-002
   1.8206158432249361E-002
   1.8227374915402290E-002
   1.8248793547941653E-002
   1.8256648774717256E-002
   1.8282553718912103E-002
   1.8306566935458214E-002
   1.8314108654667243E-002
   1.8326663086647838E-002
   1.8341880850162588E-002
   1.8388392829737067E-002
   1.8402167094935112E-002
   1.8418555511831487E-002
   1.8453187496935371E-002
   1.8460085337258361E-002
   1.8468198127749143E-002
   1.8504781986169321E-002
   1.8505988229125071E-002
   1.8539644553965312E-002
   1.8555939483492243E-002
   1.8570180085661466E-002
   1.8586215472219399E-002
   1.8602283440273773E-002
   1.8623783491452980E-002
   1.8653994355331535E-002
   1.8657305879360729E-002
   1.8694909109786474E-002
   1.8712307363101841E-002
   1.8717265182951019E-002
   1.8749360214296181E-002
   1.8760506640616570E-002
   1.8777853946326244E-002
   1.8808215574684036E-002
   1.8818733604375859E-002
   1.8854493026323364E-002
   1.8877758514872622E-002
   1.8900070738406775E-002
   1.8902933591455354E-002
   1.8924844264778917E-002
   1.8938920496772559E-002
   1.8962601867290829E-002
   1.8979195614688478E-002
   1.9014335880699840E-002
   1.9037023386347891E-002
   1.9048740877623524E-002
   1.9078464852711904E-002
   1.9099477276888266E-002
   1.9106107469345043E-002
   1.9112073751797323E-002
   1.9155099463069994E-002
   1.9172343699972588E-002
   1.9189900407903755E-002
   1.9211586190961406E-002
   1.9245494689875530E-002
   1.9252683713492525E-002
   1.9282463346698663E-002
   1.9289677722624441E-002
   1.9313782401983694E-002
   1.9318635308157864E-002
   1.9347940126192228E-002
   1.9350289808196659E-002
   1.9362323239954630E-002
   1.9385490821204013E-002
   1.9417149693285247E-002
   1.9419808505146907E-002
   1.9451888178121615E-002
   1.9465390096374127E-002
   1.9498298479273687E-002
   1.9528123979440110E-002
   1.9543234656432845E-002
   1.9553449174486169E-002
   1.9580352911515237E-002
   1.9605732497212265E-002
   1.9615481200389587E-002
   1.9632945731875247E-002
   1.9654225708723990E-002
   1.9669705721164030E-002
   1.9689855862790036E-002
   1.9695456538591720E-002
   1.9734496243518012E-002
   1.9747568216269797E-002
   1.9748990149686674E-002
   1.9773020080661591E-002
   1.9787878110092940E-002
   1.9813096180158956E-002
   1.9816139703609771E-002
   1.9831613145356690E-002
   1.9855326982278074E-002
   1.9872950167154211E-002
   1.9906272479415777E-002
   1.9908333784222149E-002
   1.9927748009279971E-002
   1.9951167796665059E-002
   1.9973056306817921E-002
   1.9982636544306223E-002
   2.0007395683123912E-002
   2.0030751301180514E-002
   2.0045384248463236E-002
   2.0065896660451728E-002
   2.0077247574463473E-002
   2.0095080532416033E-002
   2.0109277193247649E-002
   2.0132755269917368E-002
   2.0152433260742345E-002
   2.0162582758269418E-002
   2.0196790891288410E-002
   2.0219673566353787E-002
   2.0245042603839660E-002
   2.0262733942434774E-002
   2.0279934470179679E-002
   2.0295966772196035E-002
   2.0312215393357674E-002
   2.0328360878826845E-002
   2.0338922162852539E-002
   2.0348136976528909E-002
   2.0366105506330286E-002
   2.0373738987841564E-002
   2.0383766800553215E-002
   2.0419403249829902E-002
   2.0440924195797645E-002
   2.0461833722157954E-002
   2.0477406337936200E-002
   2.0482383148571568E-002
   2.0485569864831556E-002
   2.0489966962794343E-002
   2.0521292623824468E-002
   2.0559170473318494E-002
   2.0581320209869303E-002
   2.0586822134297821E-002
   2.0606359555228486E-002
   2.0610251846237288E-002
   2.0629623257880758E-002
   2.0646988736067448E-002
   2.0656067021148979E-002
   2.0678251932412215E-002
   2.0681155569873259E-002
   2.0689626080689003E-002
   2.0711872732692937E-002
   2.0728977584688002E-002
   2.0757817395425732E-002
   2.0775932770355679E-002
   2.0784462702195288E-002
   2.0812222764860736E-002
   2.0817782492543586E-002
   2.0849307099679009E-002
   2.0874272540552945E-002
   2.0883965242635485E-002
   2.0898284403032753E-002
   2.0902713077828400E-002
   2.0916676256826527E-002
   2.0926903284999070E-002
   2.0940172359290452E-002
   2.0959071497992744E-002
   2.0978006685159790E-002
   2.1009252979039793E-002
   2.1019392070346792E-002
   2.1020861391886629E-002
   2.1037218490646811E-002
   2.1079626722463052E-002
   2.1095231278203643E-002
   2.1107292415478839E-002
   2.1125957836111153E-002
   2.1132571120795553E-002
   2.1149982487133616E-002
   2.1157668993014252E-002
   2.1168614611303149E-002
   2.1177445425224511E-002
   2.1204361321036966E-002
   2.1222032778073462E-002
   2.1239195600043646E-002
   2.1247488258349320E-002
   2.1275268976009013E-002
   2.1281443905499870E-002
   2.1299667498882294E-002
   2.1307063697120102E-002
   2.1343353120060121E-002
   2.1356066375963260E-002
   2.1384607682045708E-002
   2.1388817097962157E-002
   2.1391520346728962E-002
   2.1424738518491450E-002
   2.1437828607495789E-002
   2.1450992612794595E-002
   2.1467131343116876E-002
   2.1478381567483457E-002
   2.1487909781566408E-002
   2.1492208321680806E-002
   2.1507312796828170E-002
   2.1526837029140263E-002
   2.1553759581732074E-002
   2.1579836250479500E-002
   2.1591547835387366E-002
   2.1605627169079607E-002
   2.1628101590190203E-002
   2.1646480549528179E-002
   2.1650400819338705E-002
   2.1671441970538861E-002
   2.1685369631580347E-002
   2.1706353060433944E-002
   2.1718175304813323E-002
   2.1727809136083253E-002
   2.1757102443064214E-002
   2.1777921659869356E-002
   2.1793024141104497E-002
   2.1799996565678076E-002
   2.1810637458261492E-002
   2.1835050517561835E-002
   2.1851276990925563E-002
   2.1851901213692300E-002
   2.1876238642541561E-002
   2.1888738528631602E-002
   2.1900571590227947E-002
   2.1928496436559974E-002
   2.1934069634343970E-002
   2.1945844649085621E-002
   2.1980814065551139E-002
   2.1991250443716151E-002
   2.2002654730436201E-002
   2.2014624956079039E-002
   2.2021914021328252E-002
   2.2029537352843225E-002
   2.2043881353037937E-002
   2.2063308700279803E-002
   2.2071473699459724E-002
   2.2107676210390267E-002
   2.2112998757879854E-002
   2.2126151481258731E-002
   2.2132725339785535E-002
   2.2147958189511738E-002
   2.2165356918809390E-002
   2.2169776252506358E-002
   2.2191726225462238E-002
   2.2204783654503062E-002
   2.2229908434694374E-002
   2.2253185873008837E-002
   2.2267957958525306E-002
   2.2296038687484438E-002
   2.2304721093174815E-002
   2.2313304336276384E-002
   2.2319297468607693E-002
   2.2340531241493027E-002
   2.2358931928479701E-002
   2.2373609107178762E-002
   2.2377726034597457E-002
   2.2392842897184483E-002
   2.2416024712451330E-002
   2.2424910553367379E-002
   2.2435589990914193E-002
   2.2445995511153911E-002
   2.2462262084208005E-002
   2.2477202405424754E-002
   2.2487479161588071E-002
   2.2491544951514272E-002
   2.2518938055414633E-002
   2.2526584941928777E-002
   2.2538169289604927E-002
   2.2543235616931452E-002
   2.2557389841476483E-002
   2.2576290936465460E-002
   2.2604560982940537E-002
   2.2607784288183174E-002
   2.2634676431756335E-002
   2.2650234815038556E-002
   2.2658883721902886E-002
   2.2663987278913195E-002
   2.2681179334691923E-002
   2.2696363575915285E-002
   2.2714146560882855E-002
   2.2728621028752276E-002
   2.2736399729034042E-002
   2.2740044287577723E-002
   2.2754579532592290E-002
   2.2767031153624856E-002
   2.2784839449427070E-002
   2.2788066254580998E-002
   2.2798564183020471E-002
   2.2807763671404579E-002
   2.2820116261177838E-002
   2.2851191073584472E-002
   2.2867252299826127E-002
   2.2870132318410133E-002
   2.2884056203753635E-002
   2.2889860636389130E-002
   2.2906618698563759E-002
   2.2918861775443760E-002
   2.2932655501847778E-002
   2.2940305137509349E-002
   2.2957661418174354E-002
   2.2971734989997970E-002
   2.2977608747015835E-002
   2.2994376769812617E-002
   2.3009230701771483E-002
   2.3020618217293263E-002
   2.3025738091740279E-002
   2.3036958333592809E-002
   2.3045007453565965E-002
   2.3060078491768828E-002
   2.3074932015886059E-002
   2.3086079704527685E-002
   2.3095869786546774E-002
   2.3099076470691565E-002
   2.3130028940716418E-002
   2.3161649856344294E-002
   2.3164346849641141E-002
   2.3169249866820441E-002
   2.3182327923791136E-002
   2.3201242289509927E-002
   2.3216338029122843E-002
   2.3232697241713448E-002
   2.3252019160597950E-002
   2.3277521985975061E-002
   2.3291079978070929E-002
   2.3301837708362819E-002
   2.3313870360364943E-002
   2.3324231202798459E-002
   2.3345483222947497E-002
   2.3355185495463858E-002
   2.3374959626330568E-002
   2.3381888240844476E-002
   2.3405698175097300E-002
   2.3424102814279542E-002
   2.3435874127701348E-002
   2.3446806255109462E-002
   2.3460278759001998E-002
   2.3472957088449976E-002
   2.3484473517283503E-002
   2.3500517446377028E-002
   2.3518052630999924E-002
   2.3523084618011732E-002
   2.3549170581303205E-002
   2.3558024680437887E-002
   2.3560395263137406E-002
   2.3582953669891070E-002
   2.3589205269957326E-002
   2.3597416011940570E-002
   2.3611057379551530E-002
   2.3628968702085133E-002
   2.3631743786891202E-002
   2.3653156420765865E-002
   2.3668973531433959E-002
   2.3690347416140501E-002
   2.3694160107583729E-002
   2.3709437498084605E-002
   2.3715331448459723E-002
   2.3723036604805518E-002
   2.3747430343104638E-002
   2.3752236690040000E-002
   2.3760320468179559E-002
   2.3774973821633419E-002
   2.3789841728969564E-002
   2.3800396364958825E-002
   2.3826949638171682E-002
   2.3840788853927063E-002
   2.3858182899792073E-002
   2.3868791163051871E-002
   2.3877056974384473E-002
   2.3904092399820134E-002
   2.3909300566095710E-002
   2.3925902134229130E-002
   2.3929263312896173E-002
   2.3949174816544520E-002
   2.3974424917531718E-002
   2.3980934702081638E-002
   2.3999802613951394E-002
   2.4019716283534380E-002
   2.4031312175340189E-002
   2.4034175239090298E-002
   2.4046725741666365E-002
   2.4071156689330912E-002
   2.4080821235790854E-002
   2.4088753980761421E-002
   2.4121230349985839E-002
   2.4132342706718001E-002
   2.4149288788803479E-002
   2.4161435027720748E-002
   2.4188716599069640E-002
   2.4205828646617536E-002
   2.4217223351661592E-002
   2.4226470001788351E-002
   2.4235056149764882E-002
   2.4244079803751040E-002
   2.4249936221396193E-002
   2.4265337579192813E-002
   2.4282369799443804E-002
   2.4302713083434208E-002
   2.4315957451504718E-002
   2.4346335433137960E-002
   2.4371459126944699E-002
   2.4374787895946395E-002
   2.4381909668972752E-002
   2.4415155775157869E-002
   2.4419826681533380E-002
   2.4436376813208063E-002
   2.4438805890846349E-002
   2.4450035140090701E-002
   2.4463899650812356E-002
   2.4489295872760289E-002
   2.4512507557709593E-002
   2.4520544970108121E-002
   2.4525822470350993E-002
   2.4532595562019845E-002
   2.4545222351597531E-002
   2.4555313847663914E-002
   2.4565283061362575E-002
   2.4586284603123166E-002
   2.4600229142862608E-002
   2.4606122374953240E-002
   2.4632787631524534E-002
   2.4640650275015358E-002
   2.4670537119947510E-002
   2.4674075459537946E-002
   2.4705080200558310E-002
   2.4714211830556367E-002
   2.4715833964907289E-002
   2.4736381182588026E-002
   2.4747838193230797E-002
   2.4765562829802974E-002
   2.4773591932997704E-002
   2.4781280894126134E-002
   2.4785515798879953E-002
   2.4801566457393648E-002
   2.4830062593293893E-002
   2.4833916387773651E-002
   2.4836700809454750E-002
   2.4858764067635805E-002
   2.4873316114797851E-002
   2.4882297279394124E-002
   2.4903221079520539E-002
   2.4909541979950160E-002
   2.4927443182725235E-002
   2.4935686388106251E-002
   2.4949037229804037E-002
   2.4960602370925816E-002
   2.4988073034553231E-002
   2.4996736951653570E-002
   2.5010578011694956E-002
   2.5029306818737825E-002
   2.5050257583222282E-002
   2.5059943164219552E-002
   2.5075117280073649E-002
   2.5094131572878691E-002
   2.5098288334747584E-002
   2.5111991005036534E-002
   2.5138451603003764E-002
   2.5158270443407807E-002
   2.5172134568345928E-002
   2.5207923003061891E-002
   2.5215408943853497E-002
   2.5230514394033964E-002
   2.5253388785127812E-002
   2.5278200470525019E-002
   2.5291573211633802E-002
   2.5308931786416532E-002
   2.5333587560350101E-002
   2.5345319420860810E-002
   2.5349163479852582E-002
   2.5354904338319804E-002
   2.5372267130533893E-002
   2.5389937923482646E-002
   2.5404289774589042E-002
   2.5416196194079251E-002
   2.5429994303454113E-002
   2.5437791216085873E-002
   2.5462266086875258E-002
   2.5498075006180881E-002
   2.5500077015790327E-002
   2.5512756197228328E-002
   2.5543282438929997E-002
   2.5554428590835249E-002
   2.5561118871294308E-002
   2.5586534152505291E-002
   2.5589171487440492E-002
   2.5613021365221714E-002
   2.5630857041598502E-002
   2.5638079333352801E-002
   2.5639980290652873E-002
   2.5678199624636869E-002
   2.5688974771529597E-002
   2.5704274555417125E-002
   2.5714626870016872E-002
   2.5719440097707855E-002
   2.5762028003840847E-002
   2.5766980091165220E-002
   2.5771448260610102E-002
   2.5791665042447127E-002
   2.5808210837168704E-002
   2.5825742900003754E-002
   2.5845457533351754E-002
   2.5864230255938502E-002
   2.5871249800128629E-002
   2.5887927518477270E-002
   2.5895434576109863E-002
   2.5917181367061819E-002
   2.5924628732634798E-002
   2.5950527245039844E-002
   2.5957981271508602E-002
   2.5967661374970814E-002
   2.5975676312525675E-002
   2.5997831220967549E-002
   2.5999772276687861E-002
   2.6016980551086817E-002
   2.6029002862108172E-002
   2.6038825117360092E-002
   2.6059444382646263E-002
   2.6075939599526886E-002
   2.6098887892916964E-002
   2.6120516852601968E-002
   2.6130554891349238E-002
   2.6141086686223627E-002
   2.6176854503336996E-002
   2.6192611062236040E-002
   2.6198028172111906E-002
   2.6211183875416679E-002
   2.6218219546876895E-002
   2.6239133406172455E-002
   2.6246955776348068E-002
   2.6251330314855555E-002
   2.6276890961468340E-002
   2.6280356569528034E-002
   2.6319556663397296E-002
   2.6327117609786732E-002
   2.6330850455431126E-002
   2.6335638769689529E-002
   2.6350270970019473E-002
   2.6368191317044831E-002
   2.6382772394030234E-002
   2.6403641051232780E-002
   2.6420967049753219E-002
   2.6425719829795479E-002
   2.6447974284043493E-002
   2.6463384069150397E-002
   2.6486416228233955E-002
   2.6496544337242581E-002
   2.6521784062260384E-002
   2.6530633608882342E-002
   2.6549239360210645E-002
   2.6565855326646213E-002
   2.6570944487460418E-002
   2.6585601687265922E-002
   2.6605939221737041E-002
   2.6623302644028356E-002
   2.6623961126621576E-002
   2.6636881832270299E-002
   2.6641124842151673E-002
   2.6669587946663922E-002
   2.6687733944075309E-002
   2.6693605104892396E-002
   2.6712538419204204E-002
   2.6719920852719330E-002
   2.6735139802498271E-002
   2.6743328245406411E-002
   2.6765233810225910E-002
   2.6777457109332933E-002
   2.6798800666548415E-002
   2.6815504991737356E-002
   2.6824953371039153E-002
   2.6834863822320719E-002
   2.6837696315819559E-002
   2.6862432905146338E-002
   2.6869485189717410E-002
   2.6879468823014441E-002
   2.6893158273302548E-002
   2.6903566313407994E-002
   2.6917848345725741E-002
   2.6949597354957694E-002
   2.6953664443205117E-002
   2.6969117692174815E-002
   2.6985323119190094E-002
   2.6999708348950466E-002
   2.7010053305654150E-002
   2.7031519630990510E-002
   2.7062724244868868E-002
   2.7066454279689792E-002
   2.7069980919792971E-002
   2.7101644990003251E-002
   2.7115607581252678E-002
   2.7131499559207156E-002
   2.7147422738620586E-002
   2.7167238711384673E-002
   2.7188194045532414E-002
   2.7196969078141921E-002
   2.7211347462252435E-002
   2.7216177991545683E-002
   2.7229819736191454E-002
   2.7248029818901825E-002
   2.7260728233511649E-002
   2.7266887560577557E-002
   2.7290615841691370E-002
   2.7303738161220517E-002
   2.7341095765326073E-002
   2.7344648444109734E-002
   2.7367664755271640E-002
   2.7389701239171119E-002
   2.7407182026074148E-002
   2.7411419690174011E-002
   2.7428987376095594E-002
   2.7462252872226513E-002
   2.7466494010260745E-002
   2.7485451516928182E-002
   2.7496694531047215E-002
   2.7527363892312626E-002
   2.7529408312350460E-002
   2.7542122251416629E-002
   2.7560555537472890E-002
   2.7589413434377482E-002
   2.7601708777949336E-002
   2.7615194224775614E-002
   2.7626605732517923E-002
   2.7641757129684006E-002
   2.7671413069145657E-002
   2.7679229926948840E-002
   2.7695837413193019E-002
   2.7709387663943791E-002
   2.7729020247340357E-002
   2.7733167777100075E-002
   2.7749153225293345E-002
   2.7775513837209900E-002
   2.7780415187509084E-002
   2.7810836814651942E-002
   2.7819089616698909E-002
   2.7835692071723511E-002
   2.7849336627142087E-002
   2.7873286921555825E-002
   2.7891743163016666E-002
   2.7901054187607313E-002
   2.7909239761855359E-002
   2.7931783917040546E-002
   2.7967085822313820E-002
   2.7985575896051926E-002
   2.7988545016095691E-002
   2.8004458628886578E-002
   2.8032982995151837E-002
   2.8039803047621107E-002
   2.8060923875718607E-002
   2.8074326039317192E-002
   2.8093889382277311E-002
   2.8102683588333618E-002
   2.8119398272974706E-002
   2.8144722171991869E-002
   2.8145526363197358E-002
   2.8164519506823367E-002
   2.8202809958367374E-002
   2.8202940009194918E-002
   2.8212664436294815E-002
   2.8232708852277459E-002
   2.8265780007929980E-002
   2.8272426645938792E-002
   2.8291412841577414E-002
   2.8301254981008713E-002
   2.8323771121016066E-002
   2.8336167245172184E-002
   2.8338797975121326E-002
   2.8364477525005705E-002
   2.8370418087217592E-002
   2.8390924303842338E-002
   2.8402545767565027E-002
   2.8416231977919634E-002
   2.8441955484710461E-002
   2.8453697927045701E-002
   2.8473174710902553E-002
   2.8487215183547979E-002
   2.8490980548847879E-002
   2.8522290016554978E-002
   2.8531138529304844E-002
   2.8551535583362646E-002
   2.8566102598237629E-002
   2.8581548620408792E-002
   2.8596316109820528E-002
   2.8626811421353732E-002
   2.8634216400077232E-002
   2.8641663079384438E-002
   2.8654616413134035E-002
   2.8675419425494647E-002
   2.8695128116188909E-002
   2.8713079702209782E-002
   2.8721179301358871E-002
   2.8733937066934653E-002
   2.8766894334040522E-002
   2.8798604812323377E-002
   2.8809692136071985E-002
   2.8817516821917313E-002
   2.8825968073338187E-002
   2.8856186353048985E-002
   2.8869536988242333E-002
   2.8873622887438954E-002
   2.8882817627471236E-002
   2.8906281836736995E-002
   2.8943224600968202E-002
   2.8953311464788724E-002
   2.8963597097734800E-002
   2.8973596922001219E-002
   2.8999800799520550E-002
   2.9001304475736345E-002
   2.9040646390180010E-002
   2.9057257882932144E-002
   2.9082748157700251E-002
   2.9089408565261907E-002
   2.9101024765320685E-002
   2.9110189937328546E-002
   2.9128576722239161E-002
   2.9140486629507689E-002
   2.9154752823401485E-002
   2.9165294436838362E-002
   2.9191856735702779E-002
   2.9210745219773127E-002
   2.9221783592030426E-002
   2.9236412799810044E-002
   2.9252106709608840E-002
   2.9278409168834067E-002
   2.9295996324934750E-002
   2.9311003193696891E-002
   2.9346323715932692E-002
   2.9371580836385254E-002
   2.9393722459745909E-002
   2.9405528858122552E-002
   2.9425711239401728E-002
   2.9448401095220580E-002
   2.9464159431257110E-002
   2.9488739692532212E-002
   2.9492063602291410E-002
   2.9521184371214697E-002
   2.9531191909082120E-002
   2.9565161941148776E-002
   2.9573164097936172E-002
   2.9590800000120272E-002
   2.9622242219979774E-002
   2.9649126872114857E-002
   2.9659425528853898E-002
   2.9683166148994931E-002
   2.9701662106895805E-002
   2.9721136284370914E-002
   2.9734827711099573E-002
   2.9750233993276691E-002
   2.9774791427782700E-002
   2.9783491089189283E-002
   2.9809743538879285E-002
   2.9820586949181521E-002
   2.9843389096120505E-002
   2.9862939615167013E-002
   2.9868862052747538E-002
   2.9878112697869972E-002
   2.9899789836250138E-002
   2.9918277683389359E-002
   2.9924581661635780E-002
   2.9964432592173840E-002
   2.9969831631490682E-002
   2.9982349469448298E-002
   2.9996337521577241E-002
   3.0019808809192080E-002
   3.0044547515885069E-002
   3.0056834126157912E-002
   3.0070505020006015E-002
   3.0084210712506273E-002
   3.0130454990878807E-002
   3.0137074690388885E-002
   3.0154505302991966E-002
   3.0166222435147379E-002
   3.0196174876583354E-002
   3.0215355864443516E-002
   3.0224358085788956E-002
   3.0259400980629552E-002
   3.0272591550357376E-002
   3.0290371096848602E-002
   3.0301285432729908E-002
   3.0310284580172670E-002
   3.0336813842310399E-002
   3.0361144845222534E-002
   3.0380214258055257E-002
   3.0383132664240614E-002
   3.0421339348595394E-002
   3.0435604522355632E-002
   3.0451596088645397E-002
   3.0461797370761535E-002
   3.0500813952421230E-002
   3.0526067139665897E-002
   3.0545078033459981E-002
   3.0567927003768484E-002
   3.0572756235001046E-002
   3.0594556694614593E-002
   3.0615900300252376E-002
   3.0652190329255966E-002
   3.0666204576120796E-002
   3.0679000484163152E-002
   3.0691487529219741E-002
   3.0703051459569787E-002
   3.0710286351134687E-002
   3.0749922283881584E-002
   3.0773488029487393E-002
   3.0797481954115583E-002
   3.0806220641513334E-002
   3.0828632308268784E-002
   3.0839773746880270E-002
   3.0859901125590901E-002
   3.0888769433486802E-002
   3.0907769020787769E-002
   3.0928753160233278E-002
   3.0961341947856304E-002
   3.0967901418148997E-002
   3.0982191511999439E-002
   3.0997666771673486E-002
   3.1018052236731212E-002
   3.1049614069662439E-002
   3.1056406121225736E-002
   3.1062461515905557E-002
   3.1088716210021704E-002
   3.1104715836011418E-002
   3.1127039767843985E-002
   3.1142945987172193E-002
   3.1162258505900878E-002
   3.1176500345619022E-002
   3.1187658355099568E-002
   3.1209751912734458E-002
   3.1232709531692982E-002
   3.1249633423852317E-002
   3.1264562799595108E-002
   3.1307451811286739E-002
   3.1326998968301288E-002
   3.1335501963305881E-002
   3.1348188117462338E-002
   3.1363885977544186E-002
   3.1391739810855655E-002
   3.1397355990606494E-002
   3.1410418048866122E-002
   3.1427855542767370E-002
   3.1428728895691156E-002
   3.1468777986073324E-002
   3.1486212954085747E-002
   3.1497559949723107E-002
   3.1507654395061258E-002
   3.1521300114044852E-002
   3.1543209497445421E-002
   3.1582241542927755E-002
   3.1607719846625186E-002
   3.1622682477572300E-002
   3.1639725041843890E-002
   3.1679537220619142E-002
   3.1685131022348934E-002
   3.1689475121763892E-002
   3.1699152298504230E-002
   3.1735595660290050E-002
   3.1745520725041200E-002
   3.1757136913421476E-002
   3.1785717516329609E-002
   3.1788218879750162E-002
   3.1815607368527433E-002
   3.1846469326485681E-002
   3.1867511567788977E-002
   3.1870055606897769E-002
   3.1897082719125884E-002
   3.1923240659553188E-002
   3.1927083532526587E-002
   3.1959146109427732E-002
   3.1975360684423811E-002
   3.1982361735395273E-002
   3.1997836810077507E-002
   3.2016181508935530E-002
   3.2048145718805085E-002
   3.2056663929821129E-002
   3.2096453188027813E-002
   3.2103036823958417E-002
   3.2124519153021704E-002
   3.2161244060137185E-002
   3.2163296181158783E-002
   3.2182838632449827E-002
   3.2185671350990507E-002
   3.2226113053285328E-002
   3.2237594831284924E-002
   3.2242872469169299E-002
   3.2262554234211906E-002
   3.2286656110301452E-002
   3.2307178258354725E-002
   3.2329908327316796E-002
   3.2343832039985539E-002
   3.2389930001837812E-002
   3.2403329458359331E-002
   3.2423628811602996E-002
   3.2458042674145260E-002
   3.2475354712719430E-002
   3.2477652734761234E-002
   3.2495906304433608E-002
   3.2513957757641057E-002
   3.2558209478951390E-002
   3.2572865592112123E-002
   3.2594765668369774E-002
   3.2623794170495130E-002
   3.2629120387891376E-002
   3.2649313982091269E-002
   3.2663499102157864E-002
   3.2708534550005601E-002
   3.2715701879961721E-002
   3.2752388307124271E-002
   3.2777775736670997E-002
   3.2822728425682117E-002
   3.2832885421844607E-002
   3.2841844564161039E-002
   3.2855463758712629E-002
   3.2880388701070289E-002
   3.2895298265902768E-002
   3.2913429885135723E-002
   3.2959250892973711E-002
   3.2979668328570064E-002
   3.3003408664716023E-002
   3.3034405879725226E-002
   3.3063131640019068E-002
   3.3070748590481404E-002
   3.3088180081505415E-002
   3.3102749348274382E-002
   3.3123409115996538E-002
   3.3161091103127094E-002
   3.3179753576114072E-002
   3.3207425917751644E-002
   3.3213107614005900E-002
   3.3224373652752964E-002
   3.3246019682525968E-002
   3.3263290625853974E-002
   3.3278723631166254E-002
   3.3295958460974974E-002
   3.3312243611252665E-002
   3.3339495619007828E-002
   3.3344568654417976E-002
   3.3374689741745824E-002
   3.3417375980746788E-002
   3.3424327806606251E-002
   3.3460915875436301E-002
   3.3469329491042622E-002
   3.3488054451351952E-002
   3.3514031288715829E-002
   3.3528842408976418E-002
   3.3562379205715302E-002
   3.3572403863617144E-002
   3.3610368614282446E-002
   3.3616015871393817E-002
   3.3650095934449134E-002
   3.3679205323751550E-002
   3.3692433703563236E-002
   3.3712562599266166E-002
   3.3717266303251288E-002
   3.3722192627503547E-002
   3.3807522007174136E-002
   3.3818730597638728E-002
   3.3826551690893318E-002
   3.3861181134503378E-002
   3.3879718711098052E-002
   3.3898683161651851E-002
   3.3917207967355159E-002
   3.3930439825981477E-002
   3.3964572486006706E-002
   3.3972486726516080E-002
   3.3993449202900206E-002
   3.4011642884939158E-002
   3.4032770842132562E-002
   3.4061891465321001E-002
   3.4084796962221574E-002
   3.4099181341665341E-002
   3.4128449536583894E-002
   3.4191256121236219E-002
   3.4199944997323609E-002
   3.4219533830040866E-002
   3.4236203714633900E-002
   3.4295089522935134E-002
   3.4301785350168250E-002
   3.4318252969078013E-002
   3.4336917290275312E-002
   3.4351078332992016E-002
   3.4355279715049827E-002
   3.4395749080601792E-002
   3.4410575121810255E-002
   3.4439281575716990E-002
   3.4455478324120881E-002
   3.4491990737789885E-002
   3.4517127343515183E-002
   3.4586591295114669E-002
   3.4597598519763920E-002
   3.4602464930706317E-002
   3.4633790746972093E-002
   3.4646790396732567E-002
   3.4661604476089389E-002
   3.4672824933110045E-002
   3.4698437153789459E-002
   3.4733440086798954E-002
   3.4749217298088858E-002
   3.4772077132550316E-002
   3.4779936353508366E-002
   3.4808222212663754E-002
   3.4838045816626965E-002
   3.4859615189220851E-002
   3.4873052964707864E-002
   3.4911433687587839E-002
   3.4925223441634581E-002
   3.4942042225815435E-002
   3.4960416058772537E-002
   3.4978231211800263E-002
   3.4982615434503643E-002
   3.5030404393238283E-002
   3.5036802589822502E-002
   3.5071504702927317E-002
   3.5076656933500018E-002
   3.5124541313903607E-002
   3.5143739696555348E-002
   3.5188471224560508E-002
   3.5224714308166656E-002
   3.5243225778216071E-002
   3.5250686161636131E-002
   3.5260970027269550E-002
   3.5303891200441626E-002
   3.5311830975312070E-002
   3.5350670739635902E-002
   3.5370378963819726E-002
   3.5396504975436643E-002
   3.5421101348482253E-002
   3.5441109970969387E-002
   3.5465645833790804E-002
   3.5482433502450332E-002
   3.5530951846600545E-002
   3.5569503839626281E-002
   3.5581479071784848E-002
   3.5596585662122995E-002
   3.5613940534548812E-002
   3.5645748254992206E-002
   3.5678143084403098E-002
   3.5687272719611515E-002
   3.5699080485578752E-002
   3.5717303497001210E-002
   3.5743145608141187E-002
   3.5781937716607523E-002
   3.5803162706633716E-002
   3.5866813230050809E-002
   3.5882451596809695E-002
   3.5903278550814516E-002
   3.5909323818359783E-002
   3.5924387910477175E-002
   3.5931353131317768E-002
   3.5946879543023981E-002
   3.5985471843665642E-002
   3.6034177445206546E-002
   3.6044336032632962E-002
   3.6070407044332550E-002
   3.6084186352960852E-002
   3.6099319591580040E-002
   3.6130068734035077E-002
   3.6150548730922369E-002
   3.6183673961460987E-002
   3.6196307317334517E-002
   3.6218101208605573E-002
   3.6242076846679822E-002
   3.6256666699149155E-002
   3.6261998739111276E-002
   3.6289994504790209E-002
   3.6306242416089610E-002
   3.6338092495813719E-002
   3.6416223007792826E-002
   3.6443572361767609E-002
   3.6465439603864988E-002
   3.6484908342329661E-002
   3.6506516220934593E-002
   3.6513369783738224E-002
   3.6538441085863224E-002
   3.6585052340486923E-002
   3.6628152127532385E-002
   3.6631776883501707E-002
   3.6650607714530846E-002
   3.6657834965462308E-002
   3.6678560770514575E-002
   3.6688617076222743E-002
   3.6710568203054551E-002
   3.6761186796593917E-002
   3.6795673673512073E-002
   3.6820723490411621E-002
   3.6846525209732146E-002
   3.6895289031510098E-002
   3.6906972982374914E-002
   3.6922121063066540E-002
   3.6962006521686179E-002
   3.6969694456641194E-002
   3.6980019887638126E-002
   3.7029897526245276E-002
   3.7037214668378234E-002
   3.7091660338104931E-002
   3.7128290741821342E-002
   3.7134644818094954E-002
   3.7172600155999776E-002
   3.7184869197507131E-002
   3.7213462076738424E-002
   3.7237523444218192E-002
   3.7272499039743057E-002
   3.7304504240618978E-002
   3.7321534924529554E-002
   3.7325869040512195E-002
   3.7379041363285709E-002
   3.7394001390732137E-002
   3.7414648323320088E-002
   3.7449466678752187E-002
   3.7473240440541997E-002
   3.7482960429108515E-002
   3.7534056436020188E-002
   3.7554840108491208E-002
   3.7572619491103916E-002
   3.7583276215570685E-002
   3.7635285097953358E-002
   3.7658983115676371E-002
   3.7679252260360875E-002
   3.7694388225535273E-002
   3.7740958165743896E-002
   3.7746151401966771E-002
   3.7771503145281139E-002
   3.7802749524896616E-002
   3.7838033917951319E-002
   3.7866374322275936E-002
   3.7880282060197404E-002
   3.7914326357508951E-002
   3.7957426216839882E-002
   3.7975832137874685E-002
   3.7989719062929285E-002
   3.7993029991382855E-002
   3.8060797637164905E-002
   3.8091699821082466E-002
   3.8129811005655379E-002
   3.8143086285454215E-002
   3.8165919710698319E-002
   3.8173806454887015E-002
   3.8212822893209208E-002
   3.8237294691879038E-002
   3.8252540885874591E-002
   3.8278631843015956E-002
   3.8311615829186484E-002
   3.8329166567543968E-002
   3.8360872134040810E-002
   3.8394778929319300E-002
   3.8419970280212899E-002
   3.8450309709654226E-002
   3.8474725664268371E-002
   3.8507081127222523E-002
   3.8532602063759636E-002
   3.8549286116877468E-002
   3.8564250617980723E-002
   3.8596025045355115E-002
   3.8613311488022023E-002
   3.8637941192664164E-002
   3.8669057810329331E-002
   3.8720726299349265E-002
   3.8739243813451812E-002
   3.8757432170320620E-002
   3.8791728244724724E-002
   3.8842115404991752E-002
   3.8867121847054042E-002
   3.8880350406729505E-002
   3.8922297075422760E-002
   3.8949886231140644E-002
   3.8979452399950827E-002
   3.9001323405060434E-002
   3.9030215437521547E-002
   3.9033204883354260E-002
   3.9078204323876126E-002
   3.9127030127866988E-002
   3.9154684918493977E-002
   3.9184614580019241E-002
   3.9199667841662234E-002
   3.9238869754312553E-002
   3.9250917086645333E-002
   3.9290429196132209E-002
   3.9313543297761273E-002
   3.9329081436868821E-002
   3.9358635544867217E-002
   3.9398728653638068E-002
   3.9431151221527141E-002
   3.9453644335797337E-002
   3.9464725738555306E-002
   3.9479381689995652E-002
   3.9490047391271516E-002
   3.9502811844607758E-002
   3.9531532470876214E-002
   3.9562371867597035E-002
   3.9600059490700792E-002
   3.9656212166675940E-002
   3.9677162507749164E-002
   3.9709494212656585E-002
   3.9731933287149100E-002
   3.9740017929112040E-002
   3.9811654118821656E-002
   3.9826284749140094E-002
   3.9842591088240627E-002
   3.9897961703479666E-002
   3.9930358439790981E-002
   3.9940621766601118E-002
   3.9963994618729161E-002
   3.9976090985582365E-002
   4.0033538946970641E-002
   4.0050602591048652E-002
   4.0068555773665186E-002
   4.0090712151433124E-002
   4.0105856858418894E-002
   4.0148015002474113E-002
   4.0192576023626296E-002
   4.0233206341747492E-002
   4.0260159275422223E-002
   4.0308331420549300E-002
   4.0331743219078751E-002
   4.0342290739578922E-002
   4.0359075765091339E-002
   4.0389446923162542E-002
   4.0422481670486239E-002
   4.0429986109654384E-002
   4.0444231850985918E-002
   4.0468139056338469E-002
   4.0516806989906409E-002
   4.0562334041629490E-002
   4.0597155469845131E-002
   4.0602628754488779E-002
   4.0660979906829105E-002
   4.0672911374783870E-002
   4.0696523719378173E-002
   4.0706093929091657E-002
   4.0725426995912396E-002
   4.0741428368509705E-002
   4.0814675513441763E-002
   4.0822158036427261E-002
   4.0868299398370410E-002
   4.0897772650089231E-002
   4.0929718176743422E-002
   4.0962458780134020E-002
   4.0971225060314281E-002
   4.0985574565196560E-002
   4.1010026097597123E-002
   4.1067845725479946E-002
   4.1089717779641988E-002
   4.1109660401886128E-002
   4.1135542043964808E-002
   4.1181534510786225E-002
   4.1226739820095636E-002
   4.1235462490119126E-002
   4.1258288884178755E-002
   4.1293981517138784E-002
   4.1306247381854323E-002
   4.1333308379393328E-002
   4.1349481818897915E-002
   4.1406163687400861E-002
   4.1432797755340207E-002
   4.1454064669720819E-002
   4.1464081752734694E-002
   4.1505212221962726E-002
   4.1531975796136440E-002
   4.1537642745435976E-002
   4.1563719046051759E-002
   4.1601686584674460E-002
   4.1638972992535384E-002
   4.1662719775895092E-002
   4.1733608075120367E-002
   4.1755914998788946E-002
   4.1790552376231561E-002
   4.1825331322759056E-002
   4.1874456028889173E-002
   4.1894280603713349E-002
   4.1944995438763934E-002
   4.1970258984175515E-002
   4.1984265997881479E-002
   4.2018533503421079E-002
   4.2043903591317072E-002
   4.2061525676882365E-002
   4.2116798848952169E-002
   4.2131148497504885E-002
   4.2179523405089556E-002
   4.2211127923399559E-002
   4.2250653120278009E-002
   4.2275218867834009E-002
   4.2315273534666110E-002
   4.2389584727239478E-002
   4.2401029975983114E-002
   4.2426920211330495E-002
   4.2446203799125969E-002
   4.2458692682532190E-002
   4.2486874068866518E-002
   4.2509652062531073E-002
   4.2526769837439672E-002
   4.2550755093847779E-002
   4.2575026044888623E-002
   4.2606184858771511E-002
   4.2644619902905280E-002
   4.2695060028409594E-002
   4.2703613170317914E-002
   4.2719337204386316E-002
   4.2764375858911990E-002
   4.2782527804952571E-002
   4.2807376107869687E-002
   4.2844831762119145E-002
   4.2865832028652691E-002
   4.2914221858366464E-002
   4.2955236373173125E-002
   4.2981266593308164E-002
   4.3017245164909783E-002
   4.3030553607330040E-002
   4.3075554637651704E-002
   4.3082358752848417E-002
   4.3086250747358813E-002
   4.3132686651623960E-002
   4.3177275666678235E-002
   4.3204324797671688E-002
   4.3216146978313635E-002
   4.3253879492226595E-002
   4.3270588283584932E-002
   4.3295323396956090E-002
   4.3360570044720652E-002
   4.3371577189871953E-002
   4.3412613424070642E-002
   4.3455416478648583E-002
   4.3490195359204092E-002
   4.3538958138667622E-002
   4.3556540682150591E-002
   4.3591187181335998E-002
   4.3613964824974857E-002
   4.3660816856131664E-002
   4.3667791856639535E-002
   4.3715485261408081E-002
   4.3728244462329612E-002
   4.3792564364232490E-002
   4.3836383785810201E-002
   4.3890635641777365E-002
   4.3899623960582293E-002
   4.3937097631969291E-002
   4.3948821319295318E-002
   4.3964367509443950E-002
   4.4007176255847838E-002
   4.4019199619242021E-002
   4.4049552192947386E-002
   4.4070237306203852E-002
   4.4114492283274506E-002
   4.4164729724483237E-002
   4.4183365008701715E-002
   4.4231472904324491E-002
   4.4265822419116120E-002
   4.4299956174762872E-002
   4.4317383238782093E-002
   4.4362587729306749E-002
   4.4370602568697896E-002
   4.4434229925471136E-002
   4.4466056184497220E-002
   4.4531251345914749E-002
   4.4590597985449995E-002
   4.4609397505125131E-002
   4.4659719205943985E-002
   4.4668049030015533E-002
   4.4702347716797021E-002
   4.4715737309396313E-002
   4.4741427712750567E-002
   4.4802999264821210E-002
   4.4812515770528499E-002
   4.4867627793320562E-002
   4.4867996934987053E-002
   4.4908902628431994E-002
   4.4947379366934243E-002
   4.4967833729450256E-002
   4.5015994060059988E-002
   4.5028668895078006E-002
   4.5064906666162863E-002
   4.5118065953128735E-002
   4.5159023086118459E-002
   4.5187241029142948E-002
   4.5238466860921277E-002
   4.5270022798521679E-002
   4.5303744770750456E-002
   4.5334049213938188E-002
   4.5354720839218189E-002
   4.5387895408479748E-002
   4.5425259370132524E-002
   4.5472808056936431E-002
   4.5507136054555565E-002
   4.5543453987412261E-002
   4.5584356445176000E-002
   4.5610476381145265E-002
   4.5619602831125303E-002
   4.5690653168092482E-002
   4.5743542814442893E-002
   4.5776353056017217E-002
   4.5794421676257177E-002
   4.5819909951468500E-002
   4.5865815309347968E-002
   4.5895738300715187E-002
   4.5917879624101834E-002
   4.5968314977438168E-002
   4.5986242787452940E-002
   4.6023579113976976E-002
   4.6069229638055931E-002
   4.6119055407493531E-002
   4.6149481879624081E-002
   4.6162966256337569E-002
   4.6217102125131491E-002
   4.6242385022876843E-002
   4.6284093887540477E-002
   4.6309569129473059E-002
   4.6317104947805811E-002
   4.6338344122962422E-002
   4.6387234108425296E-002
   4.6417579418583869E-002
   4.6445847743836838E-002
   4.6532166501549350E-002
   4.6565946556598403E-002
   4.6586763292157531E-002
   4.6661911380016248E-002
   4.6669734702811140E-002
   4.6732789740579962E-002
   4.6744452793895511E-002
   4.6786310307302285E-002
   4.6845415245934448E-002
   4.6887093235093255E-002
   4.6907299288789103E-002
   4.6954553975052764E-002
   4.6996037152341741E-002
   4.7025182010116344E-002
   4.7035428167863443E-002
   4.7110762390370285E-002
   4.7180567190954661E-002
   4.7218818932389828E-002
   4.7233622736599652E-002
   4.7263243761115473E-002
   4.7332792456530881E-002
   4.7337078776301868E-002
   4.7386764469595617E-002
   4.7443777843077926E-002
   4.7476604724604486E-002
   4.7520118585137820E-002
   4.7549131497207020E-002
   4.7631109956396404E-002
   4.7721934641630215E-002
   4.7794828809873680E-002
   4.7813323472296623E-002
   4.7881459470068589E-002
   4.7930583209594729E-002
   4.7973546811351790E-002
   4.8007135584439670E-002
   4.8071954298325788E-002
   4.8158397709778124E-002
   4.8175635929196152E-002
   4.8268265332608119E-002
   4.8329206003107986E-002
   4.8343414027651528E-002
   4.8463479800115422E-002
   4.8506016126925636E-002
   4.8555050435136193E-002
   4.8647163159877625E-002
   4.8673766083847332E-002
   4.8768661382791574E-002
   4.8852154652683714E-002
   4.8912630362236177E-002
   4.8971642893943623E-002
   4.9022760463695254E-002
   4.9099682566835036E-002
   4.9128262896679903E-002
   4.9227986831021607E-002
   4.9283561113996920E-002
   4.9394522047501603E-002
   4.9409973970441397E-002
   4.9456755860129993E-002
   4.9471674025646020E-002
   4.9515142809797130E-002
   4.9683255870430335E-002
   4.9799694071173246E-002
   4.9812771175101703E-002
   4.9883764757936551E-002
   5.0004598338752454E-002
   5.0043722242591737E-002
   5.0132748959254451E-002
   5.0193373437966184E-002
   5.0260848600292958E-002
   5.0325184039039211E-002
   5.0336061690647263E-002
   5.0456807854530168E-002
   5.0494931499831655E-002
   5.0579035555823632E-002
   5.0708254769836592E-002
   5.0809492026749586E-002
   5.0893491280777858E-002
   5.0989515140890375E-002
   5.1087772514299100E-002
   5.1143552592846649E-002
   5.1243506492295331E-002
   5.1266110522147093E-002
   5.1338734920560548E-002
   5.1421485352174646E-002
   5.1486538150272404E-002
   5.1613148774281678E-002
   5.1680070897735353E-002
   5.1765422688565217E-002
   5.1843036402195765E-002
   5.1906345102329533E-002
   5.1960521567679246E-002
   5.2092798763336126E-002
   5.2195422852261905E-002
   5.2202852540236225E-002
   5.2288991916276034E-002
   5.2429373578188429E-002
   5.2550440010641672E-002
   5.2673367005033812E-002
   5.2801618229217417E-002
   5.2867192503507472E-002
   5.2907829370563979E-002
   5.3030234344490654E-002
   5.3158470708225873E-002
   5.3179774188207234E-002
   5.3258629757324170E-002
   5.3274539359164465E-002
   5.3447719763433696E-002
   5.3502327693578836E-002
   5.3721415301165434E-002
   5.3780232127393017E-002
   5.3837131240267115E-002
   5.3982315885677562E-002
   5.4096178895590201E-002
   5.4151121586773807E-002
   5.4252943624790932E-002
   5.4301725258622272E-002
   5.4415082461908466E-002
   5.4464873696973969E-002
   5.4601644242128662E-002
   5.4725363637579016E-002
   5.4804888218653813E-002
   5.4975454299985731E-002
   5.5080790197826579E-002
   5.5145106932572900E-002
   5.5320714910941600E-002
   5.5430636208963407E-002
   5.5556931545445165E-002
   5.5615066024086508E-002
   5.5777609891223406E-002
   5.5818826454968981E-002
   5.5994947863242953E-002
   5.6083060477030482E-002
   5.6192595715059468E-002
   5.6327692121163953E-002
   5.6375243610114756E-002
   5.6551906919698018E-002
   5.6648011802306129E-002
   5.6778310945413191E-002
   5.7008881096181761E-002
   5.7068740315021543E-002
   5.7223304663183996E-002
   5.7464286297309361E-002
   5.7634974779622213E-002
   5.7727424640395208E-002
   5.7785024089112132E-002
   5.8097103405533160E-002
   5.8256074001285671E-002
   5.8519648903717254E-002
   5.8689779871747651E-002
   5.8834754515197735E-002
   5.8960434425519466E-002
   5.9504601651690719E-002
   5.9597335608723240E-002
   5.9699059135900408E-002
   5.9841818530420747E-002
   5.9889864099493255E-002
   6.0131206703606596E-002
   6.0360179327269364E-002
   6.0774584406923349E-002
   6.0888392441807153E-002
   6.1077095900209814E-002
   6.1188481031303997E-002
   6.1291219300344334E-002
   6.2001790693730241E-002
   6.2126601771699597E-002
   6.2583849998356492E-002
   6.2706176057312948E-002
   6.2885520401943021E-002
   6.3206543477765817E-002
   6.3443161683561469E-002
   6.3788838841758039E-002
   6.3858523536402950E-002
   6.4114553447693221E-002
   6.4377501568065043E-002
   6.4696935006472958E-002
   6.4970760550339082E-002
   6.5129050665181015E-002
   6.5660972256404951E-002
   6.5841079849625589E-002
   6.6364048899934899E-002
   6.6409433872400281E-002
   6.7340534294921331E-002
   6.7866677873158671E-002
   6.8239668211015361E-002
   6.8737993910761977E-002
   6.8943748038283834E-002
   6.9427712603896324E-002
   6.9867901921150638E-002
   7.0747264737095694E-002
   7.1707504117227233E-002
   7.3628208709796653E-002
   7.4205696816340663E-002
   7.4394880211795439E-002
   7.5351608998262057E-002
   7.7531267082607797E-002
   7.8420195449655061E-002
   7.8796985253042837E-002
   7.9882826053117903E-002
   8.1814297906331643E-002
   8.3666645731408848E-002
   8.7254172332108096E-002
   8.8006203335323260E-002
   9.0327260384484534E-002
   9.3147050714498497E-002
   9.4998429932552197E-002
   9.7104441440578143E-002
   9.9072195152122081E-002
  0.10042354323708573     
  0.10282554428276407     
  0.10342709388460070     
  0.10350987742757005     
  0.10372692035223224     
  0.10689722421444720     
  0.10706481410687217     
  0.10851646852834008     
  0.10922649006714820     
  0.10926662325979150     
  0.11029910519155543     
  0.11169879821188822     
  0.11195313718029475     
  0.11513236525171852     
  0.11678104529009163     
  0.11699560653065433     
  0.12065916965057975     
  0.12176422330603848     
  0.12199244515021052     
  0.12319739176038767     
  0.12343155983090466     
  0.12391954679920446     
  0.12578852932615109     
  0.12582054331052056     
  0.12621292520970226     
  0.12825832142634377     
  0.12840352587913326     
  0.12872147236343334     
  0.12944699235154988     
  0.13040250625517952     
  0.13061272753801284     
  0.13097254079476167     
  0.13130701533950614     
  0.13168382768910858     
  0.13390499215450213     
  0.13418102980230365     
  0.13542664267523438     
  0.13547254956197774     
  0.13731373879694125     
  0.13827563037174320     
  0.13851864536150091     
  0.13888851374667313     
  0.13940806557208346     
  0.13980594299156257     
  0.14079642682974547     
  0.14130240769886007     
  0.14228697868767914     
  0.14234125536778761     
  0.14473163384711488     
  0.14624537664927426     
  0.14630032753271635     
  0.14821226056671272     
  0.14906773707850357     
  0.14996149871441536     
  0.15040691715094892     
  0.15111986833470759     
  0.15115993571262062     
  0.15200369215345985     
  0.15379418767823655     
  0.15412212207612422     
  0.15435137595028159     
  0.15588734472067742     
  0.15653466315428921     
  0.15673251390355872     
  0.15703949685977278     
  0.15933730654348219     
  0.15978200200892789     
  0.16086489133611007     
  0.16193861288018196     
  0.16208857459195081     
  0.16299056905547973     
  0.16373729819973121     
  0.16411600688313580     
  0.16554235640720769     
  0.16596907650246065     
  0.16811008640216846     
  0.16863230628401005     
  0.16949884807878424     
  0.17011532121549242     
  0.17212338996831092     
  0.17272030986195319     
  0.17328484534385610     
  0.17571677440218483     
  0.17633387255796512     
  0.17892788925924080     
  0.17930534239466367     
  0.18198893531909377     
  0.18510805106898201     
  0.18712258054399403     
  0.18731716905242390     
  0.18899748717313675     
  0.18953304590085571     
  0.19102885976166412     
  0.19110301416255659     
  0.19118585638020541     
  0.19298723523545333     
  0.19324835178358987     
  0.19533734178026477     
  0.19559895454930221     
  0.19634670045016586     
  0.19745537331371887     
  0.19752616879717810     
  0.20083110066741100     
  0.20124774388394714     
  0.20254047290169996     
  0.20415698848975117     
  0.20480434927584446     
  0.20540900848379631     
  0.20603039269899984     
  0.20736805605929920     
  0.21054643156418881     
  0.21165347023460865     
  0.21334293469119281     
  0.21372386153913603     
  0.21657122974869192     
  0.21685839048319036     
  0.21697115152561933     
  0.21803458094020603     
  0.21850345996432527     
  0.21917335572878782     
  0.22182811828874430     
  0.22316333054154025     
  0.22386542005647558     
  0.22526245157007541     
  0.22694322264209332     
  0.22951336252160043     
  0.23509144975874643     
  0.23526140431769657     
  0.23559406495459650     
  0.23782533392282909     
  0.24046062528827519     
  0.24156877838765836     
  0.24174378076913292     
  0.24309594772300339     
  0.24706203539645893     
  0.24827084373359379     
  0.25303345185909415     
  0.25929013082644309     
  0.27892288303317758     
  0.69643980317144283     
  0.70488808115970270     
  0.70689160004747198     
  0.70892962146726846     
  0.71131702858114443     
  0.71268940621021304     
  0.71314501589722246     
  0.71342613623301521     
  0.71534946276741929     
  0.71702827350792608     
  0.71895415375481264     
  0.72242337411693724     
  0.72352513483375847     
  0.72431550307295500     
  0.72525843288157243     
  0.72600794546310565     
  0.72632625612916513     
  0.72856338610339633     
  0.72902021959185304     
  0.73006867873189651     
  0.73080364611939619     
  0.73321375511874554     
  0.73351347323474569     
  0.73658877006296253     
  0.73872512913186805     
  0.73880121243897734     
  0.73970573183506205     
  0.74081219231586071     
  0.74200542080977872     
  0.74302238670990883     
  0.74432295258865222     
  0.74473002397369403     
  0.74622664119388649     
  0.74784430733390495     
  0.74912820720244999     
  0.75135559416565323     
  0.75240116218078579     
  0.75337422568643009     
  0.75466877955447942     
  0.75593231830212293     
  0.75701061997287622     
  0.75888433262103050     
  0.75907300421005142     
  0.76004717599381988     
  0.76075436915645334     
  0.76181812489886014     
  0.76315694628581843     
  0.76520547218934765     
  0.76808083733216315     
  0.76883078919828485     
  0.76902038115409921     
  0.77097447185270507     
  0.77138752752820128     
  0.77235040077516148     
  0.77428378187199964     
  0.77636363477373582     
  0.77719532543690106     
  0.78121797974681628     
  0.78326587871322961     
  0.78416166841313806     
  0.78531219508371719     
  0.78676581636840281     
  0.78864955550362470     
  0.79009983105791304     
  0.79042500832721785     
  0.79109265651687943     
  0.79236631563691251     
  0.79315252067862241     
  0.79420540941969320     
  0.79479719609659594     
  0.79598484642278344     
  0.80117212067309362     
  0.80163466717913978     
  0.80204408013845585     
  0.80234404062654030     
  0.80491663941098335     
  0.80646198017985216     
  0.80820526511419244     
  0.80948547505101343     
  0.81081053634105182     
  0.81269740624994646     
  0.81322565413947723     
  0.81578600796082801     
  0.81676480037626986     
  0.81865660170185950     
  0.82127337935787903     
  0.82209025932122448     
  0.82457965912418418     
  0.82615203900332923     
  0.82839638824798967     
  0.83313803337968007     
  0.83705279353313045     
  0.83876001186682103     
  0.83907776437450088     
  0.84166875773191974     
  0.84219250631788123     
  0.84355349715269523     
  0.84610835023922304     
  0.84815230633795247     
  0.84995159251968611     
  0.85230120591916625     
  0.85519309821276446     
  0.85657721126875475     
  0.86119121602279625     
  0.86179100084288240     
  0.86646828874507864     
  0.86936811216275056     
  0.86998772411072378     
  0.87057647707964758     
  0.87216045049651303     
  0.87838378773089143     
  0.87997663038205098     
  0.88354886518835518     
  0.88594726508547805     
  0.88732085700289820     
  0.88755839506820955     
  0.89302902415214180     
  0.89346678420128944     
  0.89630008659618088     
  0.89773924703617947     
  0.90167519739076296     
  0.90275083676419143     
  0.90399799897591482     
  0.90562434958461313     
  0.90737238801233844     
  0.90914270441793799     
  0.91064908727242111     
  0.91257573291722294     
  0.91401993649462387     
  0.91687634394779316     
  0.91949883243850650     
  0.92186307491252373     
  0.92447337767565674     
  0.92764025620336332     
  0.92948668599108752     
  0.93001716016402836     
  0.93233824080232397     
  0.93264014605250101     
  0.93368016546638588     
  0.93542669432711500     
  0.93572218813443209     
  0.93601790852621025     
  0.93757249540124876     
  0.94422464926030580     
  0.94465573990796248     
  0.94894455738182337     
  0.95050324002411535     
  0.95195466545673779     
  0.95702022940571640     
  0.95768536530969839     
  0.96134437333985701     
  0.96416525092667316     
  0.96545013876966623     
  0.96556024028051113     
  0.96851119133657282     
  0.97116494232575556     
  0.97295641717562642     
  0.97560723075465461     
  0.97596023330709192     
  0.97752611169856196     
  0.97951438144032132     
  0.98042617983146063     
  0.98095160173488971     
  0.98196338372163761     
  0.98442234917622662     
  0.98557418121307194     
  0.98629083736183709     
  0.98772071697431085     
  0.98892341243602322     
  0.98921363535129880     
  0.99051964032476225     
  0.99210031216695438     
  0.99254415919397865     
  0.99292236811817736     
  0.99513580965217907     
  0.99772434966940349     
  0.99915343608523677     
  0.99921544945798924     
   1.0042822138344418     
   1.0051960049488207     
   1.0099667635432625     
   1.0126766014731567     
   1.0150564241327544     
   1.0255674311064229     
   1.0853796651330749     
   1.1067792930734164     
   1.1084584652711760     
   1.1252769326371870     
   1.1305994911419095     
   1.1402552837113802     
   1.1602349592689845     
   1.1607624899101998     
   1.1637482415767517     
   1.1674127646007240     
   1.1690631225565411     
   1.1723011079776098     
   1.1767045675025776     
   1.1782012009348644     
   1.1817826936328475     
   1.1848242632588259     
   1.1859817850636589     
   1.1900058435134939     
   1.1919311404130446     
   1.1935093443512350     
   1.1957272347980092     
   1.1982559175747718     
   1.1983818762018787     
   1.1996680115052238     
   1.2006197167992885     
   1.2027417456236087     
   1.2050831316715143     
   1.2067756872379338     
   1.2117129011085195     
   1.2119933823210332     
   1.2128540190469428     
   1.2174797623093609     
   1.2174862422094472     
   1.2285518216186877     
   1.2353936878356511     
   1.2402124726395052     
   1.2422449300904306     
   1.2447495002342115     
   1.2515682646760280     
   1.2530760927162452     
   1.2594589251842225     
   1.2622268669695551     
   1.2631346706575559     
   1.2640951346528657     
   1.2691124139822818     
   1.2694909089086652     
   1.2722889307771414     
   1.2735849317193360     
   1.2849099629266629     
   1.2875649968530092     
   1.2900523764658025     
   1.2963338269379379     
   1.2968479899104988     
   1.2996852066021396     
   1.3004329500927923     
   1.3014978980849776     
   1.3048594525269208     
   1.3114297422497405     
   1.3175071387541544     
   1.3196191213406101     
   1.3204401397345897     
   1.3234894699747688     
   1.3243898104587539     
   1.3245490811656375     
   1.3256388970296449     
   1.3333686882582199     
   1.3337812718079425     
   1.3346727461129644     
   1.3358078523022583     
   1.3469388305936898     
   1.3492577969873858     
   1.3504309245569615     
   1.3530858500511924     
   1.3550964960713028     
   1.3654537086424214     
   1.3664265550981045     
   1.3671763981184448     
   1.3686501321084890     
   1.3697180085056968     
   1.3702033490475956     
   1.3710597739140524     
   1.3711886150135013     
   1.3781124876832413     
   1.3814033558898644     
   1.3835418437496732     
   1.3883596301698908     
   1.3983566820833409     
   1.3999648642999680     
   1.4003959313685637     
   1.4029344579337157     
   1.4084696998296999     
   1.4085780944695963     
   1.4108777055113000     
   1.4128401947096794     
   1.4165910095304712     
   1.4173524560951674     
   1.4215440219127848     
   1.4238315756897051     
   1.4270499924342492     
   1.4273283581786687     
   1.4309929727897619     
   1.4311982613313607     
   1.4329701397074426     
   1.4342394170173101     
   1.4359687554970419     
   1.4405379895910768     
   1.4410456283607320     
   1.4414804940842760     
   1.4427311172670554     
   1.4442609848854104     
   1.4454221251766710     
   1.4631958836709744     
   1.4635320011028363     
   1.4643098481714494     
   1.4744703939328911     
   1.4761811780735858     
   1.4783769429796769     
   1.4791753168848165     
   1.4803138504167224     
   1.4837137671940406     
   1.4840765422427378     
   1.4888745779243253     
   1.4896103920575188     
   1.4946438553651380     
   1.4947501756177566     
   1.4978473106338952     
   1.5004611642151617     
   1.5062546450962637     
   1.5073143427530418     
   1.5138801346189104     
   1.5173253618547360     
   1.5199753763262021     
   1.5228932429032882     
   1.5230198730305406     
   1.5253227413773429     
   1.5295950748302323     
   1.5323290992798335     
   1.5350965751996917     
   1.5382516967141988     
   1.5403598655664721     
   1.5475627409121744     
   1.5515111909895298     
   1.5539165734079603     
   1.5560989043088640     
   1.5595780525845211     
   1.5598763495151846     
   1.5618916695531193     
   1.5635998024497311     
   1.5641476920981037     
   1.5662744461564448     
   1.5672356052850260     
   1.5676758614892086     
   1.5729148618830371     
   1.5751541511642075     
   1.5835972918326171     
   1.5852324658072503     
   1.5878122709866009     
   1.5943082239416413     
   1.5963898059106747     
   1.6056137225954958     
   1.6066018532260937     
   1.6109267021137634     
   1.6197180066370140     
   1.6201480157694033     
   1.6207505617478510     
   1.6216531257832421     
   1.6232893357015412     
   1.6365660041044134     
   1.6403823518976677     
   1.6418153355550376     
   1.6431424770997172     
   1.6455250240034436     
   1.6491572357288116     
   1.6502986890861446     
   1.6548305731159483     
   1.6636271652474126     
   1.6774283316117105     
   1.6781827401024254     
   1.7095053473191506     
   1.7100886790746597     
   1.7132562899296642     
   1.7229923591460752     
   1.7264567181501065     
   1.7284211877316069     
   1.7286605244807576     
   1.7324730779716258     
   1.7326883485469955     
   1.7557287119606630     
   1.7564391604923881     
   1.7676030712193420     
   1.7739747060406059     
   1.7742360393676184     
   1.7854833556291674     
   1.7869901888940940     
   1.7879857442666629     
   1.7969801539262762     
   1.8030941523818516     
   1.8034370609826855     
   1.8046640875539199     
   1.8150080062224747     
   1.8150508092303741     
   1.8186295143050342     
   1.8204299110339699     
   1.8208202443492769     
   1.8224446101506326     
   1.8228827781904178     
   1.8238113321216296     
   1.8243354705841703     
   1.8265355501954048     
   1.8303196487510920     
   1.8304046726498180     
   1.8304698904073902     
   1.8320270677809209     
   1.8326587347985852     
   1.8333558861976953     
   1.8339127298379689     
   1.8351945131125231     
   1.8366986095769586     
   1.8392082497217794     
   1.8404837572571300     
   1.8414865912064686     
   1.8434836687180929     
   1.8463096279426043     
   1.8484785852134948     
   1.8486172578688573     
   1.8498108201171559     
   1.8499352237146265     
   1.8522869038006051     
   1.8531769181491904     
   1.8589293524307424     
   1.8608303267899369     
   1.8608913988721918     
   1.8618200775292801     
   1.8672238876911602     
   1.8747190551354238     
   1.8770385658461464     
   1.8800812567631329     
   1.8813614758137156     
   1.8829430948814674     
   1.8838914629560746     
   1.8858851251775919     
   1.8864631374080789     
   1.8869492065654401     
   1.8892262531649491     
   1.8896409676248584     
   1.8906098160756779     
   1.8913162645119805     
   1.8923644111479143     
   1.8926119312943683     
   1.8931244589452692     
   1.8940082796178237     
   1.8944385835782087     
   1.8970724452020657     
   1.8988390931082868     
   1.8991785602952029     
   1.9018520605583025     
   1.9025677168676460     
   1.9046567184761849     
   1.9067100005410520     
   1.9087908939504354     
   1.9149067563721929     
   1.9154103168421381     
   1.9170167950732291     
   1.9179601779350384     
   1.9185978044078358     
   1.9192265279149994     
   1.9214522069750601     
   1.9232798948161485     
   1.9238907488603307     
   1.9292535120435375     
   1.9313451071069336     
   1.9358957499014142     
   1.9361191845168957     
   1.9389549558375951     
   1.9404981675305362     
   1.9409342945656674     
   1.9416267095884960     
   1.9474096394549503     
   1.9485259850006598     
   1.9504320989298973     
   1.9522923443209599     
   1.9563628766427765     
   1.9571122535200689     
   1.9597974296355734     
   1.9600401529744340     
   1.9625154233755877     
   1.9633432451638895     
   1.9646654013294869     
   1.9676435792097327     
   1.9685286382275109     
   1.9694429136483824     
   1.9715919209855222     
   1.9718249346826953     
   1.9719894875297468     
   1.9759121729571860     
   1.9768008533791492     
   1.9776301016901263     
   1.9795926148091654     
   1.9802406194587183     
   1.9806940006307252     
   1.9826709740338153     
   1.9853548590352506     
   1.9855679255002998     
   1.9863811784078884     
   1.9875812590179216     
   1.9897391779743341     
   1.9916465462181885     
   1.9932787624876762     
   1.9949384665305545     
   1.9962428458046111     
   1.9970543529988400     
   1.9976705858972197     
   1.9991444446389881     
   2.0001545668308438     
   2.0013190674974597     
   2.0017455596233851     
   2.0021422362158572     
   2.0033291177898107     
   2.0045394181064644     
   2.0059604008673761     
   2.0071267657320138     
   2.0078935787978742     
   2.0082505628443905     
   2.0098623381245595     
   2.0125679182484708     
   2.0132045571210275     
   2.0140080869810149     
   2.0157217036414674     
   2.0157510662069673     
   2.0171195120395922     
   2.0193056115106298     
   2.0210612766374529     
   2.0224169804017973     
   2.0242032445867659     
   2.0244472186278175     
   2.0245416054359113     
   2.0249891934415123     
   2.0255509976459067     
   2.0265515558350873     
   2.0266949940934031     
   2.0277682282185201     
   2.0294483868013571     
   2.0304652481278072     
   2.0319442487997970     
   2.0338462624425211     
   2.0382468035849626     
   2.1437206887455349     
   2.1487814992492682     
   2.1891175341629472     
   2.1925656368439972     
   2.1962309063105434     
   2.1973907593637803     
   2.1979445931868873     
   2.1993467513400211     
   2.1997202100772637     
   2.2033516562644415     
   2.2046645499025739     
   2.2067782270298206     
   2.2118655146271626     
   2.2122654264626855     
   2.2145351970743641     
   2.2156455240378214     
   2.2179524864835010     
   2.2182644510668905     
   2.2198805773141923     
   2.2295644667327372     
   2.2302085412943149     
   2.2307637608151802     
   2.2350848483018919     
   2.2391998063656002     
   2.2393059505790034     
   2.2398299787376503     
   2.2438057361120958     
   2.2451079921816954     
   2.2552636623755040     
   2.2559692396997448     
   2.2572516827869444     
   2.2606360963715830     
   2.2650090455149203     
   2.2655182258494442     
   2.2734136305405874     
   2.3210622831320911     
   2.3236387471994600     
   2.3364267065987079     
   2.3389378934229210     
   2.3403152235810838     
   2.3405052540816942     
   2.3426002424982548     
   2.3462475354348040     
   2.3469650992986484     
   2.3471560309431259     
   2.3476567721171357     
   2.3501065023790657     
   2.3509562083874238     
   2.3540425434896113     
   2.3579904219223353     
   2.3594618021644438     
   2.3595661871884968     
   2.3631119990684692     
   2.3646614026679722     
   2.3652742247711247     
   2.3668880005797024     
   2.3671486768856318     
   2.3682167543396040     
   2.3697414924712836     
   2.3745740106000763     
   2.3778386798658402     
   2.3784710923831827     
   2.3797470818926114     
   2.3803589009265651     
   2.3829436957732355     
   2.3830447529480296     
   2.3861947455782340     
   2.3862725050271405     
   2.3864874079088207     
   2.3899311410097015     
   2.3904050818538525     
   2.3904614543804783     
   2.3934828772976218     
   2.3935421788566638     
   2.3955266130273105     
   2.3989219259881094     
   2.3998203867717023     
   2.4027887350027282     
   2.4033203232699893     
   2.4040067804466188     
   2.4116112635566149     
   2.4178680759734537     
   2.4179340015868216     
   2.4179381122637027     
   2.4182191612668711     
   2.4198108848071036     
   2.4228742177204743     
   2.4234411593671110     
   2.4237613964949092     
   2.4258157785308820     
   2.4263144575417606     
   2.4267567606722209     
   2.4290220155113884     
   2.4309243109508758     
   2.4337528755428193     
   2.4342760654731688     
   2.4353363882417356     
   2.4385019324811794     
   2.4390592059954512     
   2.4414120262384658     
   2.4415609113065777     
   2.4437301664809494     
   2.4437746989336082     
   2.4474263712837905     
   2.4483406347578831     
   2.4491258942730463     
   2.4495474723766950     
   2.4524733188645955     
   2.4542056814058242     
   2.4555814080180856     
   2.4594834704843898     
   2.4604487723937809     
   2.4615359528448479     
   2.4616012463130397     
   2.4616037606045893     
   2.4618016333209822     
   2.4633081982347811     
   2.4638024020232980     
   2.4642441552981289     
   2.4663088160633446     
   2.4667889203134532     
   2.4708095828573238     
   2.4719579219457453     
   2.4728874196868795     
   2.4752453261657581     
   2.4771954098310909     
   2.4775011078810505     
   2.4810107950273488     
   2.4840296586597361     
   2.4850055412754655     
   2.4873817679677384     
   2.4890148090398414     
   2.4904374306883659     
   2.4908671344819049     
   2.4916299683570680     
   2.4951775160929626     
   2.5019663102701792     
   2.5036686612231063     
   2.5082316603346406     
   2.5085308937315705     
   2.5098337470596683     
   2.5106036957351359     
   2.5125549839206474     
   2.5127289967262971     
   2.5151462411622170     
   2.5152184249097909     
   2.5155235352078220     
   2.5166570499523222     
   2.5181123398301981     
   2.5185224902663395     
   2.5194948136820572     
   2.5212624686250469     
   2.5215047391013443     
   2.5215548625438373     
   2.5215848058922807     
   2.5216883639628338     
   2.5250307305715256     
   2.5289356400909222     
   2.5291654318931518     
   2.5305240362946613     
   2.5306583857941707     
   2.5307851638641634     
   2.5311192473223700     
   2.5313656669338283     
   2.5316637809851033     
   2.5317920811123860     
   2.5333957867841903     
   2.5365320576035448     
   2.5372795569362818     
   2.5383271218517542     
   2.5472151443808859     
   2.5482708286481186     
   2.5491650350915940     
   2.5493741411934852     
   2.5519590400203200     
   2.5521275663889931     
   2.5532269068410569     
   2.5535444131367409     
   2.5555724188314448     
   2.5560943315403395     
   2.5577359585901123     
   2.5648664940818864     
   2.5734314705386745     
   2.5753681848748227     
   2.5789785859482217     
   2.5883866502553277     
   2.5894802655576821     
   2.6163893347767857     
   2.6193402622180519     
   2.6217029978752868     
   2.6251517992329112     
   2.6279147531724787     
   2.6296422209205090     
   2.6316394292971745     
   2.6320339680846949     
   2.6329178030463107     
   2.6329520278445520     
   2.6330937431258592     
   2.6340014204678415     
   2.6346710215498206     
   2.6360223999397134     
   2.6383062700316398     
   2.6401538376704852     
   2.6422741085699961     
   2.6431040119635441     
   2.6433544855128766     
   2.6435787925748255     
   2.6443203722559097     
   2.6451520696970716     
   2.6451861243302734     
   2.6457471974392521     
   2.6473064670434594     
   2.6476491083347455     
   2.6552878135301965     
   2.6570738972991692     
   2.6574185262872878     
   2.6583357499698530     
   2.6589947576262958     
   2.6639798337133525     
   2.6702886645335533     
   2.6704991060839007     
   2.6722767021511209     
   2.6728895479021713     
   2.6732753165233758     
   2.6739947926031333     
   2.6745383339790876     
   2.6750101710608916     
   2.6756551919814449     
   2.6758797164053396     
   2.6775600589657729     
   2.6777123893423980     
   2.6781567177256820     
   2.6791312613862504     
   2.6799276984929508     
   2.6803200963234586     
   2.6805734145905715     
   2.6818593211075301     
   2.6820480626484060     
   2.6821139637937050     
   2.6825145925424896     
   2.6827729883021174     
   2.6830406891392520     
   2.6837199006281618     
   2.6839492451163620     
   2.6843845655284326     
   2.6851730479635041     
   2.6865550531991937     
   2.6870415910711212     
   2.6883231767067901     
   2.6891985890812897     
   2.6897924064991985     
   2.6913104325163242     
   2.6913842920739759     
   2.6929276421272403     
   2.6947659267938233     
   2.6948959303013948     
   2.6951832270384317     
   2.6952321090453872     
   2.6960333877424207     
   2.6962152589738069     
   2.6964224129137810     
   2.6966893382813093     
   2.6969798336835451     
   2.6979494475692114     
   2.6993676001595883     
   2.6998394821534530     
   2.7006857397710324     
   2.7013392735927346     
   2.7018759766080667     
   2.7024116749828013     
   2.7027827388508525     
   2.7039641185187659     
   2.7053982773780216     
   2.7059739820460846     
   2.7086147877653164     
   2.7090886223374695     
   2.7093810483347305     
   2.7098242871238076     
   2.7125068027757679     
   2.7138350210486837     
   2.7138800088300852     
   2.7150525656622917     
   2.7162707728264084     
   2.7180211958215903     
   2.7196738897680022     
   2.7203259532451249     
   2.7231818344778853     
   2.7242618274113921     
   2.7258379049025696     
   2.7334312369780882     
   2.7359313228949729     
   2.7365988483909098     
   2.7408329544648442     
   2.7418096310346955     
   2.7503453438883794     
   2.7572741261281037     
   2.7586068103196357     
   2.7605718488080897     
   2.7642497154131846     
   2.7671070287496793     
   2.7695813451896183     
   2.7738319190167555     
   2.7742797352589093     
   2.7749576331051604     
   2.7760167759131558     
   2.7777557999414220     
   2.7779500260220176     
   2.7781231117414613     
   2.7799353156707958     
   2.7847208467785971     
   2.7852773056439188     
   2.7858464462738191     
   2.7873417449044147     
   2.7878739866268001     
   2.7879414007422123     
   2.7951812556345792     
   2.7954927591698517     
   2.7977656001568021     
   2.7980080899716055     
   2.7980591892361164     
   2.8005820490701918     
   2.8077235753703289     
   2.8082126739946878     
   2.8094811554709302     
   2.8112522293007398     
   2.8133388817275935     
   2.8145743827134480     
   2.8155358102945764     
   2.8183945685657230     
   2.8192875003458813     
   2.8244510788020838     
   2.8250895600850958     
   2.8258346693658036     
   2.8265624949318218     
   2.8279079859161587     
   2.8292830387135641     
   2.8312389403497242     
   2.8318870731309542     
   2.8323608629129873     
   2.8346149005243761     
   2.8353104117185679     
   2.8354181565229450     
   2.8367781802656480     
   2.8387218053349352     
   2.8396890223401545     
   2.8397460195481514     
   2.8397761749019863     
   2.8403160818633242     
   2.8417601965674031     
   2.8429652730729904     
   2.8433480669484332     
   2.8435328676297611     
   2.8437542338533706     
   2.8454857580068698     
   2.8459677556181990     
   2.8465037691801918     
   2.8468699213981106     
   2.8487995014747693     
   2.8491863532044350     
   2.8497733362675324     
   2.8502642868510106     
   2.8514978614542006     
   2.8527220154193058     
   2.8528202503469693     
   2.8536924363851299     
   2.8538639143303208     
   2.8555336852135267     
   2.8569319258486559     
   2.8573391323199409     
   2.8582315014114532     
   2.8582963490747200     
   2.8584052801439404     
   2.8590343207175968     
   2.8595384396991355     
   2.8606314510500024     
   2.8608075235407582     
   2.8613760381632640     
   2.8616942140965844     
   2.8617274438791731     
   2.8619348670759428     
   2.8627905386256551     
   2.8634384991191135     
   2.8637173715136917     
   2.8644368509701801     
   2.8648077956935052     
   2.8650880075623464     
   2.8657649368980245     
   2.8659276045294684     
   2.8673051406667991     
   2.8678619558459282     
   2.8683355197733609     
   2.8686393487215760     
   2.8708183988176876     
   2.8716946216865180     
   2.8735117082068040     
   2.8738901297447694     
   2.8763221350011752     
   2.8770373558729108     
   2.8777619522858231     
   2.8780644672882802     
   2.8784962846311739     
   2.8793844810829614     
   2.8802695593919490     
   2.8811265177547947     
   2.8814928488847227     
   2.8816512327643884     
   2.8817376628884630     
   2.8820267671435191     
   2.8821366971256697     
   2.8829839976929881     
   2.8833392958438675     
   2.8846993112754062     
   2.8855095782999669     
   2.8860463298056169     
   2.8872223566276070     
   2.8873497494956282     
   2.8881462790782941     
   2.8891174781216624     
   2.8897404643662039     
   2.8900489602958368     
   2.8909917275825081     
   2.8916914969067933     
   2.8918793862852015     
   2.8925465170670348     
   2.8925640432135511     
   2.8928120326471292     
   2.8946645112348257     
   2.8949292617148492     
   2.8961257561040004     
   2.8964324792351537     
   2.8965437061557195     
   2.8980666776774209     
   2.8988805919629139     
   2.8989803424829166     
   2.9002162613136551     
   2.9005925102151764     
   2.9013965106337936     
   2.9015579368472371     
   2.9020024443972852     
   2.9032087428565374     
   2.9039321333174541     
   2.9041574405984441     
   2.9042939235969398     
   2.9059842351989809     
   2.9067915901418671     
   2.9073620263404809     
   2.9078527926189350     
   2.9081975468286894     
   2.9087826556790879     
   2.9091718297472791     
   2.9092500134008046     
   2.9097264280775730     
   2.9101302160474973     
   2.9104351250007938     
   2.9106417920012797     
   2.9112958160576370     
   2.9123153509397275     
   2.9129467768957404     
   2.9133596852126371     
   2.9134554911083153     
   2.9144643698503785     
   2.9149348265889392     
   2.9157789496432738     
   2.9158199022192433     
   2.9161114916661881     
   2.9161988970512076     
   2.9168978957836278     
   2.9181507351532092     
   2.9187565203269705     
   2.9187886760828574     
   2.9192267637013876     
   2.9195937944588115     
   2.9197730924848280     
   2.9200893785108577     
   2.9217137295258238     
   2.9225841278198201     
   2.9231665492264143     
   2.9233630940808073     
   2.9234830187568090     
   2.9245073063535370     
   2.9254695108963986     
   2.9255725567875821     
   2.9257245493004973     
   2.9260057780849822     
   2.9268148832974794     
   2.9271008524930009     
   2.9276456733246485     
   2.9276768038395646     
   2.9277502906642145     
   2.9285966568157726     
   2.9296124508890875     
   2.9298501937727450     
   2.9304006370568354     
   2.9312474454708637     
   2.9321672516207564     
   2.9327557866076841     
   2.9333854752276460     
   2.9334389287027225     
   2.9338803780850462     
   2.9342698922966628     
   2.9347972593483713     
   2.9353248716903093     
   2.9364530865845428     
   2.9375354044274227     
   2.9378967956629345     
   2.9395650977248842     
   2.9396799349116960     
   2.9400819206186672     
   2.9437353155244614     
   2.9455605212956790     
   2.9465140477577094     
   2.9465812053937857     
   2.9510252673033084     
   2.9569448862769043     
   2.9606919525566879     
   2.9658540265530502     
   2.9711009860990472     
   2.9734731793981202     
   2.9742207315572906     
   2.9766376699078663     
   2.9775465078522911     
   2.9794826609011009     
   2.9801549011022344     
   2.9805347602161323     
   2.9813181433768685     
   2.9842807250221624     
   2.9878708851318283     
   2.9889222116979539     
   2.9890717162446188     
   2.9893334966105924     
   2.9893367398439668     
   2.9913540241786283     
   2.9918488450872944     
   2.9922538530082674     
   2.9945135351247218     
   2.9953552749983157     
   2.9959696321825553     
   2.9961516211471086     
   2.9978045300857774     
   2.9980657607768650     
   2.9989780301167124     
   2.9993443809522731     
   3.0018524586615998     
   3.0052007932467562     
   3.0064524977930946     
   3.0109740520767154     
   3.0199465699973573     
   3.0436004674981230     
   3.0588006758965109     
   3.0896651948617673     
