           1   452.36543789259701     
           2   243.47452793398494     
           3   185.63219205169048     
           4   245.50109043856253     
           5   265.47758448645777     
           6   321.36506672950696     
           7   335.41176714738117     
           8   504.52625046469041     
           9   416.45431327338383     
          10   333.21010742330679     
          11   490.59768049382592     
          12   516.60246429358438     
          13   663.21806420899270     
          14   810.51749111097615     
          15   845.90270696002233     
          16   822.08192134720525     
          17   1123.7653254563709     
          18   1202.7579434385495     
          19   1537.5805603999070     
          20   1792.0167172248384     
          21   1004.2101516987616     
          22   761.85656509204773     
          23   645.87493755823493     
          24   477.54137715876300     
          25   416.82456232489494     
          26   324.30331936075277     
          27   289.75834533087891     
          28   279.91338284742193     
          29   254.19686477427251     
          30   448.75445061426279     
          31   720.10706504450559     
          32   1462.0644615664569     
          33   3011.7502836406584     
          34   1898.4133980095248     
          35   1961.3491451674358     
          36   1044.6865502615281     
          37   553.94244366958208     
          38   344.30711048802249     
          39   223.57724375673277     
          40   145.44786344759262     
          41   175.99107658314460     
          42   189.01754431032515     
          43   281.66658653476173     
          44   352.49489815846442     
          45   448.91689388527743     
          46   793.69755725588698     
          47   685.75946657975226     
          48   707.41902833498739     
          49   1149.5532762236983     
          50   881.31683439509447     
          51   831.06871119872403     
          52   822.20880365287860     
          53   580.35775872428690     
          54   454.82894505293211     
          55   429.96871176778944     
          56   354.96742419825097     
          57   309.12207742919520     
          58   285.33992035283603     
          59   222.03930687971990     
          60   171.11637942982242     
          61   163.42539878408300     
          62   189.99783487660085     
          63   174.61006066985871     
          64   155.63112736351661     
          65   126.39976403910291     
          66   150.45448603120204     
          67   137.22204841682765     
          68   131.78392344459584     
          69   110.53529219641106     
          70   130.69435262347122     
          71   79.047764978995644     
          72   85.993261691241315     
          73   108.90885608418733     
          74   112.04504991953630     
          75   129.17153797983161     
          76   116.04770254731970     
          77   114.60967861138461     
          78   119.44595866672947     
          79   166.52688415633537     
          80   330.08763847747605     
          81   400.10603027915295     
          82   748.78375680433203     
          83   496.39145274069074     
          84   277.38622891891271     
          85   198.90114447733919     
          86   143.63706445632130     
          87   103.62113538230317     
          88   139.18099139627634     
          89   163.14959428302089     
          90   177.11555105350863     
          91   165.61194674118533     
          92   242.39343033999933     
          93   178.37475506689441     
          94   170.42410541761632     
          95   144.04059533126963     
          96   113.40941160539299     
          97   120.00778553262354     
          98   169.85670022748721     
          99   155.99158597520596     
         100   121.07059352210585     
         101   151.94989891559828     
         102   212.50778806950547     
         103   214.68151690267035     
         104   229.57219077363533     
         105   375.38395611487766     
         106   322.45735571528292     
         107   252.48653019134514     
         108   171.18607960259777     
         109   125.91347216294551     
         110   123.66839753648313     
         111   107.99614056061398     
         112   85.507389603345558     
         113   72.286197534940001     
         114   86.370669120390517     
         115   77.817776128067351     
         116   54.154747689125543     
         117   50.197181237609158     
         118   65.109947885185932     
         119   58.486304485655289     
         120   53.222642633874031     
         121   67.336257797730894     
         122   62.934561141473388     
         123   64.732472358698459     
         124   80.033745261451401     
         125   80.545429539066319     
         126   87.887687912280370     
         127   95.297107931755761     
         128   167.28618518071471     
         129   158.26832643165221     
         130   135.88475436738784     
         131   107.06820457507368     
         132   99.673989572024652     
         133   81.587593381104682     
         134   87.333241425040882     
         135   103.53679336211731     
         136   91.094368311409966     
         137   99.129691440085253     
         138   96.556653082893945     
         139   128.82424844356007     
         140   105.62647056615634     
         141   94.657133603575318     
         142   108.87843217305627     
         143   120.70941800473693     
         144   145.80971330221109     
         145   198.21852545079631     
         146   226.85756061087744     
         147   167.29403819179046     
         148   121.55576252665426     
         149   94.132091418670370     
         150   90.635847931358029     
         151   79.627443545777325     
         152   99.488328510288028     
         153   142.99811074023157     
         154   144.57857347284258     
         155   166.96846267621288     
         156   220.85276740455259     
         157   155.86240008297932     
         158   295.31319895283309     
         159   2091.5136473953485     
         160   2094.1337642737853     
         161   1292.0959803510473     
         162   1043.5948325671593     
         163   1126.4336738897339     
         164   1106.2414127240550     
         165   1279.2073147473800     
         166   975.97750369381481     
         167   904.29476264659024     
         168   3258.8177670644864     
         169   7195.7043501033131     
         170   3155.0898487624008     
         171   3692.0740334089628     
         172   2227.7546533191112     
         173   888.11789028494127     
         174   443.59709457265285     
         175   274.58012874701251     
         176   167.07937896236345     
         177   191.35758310106107     
         178   104.14781235735427     
         179   116.04152488429121     
         180   99.519847344498842     
         181   138.92764582690756     
         182   157.38823428548528     
         183   140.14078770720434     
         184   183.63174322734679     
         185   237.78839188064222     
         186   268.05245903704520     
         187   257.87501337263433     
         188   182.48146351418535     
         189   137.84226690474455     
         190   106.97160920013494     
         191   79.545393115181170     
         192   73.008694184417593     
         193   70.501884205161886     
         194   61.335608718473750     
         195   53.898481886718258     
         196   58.280202616425989     
         197   57.490222436080828     
         198   50.315236529716550     
         199   60.531415722379428     
         200   65.184671316658481     
         201   70.985673661469534     
         202   56.042194841306966     
         203   66.917472288597025     
         204   67.413468805753382     
         205   65.079266642142471     
         206   88.858085212458661     
         207   96.394674348394460     
         208   117.50857845657694     
         209   121.56949640511456     
         210   178.32074476068010     
         211   308.32182404049121     
         212   207.35430936249909     
         213   194.98484176012096     
         214   637.73098827698800     
         215   695.94276961922401     
         216   401.99881824991837     
         217   408.37144203128213     
         218   330.46209056945469     
         219   405.20294197348949     
         220   335.07204188696335     
         221   220.97369486631749     
         222   250.94332475487295     
         223   321.62057343620745     
         224   285.14046120964940     
         225   201.67441542370688     
         226   287.05597961926219     
         227   379.14879152296413     
         228   331.28372445285618     
         229   292.72449774146276     
         230   212.33093496399738     
         231   169.50251224997390     
         232   202.85505801105560     
         233   191.36616182009899     
         234   150.39443318643279     
         235   239.71379150240432     
         236   192.83610884686908     
         237   134.91937655921916     
         238   130.50373855310801     
         239   179.37867950995104     
         240   206.87081184342688     
         241   140.02151401522900     
         242   109.60487053205408     
         243   129.18019171346020     
         244   103.37783218615471     
         245   80.032983515405277     
         246   98.156545988140664     
         247   104.52717676328609     
         248   66.387645388237246     
         249   82.841929793039043     
         250   116.04012674070547     
         251   165.74215910678907     
         252   175.35645887361261     
         253   115.85689310054070     
         254   174.67103199670174     
         255   160.65450767898926     
         256   85.677145405221523     
         257   110.30717633017434     
         258   81.983034799983670     
         259   68.995988774877077     
         260   99.811519844493404     
         261   96.436370272670587     
         262   72.734218295930475     
         263   78.137608958552207     
         264   115.19240242621120     
         265   109.43912396529217     
         266   82.128052010114331     
         267   115.31159526556543     
         268   147.79892084568291     
         269   125.38437649172819     
         270   116.53856358290651     
         271   175.63763166963628     
         272   177.52674257098346     
         273   118.11016120704761     
         274   219.60681139054361     
         275   236.04817902774775     
         276   145.79591619305609     
         277   137.67511262066753     
